{
    "animation": [
        {
            "name": "Root",
            "time": [0.0, 0.0167, 0.0333, 0.05, 0.0667, 0.0833, 0.1, 0.1167, 0.1333, 0.15, 0.1667, 0.1833, 0.2, 0.2167, 0.2333, 0.25, 0.2667, 0.2833, 0.3, 0.3167, 0.3333, 0.35, 0.3667],
            "transform": [
                [1.0, 0.0, 0.0, -5e-06, 0.0, 0.0, -1.0, 0.000946, 0.0, 1.0, 0.0, 0.679288, 0.0, 0.0, 0.0, 1.0],
                [1.0, 0.0, 0.0, -5e-06, 0.0, 0.0, -1.0, 0.006426, 0.0, 1.0, 0.0, 0.684339, 0.0, 0.0, 0.0, 1.0],
                [1.0, 0.0, 0.0, -5e-06, 0.0, 0.0, -1.0, 0.026997, 0.0, 1.0, 0.0, 0.698134, 0.0, 0.0, 0.0, 1.0],
                [1.0, 0.0, 0.0, -5e-06, 0.0, 0.0, -1.0, 0.068855, 0.0, 1.0, 0.0, 0.718639, 0.0, 0.0, 0.0, 1.0],
                [1.0, 0.0, 0.0, -5e-06, 0.0, 0.0, -1.0, 0.138196, 0.0, 1.0, 0.0, 0.74382, 0.0, 0.0, 0.0, 1.0],
                [1.0, 0.0, 0.0, -5e-06, 0.0, 0.0, -1.0, 0.241218, 0.0, 1.0, 0.0, 0.771642, 0.0, 0.0, 0.0, 1.0],
                [1.0, 0.0, 0.0, -5e-06, 0.0, 0.0, -1.0, 0.384116, 0.0, 1.0, 0.0, 0.800071, 0.0, 0.0, 0.0, 1.0],
                [1.0, 0.0, 0.0, -5e-06, 0.0, 0.0, -1.0, 0.57144, 0.0, 1.0, 0.0, 0.827131, 0.0, 0.0, 0.0, 1.0],
                [1.0, 0.0, 0.0, -5e-06, 0.0, 0.0, -1.0, 0.801155, 0.0, 1.0, 0.0, 0.851091, 0.0, 0.0, 0.0, 1.0],
                [1.0, 0.0, 0.0, -5e-06, 0.0, 0.0, -1.0, 1.069578, 0.0, 1.0, 0.0, 0.870277, 0.0, 0.0, 0.0, 1.0],
                [1.0, 0.0, 0.0, -5e-06, 0.0, 0.0, -1.0, 1.373028, 0.0, 1.0, 0.0, 0.883015, 0.0, 0.0, 0.0, 1.0],
                [1.0, 0.0, 0.0, -5e-06, 0.0, 0.0, -1.0, 1.707822, 0.0, 1.0, 0.0, 0.887633, 0.0, 0.0, 0.0, 1.0],
                [1.0, 0.0, 0.0, -5e-06, 0.0, 0.0, -1.0, 2.064392, 0.0, 1.0, 0.0, 0.874551, 0.0, 0.0, 0.0, 1.0],
                [1.0, 0.0, 0.0, -5e-06, 0.0, 0.0, -1.0, 2.409619, 0.0, 1.0, 0.0, 0.843356, 0.0, 0.0, 0.0, 1.0],
                [1.0, 0.0, 0.0, -5e-06, 0.0, 0.0, -1.0, 2.704501, 0.0, 1.0, 0.0, 0.806122, 0.0, 0.0, 0.0, 1.0],
                [1.0, 0.0, 0.0, -5e-06, 0.0, 0.0, -1.0, 2.910033, 0.0, 1.0, 0.0, 0.774927, 0.0, 0.0, 0.0, 1.0],
                [1.0, 0.0, 0.0, -5e-06, 0.0, 0.0, -1.0, 2.987211, 0.0, 1.0, 0.0, 0.761845, 0.0, 0.0, 0.0, 1.0],
                [1.0, 0.0, 0.0, -5e-06, 0.0, 0.0, -1.0, 2.987211, 0.0, 1.0, 0.0, 0.761845, 0.0, 0.0, 0.0, 1.0],
                [1.0, 0.0, 0.0, -5e-06, 0.0, 0.0, -1.0, 2.987211, 0.0, 1.0, 0.0, 0.761845, 0.0, 0.0, 0.0, 1.0],
                [1.0, 0.0, 0.0, -5e-06, 0.0, 0.0, -1.0, 2.987211, 0.0, 1.0, 0.0, 0.761845, 0.0, 0.0, 0.0, 1.0],
                [1.0, 0.0, 0.0, -5e-06, 0.0, 0.0, -1.0, 2.987211, 0.0, 1.0, 0.0, 0.761845, 0.0, 0.0, 0.0, 1.0],
                [1.0, 0.0, 0.0, -5e-06, 0.0, 0.0, -1.0, 2.987211, 0.0, 1.0, 0.0, 0.761845, 0.0, 0.0, 0.0, 1.0],
                [1.0, 0.0, 0.0, -5e-06, 0.0, 0.0, -1.0, 2.987211, 0.0, 1.0, 0.0, 0.761845, 0.0, 0.0, 0.0, 1.0]
            ]
        },
        {
            "name": "Thigh_R",
            "time": [0.0, 0.0167, 0.0333, 0.05, 0.0667, 0.0833, 0.1, 0.1167, 0.1333, 0.15, 0.1667, 0.1833, 0.2, 0.2167, 0.2333, 0.25, 0.2667, 0.2833, 0.3, 0.3167, 0.3333, 0.35, 0.3667],
            "transform": [
                [0.98779, 0.151474, 0.036434, 0.124994, 0.141764, -0.970898, 0.19303, -0.002831, 0.064612, -0.185508, -0.980516, -1.2e-05, 0.0, 0.0, 0.0, 1.0],
                [0.989471, 0.139797, 0.037483, 0.124994, 0.131309, -0.975991, 0.173781, -0.002831, 0.060877, -0.167029, -0.984071, -1.2e-05, 0.0, 0.0, 0.0, 1.0],
                [0.99316, 0.11047, 0.037808, 0.124994, 0.105349, -0.987436, 0.117784, -0.002831, 0.050344, -0.112995, -0.992319, -1.2e-05, 0.0, 0.0, 0.0, 1.0],
                [0.996825, 0.072498, 0.032916, 0.124994, 0.071664, -0.997094, 0.02585, -0.002831, 0.034694, -0.023409, -0.999124, -1.2e-05, 0.0, 0.0, 0.0, 1.0],
                [0.999133, 0.035669, 0.02148, 0.124994, 0.037712, -0.993889, -0.103751, -0.002831, 0.017648, 0.104471, -0.994371, -1.2e-05, 0.0, 0.0, 0.0, 1.0],
                [0.999928, 0.009388, 0.00748, 0.124994, 0.011122, -0.958997, -0.283199, -0.002831, 0.004515, 0.283262, -0.959032, -1.2e-05, 0.0, 0.0, 0.0, 1.0],
                [1.0, 0.00034, -0.000113, 0.124994, 0.000227, -0.845719, -0.533629, -0.002831, -0.000277, 0.533629, -0.845719, -1.2e-05, 0.0, 0.0, 0.0, 1.0],
                [1.0, 0.000318, -0.000165, 0.124994, 0.00025, -0.949643, -0.313335, -0.002831, -0.000257, 0.313335, -0.949643, -1.2e-05, 0.0, 0.0, 0.0, 1.0],
                [1.0, 0.000275, -0.000316, 0.124994, 0.000326, -0.98399, 0.178224, -0.002831, -0.000262, -0.178224, -0.98399, -1.2e-05, 0.0, 0.0, 0.0, 1.0],
                [1.0, 0.00015, -0.000527, 0.124994, 0.000462, -0.747999, 0.6637, -0.002831, -0.000294, -0.6637, -0.747999, -1.2e-05, 0.0, 0.0, 0.0, 1.0],
                [1.0, -7.9e-05, -0.000741, 0.124994, 0.000659, -0.368699, 0.929549, -0.002831, -0.000347, -0.929549, -0.368699, -1.2e-05, 0.0, 0.0, 0.0, 1.0],
                [1.0, -0.000206, -0.000912, 0.124994, 0.00085, -0.20587, 0.978579, -0.002831, -0.000389, -0.97858, -0.20587, -1.2e-05, 0.0, 0.0, 0.0, 1.0],
                [0.999353, -0.003807, -0.035765, 0.124994, 0.033204, -0.284558, 0.958084, -0.002831, -0.013825, -0.958652, -0.284247, -1.2e-05, 0.0, 0.0, 0.0, 1.0],
                [0.99487, 0.009111, -0.100747, 0.124994, 0.093487, -0.46324, 0.881289, -0.002831, -0.03864, -0.886187, -0.461715, -1.2e-05, 0.0, 0.0, 0.0, 1.0],
                [0.98837, 0.05045, -0.143457, 0.124994, 0.140123, -0.668656, 0.730251, -0.002831, -0.059082, -0.74186, -0.667948, -1.2e-05, 0.0, 0.0, 0.0, 1.0],
                [0.983531, 0.109334, -0.143917, 0.124994, 0.165837, -0.862521, 0.478075, -0.002831, -0.071862, -0.494069, -0.866448, -1.2e-05, 0.0, 0.0, 0.0, 1.0],
                [0.981755, 0.120078, -0.147437, 0.124994, 0.174082, -0.879529, 0.44286, -0.002831, -0.076497, -0.460447, -0.884385, -1.2e-05, 0.0, 0.0, 0.0, 1.0],
                [0.981755, 0.120078, -0.147437, 0.124994, 0.174082, -0.879529, 0.44286, -0.002831, -0.076497, -0.460447, -0.884385, -1.2e-05, 0.0, 0.0, 0.0, 1.0],
                [0.981755, 0.120078, -0.147437, 0.124994, 0.174082, -0.879529, 0.44286, -0.002831, -0.076497, -0.460447, -0.884385, -1.2e-05, 0.0, 0.0, 0.0, 1.0],
                [0.981755, 0.120078, -0.147437, 0.124994, 0.174082, -0.879529, 0.44286, -0.002831, -0.076497, -0.460447, -0.884385, -1.2e-05, 0.0, 0.0, 0.0, 1.0],
                [0.981755, 0.120078, -0.147437, 0.124994, 0.174082, -0.879529, 0.44286, -0.002831, -0.076497, -0.460447, -0.884385, -1.2e-05, 0.0, 0.0, 0.0, 1.0],
                [0.981755, 0.120078, -0.147437, 0.124994, 0.174082, -0.879529, 0.442861, -0.002831, -0.076497, -0.460447, -0.884385, -1.2e-05, 0.0, 0.0, 0.0, 1.0],
                [0.981755, 0.120078, -0.147437, 0.124994, 0.174082, -0.879529, 0.44286, -0.002831, -0.076497, -0.460447, -0.884385, -1.2e-05, 0.0, 0.0, 0.0, 1.0]
            ]
        },
        {
            "name": "Leg_R",
            "time": [0.0, 0.0167, 0.0333, 0.05, 0.0667, 0.0833, 0.1, 0.1167, 0.1333, 0.15, 0.1667, 0.1833, 0.2, 0.2167, 0.2333, 0.25, 0.2667, 0.2833, 0.3, 0.3167, 0.3333, 0.35, 0.3667],
            "transform": [
                [1.0, 1.9e-05, 1.2e-05, 0.0, -2e-05, 0.503733, 0.863858, 0.374726, 1.1e-05, -0.863859, 0.503734, 0.0, 0.0, 0.0, 0.0, 1.0],
                [1.0, 1.8e-05, 1.1e-05, 0.0, -1.8e-05, 0.528208, 0.849114, 0.374726, 1e-05, -0.849115, 0.528208, -0.0, 0.0, 0.0, 0.0, 1.0],
                [1.0, 1.6e-05, 9e-06, 0.0, -1.6e-05, 0.593354, 0.804941, 0.374726, 8e-06, -0.804942, 0.593354, 0.0, 0.0, 0.0, 0.0, 1.0],
                [1.0, 1.5e-05, 7e-06, 0.0, -1.5e-05, 0.687985, 0.725725, 0.374726, 6e-06, -0.725725, 0.687985, -0.0, 0.0, 0.0, 0.0, 1.0],
                [1.0, 1.2e-05, 5e-06, -0.0, -1.3e-05, 0.801156, 0.598455, 0.374726, 4e-06, -0.598456, 0.801156, -0.0, 0.0, 0.0, 0.0, 1.0],
                [1.0, 8e-06, 2e-06, -0.0, -8e-06, 0.922783, 0.385319, 0.374726, 1e-06, -0.385319, 0.922783, -0.0, 0.0, 0.0, 0.0, 1.0],
                [1.0, 0.0, 1e-06, 0.0, -0.0, 0.999999, 0.001461, 0.374726, -1e-06, -0.00146, 0.999999, -0.0, 0.0, 0.0, 0.0, 1.0],
                [1.0, 1e-05, 3e-06, 0.0, -1.1e-05, 0.87506, 0.484013, 0.374726, 2e-06, -0.484014, 0.87506, 0.0, 0.0, 0.0, 0.0, 1.0],
                [1.0, 2e-05, 1.4e-05, 0.0, -2e-05, 0.355211, 0.934785, 0.374726, 1.3e-05, -0.934786, 0.355211, 0.0, 0.0, 0.0, 0.0, 1.0],
                [1.0, 2.1e-05, 2.3e-05, 0.0, -2.2e-05, -0.06582, 0.997831, 0.374726, 2.2e-05, -0.997832, -0.06582, 0.0, 0.0, 0.0, 0.0, 1.0],
                [1.0, 2.1e-05, 2.4e-05, -0.0, -2.2e-05, -0.115058, 0.993359, 0.374726, 2.3e-05, -0.993358, -0.115057, 0.0, 0.0, 0.0, 0.0, 1.0],
                [1.000001, 2.1e-05, 1.9e-05, -0.0, -2.1e-05, 0.145845, 0.989307, 0.374726, 1.8e-05, -0.989308, 0.145845, -0.0, 0.0, 0.0, 0.0, 1.0],
                [1.0, 1.9e-05, 1.2e-05, -0.0, -1.9e-05, 0.457381, 0.889271, 0.374726, 1.1e-05, -0.889271, 0.457381, 0.0, 0.0, 0.0, 0.0, 1.0],
                [1.0, 1.5e-05, 7e-06, 0.0, -1.5e-05, 0.701628, 0.712544, 0.374726, 6e-06, -0.712544, 0.701628, 0.0, 0.0, 0.0, 0.0, 1.0],
                [1.0, 9e-06, 3e-06, 0.0, -9e-06, 0.892604, 0.450841, 0.374726, 1e-06, -0.450841, 0.892605, -0.0, 0.0, 0.0, 0.0, 1.0],
                [1.0, 0.0, 1e-06, -0.0, 0.0, 0.999999, 0.00146, 0.374726, -1e-06, -0.00146, 0.999999, 0.0, 0.0, 0.0, 0.0, 1.0],
                [1.0, 0.0, 1e-06, 0.0, -0.0, 0.999998, 0.001462, 0.374726, -1e-06, -0.001461, 0.999999, -0.0, 0.0, 0.0, 0.0, 1.0],
                [1.0, 0.0, 1e-06, -0.0, -0.0, 0.999999, 0.001462, 0.374726, -1e-06, -0.001461, 0.999999, -0.0, 0.0, 0.0, 0.0, 1.0],
                [1.0, 0.0, 1e-06, 0.0, -0.0, 0.999999, 0.001462, 0.374726, -1e-06, -0.001461, 0.999999, 0.0, 0.0, 0.0, 0.0, 1.0],
                [1.0, 0.0, 1e-06, 0.0, -0.0, 0.999999, 0.001462, 0.374726, -1e-06, -0.001461, 0.999999, -0.0, 0.0, 0.0, 0.0, 1.0],
                [1.0, 0.0, 1e-06, -0.0, -0.0, 0.999999, 0.001462, 0.374726, -1e-06, -0.001461, 1.0, 0.0, 0.0, 0.0, 0.0, 1.0],
                [1.0, 0.0, 1e-06, 0.0, -0.0, 0.999999, 0.001462, 0.374726, -1e-06, -0.001461, 0.999999, 0.0, 0.0, 0.0, 0.0, 1.0],
                [1.0, 0.0, 1e-06, -0.0, -0.0, 0.999999, 0.001462, 0.374726, -1e-06, -0.001461, 1.0, 0.0, 0.0, 0.0, 0.0, 1.0]
            ]
        },
        {
            "name": "Knee_R",
            "time": [0.0, 0.3667],
            "transform": [
                [1.0, 0.0, -0.0, 0.0, -0.0, 0.00567, -0.999984, 0.428081, -0.0, 0.999984, 0.00567, -0.000303, 0.0, 0.0, 0.0, 1.0],
                [1.0, 0.0, -0.0, -0.0, -0.0, 0.00567, -0.999984, 0.374726, -0.0, 0.999984, 0.00567, 0.0, 0.0, 0.0, 0.0, 1.0]
            ]
        },
        {
            "name": "Thigh_L",
            "time": [0.0, 0.0167, 0.0333, 0.05, 0.0667, 0.0833, 0.1, 0.1167, 0.1333, 0.15, 0.1667, 0.1833, 0.2, 0.2167, 0.2333, 0.25, 0.2667, 0.2833, 0.3, 0.3167, 0.3333, 0.35, 0.3667],
            "transform": [
                [0.967043, -0.240921, 0.082374, -0.125006, -0.239082, -0.74795, 0.619203, -0.002831, -0.087567, -0.61849, -0.780899, -1.2e-05, 0.0, 0.0, 0.0, 1.0],
                [0.970945, -0.227811, 0.073262, -0.125006, -0.224387, -0.760323, 0.609558, -0.002831, -0.083162, -0.608287, -0.789349, -1.2e-05, 0.0, 0.0, 0.0, 1.0],
                [0.979606, -0.193821, 0.052973, -0.125006, -0.188181, -0.792587, 0.579995, -0.002831, -0.070429, -0.578135, -0.812896, -1.2e-05, 0.0, 0.0, 0.0, 1.0],
                [0.988603, -0.147091, 0.032073, -0.125006, -0.141651, -0.836682, 0.529055, -0.002831, -0.050984, -0.527568, -0.847982, -1.2e-05, 0.0, 0.0, 0.0, 1.0],
                [0.995036, -0.097947, 0.017593, -0.125006, -0.095125, -0.884239, 0.457245, -0.002831, -0.02923, -0.456649, -0.889167, -1.2e-05, 0.0, 0.0, 0.0, 1.0],
                [0.998197, -0.05909, 0.010586, -0.125006, -0.058857, -0.928653, 0.366251, -0.002831, -0.011811, -0.366214, -0.930456, -1.2e-05, 0.0, 0.0, 0.0, 1.0],
                [0.998996, -0.044234, 0.007042, -0.125006, -0.044561, -0.965608, 0.256157, -0.002831, -0.004531, -0.256214, -0.96661, -1.2e-05, 0.0, 0.0, 0.0, 1.0],
                [0.998922, -0.044648, 0.012666, -0.125006, -0.04632, -0.942097, 0.332129, -0.002831, -0.002896, -0.332358, -0.943149, -1.2e-05, 0.0, 0.0, 0.0, 1.0],
                [0.998767, -0.038285, 0.031615, -0.125006, -0.049648, -0.762895, 0.644614, -0.002831, -0.00056, -0.645389, -0.763854, -1.2e-05, 0.0, 0.0, 0.0, 1.0],
                [0.998438, -0.020849, 0.051836, -0.125006, -0.055815, -0.414189, 0.908478, -0.002831, 0.00253, -0.909953, -0.414705, -1.2e-05, 0.0, 0.0, 0.0, 1.0],
                [0.997871, -0.004154, 0.065084, -0.125006, -0.064931, -0.156594, 0.985527, -0.002831, 0.006098, -0.987655, -0.15653, -1.2e-05, 0.0, 0.0, 0.0, 1.0],
                [0.997427, -0.000274, 0.071686, -0.125006, -0.071236, -0.115722, 0.990724, -0.002831, 0.008024, -0.993282, -0.115444, -1.2e-05, 0.0, 0.0, 0.0, 1.0],
                [0.99498, -0.00118, 0.100068, -0.125006, -0.098461, -0.19038, 0.976761, -0.002831, 0.017898, -0.98171, -0.189541, -1.2e-05, 0.0, 0.0, 0.0, 1.0],
                [0.989871, -0.018993, 0.140693, -0.125006, -0.138168, -0.356673, 0.923956, -0.002831, 0.032632, -0.934037, -0.355684, -1.2e-05, 0.0, 0.0, 0.0, 1.0],
                [0.985621, -0.064012, 0.156378, -0.125006, -0.163478, -0.59533, 0.786675, -0.002831, 0.04274, -0.800928, -0.597234, -1.2e-05, 0.0, 0.0, 0.0, 1.0],
                [0.983198, -0.113417, 0.143029, -0.125006, -0.175985, -0.797044, 0.577712, -0.002831, 0.048479, -0.593177, -0.803612, -1.2e-05, 0.0, 0.0, 0.0, 1.0],
                [0.982407, -0.135498, 0.128522, -0.125006, -0.179802, -0.872265, 0.454781, -0.002831, 0.050483, -0.469888, -0.881281, -1.2e-05, 0.0, 0.0, 0.0, 1.0],
                [0.982407, -0.135497, 0.128522, -0.125006, -0.179802, -0.872265, 0.454781, -0.002831, 0.050483, -0.469888, -0.881282, -1.2e-05, 0.0, 0.0, 0.0, 1.0],
                [0.982407, -0.135497, 0.128522, -0.125006, -0.179802, -0.872265, 0.454781, -0.002831, 0.050484, -0.469888, -0.881281, -1.2e-05, 0.0, 0.0, 0.0, 1.0],
                [0.982407, -0.135497, 0.128522, -0.125006, -0.179802, -0.872265, 0.454781, -0.002831, 0.050484, -0.469888, -0.881281, -1.2e-05, 0.0, 0.0, 0.0, 1.0],
                [0.982407, -0.135497, 0.128522, -0.125006, -0.179802, -0.872265, 0.454781, -0.002831, 0.050483, -0.469888, -0.881281, -1.2e-05, 0.0, 0.0, 0.0, 1.0],
                [0.982407, -0.135497, 0.128522, -0.125006, -0.179802, -0.872265, 0.454781, -0.002831, 0.050483, -0.469888, -0.881282, -1.2e-05, 0.0, 0.0, 0.0, 1.0],
                [0.982407, -0.135498, 0.128522, -0.125006, -0.179802, -0.872265, 0.454781, -0.002831, 0.050483, -0.469888, -0.881281, -1.2e-05, 0.0, 0.0, 0.0, 1.0]
            ]
        },
        {
            "name": "Leg_L",
            "time": [0.0, 0.0167, 0.0333, 0.05, 0.0667, 0.0833, 0.1, 0.1167, 0.1333, 0.15, 0.1667, 0.1833, 0.2, 0.2167, 0.2333, 0.25, 0.2667, 0.2833, 0.3, 0.3167, 0.3333, 0.35, 0.3667],
            "transform": [
                [1.0, 1.8e-05, 1.5e-05, 0.0, -1.9e-05, 0.230997, 0.972954, 0.374726, 1.4e-05, -0.972955, 0.230997, -0.0, 0.0, 0.0, 0.0, 1.0],
                [1.0, 1.9e-05, 1.6e-05, -0.0, -2e-05, 0.241645, 0.970364, 0.374726, 1.5e-05, -0.970365, 0.241645, -0.0, 0.0, 0.0, 0.0, 1.0],
                [1.0, 2.2e-05, 1.7e-05, 0.0, -2.2e-05, 0.269301, 0.963056, 0.374726, 1.6e-05, -0.963057, 0.269301, 0.0, 0.0, 0.0, 0.0, 1.0],
                [1.0, 2.1e-05, 1.6e-05, -0.0, -2.2e-05, 0.309014, 0.951057, 0.374726, 1.5e-05, -0.951058, 0.309014, -0.0, 0.0, 0.0, 0.0, 1.0],
                [1.0, 1.9e-05, 1.4e-05, -0.0, -2e-05, 0.353678, 0.935367, 0.374726, 1.3e-05, -0.935367, 0.353678, 0.0, 0.0, 0.0, 0.0, 1.0],
                [1.0, 1.9e-05, 1.3e-05, -0.0, -2e-05, 0.394383, 0.918946, 0.374726, 1.2e-05, -0.918946, 0.394383, -0.0, 0.0, 0.0, 0.0, 1.0],
                [1.0, 1.9e-05, 1.3e-05, -0.0, -2e-05, 0.423654, 0.905823, 0.374726, 1.2e-05, -0.905824, 0.423654, 0.0, 0.0, 0.0, 0.0, 1.0],
                [1.0, 2e-05, 1.6e-05, 0.0, -2.1e-05, 0.281171, 0.959657, 0.374726, 1.5e-05, -0.959658, 0.281171, -0.0, 0.0, 0.0, 0.0, 1.0],
                [1.0, 2.1e-05, 2.2e-05, -0.0, -2.2e-05, -0.014221, 0.999898, 0.374726, 2.1e-05, -0.999899, -0.014221, -0.0, 0.0, 0.0, 0.0, 1.0],
                [1.0, 2.1e-05, 2.4e-05, 0.0, -2.1e-05, -0.136799, 0.990599, 0.374726, 2.4e-05, -0.990599, -0.136799, 0.0, 0.0, 0.0, 0.0, 1.0],
                [1.0, 2.1e-05, 2.1e-05, 0.0, -2.2e-05, 0.02709, 0.999633, 0.374726, 2e-05, -0.999633, 0.02709, -0.0, 0.0, 0.0, 0.0, 1.0],
                [1.0, 2e-05, 1.6e-05, -0.0, -2.1e-05, 0.272532, 0.962146, 0.374726, 1.5e-05, -0.962147, 0.272532, 0.0, 0.0, 0.0, 0.0, 1.0],
                [1.0, 2e-05, 1.4e-05, -0.0, -2e-05, 0.34306, 0.939313, 0.374726, 1.3e-05, -0.939314, 0.34306, 0.0, 0.0, 0.0, 0.0, 1.0],
                [1.0, 2e-05, 1.5e-05, 0.0, -2.1e-05, 0.325571, 0.945517, 0.374726, 1.4e-05, -0.945518, 0.325571, 0.0, 0.0, 0.0, 0.0, 1.0],
                [1.0, 2.1e-05, 1.4e-05, -0.0, -2.1e-05, 0.394871, 0.918736, 0.374726, 1.3e-05, -0.918738, 0.394871, 0.0, 0.0, 0.0, 0.0, 1.0],
                [1.0, 1.8e-05, 1e-05, 0.0, -1.9e-05, 0.570845, 0.821057, 0.374726, 9e-06, -0.821058, 0.570845, 0.0, 0.0, 0.0, 0.0, 1.0],
                [1.0, 1.7e-05, 8e-06, -0.0, -1.8e-05, 0.680494, 0.732753, 0.374726, 7e-06, -0.732754, 0.680494, 0.0, 0.0, 0.0, 0.0, 1.0],
                [1.0, 1.6e-05, 8e-06, 0.0, -1.7e-05, 0.680494, 0.732753, 0.374726, 7e-06, -0.732753, 0.680495, 0.0, 0.0, 0.0, 0.0, 1.0],
                [1.0, 1.6e-05, 8e-06, -0.0, -1.7e-05, 0.680494, 0.732753, 0.374726, 7e-06, -0.732753, 0.680495, 0.0, 0.0, 0.0, 0.0, 1.0],
                [1.0, 1.6e-05, 8e-06, 0.0, -1.7e-05, 0.680494, 0.732753, 0.374726, 7e-06, -0.732754, 0.680494, 0.0, 0.0, 0.0, 0.0, 1.0],
                [1.0, 1.6e-05, 8e-06, 0.0, -1.7e-05, 0.680494, 0.732753, 0.374726, 7e-06, -0.732754, 0.680494, 0.0, 0.0, 0.0, 0.0, 1.0],
                [1.0, 1.6e-05, 8e-06, 0.0, -1.7e-05, 0.680494, 0.732753, 0.374726, 7e-06, -0.732753, 0.680494, 0.0, 0.0, 0.0, 0.0, 1.0],
                [1.0, 1.7e-05, 8e-06, -0.0, -1.8e-05, 0.680494, 0.732753, 0.374726, 7e-06, -0.732754, 0.680494, -0.0, 0.0, 0.0, 0.0, 1.0]
            ]
        },
        {
            "name": "Knee_L",
            "time": [0.0, 0.3667],
            "transform": [
                [1.0, 0.0, -0.0, 0.0, -0.0, 0.00567, -0.999984, 0.459049, -0.0, 0.999984, 0.00567, -0.000478, 0.0, 0.0, 0.0, 1.0],
                [1.0, 0.0, -0.0, -0.0, -0.0, 0.00567, -0.999984, 0.404917, -0.0, 0.999984, 0.00567, -0.000171, 0.0, 0.0, 0.0, 1.0]
            ]
        },
        {
            "name": "Torso",
            "time": [0.0, 0.0167, 0.0333, 0.05, 0.0667, 0.0833, 0.1, 0.1167, 0.1333, 0.15, 0.1667, 0.1833, 0.2, 0.2167, 0.2333, 0.25, 0.2667, 0.2833, 0.3, 0.3167, 0.3333, 0.35, 0.3667],
            "transform": [
                [1.0, 0.0, 0.0, 0.0, 0.0, 0.94929, 0.314401, 0.05, 0.0, -0.314401, 0.94929, 0.0, 0.0, 0.0, 0.0, 1.0],
                [1.0, 0.0, 0.0, 0.0, 0.0, 0.953194, 0.30236, 0.05, 0.0, -0.30236, 0.953194, 0.0, 0.0, 0.0, 0.0, 1.0],
                [1.0, 0.0, 0.0, 0.0, 0.0, 0.96229, 0.272028, 0.05, 0.0, -0.272028, 0.962289, 0.0, 0.0, 0.0, 0.0, 1.0],
                [1.0, 0.0, 0.0, 0.0, 0.0, 0.972677, 0.232164, 0.05, 0.0, -0.232164, 0.972677, 0.0, 0.0, 0.0, 0.0, 1.0],
                [1.0, 0.0, 0.0, 0.0, 0.0, 0.981413, 0.191907, 0.05, 0.0, -0.191907, 0.981413, 0.0, 0.0, 0.0, 0.0, 1.0],
                [1.0, 0.0, 0.0, 0.0, 0.0, 0.986998, 0.160736, 0.05, 0.0, -0.160736, 0.986997, 0.0, 0.0, 0.0, 0.0, 1.0],
                [1.0, 0.0, 0.0, 0.0, 0.0, 0.988953, 0.14823, 0.05, 0.0, -0.14823, 0.988953, 0.0, 0.0, 0.0, 0.0, 1.0],
                [1.0, 0.0, 0.0, 0.0, 0.0, 0.988953, 0.14823, 0.05, 0.0, -0.14823, 0.988953, 0.0, 0.0, 0.0, 0.0, 1.0],
                [1.0, 0.0, 0.0, 0.0, 0.0, 0.988953, 0.14823, 0.05, 0.0, -0.14823, 0.988953, 0.0, 0.0, 0.0, 0.0, 1.0],
                [1.0, 0.0, 0.0, 0.0, 0.0, 0.988953, 0.14823, 0.05, 0.0, -0.14823, 0.988953, 0.0, 0.0, 0.0, 0.0, 1.0],
                [1.0, 0.0, 0.0, 0.0, 0.0, 0.988953, 0.14823, 0.05, 0.0, -0.14823, 0.988953, 0.0, 0.0, 0.0, 0.0, 1.0],
                [1.0, 0.0, 0.0, 0.0, 0.0, 0.988953, 0.14823, 0.05, 0.0, -0.14823, 0.988953, 0.0, 0.0, 0.0, 0.0, 1.0],
                [1.0, 0.0, 0.0, 0.0, 0.0, 0.988953, 0.14823, 0.05, 0.0, -0.14823, 0.988953, 0.0, 0.0, 0.0, 0.0, 1.0],
                [1.0, 0.0, 0.0, 0.0, 0.0, 0.988953, 0.14823, 0.05, 0.0, -0.14823, 0.988953, 0.0, 0.0, 0.0, 0.0, 1.0],
                [1.0, 0.0, 0.0, 0.0, 0.0, 0.988953, 0.14823, 0.05, 0.0, -0.14823, 0.988953, 0.0, 0.0, 0.0, 0.0, 1.0],
                [1.0, 0.0, 0.0, 0.0, 0.0, 0.988953, 0.14823, 0.05, 0.0, -0.14823, 0.988953, 0.0, 0.0, 0.0, 0.0, 1.0],
                [1.0, 0.0, 0.0, 0.0, 0.0, 0.988953, 0.14823, 0.05, 0.0, -0.14823, 0.988953, 0.0, 0.0, 0.0, 0.0, 1.0],
                [1.0, 0.0, 0.0, 0.0, 0.0, 0.988953, 0.14823, 0.05, 0.0, -0.14823, 0.988953, 0.0, 0.0, 0.0, 0.0, 1.0],
                [1.0, 0.0, 0.0, 0.0, 0.0, 0.988953, 0.14823, 0.05, 0.0, -0.14823, 0.988953, 0.0, 0.0, 0.0, 0.0, 1.0],
                [1.0, 0.0, 0.0, 0.0, 0.0, 0.988953, 0.14823, 0.05, 0.0, -0.14823, 0.988953, 0.0, 0.0, 0.0, 0.0, 1.0],
                [1.0, 0.0, 0.0, 0.0, 0.0, 0.988953, 0.14823, 0.05, 0.0, -0.14823, 0.988953, 0.0, 0.0, 0.0, 0.0, 1.0],
                [1.0, 0.0, 0.0, 0.0, 0.0, 0.988953, 0.14823, 0.05, 0.0, -0.14823, 0.988953, 0.0, 0.0, 0.0, 0.0, 1.0],
                [1.0, 0.0, 0.0, 0.0, 0.0, 0.988953, 0.14823, 0.05, 0.0, -0.14823, 0.988953, 0.0, 0.0, 0.0, 0.0, 1.0]
            ]
        },
        {
            "name": "Chest",
            "time": [0.0, 0.0167, 0.0333, 0.05, 0.0667, 0.0833, 0.1, 0.1167, 0.1333, 0.15, 0.1667, 0.1833, 0.2, 0.2167, 0.2333, 0.25, 0.2667, 0.2833, 0.3, 0.3167, 0.3333, 0.35, 0.3667],
            "transform": [
                [1.0, 0.0, 0.0, -0.0, 0.0, 0.872782, 0.48811, 0.3, 0.0, -0.48811, 0.872782, 0.0, 0.0, 0.0, 0.0, 1.0],
                [1.0, 0.0, 0.0, 0.0, 0.0, 0.872782, 0.48811, 0.3, 0.0, -0.48811, 0.872782, 0.0, 0.0, 0.0, 0.0, 1.0],
                [1.0, 0.0, 0.0, 0.0, 0.0, 0.872782, 0.48811, 0.3, 0.0, -0.48811, 0.872782, 0.0, 0.0, 0.0, 0.0, 1.0],
                [1.0, 0.0, 0.0, 0.0, 0.0, 0.872782, 0.48811, 0.3, 0.0, -0.48811, 0.872782, -0.0, 0.0, 0.0, 0.0, 1.0],
                [1.0, 0.0, 0.0, -0.0, 0.0, 0.872782, 0.48811, 0.3, 0.0, -0.48811, 0.872782, 0.0, 0.0, 0.0, 0.0, 1.0],
                [1.0, 0.0, 0.0, 0.0, 0.0, 0.872782, 0.48811, 0.3, 0.0, -0.48811, 0.872782, -0.0, 0.0, 0.0, 0.0, 1.0],
                [1.0, 0.0, 0.0, 0.0, 0.0, 0.872782, 0.48811, 0.3, 0.0, -0.48811, 0.872782, 0.0, 0.0, 0.0, 0.0, 1.0],
                [1.0, 0.0, 0.0, 0.0, 0.0, 0.872782, 0.48811, 0.3, 0.0, -0.48811, 0.872782, -0.0, 0.0, 0.0, 0.0, 1.0],
                [1.0, 0.0, 0.0, 0.0, 0.0, 0.872782, 0.48811, 0.3, 0.0, -0.48811, 0.872782, -0.0, 0.0, 0.0, 0.0, 1.0],
                [1.0, 0.0, 0.0, 0.0, 0.0, 0.872782, 0.48811, 0.3, 0.0, -0.48811, 0.872782, 0.0, 0.0, 0.0, 0.0, 1.0],
                [1.0, 0.0, 0.0, 0.0, 0.0, 0.872782, 0.48811, 0.3, 0.0, -0.48811, 0.872782, 0.0, 0.0, 0.0, 0.0, 1.0],
                [1.0, 0.0, 0.0, 0.0, 0.0, 0.872782, 0.48811, 0.3, 0.0, -0.48811, 0.872782, 0.0, 0.0, 0.0, 0.0, 1.0],
                [1.0, 0.0, 0.0, 0.0, 0.0, 0.872782, 0.48811, 0.3, 0.0, -0.48811, 0.872782, -0.0, 0.0, 0.0, 0.0, 1.0],
                [1.0, 0.0, 0.0, 0.0, 0.0, 0.872782, 0.48811, 0.3, 0.0, -0.48811, 0.872782, -0.0, 0.0, 0.0, 0.0, 1.0],
                [1.0, 0.0, 0.0, 0.0, 0.0, 0.872782, 0.48811, 0.3, 0.0, -0.48811, 0.872782, -0.0, 0.0, 0.0, 0.0, 1.0],
                [1.0, 0.0, 0.0, 0.0, 0.0, 0.872782, 0.48811, 0.3, 0.0, -0.48811, 0.872782, -0.0, 0.0, 0.0, 0.0, 1.0],
                [1.0, 0.0, 0.0, 0.0, 0.0, 0.872782, 0.48811, 0.3, 0.0, -0.48811, 0.872782, -0.0, 0.0, 0.0, 0.0, 1.0],
                [1.0, 0.0, 0.0, 0.0, 0.0, 0.872782, 0.48811, 0.3, 0.0, -0.48811, 0.872782, -0.0, 0.0, 0.0, 0.0, 1.0],
                [1.0, 0.0, 0.0, 0.0, 0.0, 0.872782, 0.48811, 0.3, 0.0, -0.48811, 0.872782, -0.0, 0.0, 0.0, 0.0, 1.0],
                [1.0, 0.0, 0.0, 0.0, 0.0, 0.872782, 0.48811, 0.3, 0.0, -0.48811, 0.872782, -0.0, 0.0, 0.0, 0.0, 1.0],
                [1.0, 0.0, 0.0, 0.0, 0.0, 0.872782, 0.48811, 0.3, 0.0, -0.48811, 0.872782, -0.0, 0.0, 0.0, 0.0, 1.0],
                [1.0, 0.0, 0.0, 0.0, 0.0, 0.872782, 0.48811, 0.3, 0.0, -0.48811, 0.872782, -0.0, 0.0, 0.0, 0.0, 1.0],
                [1.0, 0.0, 0.0, 0.0, 0.0, 0.872782, 0.48811, 0.3, 0.0, -0.48811, 0.872782, -0.0, 0.0, 0.0, 0.0, 1.0]
            ]
        },
        {
            "name": "Head",
            "time": [0.0, 0.0167, 0.0333, 0.05, 0.0667, 0.0833, 0.1, 0.1167, 0.1333, 0.15, 0.1667, 0.1833, 0.2, 0.2167, 0.2333, 0.25, 0.2667, 0.2833, 0.3, 0.3167, 0.3333, 0.35, 0.3667],
            "transform": [
                [1.0, 0.0, 0.0, 0.0, 0.0, 0.854508, -0.519438, 0.4, 0.0, 0.519438, 0.854508, 0.0, 0.0, 0.0, 0.0, 1.0],
                [1.0, 0.0, 0.0, 0.0, 0.0, 0.854508, -0.519438, 0.4, 0.0, 0.519438, 0.854508, 0.0, 0.0, 0.0, 0.0, 1.0],
                [1.0, 0.0, 0.0, -0.0, 0.0, 0.854508, -0.519438, 0.4, 0.0, 0.519438, 0.854508, 0.0, 0.0, 0.0, 0.0, 1.0],
                [1.0, 0.0, 0.0, 0.0, 0.0, 0.854508, -0.519438, 0.4, 0.0, 0.519438, 0.854508, 0.0, 0.0, 0.0, 0.0, 1.0],
                [1.0, 0.0, 0.0, 0.0, 0.0, 0.854508, -0.519438, 0.4, 0.0, 0.519438, 0.854508, 0.0, 0.0, 0.0, 0.0, 1.0],
                [1.0, 0.0, 0.0, 0.0, 0.0, 0.854508, -0.519438, 0.4, 0.0, 0.519438, 0.854508, 0.0, 0.0, 0.0, 0.0, 1.0],
                [1.0, 0.0, 0.0, -0.0, 0.0, 0.854508, -0.519438, 0.4, 0.0, 0.519438, 0.854508, -0.0, 0.0, 0.0, 0.0, 1.0],
                [1.0, 0.0, 0.0, 0.0, 0.0, 0.854508, -0.519438, 0.4, 0.0, 0.519438, 0.854508, 0.0, 0.0, 0.0, 0.0, 1.0],
                [1.0, 0.0, 0.0, 0.0, 0.0, 0.854508, -0.519438, 0.4, 0.0, 0.519438, 0.854508, -0.0, 0.0, 0.0, 0.0, 1.0],
                [1.0, 0.0, 0.0, 0.0, 0.0, 0.854508, -0.519438, 0.4, 0.0, 0.519438, 0.854508, 0.0, 0.0, 0.0, 0.0, 1.0],
                [1.0, 0.0, 0.0, 0.0, 0.0, 0.854508, -0.519438, 0.4, 0.0, 0.519438, 0.854508, -0.0, 0.0, 0.0, 0.0, 1.0],
                [1.0, 0.0, 0.0, 0.0, 0.0, 0.854508, -0.519438, 0.4, 0.0, 0.519438, 0.854508, -0.0, 0.0, 0.0, 0.0, 1.0],
                [1.0, 0.0, 0.0, 0.0, 0.0, 0.854508, -0.519438, 0.4, 0.0, 0.519438, 0.854508, -0.0, 0.0, 0.0, 0.0, 1.0],
                [1.0, 0.0, 0.0, -0.0, 0.0, 0.854508, -0.519438, 0.4, 0.0, 0.519438, 0.854508, -0.0, 0.0, 0.0, 0.0, 1.0],
                [1.0, 0.0, 0.0, -0.0, 0.0, 0.854508, -0.519438, 0.4, 0.0, 0.519438, 0.854508, -0.0, 0.0, 0.0, 0.0, 1.0],
                [1.0, 0.0, 0.0, -0.0, 0.0, 0.854508, -0.519438, 0.4, 0.0, 0.519438, 0.854508, -0.0, 0.0, 0.0, 0.0, 1.0],
                [1.0, 0.0, 0.0, -0.0, 0.0, 0.854508, -0.519438, 0.4, 0.0, 0.519438, 0.854508, -0.0, 0.0, 0.0, 0.0, 1.0],
                [1.0, 0.0, 0.0, -0.0, 0.0, 0.854508, -0.519438, 0.4, 0.0, 0.519438, 0.854508, -0.0, 0.0, 0.0, 0.0, 1.0],
                [1.0, 0.0, 0.0, -0.0, 0.0, 0.854508, -0.519438, 0.4, 0.0, 0.519438, 0.854508, -0.0, 0.0, 0.0, 0.0, 1.0],
                [1.0, 0.0, 0.0, -0.0, 0.0, 0.854508, -0.519438, 0.4, 0.0, 0.519438, 0.854508, -0.0, 0.0, 0.0, 0.0, 1.0],
                [1.0, 0.0, 0.0, -0.0, 0.0, 0.854508, -0.519438, 0.4, 0.0, 0.519438, 0.854508, -0.0, 0.0, 0.0, 0.0, 1.0],
                [1.0, 0.0, 0.0, -0.0, 0.0, 0.854508, -0.519438, 0.4, 0.0, 0.519438, 0.854508, -0.0, 0.0, 0.0, 0.0, 1.0],
                [1.0, 0.0, 0.0, -0.0, 0.0, 0.854508, -0.519438, 0.4, 0.0, 0.519438, 0.854508, -0.0, 0.0, 0.0, 0.0, 1.0]
            ]
        },
        {
            "name": "Shoulder_R",
            "time": [0.0, 0.0167, 0.0333, 0.05, 0.0667, 0.0833, 0.1, 0.1167, 0.1333, 0.15, 0.1667, 0.1833, 0.2, 0.2167, 0.2333, 0.25, 0.2667, 0.2833, 0.3, 0.3167, 0.3333, 0.35, 0.3667],
            "transform": [
                [0.0, 0.952114, 0.305743, -0.0, 0.0, -0.305743, 0.952114, 0.4, 1.0, 0.0, -0.0, 0.0, 0.0, 0.0, 0.0, 1.0],
                [0.0, 0.952114, 0.305743, 0.0, -0.0, -0.305743, 0.952114, 0.4, 1.0, 0.0, -0.0, 0.0, 0.0, 0.0, 0.0, 1.0],
                [0.0, 0.952114, 0.305743, 0.0, 0.0, -0.305743, 0.952114, 0.4, 1.0, 0.0, -0.0, 0.0, 0.0, 0.0, 0.0, 1.0],
                [0.0, 0.952114, 0.305743, 0.0, 0.0, -0.305743, 0.952114, 0.4, 1.0, -0.0, -0.0, 0.0, 0.0, 0.0, 0.0, 1.0],
                [0.0, 0.952114, 0.305743, 0.0, -0.0, -0.305743, 0.952114, 0.4, 1.0, 0.0, -0.0, 0.0, 0.0, 0.0, 0.0, 1.0],
                [0.0, 0.952114, 0.305743, -0.0, -0.0, -0.305743, 0.952114, 0.4, 1.0, -0.0, 0.0, 0.0, 0.0, 0.0, 0.0, 1.0],
                [0.0, 0.952114, 0.305743, -0.0, 0.0, -0.305743, 0.952114, 0.4, 1.0, 0.0, -0.0, 0.0, 0.0, 0.0, 0.0, 1.0],
                [0.0, 0.952114, 0.305743, 0.0, 0.0, -0.305743, 0.952114, 0.4, 1.0, 0.0, -0.0, 0.0, 0.0, 0.0, 0.0, 1.0],
                [0.0, 0.952114, 0.305743, 0.0, 0.0, -0.305743, 0.952114, 0.4, 1.0, 0.0, -0.0, -0.0, 0.0, 0.0, 0.0, 1.0],
                [0.0, 0.952114, 0.305743, 0.0, 0.0, -0.305743, 0.952114, 0.4, 1.0, 0.0, -0.0, 0.0, 0.0, 0.0, 0.0, 1.0],
                [0.0, 0.952114, 0.305743, 0.0, 0.0, -0.305743, 0.952114, 0.4, 1.0, 0.0, -0.0, -0.0, 0.0, 0.0, 0.0, 1.0],
                [0.0, 0.952114, 0.305743, 0.0, 0.0, -0.305743, 0.952114, 0.4, 1.0, 0.0, -0.0, -0.0, 0.0, 0.0, 0.0, 1.0],
                [0.0, 0.952114, 0.305743, -0.0, 0.0, -0.305743, 0.952114, 0.399999, 1.0, 0.0, -0.0, 0.0, 0.0, 0.0, 0.0, 1.0],
                [0.0, 0.952114, 0.305743, 0.0, -0.0, -0.305743, 0.952114, 0.4, 1.0, 0.0, -0.0, -0.0, 0.0, 0.0, 0.0, 1.0],
                [0.0, 0.952114, 0.305743, 0.0, -0.0, -0.305743, 0.952114, 0.4, 1.0, 0.0, -0.0, -0.0, 0.0, 0.0, 0.0, 1.0],
                [0.0, 0.952114, 0.305743, -0.0, -0.0, -0.305743, 0.952114, 0.4, 1.0, 0.0, -0.0, -0.0, 0.0, 0.0, 0.0, 1.0],
                [0.0, 0.952114, 0.305743, -0.0, -0.0, -0.305743, 0.952114, 0.4, 1.0, 0.0, -0.0, -0.0, 0.0, 0.0, 0.0, 1.0],
                [0.0, 0.952114, 0.305743, -0.0, -0.0, -0.305743, 0.952114, 0.4, 1.0, 0.0, -0.0, -0.0, 0.0, 0.0, 0.0, 1.0],
                [0.0, 0.952114, 0.305743, -0.0, -0.0, -0.305743, 0.952114, 0.4, 1.0, 0.0, -0.0, -0.0, 0.0, 0.0, 0.0, 1.0],
                [0.0, 0.952114, 0.305743, -0.0, -0.0, -0.305743, 0.952114, 0.4, 1.0, 0.0, -0.0, -0.0, 0.0, 0.0, 0.0, 1.0],
                [0.0, 0.952114, 0.305743, -0.0, -0.0, -0.305743, 0.952114, 0.4, 1.0, 0.0, -0.0, -0.0, 0.0, 0.0, 0.0, 1.0],
                [0.0, 0.952114, 0.305743, -0.0, -0.0, -0.305743, 0.952114, 0.4, 1.0, 0.0, -0.0, -0.0, 0.0, 0.0, 0.0, 1.0],
                [0.0, 0.952114, 0.305743, -0.0, -0.0, -0.305743, 0.952114, 0.4, 1.0, 0.0, -0.0, -0.0, 0.0, 0.0, 0.0, 1.0]
            ]
        },
        {
            "name": "Arm_R",
            "time": [0.0, 0.0167, 0.0333, 0.05, 0.0667, 0.0833, 0.1, 0.1167, 0.1333, 0.15, 0.1667, 0.1833, 0.2, 0.2167, 0.2333, 0.25, 0.2667, 0.2833, 0.3, 0.3167, 0.3333, 0.35, 0.3667],
            "transform": [
                [0.893128, 0.043432, -0.4477, 0.0, 0.325895, 0.623539, 0.710628, 0.39386, 0.310023, -0.780585, 0.542746, 0.0, 0.0, 0.0, 0.0, 1.0],
                [0.897931, 0.046796, -0.437641, -0.0, 0.308955, 0.641169, 0.702459, 0.39386, 0.313474, -0.765971, 0.561268, 0.0, 0.0, 0.0, 0.0, 1.0],
                [0.908107, 0.052583, -0.415423, -0.0, 0.267333, 0.690787, 0.671824, 0.39386, 0.322295, -0.721144, 0.613251, 0.0, 0.0, 0.0, 0.0, 1.0],
                [0.917637, 0.055994, -0.393456, 0.0, 0.214518, 0.763624, 0.608984, 0.39386, 0.334552, -0.643229, 0.688718, 0.0, 0.0, 0.0, 0.0, 1.0],
                [0.922896, 0.058352, -0.380602, 0.0, 0.159798, 0.841267, 0.516463, 0.393861, 0.350325, -0.537461, 0.767078, -0.0, 0.0, 0.0, 0.0, 1.0],
                [0.922222, 0.067802, -0.38067, -0.0, 0.106706, 0.901646, 0.419106, 0.39386, 0.371646, -0.427128, 0.824282, 0.0, 0.0, 0.0, 0.0, 1.0],
                [0.915039, 0.100791, -0.390571, 0.0, 0.055762, 0.927373, 0.36996, 0.393861, 0.399493, -0.360306, 0.842962, 0.0, 0.0, 0.0, 0.0, 1.0],
                [0.901938, 0.101825, -0.419691, 0.0, 0.012364, 0.965321, 0.260777, 0.39386, 0.431689, -0.240394, 0.8694, -0.0, 0.0, 0.0, 0.0, 1.0],
                [0.888757, 0.152476, -0.432277, 0.0, -0.013438, 0.951315, 0.307928, 0.393861, 0.458183, -0.267864, 0.847537, -0.0, 0.0, 0.0, 0.0, 1.0],
                [0.882582, 0.171468, -0.437776, 0.0, -0.017727, 0.942599, 0.333458, 0.393861, 0.469825, -0.286543, 0.83496, -0.0, 0.0, 0.0, 0.0, 1.0],
                [0.889056, 0.142199, -0.435153, 0.0, 0.001692, 0.949509, 0.313736, 0.393861, 0.457795, -0.279665, 0.843927, 0.0, 0.0, 0.0, 0.0, 1.0],
                [0.915039, 0.100791, -0.39057, 0.0, 0.055762, 0.927373, 0.36996, 0.39386, 0.399493, -0.360307, 0.842962, -0.0, 0.0, 0.0, 0.0, 1.0],
                [0.938023, -0.014251, -0.34628, 0.0, 0.229121, 0.775159, 0.588755, 0.393861, 0.260032, -0.631606, 0.730382, -0.0, 0.0, 0.0, 0.0, 1.0],
                [0.718169, -0.277428, -0.638175, 0.0, 0.647026, 0.603746, 0.465669, 0.39386, 0.256106, -0.747345, 0.613095, -0.0, 0.0, 0.0, 0.0, 1.0],
                [0.087369, -0.618496, -0.780916, -0.0, 0.307731, 0.76233, -0.569347, 0.39386, 0.947454, -0.190569, 0.256934, 0.0, 0.0, 0.0, 0.0, 1.0],
                [0.098336, -0.972525, -0.211013, 0.0, -0.055552, 0.206346, -0.976901, 0.39386, 0.993602, 0.107786, -0.033735, -0.0, 0.0, 0.0, 0.0, 1.0],
                [0.13749, -0.952683, 0.271095, 0.0, -0.120659, -0.287766, -0.95007, 0.39386, 0.983127, 0.097915, -0.154515, 0.0, 0.0, 0.0, 0.0, 1.0],
                [0.13749, -0.952683, 0.271095, 0.0, -0.120659, -0.287766, -0.95007, 0.39386, 0.983127, 0.097915, -0.154515, 0.0, 0.0, 0.0, 0.0, 1.0],
                [0.13749, -0.952683, 0.271095, 0.0, -0.120659, -0.287766, -0.95007, 0.39386, 0.983127, 0.097915, -0.154515, 0.0, 0.0, 0.0, 0.0, 1.0],
                [0.13749, -0.952683, 0.271095, 0.0, -0.120659, -0.287766, -0.95007, 0.39386, 0.983127, 0.097915, -0.154515, 0.0, 0.0, 0.0, 0.0, 1.0],
                [0.13749, -0.952683, 0.271095, 0.0, -0.120659, -0.287766, -0.95007, 0.39386, 0.983127, 0.097915, -0.154515, 0.0, 0.0, 0.0, 0.0, 1.0],
                [0.13749, -0.952683, 0.271095, 0.0, -0.120659, -0.287766, -0.95007, 0.39386, 0.983127, 0.097915, -0.154515, 0.0, 0.0, 0.0, 0.0, 1.0],
                [0.13749, -0.952683, 0.271095, 0.0, -0.120659, -0.287766, -0.95007, 0.39386, 0.983127, 0.097915, -0.154515, 0.0, 0.0, 0.0, 0.0, 1.0]
            ]
        },
        {
            "name": "Hand_R",
            "time": [0.0, 0.0167, 0.0333, 0.05, 0.0667, 0.0833, 0.1, 0.1167, 0.1333, 0.15, 0.1667, 0.1833, 0.2, 0.2167, 0.2333, 0.25, 0.2667, 0.2833, 0.3, 0.3167, 0.3333, 0.35, 0.3667],
            "transform": [
                [1.0, -2e-06, 1e-06, -0.0, 2e-06, 0.777651, -0.628698, 0.300003, 1e-06, 0.628697, 0.777651, 0.0, 0.0, 0.0, 0.0, 1.0],
                [1.0, -2e-06, 1e-06, 0.0, 2e-06, 0.770403, -0.637557, 0.300003, 1e-06, 0.637557, 0.770403, 0.0, 0.0, 0.0, 0.0, 1.0],
                [1.0, -2e-06, 1e-06, 0.0, 2e-06, 0.765608, -0.643308, 0.300003, 1e-06, 0.643308, 0.765608, 0.0, 0.0, 0.0, 0.0, 1.0],
                [1.0, -2e-06, 1e-06, -0.0, 2e-06, 0.78729, -0.616583, 0.300003, 1e-06, 0.616583, 0.78729, 0.0, 0.0, 0.0, 0.0, 1.0],
                [1.0, -2e-06, 1e-06, -0.0, 2e-06, 0.840613, -0.541638, 0.300003, 1e-06, 0.541638, 0.840613, -0.0, 0.0, 0.0, 0.0, 1.0],
                [1.0, -2e-06, 0.0, -0.0, 2e-06, 0.904288, -0.426924, 0.300003, 0.0, 0.426924, 0.904288, -0.0, 0.0, 0.0, 0.0, 1.0],
                [1.0, -1e-06, 0.0, 0.0, 1e-06, 0.944885, -0.327402, 0.300003, 0.0, 0.327402, 0.944885, -0.0, 0.0, 0.0, 0.0, 1.0],
                [1.0, 0.0, 0.0, -0.0, -0.0, 0.999999, -0.000992, 0.300002, -0.0, 0.000992, 0.999999, -0.0, 0.0, 0.0, 0.0, 1.0],
                [1.0, 0.0, 0.0, -0.0, -0.0, 0.999999, -0.000993, 0.300003, -0.0, 0.000993, 0.999999, 0.0, 0.0, 0.0, 0.0, 1.0],
                [1.0, 0.0, 0.0, 0.0, 0.0, 0.999999, -0.000994, 0.300003, -0.0, 0.000994, 0.999999, 0.0, 0.0, 0.0, 0.0, 1.0],
                [1.0, 0.0, 0.0, 0.0, -0.0, 1.0, -0.000994, 0.300003, -0.0, 0.000994, 0.999999, -0.0, 0.0, 0.0, 0.0, 1.0],
                [1.0, -1e-06, 0.0, 0.0, 1e-06, 0.944885, -0.327403, 0.300003, 0.0, 0.327403, 0.944885, -0.0, 0.0, 0.0, 0.0, 1.0],
                [1.0, -3e-06, 2e-06, 0.0, 3e-06, 0.367941, -0.929849, 0.300003, 2e-06, 0.929849, 0.367941, 0.0, 0.0, 0.0, 0.0, 1.0],
                [1.0, -4e-06, 4e-06, -0.0, 4e-06, -0.204801, -0.978804, 0.300003, 4e-06, 0.978803, -0.204801, -0.0, 0.0, 0.0, 0.0, 1.0],
                [1.0, -4e-06, 4e-06, -0.0, 4e-06, -0.100092, -0.994978, 0.300002, 4e-06, 0.994978, -0.100092, 0.0, 0.0, 0.0, 0.0, 1.0],
                [1.0, -3e-06, 2e-06, -0.0, 3e-06, 0.565493, -0.824752, 0.300002, 2e-06, 0.824752, 0.565494, 0.0, 0.0, 0.0, 0.0, 1.0],
                [1.0, -0.0, 0.0, 0.0, 1e-06, 0.990165, -0.139899, 0.300002, -0.0, 0.139899, 0.990165, -0.0, 0.0, 0.0, 0.0, 1.0],
                [1.0, -0.0, 0.0, 0.0, 1e-06, 0.990165, -0.139899, 0.300002, -0.0, 0.139899, 0.990165, -0.0, 0.0, 0.0, 0.0, 1.0],
                [1.0, -0.0, 0.0, 0.0, 1e-06, 0.990165, -0.139899, 0.300002, -0.0, 0.139899, 0.990165, -0.0, 0.0, 0.0, 0.0, 1.0],
                [1.0, -0.0, 0.0, 0.0, 1e-06, 0.990165, -0.139899, 0.300002, -0.0, 0.139899, 0.990165, -0.0, 0.0, 0.0, 0.0, 1.0],
                [1.0, -0.0, 0.0, 0.0, 1e-06, 0.990165, -0.139899, 0.300002, -0.0, 0.139899, 0.990165, -0.0, 0.0, 0.0, 0.0, 1.0],
                [1.0, -0.0, 0.0, 0.0, 1e-06, 0.990165, -0.139899, 0.300002, -0.0, 0.139899, 0.990165, -0.0, 0.0, 0.0, 0.0, 1.0],
                [1.0, -0.0, 0.0, 0.0, 1e-06, 0.990165, -0.139899, 0.300002, -0.0, 0.139899, 0.990165, -0.0, 0.0, 0.0, 0.0, 1.0]
            ]
        },
        {
            "name": "Tool_R",
            "time": [0.0, 0.0167, 0.0333, 0.05, 0.0667, 0.0833, 0.1, 0.1167, 0.1333, 0.15, 0.1667, 0.1833, 0.2, 0.2167, 0.2333, 0.25, 0.2667, 0.2833, 0.3, 0.3167, 0.3333, 0.35, 0.3667],
            "transform": [
                [0.365019, 0.930696, 0.023798, 0.043768, 0.577857, -0.206446, -0.789596, 0.098127, -0.72996, 0.30197, -0.613166, -0.098064, 0.0, 0.0, 0.0, 1.0],
                [0.341752, 0.939315, 0.029897, 0.043363, 0.588678, -0.189165, -0.785923, 0.098542, -0.732574, 0.286191, -0.617602, -0.096933, 0.0, 0.0, 0.0, 1.0],
                [0.275648, 0.960147, 0.046224, 0.042252, 0.616149, -0.139571, -0.775165, 0.099682, -0.737821, 0.242153, -0.630066, -0.093832, 0.0, 0.0, 0.0, 1.0],
                [0.171468, 0.98276, 0.069154, 0.040592, 0.650495, -0.060219, -0.75712, 0.101385, -0.739902, 0.174806, -0.649606, -0.089197, 0.0, 0.0, 0.0, 1.0],
                [0.035723, 0.99489, 0.094438, 0.038539, 0.680158, 0.045032, -0.731682, 0.10349, -0.732195, 0.09037, -0.675074, -0.083469, 0.0, 0.0, 0.0, 1.0],
                [-0.121005, 0.985633, 0.117838, 0.036252, 0.694127, 0.168878, -0.699763, 0.105837, -0.70961, -0.00288, -0.70459, -0.077084, 0.0, 0.0, 0.0, 1.0],
                [-0.284244, 0.949032, 0.136171, 0.033886, 0.684995, 0.300398, -0.663734, 0.108264, -0.67081, -0.095386, -0.73547, -0.07048, 0.0, 0.0, 0.0, 1.0],
                [-0.438572, 0.886376, 0.1483, 0.031599, 0.651329, 0.427196, -0.627116, 0.110611, -0.619214, -0.178444, -0.764678, -0.064094, 0.0, 0.0, 0.0, 1.0],
                [-0.571583, 0.80568, 0.155475, 0.029546, 0.597784, 0.538664, -0.593713, 0.112716, -0.562091, -0.246416, -0.789515, -0.058366, 0.0, 0.0, 0.0, 1.0],
                [-0.676384, 0.718776, 0.160826, 0.027886, 0.532935, 0.628314, -0.566747, 0.114419, -0.508413, -0.297629, -0.808043, -0.053732, 0.0, 0.0, 0.0, 1.0],
                [-0.751367, 0.638021, 0.168458, 0.026775, 0.466326, 0.694004, -0.548542, 0.115559, -0.466892, -0.3336, -0.818978, -0.05063, 0.0, 0.0, 0.0, 1.0],
                [-0.797899, 0.574437, 0.182702, 0.02637, 0.406359, 0.736453, -0.540842, 0.115974, -0.445231, -0.357295, -0.821042, -0.049499, 0.0, 0.0, 0.0, 1.0],
