{
    "animation": [
        {
            "name": "Root",
            "time": [0.0, 0.0167, 0.0333, 0.05, 0.0667, 0.0833, 0.1, 0.1167, 0.1333, 0.15, 0.1667, 0.1833, 0.2, 0.2167, 0.2333, 0.25, 0.2667, 0.2833, 0.3, 0.3167, 0.3333, 0.35, 0.3667, 0.3833, 0.4],
            "transform": [
                [1.0, 0.0, 0.0, -5e-06, 0.0, 0.0, -1.0, 0.000946, 0.0, 1.0, 0.0, 0.763972, 0.0, 0.0, 0.0, 1.0],
                [1.0, 0.0, 0.0, -5e-06, 0.0, 0.0, -1.0, 0.000946, 0.0, 1.0, 0.0, 0.763972, 0.0, 0.0, 0.0, 1.0],
                [1.0, 0.0, 0.0, -5e-06, 0.0, 0.0, -1.0, 0.000946, 0.0, 1.0, 0.0, 0.763972, 0.0, 0.0, 0.0, 1.0],
                [1.0, 0.0, 0.0, -5e-06, 0.0, 0.0, -1.0, 0.000946, 0.0, 1.0, 0.0, 0.763972, 0.0, 0.0, 0.0, 1.0],
                [1.0, 0.0, 0.0, -5e-06, 0.0, 0.0, -1.0, 0.000946, 0.0, 1.0, 0.0, 0.763972, 0.0, 0.0, 0.0, 1.0],
                [1.0, 0.0, 0.0, -5e-06, 0.0, 0.0, -1.0, 0.000946, 0.0, 1.0, 0.0, 0.763972, 0.0, 0.0, 0.0, 1.0],
                [1.0, 0.0, 0.0, -5e-06, 0.0, 0.0, -1.0, 0.000946, 0.0, 1.0, 0.0, 0.763972, 0.0, 0.0, 0.0, 1.0],
                [1.0, 0.0, 0.0, -5e-06, 0.0, 0.0, -1.0, 0.000946, 0.0, 1.0, 0.0, 0.763972, 0.0, 0.0, 0.0, 1.0],
                [1.0, 0.0, 0.0, -5e-06, 0.0, 0.0, -1.0, 0.000946, 0.0, 1.0, 0.0, 0.763972, 0.0, 0.0, 0.0, 1.0],
                [1.0, 0.0, 0.0, -5e-06, 0.0, 0.0, -1.0, 0.000946, 0.0, 1.0, 0.0, 0.763972, 0.0, 0.0, 0.0, 1.0],
                [1.0, 0.0, 0.0, -5e-06, 0.0, 0.0, -1.0, 0.000946, 0.0, 1.0, 0.0, 0.763972, 0.0, 0.0, 0.0, 1.0],
                [1.0, 0.0, 0.0, -5e-06, 0.0, 0.0, -1.0, 0.000946, 0.0, 1.0, 0.0, 0.763972, 0.0, 0.0, 0.0, 1.0],
                [1.0, 0.0, 0.0, -5e-06, 0.0, 0.0, -1.0, 0.000946, 0.0, 1.0, 0.0, 0.763972, 0.0, 0.0, 0.0, 1.0],
                [1.0, 0.0, 0.0, -5e-06, 0.0, 0.0, -1.0, 0.000946, 0.0, 1.0, 0.0, 0.763972, 0.0, 0.0, 0.0, 1.0],
                [1.0, 0.0, 0.0, -5e-06, 0.0, 0.0, -1.0, 0.000946, 0.0, 1.0, 0.0, 0.763972, 0.0, 0.0, 0.0, 1.0],
                [1.0, 0.0, 0.0, -5e-06, 0.0, 0.0, -1.0, 0.000946, 0.0, 1.0, 0.0, 0.763972, 0.0, 0.0, 0.0, 1.0],
                [1.0, 0.0, 0.0, -5e-06, 0.0, 0.0, -1.0, 0.000946, 0.0, 1.0, 0.0, 0.763972, 0.0, 0.0, 0.0, 1.0],
                [1.0, 0.0, 0.0, -5e-06, 0.0, 0.0, -1.0, 0.000946, 0.0, 1.0, 0.0, 0.763972, 0.0, 0.0, 0.0, 1.0],
                [1.0, 0.0, 0.0, -5e-06, 0.0, 0.0, -1.0, 0.000946, 0.0, 1.0, 0.0, 0.763972, 0.0, 0.0, 0.0, 1.0],
                [1.0, 0.0, 0.0, -5e-06, 0.0, 0.0, -1.0, 0.000946, 0.0, 1.0, 0.0, 0.763972, 0.0, 0.0, 0.0, 1.0],
                [1.0, 0.0, 0.0, -5e-06, 0.0, 0.0, -1.0, 0.000946, 0.0, 1.0, 0.0, 0.763972, 0.0, 0.0, 0.0, 1.0],
                [1.0, 0.0, 0.0, -5e-06, 0.0, 0.0, -1.0, 0.000946, 0.0, 1.0, 0.0, 0.763972, 0.0, 0.0, 0.0, 1.0],
                [1.0, 0.0, 0.0, -5e-06, 0.0, 0.0, -1.0, 0.000946, 0.0, 1.0, 0.0, 0.763972, 0.0, 0.0, 0.0, 1.0],
                [1.0, 0.0, 0.0, -5e-06, 0.0, 0.0, -1.0, 0.000946, 0.0, 1.0, 0.0, 0.763972, 0.0, 0.0, 0.0, 1.0],
                [1.0, 0.0, 0.0, -5e-06, 0.0, 0.0, -1.0, 0.000946, 0.0, 1.0, 0.0, 0.763972, 0.0, 0.0, 0.0, 1.0]
            ]
        },
        {
            "name": "Thigh_R",
            "time": [0.0, 0.0167, 0.0333, 0.05, 0.0667, 0.0833, 0.1, 0.1167, 0.1333, 0.15, 0.1667, 0.1833, 0.2, 0.2167, 0.2333, 0.25, 0.2667, 0.2833, 0.3, 0.3167, 0.3333, 0.35, 0.3667, 0.3833, 0.4],
            "transform": [
                [1.0, -1.4e-05, 6e-06, 0.124994, -1.2e-05, -0.470324, 0.882495, -0.002831, -9e-06, -0.882494, -0.470323, -1.2e-05, 0.0, 0.0, 0.0, 1.0],
                [1.0, -1.4e-05, 6e-06, 0.124994, -1.2e-05, -0.470829, 0.882225, -0.002831, -9e-06, -0.882225, -0.470829, -1.2e-05, 0.0, 0.0, 0.0, 1.0],
                [1.0, -1.3e-05, 5e-06, 0.124994, -1.1e-05, -0.48232, 0.875995, -0.002831, -9e-06, -0.875996, -0.48232, -1.2e-05, 0.0, 0.0, 0.0, 1.0],
                [1.0, -1.1e-05, 4e-06, 0.124994, -1e-05, -0.518529, 0.855061, -0.002831, -8e-06, -0.85506, -0.518529, -1.2e-05, 0.0, 0.0, 0.0, 1.0],
                [1.0, -1e-05, 3e-06, 0.124994, -8e-06, -0.582405, 0.812899, -0.002831, -6e-06, -0.812899, -0.582405, -1.2e-05, 0.0, 0.0, 0.0, 1.0],
                [1.0, -8e-06, 2e-06, 0.124994, -7e-06, -0.661932, 0.749565, -0.002831, -4e-06, -0.749565, -0.661932, -1.2e-05, 0.0, 0.0, 0.0, 1.0],
                [1.0, -6e-06, 2e-06, 0.124994, -6e-06, -0.736191, 0.676774, -0.002831, -3e-06, -0.676774, -0.736191, -1.2e-05, 0.0, 0.0, 0.0, 1.0],
                [1.0, -5e-06, 1e-06, 0.124994, -5e-06, -0.79688, 0.604138, -0.002831, -2e-06, -0.604138, -0.79688, -1.2e-05, 0.0, 0.0, 0.0, 1.0],
                [1.0, -5e-06, 1e-06, 0.124994, -5e-06, -0.843536, 0.537074, -0.002831, -2e-06, -0.537074, -0.843535, -1.2e-05, 0.0, 0.0, 0.0, 1.0],
                [1.0, -5e-06, 1e-06, 0.124994, -5e-06, -0.879537, 0.475831, -0.002831, -2e-06, -0.475831, -0.879537, -1.2e-05, 0.0, 0.0, 0.0, 1.0],
                [1.0, -5e-06, 1e-06, 0.124994, -5e-06, -0.908021, 0.418925, -0.002831, -1e-06, -0.418925, -0.908021, -1.2e-05, 0.0, 0.0, 0.0, 1.0],
                [1.0, -5e-06, 1e-06, 0.124994, -5e-06, -0.929474, 0.36889, -0.002831, -1e-06, -0.36889, -0.929473, -1.2e-05, 0.0, 0.0, 0.0, 1.0],
                [1.0, -5e-06, 1e-06, 0.124994, -5e-06, -0.942618, 0.333873, -0.002831, -1e-06, -0.333873, -0.942618, -1.2e-05, 0.0, 0.0, 0.0, 1.0],
                [0.997587, 0.028886, 0.063128, 0.124994, 0.005419, -0.938953, 0.344004, -0.002831, 0.069211, -0.342832, -0.936844, 0.007819, 0.0, 0.0, 0.0, 1.0],
                [0.97035, 0.113284, 0.213515, 0.124994, 0.01781, -0.914475, 0.404251, -0.002831, 0.241049, -0.388462, -0.889378, 0.027396, 0.0, 0.0, 0.0, 1.0],
                [0.89166, 0.236366, 0.386101, 0.124994, 0.02073, -0.873297, 0.486747, -0.002831, 0.452231, -0.42601, -0.783583, 0.052847, 0.0, 0.0, 0.0, 1.0],
                [0.777052, 0.357529, 0.518038, 0.124994, 0.004059, -0.825848, 0.563879, -0.002831, 0.629423, -0.436061, -0.643177, 0.078297, 0.0, 0.0, 0.0, 1.0],
                [0.677211, 0.441277, 0.588778, 0.124994, -0.021848, -0.787787, 0.61556, -0.002831, 0.735464, -0.429728, -0.523857, 0.097874, 0.0, 0.0, 0.0, 1.0],
                [0.636471, 0.471705, 0.610245, 0.124994, -0.03518, -0.772612, 0.633903, -0.002831, 0.770498, -0.42493, -0.47515, 0.105705, 0.0, 0.0, 0.0, 1.0],
                [0.636471, 0.471706, 0.610245, 0.124994, -0.035179, -0.772613, 0.633903, -0.002831, 0.770498, -0.424928, -0.475151, 0.105705, 0.0, 0.0, 0.0, 1.0],
                [0.636471, 0.471706, 0.610245, 0.124994, -0.035179, -0.772613, 0.633903, -0.002831, 0.770498, -0.424928, -0.475151, 0.105705, 0.0, 0.0, 0.0, 1.0],
                [0.636471, 0.471705, 0.610245, 0.124994, -0.03518, -0.772612, 0.633903, -0.002831, 0.770498, -0.424929, -0.47515, 0.105705, 0.0, 0.0, 0.0, 1.0],
                [0.63647, 0.471706, 0.610245, 0.124994, -0.035179, -0.772613, 0.633903, -0.002831, 0.770498, -0.424928, -0.475151, 0.105705, 0.0, 0.0, 0.0, 1.0],
                [0.636471, 0.471705, 0.610245, 0.124994, -0.03518, -0.772613, 0.633903, -0.002831, 0.770498, -0.424929, -0.475151, 0.105705, 0.0, 0.0, 0.0, 1.0],
                [0.636471, 0.471706, 0.610245, 0.124994, -0.035179, -0.772613, 0.633903, -0.002831, 0.770498, -0.424929, -0.475151, 0.105705, 0.0, 0.0, 0.0, 1.0]
            ]
        },
        {
            "name": "Leg_R",
            "time": [0.0, 0.0167, 0.0333, 0.05, 0.0667, 0.0833, 0.1, 0.1167, 0.1333, 0.15, 0.1667, 0.1833, 0.2, 0.2167, 0.2333, 0.25, 0.2667, 0.2833, 0.3, 0.3167, 0.3333, 0.35, 0.3667, 0.3833, 0.4],
            "transform": [
                [1.0, 2.1e-05, 2e-05, 0.0, -2.2e-05, 0.06926, 0.997598, 0.374726, 1.9e-05, -0.997598, 0.06926, -0.0, 0.0, 0.0, 0.0, 1.0],
                [1.0, 2.1e-05, 1.9e-05, -0.0, -2.2e-05, 0.111765, 0.993735, 0.374726, 1.9e-05, -0.993734, 0.111764, -0.0, 0.0, 0.0, 0.0, 1.0],
                [1.0, 2e-05, 1.7e-05, -0.0, -2.1e-05, 0.226675, 0.97397, 0.374726, 1.6e-05, -0.973971, 0.226675, -0.0, 0.0, 0.0, 0.0, 1.0],
                [1.0, 1.9e-05, 1.3e-05, 0.0, -2e-05, 0.393116, 0.919489, 0.374726, 1.2e-05, -0.919489, 0.393116, 0.0, 0.0, 0.0, 0.0, 1.0],
                [1.0, 1.7e-05, 1e-05, 0.0, -1.8e-05, 0.57697, 0.816765, 0.374726, 8e-06, -0.816765, 0.57697, -0.0, 0.0, 0.0, 0.0, 1.0],
                [1.0, 1.4e-05, 6e-06, -0.0, -1.5e-05, 0.730243, 0.683187, 0.374726, 5e-06, -0.683188, 0.730243, -0.0, 0.0, 0.0, 0.0, 1.0],
                [1.0, 1.2e-05, 4e-06, -0.0, -1.2e-05, 0.824989, 0.565148, 0.374726, 3e-06, -0.565148, 0.82499, -0.0, 0.0, 0.0, 0.0, 1.0],
                [1.0, 1e-05, 3e-06, 0.0, -1e-05, 0.876682, 0.481071, 0.374726, 2e-06, -0.481072, 0.876682, -0.0, 0.0, 0.0, 0.0, 1.0],
                [1.0, 9e-06, 3e-06, -0.0, -9e-06, 0.899316, 0.437299, 0.374726, 1e-06, -0.437299, 0.899316, 0.0, 0.0, 0.0, 0.0, 1.0],
                [1.0, 9e-06, 3e-06, -0.0, -9e-06, 0.905608, 0.424115, 0.374726, 1e-06, -0.424116, 0.905608, 0.0, 0.0, 0.0, 0.0, 1.0],
                [1.0, 9e-06, 3e-06, 0.0, -9e-06, 0.904403, 0.42668, 0.374726, 1e-06, -0.42668, 0.904403, -0.0, 0.0, 0.0, 0.0, 1.0],
                [1.0, 9e-06, 3e-06, 0.0, -1e-05, 0.899013, 0.437921, 0.374726, 1e-06, -0.437921, 0.899014, 0.0, 0.0, 0.0, 0.0, 1.0],
                [1.0, 1e-05, 3e-06, -0.0, -1e-05, 0.887329, 0.461136, 0.374726, 2e-06, -0.461136, 0.887329, 0.0, 0.0, 0.0, 0.0, 1.0],
                [1.0, 1.1e-05, 4e-06, 0.0, -1.1e-05, 0.852382, 0.522918, 0.374726, 3e-06, -0.522918, 0.852383, -0.0, 0.0, 0.0, 0.0, 1.0],
                [1.0, 1.3e-05, 5e-06, -0.0, -1.4e-05, 0.789758, 0.613418, 0.374726, 4e-06, -0.613418, 0.789758, 0.0, 0.0, 0.0, 0.0, 1.0],
                [1.0, 1.7e-05, 8e-06, -0.0, -1.7e-05, 0.71976, 0.694222, 0.374726, 6e-06, -0.694223, 0.71976, -0.0, 0.0, 0.0, 0.0, 1.0],
                [1.0, 1.6e-05, 8e-06, -0.0, -1.7e-05, 0.661003, 0.750383, 0.374726, 7e-06, -0.750384, 0.661002, -0.0, 0.0, 0.0, 0.0, 1.0],
                [1.0, 1.6e-05, 9e-06, 0.0, -1.7e-05, 0.623852, 0.781542, 0.374726, 7e-06, -0.781543, 0.623852, -0.0, 0.0, 0.0, 0.0, 1.0],
                [1.0, 1.9e-05, 1e-05, -0.0, -2e-05, 0.611101, 0.791552, 0.374726, 9e-06, -0.791553, 0.611102, -0.0, 0.0, 0.0, 0.0, 1.0],
                [1.0, 1.5e-05, 8e-06, 0.0, -1.6e-05, 0.611101, 0.791551, 0.374726, 7e-06, -0.791553, 0.611101, -0.0, 0.0, 0.0, 0.0, 1.0],
                [1.0, 1.5e-05, 8e-06, 0.0, -1.6e-05, 0.611101, 0.791551, 0.374726, 7e-06, -0.791553, 0.611101, -0.0, 0.0, 0.0, 0.0, 1.0],
                [1.0, 1.8e-05, 9e-06, 0.0, -1.8e-05, 0.611101, 0.791552, 0.374726, 8e-06, -0.791553, 0.611101, 0.0, 0.0, 0.0, 0.0, 1.0],
                [1.0, 1.6e-05, 8e-06, 0.0, -1.6e-05, 0.611102, 0.791552, 0.374726, 7e-06, -0.791552, 0.611102, 0.0, 0.0, 0.0, 0.0, 1.0],
                [1.0, 1.7e-05, 9e-06, -0.0, -1.7e-05, 0.611102, 0.791552, 0.374726, 8e-06, -0.791552, 0.611102, -0.0, 0.0, 0.0, 0.0, 1.0],
                [1.0, 1.6e-05, 8e-06, 0.0, -1.6e-05, 0.611101, 0.791552, 0.374726, 7e-06, -0.791553, 0.611102, -0.0, 0.0, 0.0, 0.0, 1.0]
            ]
        },
        {
            "name": "Knee_R",
            "time": [0.0, 0.4],
            "transform": [
                [1.0, 0.0, -0.0, 0.0, -0.0, 0.00567, -0.999984, 0.476253, -0.0, 0.999984, 0.00567, -0.000576, 0.0, 0.0, 0.0, 1.0],
                [1.0, 0.0, -0.0, 0.0, -0.0, 0.00567, -0.999984, 0.414475, -0.0, 0.999984, 0.00567, -0.000225, 0.0, 0.0, 0.0, 1.0]
            ]
        },
        {
            "name": "Thigh_L",
            "time": [0.0, 0.0167, 0.0333, 0.05, 0.0667, 0.0833, 0.1, 0.1167, 0.1333, 0.15, 0.1667, 0.1833, 0.2, 0.2167, 0.2333, 0.25, 0.2667, 0.2833, 0.3, 0.3167, 0.3333, 0.35, 0.3667, 0.3833, 0.4],
            "transform": [
                [0.999112, -0.027302, 0.032101, -0.125006, -0.026742, -0.999486, -0.017742, -0.002831, 0.032569, 0.016868, -0.999327, -1.2e-05, 0.0, 0.0, 0.0, 1.0],
                [0.999095, -0.026265, 0.033455, -0.125006, -0.026992, -0.999406, 0.02147, -0.002831, 0.032871, -0.022353, -0.99921, -1.2e-05, 0.0, 0.0, 0.0, 1.0],
                [0.999054, -0.024241, 0.036117, -0.125006, -0.027605, -0.995023, 0.095749, -0.002831, 0.033616, -0.096655, -0.99475, -1.2e-05, 0.0, 0.0, 0.0, 1.0],
                [0.999, -0.02228, 0.038761, -0.125006, -0.028374, -0.98596, 0.164556, -0.002831, 0.034551, -0.165491, -0.985606, -1.2e-05, 0.0, 0.0, 0.0, 1.0],
                [0.998952, -0.020858, 0.040747, -0.125006, -0.029052, -0.976789, 0.21223, -0.002831, 0.035375, -0.213191, -0.97637, -1.2e-05, 0.0, 0.0, 0.0, 1.0],
                [0.99893, -0.020305, 0.04154, -0.125006, -0.029345, -0.9727, 0.230206, -0.002831, 0.035732, -0.231178, -0.972255, -1.2e-05, 0.0, 0.0, 0.0, 1.0],
                [0.998943, -0.020616, 0.041092, -0.125006, -0.029178, -0.975035, 0.220129, -0.002831, 0.035528, -0.221095, -0.974605, -1.2e-05, 0.0, 0.0, 0.0, 1.0],
                [0.998973, -0.021452, 0.039907, -0.125006, -0.028754, -0.980872, 0.192524, -0.002831, 0.035013, -0.193474, -0.980481, -1.2e-05, 0.0, 0.0, 0.0, 1.0],
                [0.999013, -0.022697, 0.038191, -0.125006, -0.028195, -0.988253, 0.150208, -0.002831, 0.034333, -0.151136, -0.987917, -1.2e-05, 0.0, 0.0, 0.0, 1.0],
                [0.999053, -0.024229, 0.036133, -0.125006, -0.027609, -0.994981, 0.096181, -0.002831, 0.033621, -0.097087, -0.994708, -1.2e-05, 0.0, 0.0, 0.0, 1.0],
                [0.999088, -0.025891, 0.033945, -0.125006, -0.027092, -0.999006, 0.03543, -0.002831, 0.032994, -0.036318, -0.998796, -1.2e-05, 0.0, 0.0, 0.0, 1.0],
                [0.999113, -0.027376, 0.032004, -0.125006, -0.026726, -0.999432, -0.020564, -0.002831, 0.032549, 0.019691, -0.999276, -1.2e-05, 0.0, 0.0, 0.0, 1.0],
                [0.999122, -0.028061, 0.031111, -0.125006, -0.026586, -0.998549, -0.046835, -0.002831, 0.03238, 0.045966, -0.998418, -1.2e-05, 0.0, 0.0, 0.0, 1.0],
                [0.994595, -0.010072, 0.103342, -0.122405, -0.010393, -0.999943, 0.002571, -0.002831, 0.10331, -0.003631, -0.994643, -0.007289, 0.0, 0.0, 0.0, 1.0],
                [0.960836, 0.044254, 0.273561, -0.115903, 0.014201, -0.993733, 0.11088, -0.002831, 0.276753, -0.102653, -0.955443, -0.025483, 0.0, 0.0, 0.0, 1.0],
                [0.879875, 0.115962, 0.460839, -0.107449, 0.011606, -0.974725, 0.223112, -0.002831, 0.475063, -0.190962, -0.858981, -0.049135, 0.0, 0.0, 0.0, 1.0],
                [0.777947, 0.171254, 0.604541, -0.098996, -0.023756, -0.953437, 0.300659, -0.002831, 0.62788, -0.248259, -0.737654, -0.072786, 0.0, 0.0, 0.0, 1.0],
                [0.697157, 0.196818, 0.689373, -0.092494, -0.06645, -0.939699, 0.335487, -0.002831, 0.713832, -0.279695, -0.642039, -0.09098, 0.0, 0.0, 0.0, 1.0],
                [0.665665, 0.20241, 0.718276, -0.089893, -0.086073, -0.935265, 0.343326, -0.002831, 0.74127, -0.290364, -0.605151, -0.098257, 0.0, 0.0, 0.0, 1.0],
                [0.665665, 0.202411, 0.718276, -0.089893, -0.086073, -0.935265, 0.343326, -0.002831, 0.74127, -0.290364, -0.605151, -0.098257, 0.0, 0.0, 0.0, 1.0],
                [0.665665, 0.202411, 0.718276, -0.089893, -0.086072, -0.935264, 0.343327, -0.002831, 0.74127, -0.290364, -0.605151, -0.098257, 0.0, 0.0, 0.0, 1.0],
                [0.665665, 0.202411, 0.718276, -0.089893, -0.086072, -0.935264, 0.343327, -0.002831, 0.74127, -0.290364, -0.605151, -0.098257, 0.0, 0.0, 0.0, 1.0],
                [0.665665, 0.202411, 0.718276, -0.089893, -0.086072, -0.935264, 0.343327, -0.002831, 0.74127, -0.290364, -0.605151, -0.098257, 0.0, 0.0, 0.0, 1.0],
                [0.665665, 0.202411, 0.718276, -0.089893, -0.086072, -0.935264, 0.343327, -0.002831, 0.74127, -0.290364, -0.605151, -0.098257, 0.0, 0.0, 0.0, 1.0],
                [0.665665, 0.202411, 0.718276, -0.089893, -0.086072, -0.935264, 0.343327, -0.002831, 0.74127, -0.290364, -0.605151, -0.098257, 0.0, 0.0, 0.0, 1.0]
            ]
        },
        {
            "name": "Leg_L",
            "time": [0.0, 0.0167, 0.0333, 0.05, 0.0667, 0.0833, 0.1, 0.1167, 0.1333, 0.15, 0.1667, 0.1833, 0.2, 0.2167, 0.2333, 0.25, 0.2667, 0.2833, 0.3, 0.3167, 0.3333, 0.35, 0.3667, 0.3833, 0.4],
            "transform": [
                [1.0, 1e-05, 3e-06, 0.0, -1e-05, 0.884016, 0.467456, 0.374726, 2e-06, -0.467457, 0.884016, 0.0, 0.0, 0.0, 0.0, 1.0],
                [1.0, 1.1e-05, 4e-06, 0.0, -1.2e-05, 0.841355, 0.540482, 0.374726, 3e-06, -0.540483, 0.841355, -0.0, 0.0, 0.0, 0.0, 1.0],
                [1.0, 1.4e-05, 6e-06, -0.0, -1.4e-05, 0.741721, 0.670709, 0.374726, 5e-06, -0.670709, 0.741721, 0.0, 0.0, 0.0, 0.0, 1.0],
                [1.0, 1.6e-05, 9e-06, 0.0, -1.7e-05, 0.626741, 0.779227, 0.374726, 7e-06, -0.779228, 0.626741, 0.0, 0.0, 0.0, 0.0, 1.0],
                [1.0, 1.8e-05, 1.1e-05, 0.0, -1.9e-05, 0.533643, 0.84571, 0.374726, 1e-05, -0.845711, 0.533643, 0.0, 0.0, 0.0, 0.0, 1.0],
                [1.0, 1.8e-05, 1.1e-05, 0.0, -1.9e-05, 0.495523, 0.868594, 0.374726, 1e-05, -0.868596, 0.495523, 0.0, 0.0, 0.0, 0.0, 1.0],
                [1.0, 1.8e-05, 1.1e-05, 0.0, -1.9e-05, 0.517101, 0.855924, 0.374726, 1e-05, -0.855925, 0.517101, -0.0, 0.0, 0.0, 0.0, 1.0],
                [1.0, 1.7e-05, 1e-05, 0.0, -1.8e-05, 0.573515, 0.819195, 0.374726, 9e-06, -0.819196, 0.573515, 0.0, 0.0, 0.0, 0.0, 1.0],
                [1.0, 1.6e-05, 8e-06, -0.0, -1.6e-05, 0.652574, 0.757725, 0.374726, 7e-06, -0.757726, 0.652574, 0.0, 0.0, 0.0, 0.0, 1.0],
                [1.0, 1.4e-05, 6e-06, 0.0, -1.5e-05, 0.741068, 0.67143, 0.374726, 5e-06, -0.67143, 0.741068, -0.0, 0.0, 0.0, 0.0, 1.0],
                [1.0, 1.2e-05, 4e-06, 0.0, -1.2e-05, 0.82452, 0.565833, 0.374726, 3e-06, -0.565834, 0.82452, -0.0, 0.0, 0.0, 0.0, 1.0],
                [1.0, 1e-05, 3e-06, -0.0, -1e-05, 0.886825, 0.462105, 0.374726, 2e-06, -0.462105, 0.886825, -0.0, 0.0, 0.0, 0.0, 1.0],
                [1.0, 9e-06, 3e-06, 0.0, -9e-06, 0.911302, 0.411739, 0.374726, 1e-06, -0.411739, 0.911302, 0.0, 0.0, 0.0, 0.0, 1.0],
                [1.0, 1e-05, 3e-06, 0.0, -1e-05, 0.888173, 0.459508, 0.374726, 2e-06, -0.459509, 0.888173, 0.0, 0.0, 0.0, 0.0, 1.0],
                [1.0, 1.1e-05, 4e-06, -0.0, -1.1e-05, 0.840756, 0.541413, 0.374726, 3e-06, -0.541414, 0.840757, 0.0, 0.0, 0.0, 0.0, 1.0],
                [1.0, 1.3e-05, 5e-06, 0.0, -1.3e-05, 0.801283, 0.598285, 0.374726, 4e-06, -0.598286, 0.801283, 0.0, 0.0, 0.0, 0.0, 1.0],
                [1.0, 1.3e-05, 5e-06, 0.0, -1.4e-05, 0.786905, 0.617073, 0.374726, 4e-06, -0.617074, 0.786906, 0.0, 0.0, 0.0, 0.0, 1.0],
                [1.0, 1.3e-05, 5e-06, 0.0, -1.3e-05, 0.792901, 0.60935, 0.374726, 4e-06, -0.60935, 0.792901, 0.0, 0.0, 0.0, 0.0, 1.0],
                [1.0, 1.3e-05, 5e-06, 0.0, -1.4e-05, 0.799451, 0.600731, 0.374726, 4e-06, -0.600731, 0.799451, -0.0, 0.0, 0.0, 0.0, 1.0],
                [1.0, 1.3e-05, 5e-06, 0.0, -1.4e-05, 0.799451, 0.600731, 0.374726, 4e-06, -0.600731, 0.799451, 0.0, 0.0, 0.0, 0.0, 1.0],
                [1.0, 1.2e-05, 5e-06, -0.0, -1.3e-05, 0.799451, 0.600732, 0.374726, 3e-06, -0.600733, 0.799451, -0.0, 0.0, 0.0, 0.0, 1.0],
                [1.0, 1.3e-05, 5e-06, -0.0, -1.3e-05, 0.799451, 0.600732, 0.374726, 4e-06, -0.600732, 0.799451, -0.0, 0.0, 0.0, 0.0, 1.0],
                [1.0, 1.3e-05, 5e-06, -0.0, -1.3e-05, 0.799451, 0.600732, 0.374726, 4e-06, -0.600732, 0.799451, -0.0, 0.0, 0.0, 0.0, 1.0],
                [1.0, 1.3e-05, 5e-06, -0.0, -1.3e-05, 0.799451, 0.600732, 0.374726, 4e-06, -0.600732, 0.799451, -0.0, 0.0, 0.0, 0.0, 1.0],
                [1.0, 1.3e-05, 5e-06, -0.0, -1.3e-05, 0.799451, 0.600732, 0.374726, 4e-06, -0.600732, 0.799451, -0.0, 0.0, 0.0, 0.0, 1.0]
            ]
        },
        {
            "name": "Knee_L",
            "time": [0.0, 0.4],
            "transform": [
                [1.0, 0.0, -0.0, 0.0, -0.0, 0.00567, -0.999984, 0.374726, -0.0, 0.999984, 0.00567, 0.0, 0.0, 0.0, 0.0, 1.0],
                [1.0, 0.0, -0.0, -0.0, -0.0, 0.00567, -0.999984, 0.386226, -0.0, 0.999984, 0.00567, -6.5e-05, 0.0, 0.0, 0.0, 1.0]
            ]
        },
        {
            "name": "Torso",
            "time": [0.0, 0.0167, 0.0333, 0.05, 0.0667, 0.0833, 0.1, 0.1167, 0.1333, 0.15, 0.1667, 0.1833, 0.2, 0.2167, 0.2333, 0.25, 0.2667, 0.2833, 0.3, 0.3167, 0.3333, 0.35, 0.3667, 0.3833, 0.4],
            "transform": [
                [1.0, 0.0, 0.0, 0.0, 0.0, 1.0, 0.0, 0.05, 0.0, 0.0, 1.0, 0.0, 0.0, 0.0, 0.0, 1.0],
                [0.996126, 0.0, 0.087939, 0.0, 0.0, 1.0, 0.0, 0.05, -0.087939, 0.0, 0.996126, 0.0, 0.0, 0.0, 0.0, 1.0],
                [0.954466, 0.0, 0.298318, 0.0, 0.0, 1.0, 0.0, 0.05, -0.298318, 0.0, 0.954466, 0.0, 0.0, 0.0, 0.0, 1.0],
                [0.845689, 0.0, 0.533676, 0.0, 0.0, 1.0, 0.0, 0.05, -0.533676, 0.0, 0.845689, 0.0, 0.0, 0.0, 0.0, 1.0],
                [0.712446, 0.0, 0.701727, 0.0, 0.0, 1.0, 0.0, 0.05, -0.701727, 0.0, 0.712446, 0.0, 0.0, 0.0, 0.0, 1.0],
                [0.647977, 0.0, 0.76166, 0.0, 0.0, 1.0, 0.0, 0.05, -0.76166, 0.0, 0.647977, 0.0, 0.0, 0.0, 0.0, 1.0],
                [0.68228, 0.0, 0.731091, 0.0, 0.0, 1.0, 0.0, 0.05, -0.731091, 0.0, 0.68228, 0.0, 0.0, 0.0, 0.0, 1.0],
                [0.768818, 0.0, 0.639467, 0.0, 0.0, 1.0, 0.0, 0.05, -0.639467, 0.0, 0.768818, 0.0, 0.0, 0.0, 0.0, 1.0],
                [0.875245, 0.0, 0.48368, 0.0, 0.0, 1.0, 0.0, 0.05, -0.48368, 0.0, 0.875245, 0.0, 0.0, 0.0, 0.0, 1.0],
                [0.962703, 0.0, 0.27056, 0.0, 0.0, 1.0, 0.0, 0.05, -0.27056, 0.0, 0.962703, 0.0, 0.0, 0.0, 0.0, 1.0],
                [0.999634, 0.0, 0.02706, 0.0, 0.0, 1.0, 0.0, 0.05, -0.02706, 0.0, 0.999634, 0.0, 0.0, 0.0, 0.0, 1.0],
                [0.978301, 0.0, -0.20719, 0.0, 0.0, 1.0, 0.0, 0.05, 0.20719, 0.0, 0.978301, 0.0, 0.0, 0.0, 0.0, 1.0],
                [0.91691, 0.0, -0.399095, 0.0, 0.0, 1.0, 0.0, 0.05, 0.399095, 0.0, 0.91691, 0.0, 0.0, 0.0, 0.0, 1.0],
                [0.843428, -0.003621, -0.53723, 0.0, 0.003031, 0.999994, -0.001981, 0.05, 0.537234, 4.3e-05, 0.843433, 0.0, 0.0, 0.0, 0.0, 1.0],
                [0.774058, -0.012598, -0.632989, 0.0, 0.010131, 0.999921, -0.007512, 0.05, 0.633033, -0.000598, 0.774124, 0.0, 0.0, 0.0, 0.0, 1.0],
                [0.715973, -0.024273, -0.697706, 0.0, 0.018929, 0.999703, -0.015356, 0.05, 0.697871, -0.002213, 0.71622, 0.0, 0.0, 0.0, 0.0, 1.0],
                [0.672738, -0.036073, -0.739001, 0.0, 0.027523, 0.99934, -0.023725, 0.05, 0.739369, -0.004379, 0.673286, 0.0, 0.0, 0.0, 0.0, 1.0],
                [0.646294, -0.0453, -0.761743, 0.0, 0.034117, 0.998954, -0.030461, 0.05, 0.762326, -0.006301, 0.647163, 0.0, 0.0, 0.0, 0.0, 1.0],
                [0.637494, -0.049048, -0.768892, 0.0, 0.036781, 0.998771, -0.033216, 0.05, 0.769577, -0.007106, 0.638515, 0.0, 0.0, 0.0, 0.0, 1.0],
                [0.637495, -0.049048, -0.768892, 0.0, 0.036781, 0.998771, -0.033216, 0.05, 0.769577, -0.007106, 0.638515, 0.0, 0.0, 0.0, 0.0, 1.0],
                [0.637495, -0.049048, -0.768892, 0.0, 0.036781, 0.998771, -0.033216, 0.05, 0.769576, -0.007106, 0.638515, 0.0, 0.0, 0.0, 0.0, 1.0],
                [0.637495, -0.049048, -0.768892, 0.0, 0.036781, 0.998771, -0.033216, 0.05, 0.769576, -0.007106, 0.638515, 0.0, 0.0, 0.0, 0.0, 1.0],
                [0.637495, -0.049048, -0.768892, 0.0, 0.036781, 0.998771, -0.033216, 0.05, 0.769576, -0.007106, 0.638515, 0.0, 0.0, 0.0, 0.0, 1.0],
                [0.637495, -0.049048, -0.768892, 0.0, 0.036781, 0.998771, -0.033216, 0.05, 0.769577, -0.007106, 0.638515, 0.0, 0.0, 0.0, 0.0, 1.0],
                [0.637495, -0.049048, -0.768892, 0.0, 0.036781, 0.998771, -0.033216, 0.05, 0.769576, -0.007106, 0.638515, 0.0, 0.0, 0.0, 0.0, 1.0]
            ]
        },
        {
            "name": "Chest",
            "time": [0.0, 0.0167, 0.0333, 0.05, 0.0667, 0.0833, 0.1, 0.1167, 0.1333, 0.15, 0.1667, 0.1833, 0.2, 0.2167, 0.2333, 0.25, 0.2667, 0.2833, 0.3, 0.3167, 0.3333, 0.35, 0.3667, 0.3833, 0.4],
            "transform": [
                [1.0, 0.0, 0.0, 0.0, 0.0, 1.0, 0.0, 0.3, 0.0, 0.0, 1.0, 0.0, 0.0, 0.0, 0.0, 1.0],
                [1.0, 0.0, 0.0, -0.0, 0.0, 1.0, 0.0, 0.3, 0.0, 0.0, 1.0, -0.0, 0.0, 0.0, 0.0, 1.0],
                [1.0, 0.0, 0.0, -0.0, 0.0, 1.0, 0.0, 0.3, -0.0, 0.0, 1.0, -0.0, 0.0, 0.0, 0.0, 1.0],
                [1.0, 0.0, 0.0, -0.0, 0.0, 1.0, 0.0, 0.3, 0.0, 0.0, 1.0, -0.0, 0.0, 0.0, 0.0, 1.0],
                [1.0, 0.0, 0.0, -0.0, 0.0, 1.0, 0.0, 0.3, 0.0, 0.0, 1.0, -0.0, 0.0, 0.0, 0.0, 1.0],
                [0.999999, 0.0, -0.0, 0.0, 0.0, 1.0, 0.0, 0.3, 0.0, 0.0, 1.0, -0.0, 0.0, 0.0, 0.0, 1.0],
                [1.0, 0.0, 0.0, -0.0, 0.0, 1.0, 0.0, 0.3, -0.0, 0.0, 1.0, 0.0, 0.0, 0.0, 0.0, 1.0],
                [1.0, 0.0, 0.0, 0.0, 0.0, 1.0, 0.0, 0.3, 0.0, 0.0, 1.0, 0.0, 0.0, 0.0, 0.0, 1.0],
                [1.0, 0.0, 0.0, 0.0, 0.0, 1.0, 0.0, 0.3, 0.0, 0.0, 1.0, -0.0, 0.0, 0.0, 0.0, 1.0],
                [1.0, 0.0, 0.0, -0.0, 0.0, 1.0, 0.0, 0.3, 0.0, 0.0, 1.0, -0.0, 0.0, 0.0, 0.0, 1.0],
                [1.0, 0.0, -0.0, 0.0, 0.0, 1.0, 0.0, 0.3, 0.0, 0.0, 1.0, 0.0, 0.0, 0.0, 0.0, 1.0],
                [1.0, 0.0, 0.0, -0.0, 0.0, 1.0, 0.0, 0.3, 0.0, 0.0, 1.0, -0.0, 0.0, 0.0, 0.0, 1.0],
                [1.0, 0.0, 0.0, -0.0, 0.0, 1.0, 0.0, 0.3, 0.0, 0.0, 1.0, -0.0, 0.0, 0.0, 0.0, 1.0],
                [1.0, 0.0, 0.0, -0.0, -0.0, 1.0, -0.0, 0.3, -0.0, 0.0, 1.0, 0.0, 0.0, 0.0, 0.0, 1.0],
                [1.0, -0.0, 0.0, -0.0, -0.0, 1.0, -0.0, 0.3, -0.0, 0.0, 1.0, -0.0, 0.0, 0.0, 0.0, 1.0],
                [1.0, -0.0, -0.0, -0.0, 0.0, 1.0, -0.0, 0.3, 0.0, 0.0, 1.0, 0.0, 0.0, 0.0, 0.0, 1.0],
                [1.0, 0.0, 0.0, 0.0, -0.0, 1.0, 0.0, 0.3, 0.0, -0.0, 1.0, 0.0, 0.0, 0.0, 0.0, 1.0],
                [1.0, -0.0, -0.0, 0.0, -0.0, 1.0, 0.0, 0.3, 0.0, -0.0, 1.0, -0.0, 0.0, 0.0, 0.0, 1.0],
                [1.0, -0.0, 0.0, 0.0, 0.0, 1.0, 0.0, 0.3, -0.0, 0.0, 1.0, -0.0, 0.0, 0.0, 0.0, 1.0],
                [1.0, 0.0, 0.0, 0.0, 0.0, 1.0, 0.0, 0.3, -0.0, 0.0, 1.0, -0.0, 0.0, 0.0, 0.0, 1.0],
                [1.0, -0.0, -0.0, -0.0, 0.0, 1.0, 0.0, 0.3, 0.0, 0.0, 1.0, 0.0, 0.0, 0.0, 0.0, 1.0],
                [1.0, -0.0, -0.0, -0.0, 0.0, 1.0, 0.0, 0.3, 0.0, -0.0, 1.0, -0.0, 0.0, 0.0, 0.0, 1.0],
                [1.0, -0.0, 0.0, 0.0, 0.0, 1.0, -0.0, 0.3, -0.0, 0.0, 1.0, -0.0, 0.0, 0.0, 0.0, 1.0],
                [1.0, 0.0, 0.0, 0.0, 0.0, 1.0, 0.0, 0.3, -0.0, 0.0, 1.0, -0.0, 0.0, 0.0, 0.0, 1.0],
                [1.0, -0.0, -0.0, 0.0, 0.0, 1.0, 0.0, 0.3, 0.0, 0.0, 1.0, -0.0, 0.0, 0.0, 0.0, 1.0]
            ]
        },
        {
            "name": "Head",
            "time": [0.0, 0.0167, 0.0333, 0.05, 0.0667, 0.0833, 0.1, 0.1167, 0.1333, 0.15, 0.1667, 0.1833, 0.2, 0.2167, 0.2333, 0.25, 0.2667, 0.2833, 0.3, 0.3167, 0.3333, 0.35, 0.3667, 0.3833, 0.4],
            "transform": [
                [1.0, 0.0, 0.0, 0.0, 0.0, 1.0, 0.0, 0.4, 0.0, 0.0, 1.0, -0.0, 0.0, 0.0, 0.0, 1.0],
                [1.0, 0.0, 0.0, -0.0, 0.0, 1.0, 0.0, 0.4, 0.0, 0.0, 1.0, 0.0, 0.0, 0.0, 0.0, 1.0],
                [1.0, 0.0, 0.0, -0.0, 0.0, 1.0, 0.0, 0.4, 0.0, 0.0, 1.0, -0.0, 0.0, 0.0, 0.0, 1.0],
                [1.0, 0.0, 0.0, -0.0, 0.0, 1.0, 0.0, 0.4, -0.0, 0.0, 1.0, 0.0, 0.0, 0.0, 0.0, 1.0],
                [1.0, 0.0, -0.0, 0.0, 0.0, 1.0, 0.0, 0.4, 0.0, 0.0, 1.0, -0.0, 0.0, 0.0, 0.0, 1.0],
                [1.0, 0.0, 0.0, 0.0, 0.0, 1.0, 0.0, 0.4, 0.0, 0.0, 1.0, -0.0, 0.0, 0.0, 0.0, 1.0],
                [1.0, 0.0, 0.0, -0.0, 0.0, 1.0, 0.0, 0.4, 0.0, 0.0, 1.0, 0.0, 0.0, 0.0, 0.0, 1.0],
                [1.0, 0.0, 0.0, -0.0, 0.0, 1.0, 0.0, 0.4, -0.0, 0.0, 1.0, 0.0, 0.0, 0.0, 0.0, 1.0],
                [1.0, 0.0, -0.0, -0.0, 0.0, 1.0, 0.0, 0.4, 0.0, 0.0, 1.0, -0.0, 0.0, 0.0, 0.0, 1.0],
                [1.0, 0.0, 0.0, -0.0, 0.0, 1.0, 0.0, 0.4, -0.0, 0.0, 1.0, -0.0, 0.0, 0.0, 0.0, 1.0],
                [1.0, 0.0, 0.0, 0.0, 0.0, 1.0, 0.0, 0.4, 0.0, 0.0, 1.0, 0.0, 0.0, 0.0, 0.0, 1.0],
                [1.0, 0.0, 0.0, -0.0, 0.0, 1.0, 0.0, 0.4, 0.0, 0.0, 1.0, -0.0, 0.0, 0.0, 0.0, 1.0],
                [1.0, 0.0, 0.0, 0.0, 0.0, 1.0, 0.0, 0.4, 0.0, 0.0, 1.0, -0.0, 0.0, 0.0, 0.0, 1.0],
                [1.0, 0.0, 0.0, 0.0, -0.0, 1.0, -0.0, 0.4, -0.0, 0.0, 1.0, 0.0, 0.0, 0.0, 0.0, 1.0],
                [1.0, -0.0, -0.0, -0.0, -0.0, 1.0, -0.0, 0.4, -0.0, 0.0, 1.0, -0.0, 0.0, 0.0, 0.0, 1.0],
                [1.0, 0.0, -0.0, -0.0, -0.0, 1.0, -0.0, 0.4, 0.0, -0.0, 1.0, -0.0, 0.0, 0.0, 0.0, 1.0],
                [1.0, 0.0, 0.0, 0.0, 0.0, 1.0, -0.0, 0.4, 0.0, 0.0, 1.0, -0.0, 0.0, 0.0, 0.0, 1.0],
                [1.0, 0.0, -0.0, 0.0, 0.0, 1.0, 0.0, 0.4, -0.0, -0.0, 1.0, -0.0, 0.0, 0.0, 0.0, 1.0],
                [1.0, 0.0, 0.0, -0.0, -0.0, 1.0, -0.0, 0.4, -0.0, 0.0, 1.0, -0.0, 0.0, 0.0, 0.0, 1.0],
                [1.0, 0.0, 0.0, -0.0, -0.0, 1.0, -0.0, 0.4, -0.0, 0.0, 1.0, 0.0, 0.0, 0.0, 0.0, 1.0],
                [1.0, -0.0, 0.0, -0.0, -0.0, 1.0, -0.0, 0.4, -0.0, 0.0, 1.0, -0.0, 0.0, 0.0, 0.0, 1.0],
                [1.0, 0.0, 0.0, -0.0, -0.0, 1.0, 0.0, 0.4, -0.0, 0.0, 1.0, 0.0, 0.0, 0.0, 0.0, 1.0],
                [1.0, 0.0, 0.0, 0.0, -0.0, 1.0, -0.0, 0.4, -0.0, 0.0, 1.0, 0.0, 0.0, 0.0, 0.0, 1.0],
                [1.0, 0.0, 0.0, -0.0, 0.0, 1.0, -0.0, 0.4, -0.0, 0.0, 1.0, 0.0, 0.0, 0.0, 0.0, 1.0],
                [1.0, -0.0, -0.0, 0.0, 0.0, 1.0, -0.0, 0.4, -0.0, 0.0, 1.0, -0.0, 0.0, 0.0, 0.0, 1.0]
            ]
        },
        {
            "name": "Shoulder_R",
            "time": [0.0, 0.0167, 0.0333, 0.05, 0.0667, 0.0833, 0.1, 0.1167, 0.1333, 0.15, 0.1667, 0.1833, 0.2, 0.2167, 0.2333, 0.25, 0.2667, 0.2833, 0.3, 0.3167, 0.3333, 0.35, 0.3667, 0.3833, 0.4],
            "transform": [
                [0.0, 0.952114, 0.305743, -0.0, 0.0, -0.305743, 0.952114, 0.4, 1.0, -0.0, -0.0, -0.0, 0.0, 0.0, 0.0, 1.0],
                [0.0, 0.952114, 0.305743, -0.0, 0.0, -0.305743, 0.952114, 0.4, 1.0, 0.0, -0.0, -0.0, 0.0, 0.0, 0.0, 1.0],
                [0.0, 0.952114, 0.305743, -0.0, 0.0, -0.305743, 0.952114, 0.4, 1.0, 0.0, -0.0, -0.0, 0.0, 0.0, 0.0, 1.0],
                [0.0, 0.952114, 0.305743, -0.0, 0.0, -0.305743, 0.952114, 0.4, 1.0, 0.0, -0.0, -0.0, 0.0, 0.0, 0.0, 1.0],
                [0.0, 0.952114, 0.305743, 0.0, 0.0, -0.305743, 0.952114, 0.4, 1.0, 0.0, -0.0, -0.0, 0.0, 0.0, 0.0, 1.0],
                [0.0, 0.952114, 0.305743, 0.0, 0.0, -0.305743, 0.952114, 0.4, 1.0, 0.0, -0.0, 0.0, 0.0, 0.0, 0.0, 1.0],
                [0.0, 0.952114, 0.305743, 0.0, 0.0, -0.305743, 0.952114, 0.4, 1.0, -0.0, -0.0, 0.0, 0.0, 0.0, 0.0, 1.0],
                [0.0, 0.952114, 0.305743, 0.0, 0.0, -0.305743, 0.952114, 0.4, 1.0, 0.0, -0.0, 0.0, 0.0, 0.0, 0.0, 1.0],
                [0.0, 0.952114, 0.305743, -0.0, 0.0, -0.305743, 0.952114, 0.4, 1.0, 0.0, -0.0, -0.0, 0.0, 0.0, 0.0, 1.0],
                [0.0, 0.952114, 0.305743, -0.0, 0.0, -0.305743, 0.952114, 0.4, 1.0, -0.0, -0.0, -0.0, 0.0, 0.0, 0.0, 1.0],
                [0.0, 0.952114, 0.305743, -0.0, 0.0, -0.305743, 0.952114, 0.4, 1.0, 0.0, -0.0, -0.0, 0.0, 0.0, 0.0, 1.0],
                [0.0, 0.952114, 0.305743, 0.0, 0.0, -0.305743, 0.952114, 0.4, 1.0, 0.0, -0.0, -0.0, 0.0, 0.0, 0.0, 1.0],
                [0.0, 0.952114, 0.305743, -0.0, 0.0, -0.305743, 0.952114, 0.4, 1.0, 0.0, -0.0, 0.0, 0.0, 0.0, 0.0, 1.0],
                [0.0, 0.952114, 0.305743, 0.0, 0.0, -0.305743, 0.952114, 0.4, 1.0, -0.0, -0.0, 0.0, 0.0, 0.0, 0.0, 1.0],
                [0.0, 0.952114, 0.305743, -0.0, 0.0, -0.305743, 0.952114, 0.4, 1.0, -0.0, -0.0, 0.0, 0.0, 0.0, 0.0, 1.0],
                [0.0, 0.952114, 0.305743, -0.0, 0.0, -0.305743, 0.952114, 0.4, 1.0, 0.0, -0.0, 0.0, 0.0, 0.0, 0.0, 1.0],
                [0.0, 0.952114, 0.305743, 0.0, 0.0, -0.305743, 0.952114, 0.4, 1.0, 0.0, -0.0, -0.0, 0.0, 0.0, 0.0, 1.0],
                [0.0, 0.952114, 0.305743, -0.0, 0.0, -0.305743, 0.952114, 0.4, 1.0, -0.0, -0.0, -0.0, 0.0, 0.0, 0.0, 1.0],
                [0.0, 0.952114, 0.305743, -0.0, 0.0, -0.305743, 0.952114, 0.4, 1.0, 0.0, -0.0, -0.0, 0.0, 0.0, 0.0, 1.0],
                [0.0, 0.952114, 0.305743, -0.0, 0.0, -0.305743, 0.952114, 0.4, 1.0, 0.0, -0.0, -0.0, 0.0, 0.0, 0.0, 1.0],
                [0.0, 0.952114, 0.305743, -0.0, 0.0, -0.305743, 0.952114, 0.4, 1.0, 0.0, -0.0, -0.0, 0.0, 0.0, 0.0, 1.0],
                [0.0, 0.952114, 0.305743, -0.0, 0.0, -0.305743, 0.952114, 0.4, 1.0, -0.0, -0.0, -0.0, 0.0, 0.0, 0.0, 1.0],
                [0.0, 0.952114, 0.305743, -0.0, 0.0, -0.305743, 0.952114, 0.4, 1.0, 0.0, -0.0, -0.0, 0.0, 0.0, 0.0, 1.0],
                [0.0, 0.952114, 0.305743, -0.0, 0.0, -0.305743, 0.952114, 0.4, 1.0, 0.0, -0.0, -0.0, 0.0, 0.0, 0.0, 1.0],
                [0.0, 0.952114, 0.305743, -0.0, 0.0, -0.305743, 0.952114, 0.4, 1.0, 0.0, -0.0, -0.0, 0.0, 0.0, 0.0, 1.0]
            ]
        },
        {
            "name": "Arm_R",
            "time": [0.0, 0.0167, 0.0333, 0.05, 0.0667, 0.0833, 0.1, 0.1167, 0.1333, 0.15, 0.1667, 0.1833, 0.2, 0.2167, 0.2333, 0.25, 0.2667, 0.2833, 0.3, 0.3167, 0.3333, 0.35, 0.3667, 0.3833, 0.4],
            "transform": [
                [0.576874, 0.13371, -0.805815, -0.0, 0.701036, 0.425286, 0.572433, 0.393861, 0.419243, -0.895128, 0.151601, 0.0, 0.0, 0.0, 0.0, 1.0],
                [0.252665, 0.191128, -0.948489, 0.0, 0.902218, 0.307579, 0.302319, 0.39386, 0.349517, -0.93213, -0.094725, -0.0, 0.0, 0.0, 0.0, 1.0],
                [-0.499206, -0.325891, -0.802863, -0.0, 0.679531, 0.427655, -0.596111, 0.39386, 0.537615, -0.843153, 0.007964, -0.0, 0.0, 0.0, 0.0, 1.0],
                [-0.511766, -0.855232, -0.081694, -0.0, 0.017039, 0.084967, -0.996239, 0.393861, 0.858955, -0.511234, -0.028911, -0.0, 0.0, 0.0, 0.0, 1.0],
                [-0.324026, -0.877523, 0.353498, 0.0, -0.270757, -0.272009, -0.923419, 0.393861, 0.906475, -0.394925, -0.149458, 0.0, 0.0, 0.0, 0.0, 1.0],
                [-0.233981, -0.736881, 0.634239, 0.0, -0.307453, -0.562791, -0.767294, 0.39386, 0.922347, -0.374532, -0.094874, 0.0, 0.0, 0.0, 0.0, 1.0],
                [-0.224454, -0.817056, 0.531074, -0.0, -0.333515, -0.44766, -0.829681, 0.39386, 0.915635, -0.363347, -0.172022, 0.0, 0.0, 0.0, 0.0, 1.0],
                [-0.223371, -0.930128, 0.291492, 0.0, -0.333625, -0.20803, -0.919467, 0.393861, 0.91586, -0.302632, -0.263847, -0.0, 0.0, 0.0, 0.0, 1.0],
                [-0.14536, -0.968374, 0.202787, 0.0, -0.196767, -0.172575, -0.965143, 0.393861, 0.969615, -0.180195, -0.16546, -0.0, 0.0, 0.0, 0.0, 1.0],
                [0.034922, -0.809434, -0.586172, -0.0, -0.181648, 0.571619, -0.800161, 0.39386, 0.982743, 0.13442, -0.127071, 0.0, 0.0, 0.0, 0.0, 1.0],
                [0.029309, -0.695759, -0.717677, 0.0, -0.17382, 0.7035, -0.689113, 0.393861, 0.984341, 0.144944, -0.100319, 0.0, 0.0, 0.0, 0.0, 1.0],
                [-0.022137, -0.790748, -0.611741, 0.0, -0.117001, 0.609736, -0.783922, 0.39386, 0.992885, 0.054221, -0.106017, -0.0, 0.0, 0.0, 0.0, 1.0],
                [-0.072681, -0.720542, -0.689592, -0.0, -0.10652, 0.693074, -0.712953, 0.393861, 0.99165, 0.021637, -0.127126, 0.0, 0.0, 0.0, 0.0, 1.0],
                [-0.093336, -0.479772, -0.872415, -0.0, -0.116437, 0.875487, -0.469005, 0.39386, 0.988803, 0.057807, -0.137578, 0.0, 0.0, 0.0, 0.0, 1.0],
                [-0.099229, -0.368515, -0.924311, -0.0, -0.107199, 0.927449, -0.358258, 0.39386, 0.989273, 0.063536, -0.131535, -0.0, 0.0, 0.0, 0.0, 1.0],
                [-0.093502, -0.315748, -0.944225, 0.0, -0.088268, 0.947275, -0.308027, 0.393861, 0.991698, 0.054545, -0.116443, -0.0, 0.0, 0.0, 0.0, 1.0],
                [-0.082519, -0.28732, -0.954274, -0.0, -0.067954, 0.956934, -0.282244, 0.393861, 0.99427, 0.041556, -0.09849, -0.0, 0.0, 0.0, 0.0, 1.0],
                [-0.073159, -0.260808, -0.962615, -0.0, -0.052272, 0.964878, -0.257448, 0.39386, 0.995949, 0.031484, -0.084223, 0.0, 0.0, 0.0, 0.0, 1.0],
                [-0.069458, -0.243243, -0.967475, -0.0, -0.045816, 0.969573, -0.24048, 0.39386, 0.996532, 0.027623, -0.07849, 0.0, 0.0, 0.0, 0.0, 1.0],
                [-0.069458, -0.243243, -0.967476, -0.0, -0.045816, 0.969573, -0.240481, 0.39386, 0.996532, 0.027623, -0.07849, 0.0, 0.0, 0.0, 0.0, 1.0],
                [-0.069458, -0.243242, -0.967476, -0.0, -0.045816, 0.969573, -0.24048, 0.39386, 0.996532, 0.027623, -0.07849, 0.0, 0.0, 0.0, 0.0, 1.0],
                [-0.069458, -0.243242, -0.967476, -0.0, -0.045816, 0.969573, -0.240479, 0.39386, 0.996532, 0.027623, -0.07849, 0.0, 0.0, 0.0, 0.0, 1.0],
                [-0.069458, -0.243242, -0.967476, -0.0, -0.045816, 0.969573, -0.240479, 0.393861, 0.996532, 0.027623, -0.07849, 0.0, 0.0, 0.0, 0.0, 1.0],
                [-0.069458, -0.243243, -0.967476, -0.0, -0.045816, 0.969573, -0.240481, 0.39386, 0.996532, 0.027623, -0.07849, 0.0, 0.0, 0.0, 0.0, 1.0],
                [-0.069458, -0.243242, -0.967476, -0.0, -0.045816, 0.969573, -0.24048, 0.39386, 0.996532, 0.027623, -0.07849, 0.0, 0.0, 0.0, 0.0, 1.0]
            ]
        },
        {
            "name": "Hand_R",
            "time": [0.0, 0.0167, 0.0333, 0.05, 0.0667, 0.0833, 0.1, 0.1167, 0.1333, 0.15, 0.1667, 0.1833, 0.2, 0.2167, 0.2333, 0.25, 0.2667, 0.2833, 0.3, 0.3167, 0.3333, 0.35, 0.3667, 0.3833, 0.4],
            "transform": [
                [1.0, -2e-06, 0.0, 0.0, 1e-06, 0.914503, -0.404579, 0.300003, 0.0, 0.404579, 0.914503, -0.0, 0.0, 0.0, 0.0, 1.0],
                [1.0, -3e-06, 1e-06, -0.0, 3e-06, 0.61267, -0.790339, 0.300002, 1e-06, 0.790339, 0.61267, -0.0, 0.0, 0.0, 0.0, 1.0],
                [1.0, -3e-06, 2e-06, -0.0, 3e-06, 0.596216, -0.802825, 0.300003, 1e-06, 0.802824, 0.596216, 0.0, 0.0, 0.0, 0.0, 1.0],
                [1.0, -1e-06, 0.0, 0.0, 1e-06, 0.95015, -0.311795, 0.300003, 0.0, 0.311795, 0.95015, 0.0, 0.0, 0.0, 0.0, 1.0],
                [1.0, -1e-06, 0.0, 0.0, 1e-06, 0.973313, -0.229483, 0.300003, 0.0, 0.229483, 0.973312, 0.0, 0.0, 0.0, 0.0, 1.0],
                [1.0, -0.0, 0.0, 0.0, 0.0, 1.0, -0.000994, 0.300003, -0.0, 0.000994, 1.0, -0.0, 0.0, 0.0, 0.0, 1.0],
                [1.0, -1e-06, 0.0, -0.0, 1e-06, 0.959451, -0.281876, 0.300003, 0.0, 0.281876, 0.959451, -0.0, 0.0, 0.0, 0.0, 1.0],
                [1.0, -2e-06, 1e-06, -0.0, 2e-06, 0.785306, -0.619109, 0.300003, 1e-06, 0.619109, 0.785306, 0.0, 0.0, 0.0, 0.0, 1.0],
                [1.0, -2e-06, 0.0, 0.0, 2e-06, 0.907338, -0.420403, 0.300003, 0.0, 0.420403, 0.907338, -0.0, 0.0, 0.0, 0.0, 1.0],
                [1.0, -3e-06, 2e-06, -0.0, 3e-06, 0.418516, -0.90821, 0.300003, 2e-06, 0.908209, 0.418516, 0.0, 0.0, 0.0, 0.0, 1.0],
                [1.0, -2e-06, 1e-06, 0.0, 2e-06, 0.787806, -0.615924, 0.300003, 1e-06, 0.615924, 0.787805, 0.0, 0.0, 0.0, 0.0, 1.0],
                [1.0, 0.0, 0.0, -0.0, 0.0, 1.0, -0.000993, 0.300003, -0.0, 0.000993, 1.0, 0.0, 0.0, 0.0, 0.0, 1.0],
                [1.0, -0.0, 0.0, -0.0, -0.0, 1.0, -0.000993, 0.300002, -0.0, 0.000993, 0.999999, 0.0, 0.0, 0.0, 0.0, 1.0],
                [1.0, -2e-06, 0.0, 0.0, 2e-06, 0.903369, -0.428865, 0.300002, 0.0, 0.428865, 0.903369, 0.0, 0.0, 0.0, 0.0, 1.0],
                [1.0, -2e-06, 1e-06, -0.0, 2e-06, 0.877801, -0.479026, 0.300002, 0.0, 0.479025, 0.877801, -0.0, 0.0, 0.0, 0.0, 1.0],
                [1.0, -1e-06, 0.0, 0.0, 1e-06, 0.902616, -0.430448, 0.300003, 0.0, 0.430448, 0.902616, 0.0, 0.0, 0.0, 0.0, 1.0],
                [1.0, -2e-06, 0.0, 0.0, 2e-06, 0.92989, -0.367838, 0.300003, 0.0, 0.367838, 0.92989, 0.0, 0.0, 0.0, 0.0, 1.0],
                [1.0, -1e-06, 0.0, 0.0, 1e-06, 0.939191, -0.343395, 0.300003, 0.0, 0.343395, 0.939191, 0.0, 0.0, 0.0, 0.0, 1.0],
                [1.0, -1e-06, 0.0, 0.0, 1e-06, 0.936443, -0.35082, 0.300003, 0.0, 0.350819, 0.936443, 0.0, 0.0, 0.0, 0.0, 1.0],
                [1.0, -1e-06, 0.0, 0.0, 1e-06, 0.936444, -0.350819, 0.300003, 0.0, 0.350819, 0.936444, 0.0, 0.0, 0.0, 0.0, 1.0],
                [1.0, -1e-06, 0.0, -0.0, 1e-06, 0.936443, -0.350819, 0.300003, 0.0, 0.350819, 0.936443, -0.0, 0.0, 0.0, 0.0, 1.0],
                [1.0, -2e-06, 0.0, -0.0, 2e-06, 0.936443, -0.35082, 0.300003, 0.0, 0.35082, 0.936443, -0.0, 0.0, 0.0, 0.0, 1.0],
                [1.0, -1e-06, 0.0, -0.0, 1e-06, 0.936443, -0.350821, 0.300003, 0.0, 0.350821, 0.936443, 0.0, 0.0, 0.0, 0.0, 1.0],
                [1.0, -1e-06, 0.0, 0.0, 1e-06, 0.936444, -0.350819, 0.300003, 0.0, 0.350819, 0.936444, 0.0, 0.0, 0.0, 0.0, 1.0],
                [1.0, -1e-06, 0.0, 0.0, 1e-06, 0.936444, -0.35082, 0.300003, 0.0, 0.35082, 0.936444, -0.0, 0.0, 0.0, 0.0, 1.0]
