{
    "animation": [
        {
            "name": "Root",
            "time": [0.0, 0.0167, 0.0333, 0.05, 0.0667, 0.0833, 0.1, 0.1167, 0.1333, 0.15, 0.1667, 0.1833, 0.2, 0.2167, 0.2333, 0.25, 0.2667, 0.2833, 0.3, 0.3167, 0.3333, 0.35, 0.3667, 0.3833, 0.4],
            "transform": [
                [1.0, 0.0, 0.0, -5e-06, 0.0, 0.0, -1.0, 0.000946, 0.0, 1.0, 0.0, 0.679288, 0.0, 0.0, 0.0, 1.0],
                [1.0, 0.0, 0.0, -5e-06, 0.0, 0.0, -1.0, 0.006426, 0.0, 1.0, 0.0, 0.684339, 0.0, 0.0, 0.0, 1.0],
                [1.0, 0.0, 0.0, -5e-06, 0.0, 0.0, -1.0, 0.026997, 0.0, 1.0, 0.0, 0.698134, 0.0, 0.0, 0.0, 1.0],
                [1.0, 0.0, 0.0, -5e-06, 0.0, 0.0, -1.0, 0.068855, 0.0, 1.0, 0.0, 0.718639, 0.0, 0.0, 0.0, 1.0],
                [1.0, 0.0, 0.0, -5e-06, 0.0, 0.0, -1.0, 0.138196, 0.0, 1.0, 0.0, 0.74382, 0.0, 0.0, 0.0, 1.0],
                [1.0, 0.0, 0.0, -5e-06, 0.0, 0.0, -1.0, 0.241218, 0.0, 1.0, 0.0, 0.771642, 0.0, 0.0, 0.0, 1.0],
                [1.0, 0.0, 0.0, -5e-06, 0.0, 0.0, -1.0, 0.384116, 0.0, 1.0, 0.0, 0.800071, 0.0, 0.0, 0.0, 1.0],
                [1.0, 0.0, 0.0, -5e-06, 0.0, 0.0, -1.0, 0.57144, 0.0, 1.0, 0.0, 0.827131, 0.0, 0.0, 0.0, 1.0],
                [1.0, 0.0, 0.0, -5e-06, 0.0, 0.0, -1.0, 0.801155, 0.0, 1.0, 0.0, 0.851091, 0.0, 0.0, 0.0, 1.0],
                [1.0, 0.0, 0.0, -5e-06, 0.0, 0.0, -1.0, 1.069578, 0.0, 1.0, 0.0, 0.870277, 0.0, 0.0, 0.0, 1.0],
                [1.0, 0.0, 0.0, -5e-06, 0.0, 0.0, -1.0, 1.373028, 0.0, 1.0, 0.0, 0.883015, 0.0, 0.0, 0.0, 1.0],
                [1.0, 0.0, 0.0, -5e-06, 0.0, 0.0, -1.0, 1.707822, 0.0, 1.0, 0.0, 0.887633, 0.0, 0.0, 0.0, 1.0],
                [1.0, 0.0, 0.0, -5e-06, 0.0, 0.0, -1.0, 2.064392, 0.0, 1.0, 0.0, 0.874551, 0.0, 0.0, 0.0, 1.0],
                [1.0, 0.0, 0.0, -5e-06, 0.0, 0.0, -1.0, 2.409619, 0.0, 1.0, 0.0, 0.843356, 0.0, 0.0, 0.0, 1.0],
                [1.0, 0.0, 0.0, -5e-06, 0.0, 0.0, -1.0, 2.704501, 0.0, 1.0, 0.0, 0.806122, 0.0, 0.0, 0.0, 1.0],
                [1.0, 0.0, 0.0, -5e-06, 0.0, 0.0, -1.0, 2.910033, 0.0, 1.0, 0.0, 0.774927, 0.0, 0.0, 0.0, 1.0],
                [1.0, 0.0, 0.0, -5e-06, 0.0, 0.0, -1.0, 2.987211, 0.0, 1.0, 0.0, 0.761845, 0.0, 0.0, 0.0, 1.0],
                [1.0, 0.0, 0.0, -5e-06, 0.0, 0.0, -1.0, 2.987211, 0.0, 1.0, 0.0, 0.761845, 0.0, 0.0, 0.0, 1.0],
                [1.0, 0.0, 0.0, -5e-06, 0.0, 0.0, -1.0, 2.987211, 0.0, 1.0, 0.0, 0.761845, 0.0, 0.0, 0.0, 1.0],
                [1.0, 0.0, 0.0, -5e-06, 0.0, 0.0, -1.0, 2.987211, 0.0, 1.0, 0.0, 0.761845, 0.0, 0.0, 0.0, 1.0],
                [1.0, 0.0, 0.0, -5e-06, 0.0, 0.0, -1.0, 2.987211, 0.0, 1.0, 0.0, 0.761845, 0.0, 0.0, 0.0, 1.0],
                [1.0, 0.0, 0.0, -5e-06, 0.0, 0.0, -1.0, 2.987211, 0.0, 1.0, 0.0, 0.761845, 0.0, 0.0, 0.0, 1.0],
                [1.0, 0.0, 0.0, -5e-06, 0.0, 0.0, -1.0, 2.987211, 0.0, 1.0, 0.0, 0.761845, 0.0, 0.0, 0.0, 1.0],
                [1.0, 0.0, 0.0, -5e-06, 0.0, 0.0, -1.0, 2.987211, 0.0, 1.0, 0.0, 0.761845, 0.0, 0.0, 0.0, 1.0],
                [1.0, 0.0, 0.0, -5e-06, 0.0, 0.0, -1.0, 2.987211, 0.0, 1.0, 0.0, 0.761845, 0.0, 0.0, 0.0, 1.0]
            ]
        },
        {
            "name": "Thigh_R",
            "time": [0.0, 0.0167, 0.0333, 0.05, 0.0667, 0.0833, 0.1, 0.1167, 0.1333, 0.15, 0.1667, 0.1833, 0.2, 0.2167, 0.2333, 0.25, 0.2667, 0.2833, 0.3, 0.3167, 0.3333, 0.35, 0.3667, 0.3833, 0.4],
            "transform": [
                [0.98779, 0.151474, 0.036434, 0.124994, 0.141764, -0.970899, 0.19303, -0.002831, 0.064612, -0.185508, -0.980516, -1.2e-05, 0.0, 0.0, 0.0, 1.0],
                [0.989471, 0.139796, 0.037483, 0.124994, 0.131308, -0.975992, 0.173781, -0.002831, 0.060877, -0.167029, -0.984071, -1.2e-05, 0.0, 0.0, 0.0, 1.0],
                [0.99316, 0.110469, 0.037808, 0.124994, 0.105349, -0.987436, 0.117784, -0.002831, 0.050345, -0.112996, -0.992319, -1.2e-05, 0.0, 0.0, 0.0, 1.0],
                [0.996825, 0.072497, 0.032916, 0.124994, 0.071663, -0.997095, 0.02585, -0.002831, 0.034694, -0.023409, -0.999124, -1.2e-05, 0.0, 0.0, 0.0, 1.0],
                [0.999133, 0.035669, 0.02148, 0.124994, 0.037712, -0.993889, -0.103751, -0.002831, 0.017648, 0.104471, -0.994371, -1.2e-05, 0.0, 0.0, 0.0, 1.0],
                [0.999928, 0.009388, 0.00748, 0.124994, 0.011122, -0.958997, -0.283199, -0.002831, 0.004515, 0.283262, -0.959032, -1.2e-05, 0.0, 0.0, 0.0, 1.0],
                [1.0, 0.00034, -0.000113, 0.124994, 0.000227, -0.845719, -0.533629, -0.002831, -0.000277, 0.533629, -0.845719, -1.2e-05, 0.0, 0.0, 0.0, 1.0],
                [1.0, 0.000318, -0.000165, 0.124994, 0.00025, -0.949644, -0.313334, -0.002831, -0.000257, 0.313334, -0.949643, -1.2e-05, 0.0, 0.0, 0.0, 1.0],
                [1.0, 0.000275, -0.000316, 0.124994, 0.000326, -0.98399, 0.178224, -0.002831, -0.000262, -0.178224, -0.98399, -1.2e-05, 0.0, 0.0, 0.0, 1.0],
                [1.0, 0.00015, -0.000527, 0.124994, 0.000462, -0.747999, 0.6637, -0.002831, -0.000294, -0.6637, -0.747999, -1.2e-05, 0.0, 0.0, 0.0, 1.0],
                [1.0, -7.9e-05, -0.000741, 0.124994, 0.000659, -0.368698, 0.929549, -0.002831, -0.000347, -0.92955, -0.368698, -1.2e-05, 0.0, 0.0, 0.0, 1.0],
                [1.0, -0.000206, -0.000912, 0.124994, 0.00085, -0.20587, 0.978579, -0.002831, -0.000389, -0.97858, -0.20587, -1.2e-05, 0.0, 0.0, 0.0, 1.0],
                [0.999353, -0.003807, -0.035765, 0.124994, 0.033204, -0.284557, 0.958084, -0.002831, -0.013825, -0.958652, -0.284247, -1.2e-05, 0.0, 0.0, 0.0, 1.0],
                [0.99487, 0.009111, -0.100747, 0.124994, 0.093487, -0.46324, 0.881289, -0.002831, -0.03864, -0.886187, -0.461715, -1.2e-05, 0.0, 0.0, 0.0, 1.0],
                [0.98837, 0.05045, -0.143457, 0.124994, 0.140123, -0.668655, 0.730252, -0.002831, -0.059082, -0.741861, -0.667947, -1.2e-05, 0.0, 0.0, 0.0, 1.0],
                [0.983531, 0.109334, -0.143917, 0.124994, 0.165837, -0.862521, 0.478075, -0.002831, -0.071862, -0.494069, -0.866448, -1.2e-05, 0.0, 0.0, 0.0, 1.0],
                [0.981755, 0.120078, -0.147437, 0.124994, 0.174082, -0.879529, 0.44286, -0.002831, -0.076497, -0.460447, -0.884385, -1.2e-05, 0.0, 0.0, 0.0, 1.0],
                [0.981755, 0.120078, -0.147437, 0.124994, 0.174082, -0.879529, 0.44286, -0.002831, -0.076497, -0.460447, -0.884385, -1.2e-05, 0.0, 0.0, 0.0, 1.0],
                [0.981755, 0.120078, -0.147437, 0.124994, 0.174082, -0.879529, 0.44286, -0.002831, -0.076497, -0.460447, -0.884385, -1.2e-05, 0.0, 0.0, 0.0, 1.0],
                [0.981755, 0.120078, -0.147437, 0.124994, 0.174082, -0.879529, 0.44286, -0.002831, -0.076497, -0.460447, -0.884385, -1.2e-05, 0.0, 0.0, 0.0, 1.0],
                [0.981755, 0.120078, -0.147437, 0.124994, 0.174082, -0.879529, 0.44286, -0.002831, -0.076497, -0.460447, -0.884385, -1.2e-05, 0.0, 0.0, 0.0, 1.0],
                [0.981755, 0.120078, -0.147437, 0.124994, 0.174082, -0.879529, 0.44286, -0.002831, -0.076497, -0.460447, -0.884385, -1.2e-05, 0.0, 0.0, 0.0, 1.0],
                [0.981755, 0.120078, -0.147437, 0.124994, 0.174082, -0.879529, 0.44286, -0.002831, -0.076497, -0.460447, -0.884385, -1.2e-05, 0.0, 0.0, 0.0, 1.0],
                [0.981755, 0.120078, -0.147437, 0.124994, 0.174082, -0.879529, 0.44286, -0.002831, -0.076497, -0.460447, -0.884385, -1.2e-05, 0.0, 0.0, 0.0, 1.0],
                [0.981755, 0.120078, -0.147437, 0.124994, 0.174082, -0.879529, 0.44286, -0.002831, -0.076497, -0.460447, -0.884385, -1.2e-05, 0.0, 0.0, 0.0, 1.0]
            ]
        },
        {
            "name": "Leg_R",
            "time": [0.0, 0.0167, 0.0333, 0.05, 0.0667, 0.0833, 0.1, 0.1167, 0.1333, 0.15, 0.1667, 0.1833, 0.2, 0.2167, 0.2333, 0.25, 0.2667, 0.2833, 0.3, 0.3167, 0.3333, 0.35, 0.3667, 0.3833, 0.4],
            "transform": [
                [1.0, 1.9e-05, 1.2e-05, 0.0, -2e-05, 0.503733, 0.863858, 0.374726, 1.1e-05, -0.86386, 0.503733, -0.0, 0.0, 0.0, 0.0, 1.0],
                [1.0, 1.9e-05, 1.1e-05, 0.0, -2e-05, 0.528208, 0.849114, 0.374726, 1e-05, -0.849116, 0.528208, 0.0, 0.0, 0.0, 0.0, 1.0],
                [1.0, 1.6e-05, 9e-06, -0.0, -1.7e-05, 0.593353, 0.804941, 0.374726, 8e-06, -0.804942, 0.593354, -0.0, 0.0, 0.0, 0.0, 1.0],
                [1.0, 1.6e-05, 8e-06, -0.0, -1.6e-05, 0.687984, 0.725725, 0.374726, 6e-06, -0.725726, 0.687984, -0.0, 0.0, 0.0, 0.0, 1.0],
                [1.0, 1.2e-05, 5e-06, 0.0, -1.3e-05, 0.801156, 0.598456, 0.374726, 4e-06, -0.598457, 0.801156, 0.0, 0.0, 0.0, 0.0, 1.0],
                [1.0, 8e-06, 2e-06, -0.0, -8e-06, 0.922783, 0.385319, 0.374726, 1e-06, -0.38532, 0.922783, -0.0, 0.0, 0.0, 0.0, 1.0],
                [1.0, 0.0, 1e-06, 0.0, -0.0, 0.999999, 0.001461, 0.374726, -1e-06, -0.00146, 0.999999, -0.0, 0.0, 0.0, 0.0, 1.0],
                [1.0, 1e-05, 3e-06, 0.0, -1.1e-05, 0.875059, 0.484015, 0.374726, 2e-06, -0.484016, 0.875059, -0.0, 0.0, 0.0, 0.0, 1.0],
                [1.0, 2e-05, 1.4e-05, -0.0, -2e-05, 0.355211, 0.934785, 0.374726, 1.3e-05, -0.934787, 0.355211, 0.0, 0.0, 0.0, 0.0, 1.0],
                [1.0, 2.1e-05, 2.3e-05, 0.0, -2.2e-05, -0.06582, 0.997831, 0.374726, 2.2e-05, -0.997832, -0.06582, -0.0, 0.0, 0.0, 0.0, 1.0],
                [1.0, 2.1e-05, 2.4e-05, 0.0, -2.2e-05, -0.115058, 0.993358, 0.374726, 2.3e-05, -0.993359, -0.115058, 0.0, 0.0, 0.0, 0.0, 1.0],
                [1.0, 2.1e-05, 1.9e-05, 0.0, -2.1e-05, 0.145844, 0.989307, 0.374726, 1.8e-05, -0.989308, 0.145844, -0.0, 0.0, 0.0, 0.0, 1.0],
                [1.0, 1.9e-05, 1.2e-05, 0.0, -1.9e-05, 0.45738, 0.889271, 0.374726, 1.1e-05, -0.889272, 0.45738, 0.0, 0.0, 0.0, 0.0, 1.0],
                [1.0, 1.5e-05, 7e-06, -0.0, -1.6e-05, 0.701627, 0.712544, 0.374726, 6e-06, -0.712544, 0.701627, 0.0, 0.0, 0.0, 0.0, 1.0],
                [1.0, 9e-06, 3e-06, 0.0, -1e-05, 0.892603, 0.450843, 0.374726, 2e-06, -0.450843, 0.892604, 0.0, 0.0, 0.0, 0.0, 1.0],
                [1.0, 0.0, 1e-06, 0.0, 0.0, 0.999999, 0.001461, 0.374726, -1e-06, -0.00146, 0.999999, 0.0, 0.0, 0.0, 0.0, 1.0],
                [1.0, 0.0, 1e-06, 0.0, -0.0, 0.999999, 0.001462, 0.374726, -1e-06, -0.001462, 0.999999, 0.0, 0.0, 0.0, 0.0, 1.0],
                [1.0, 0.0, 1e-06, -0.0, -0.0, 0.999999, 0.001462, 0.374726, -1e-06, -0.001462, 0.999999, -0.0, 0.0, 0.0, 0.0, 1.0],
                [1.0, 0.0, 1e-06, 0.0, -0.0, 0.999999, 0.001462, 0.374726, -1e-06, -0.001462, 0.999999, 0.0, 0.0, 0.0, 0.0, 1.0],
                [1.0, 0.0, 1e-06, 0.0, -0.0, 0.999999, 0.001462, 0.374726, -1e-06, -0.001462, 0.999999, -0.0, 0.0, 0.0, 0.0, 1.0],
                [1.0, 0.0, 1e-06, 0.0, -0.0, 0.999999, 0.001462, 0.374726, -1e-06, -0.001461, 0.999999, -0.0, 0.0, 0.0, 0.0, 1.0],
                [1.0, 0.0, 1e-06, 0.0, -0.0, 0.999999, 0.001462, 0.374726, -1e-06, -0.001462, 0.999999, 0.0, 0.0, 0.0, 0.0, 1.0],
                [1.0, 0.0, 1e-06, -0.0, -0.0, 0.999999, 0.001462, 0.374726, -1e-06, -0.001462, 0.999999, -0.0, 0.0, 0.0, 0.0, 1.0],
                [1.0, 0.0, 1e-06, 0.0, -0.0, 0.999999, 0.001462, 0.374726, -1e-06, -0.001462, 0.999999, 0.0, 0.0, 0.0, 0.0, 1.0],
                [1.0, 0.0, 1e-06, -0.0, -0.0, 0.999999, 0.001462, 0.374726, -1e-06, -0.001462, 0.999999, -0.0, 0.0, 0.0, 0.0, 1.0]
            ]
        },
        {
            "name": "Knee_R",
            "time": [0.0, 0.4],
            "transform": [
                [1.0, 0.0, -0.0, 0.0, -0.0, 0.00567, -0.999984, 0.428081, -0.0, 0.999984, 0.00567, -0.000303, 0.0, 0.0, 0.0, 1.0],
                [1.0, 0.0, -0.0, 0.0, -0.0, 0.00567, -0.999984, 0.374726, -0.0, 0.999984, 0.00567, -0.0, 0.0, 0.0, 0.0, 1.0]
            ]
        },
        {
            "name": "Thigh_L",
            "time": [0.0, 0.0167, 0.0333, 0.05, 0.0667, 0.0833, 0.1, 0.1167, 0.1333, 0.15, 0.1667, 0.1833, 0.2, 0.2167, 0.2333, 0.25, 0.2667, 0.2833, 0.3, 0.3167, 0.3333, 0.35, 0.3667, 0.3833, 0.4],
            "transform": [
                [0.967043, -0.240921, 0.082374, -0.125006, -0.239083, -0.74795, 0.619203, -0.002831, -0.087567, -0.61849, -0.780899, -1.2e-05, 0.0, 0.0, 0.0, 1.0],
                [0.970945, -0.227812, 0.073262, -0.125006, -0.224387, -0.760322, 0.609558, -0.002831, -0.083162, -0.608287, -0.789349, -1.2e-05, 0.0, 0.0, 0.0, 1.0],
                [0.979606, -0.193822, 0.052973, -0.125006, -0.188183, -0.792587, 0.579995, -0.002831, -0.07043, -0.578135, -0.812896, -1.2e-05, 0.0, 0.0, 0.0, 1.0],
                [0.988603, -0.147091, 0.032073, -0.125006, -0.141652, -0.836682, 0.529055, -0.002831, -0.050984, -0.527569, -0.847981, -1.2e-05, 0.0, 0.0, 0.0, 1.0],
                [0.995036, -0.097948, 0.017593, -0.125006, -0.095126, -0.884239, 0.457246, -0.002831, -0.02923, -0.456649, -0.889167, -1.2e-05, 0.0, 0.0, 0.0, 1.0],
                [0.998197, -0.05909, 0.010586, -0.125006, -0.058857, -0.928653, 0.366251, -0.002831, -0.011811, -0.366214, -0.930456, -1.2e-05, 0.0, 0.0, 0.0, 1.0],
                [0.998996, -0.044234, 0.007042, -0.125006, -0.044561, -0.965608, 0.256157, -0.002831, -0.004531, -0.256214, -0.96661, -1.2e-05, 0.0, 0.0, 0.0, 1.0],
                [0.998923, -0.044649, 0.012666, -0.125006, -0.04632, -0.942097, 0.332129, -0.002831, -0.002896, -0.332358, -0.943149, -1.2e-05, 0.0, 0.0, 0.0, 1.0],
                [0.998767, -0.038285, 0.031615, -0.125006, -0.049649, -0.762895, 0.644614, -0.002831, -0.00056, -0.645389, -0.763855, -1.2e-05, 0.0, 0.0, 0.0, 1.0],
                [0.998438, -0.020848, 0.051836, -0.125006, -0.055814, -0.414189, 0.908479, -0.002831, 0.00253, -0.909953, -0.414705, -1.2e-05, 0.0, 0.0, 0.0, 1.0],
                [0.997871, -0.004154, 0.065084, -0.125006, -0.064931, -0.156593, 0.985527, -0.002831, 0.006098, -0.987655, -0.15653, -1.2e-05, 0.0, 0.0, 0.0, 1.0],
                [0.997427, -0.000274, 0.071686, -0.125006, -0.071236, -0.115723, 0.990724, -0.002831, 0.008024, -0.993282, -0.115445, -1.2e-05, 0.0, 0.0, 0.0, 1.0],
                [0.99498, -0.00118, 0.100068, -0.125006, -0.098461, -0.19038, 0.976761, -0.002831, 0.017898, -0.98171, -0.189541, -1.2e-05, 0.0, 0.0, 0.0, 1.0],
                [0.989871, -0.018993, 0.140693, -0.125006, -0.138168, -0.356673, 0.923956, -0.002831, 0.032633, -0.934037, -0.355685, -1.2e-05, 0.0, 0.0, 0.0, 1.0],
                [0.985621, -0.064013, 0.156378, -0.125006, -0.163478, -0.59533, 0.786676, -0.002831, 0.04274, -0.800929, -0.597234, -1.2e-05, 0.0, 0.0, 0.0, 1.0],
                [0.983199, -0.113416, 0.143029, -0.125006, -0.175984, -0.797044, 0.577712, -0.002831, 0.048479, -0.593177, -0.803612, -1.2e-05, 0.0, 0.0, 0.0, 1.0],
                [0.982407, -0.135497, 0.128522, -0.125006, -0.179802, -0.872265, 0.454781, -0.002831, 0.050484, -0.469888, -0.881281, -1.2e-05, 0.0, 0.0, 0.0, 1.0],
                [0.982407, -0.135497, 0.128522, -0.125006, -0.179802, -0.872265, 0.454781, -0.002831, 0.050483, -0.469888, -0.881281, -1.2e-05, 0.0, 0.0, 0.0, 1.0],
                [0.982407, -0.135497, 0.128522, -0.125006, -0.179802, -0.872265, 0.454781, -0.002831, 0.050483, -0.469888, -0.881281, -1.2e-05, 0.0, 0.0, 0.0, 1.0],
                [0.982407, -0.135497, 0.128522, -0.125006, -0.179802, -0.872265, 0.454781, -0.002831, 0.050483, -0.469888, -0.881281, -1.2e-05, 0.0, 0.0, 0.0, 1.0],
                [0.982407, -0.135497, 0.128522, -0.125006, -0.179802, -0.872265, 0.454781, -0.002831, 0.050483, -0.469888, -0.881281, -1.2e-05, 0.0, 0.0, 0.0, 1.0],
                [0.982407, -0.135497, 0.128522, -0.125006, -0.179802, -0.872265, 0.454781, -0.002831, 0.050483, -0.469888, -0.881281, -1.2e-05, 0.0, 0.0, 0.0, 1.0],
                [0.982407, -0.135497, 0.128522, -0.125006, -0.179802, -0.872265, 0.454781, -0.002831, 0.050483, -0.469888, -0.881281, -1.2e-05, 0.0, 0.0, 0.0, 1.0],
                [0.982407, -0.135497, 0.128522, -0.125006, -0.179802, -0.872265, 0.454781, -0.002831, 0.050483, -0.469888, -0.881281, -1.2e-05, 0.0, 0.0, 0.0, 1.0],
                [0.982407, -0.135497, 0.128522, -0.125006, -0.179802, -0.872265, 0.454781, -0.002831, 0.050483, -0.469888, -0.881281, -1.2e-05, 0.0, 0.0, 0.0, 1.0]
            ]
        },
        {
            "name": "Leg_L",
            "time": [0.0, 0.0167, 0.0333, 0.05, 0.0667, 0.0833, 0.1, 0.1167, 0.1333, 0.15, 0.1667, 0.1833, 0.2, 0.2167, 0.2333, 0.25, 0.2667, 0.2833, 0.3, 0.3167, 0.3333, 0.35, 0.3667, 0.3833, 0.4],
            "transform": [
                [1.0, 1.9e-05, 1.6e-05, -0.0, -2e-05, 0.230996, 0.972954, 0.374726, 1.5e-05, -0.972955, 0.230997, -0.0, 0.0, 0.0, 0.0, 1.0],
                [1.0, 2e-05, 1.7e-05, -0.0, -2.1e-05, 0.241645, 0.970364, 0.374726, 1.6e-05, -0.970365, 0.241645, -0.0, 0.0, 0.0, 0.0, 1.0],
                [1.0, 2.4e-05, 1.9e-05, 0.0, -2.5e-05, 0.2693, 0.963056, 0.374726, 1.8e-05, -0.963057, 0.2693, 0.0, 0.0, 0.0, 0.0, 1.0],
                [1.0, 2.2e-05, 1.7e-05, -0.0, -2.3e-05, 0.309013, 0.951057, 0.374726, 1.6e-05, -0.951058, 0.309013, -0.0, 0.0, 0.0, 0.0, 1.0],
                [1.0, 2e-05, 1.4e-05, -0.0, -2e-05, 0.353678, 0.935367, 0.374726, 1.3e-05, -0.935368, 0.353678, 0.0, 0.0, 0.0, 0.0, 1.0],
                [1.0, 1.9e-05, 1.3e-05, 0.0, -2e-05, 0.394382, 0.918946, 0.374726, 1.2e-05, -0.918947, 0.394382, -0.0, 0.0, 0.0, 0.0, 1.0],
                [1.0, 1.9e-05, 1.3e-05, 0.0, -2e-05, 0.423654, 0.905823, 0.374726, 1.2e-05, -0.905824, 0.423654, -0.0, 0.0, 0.0, 0.0, 1.0],
                [1.0, 2e-05, 1.6e-05, -0.0, -2.1e-05, 0.281171, 0.959658, 0.374726, 1.5e-05, -0.959658, 0.281171, -0.0, 0.0, 0.0, 0.0, 1.0],
                [1.0, 2.1e-05, 2.2e-05, -0.0, -2.2e-05, -0.014221, 0.999899, 0.374726, 2.2e-05, -0.999899, -0.014221, 0.0, 0.0, 0.0, 0.0, 1.0],
                [1.0, 2e-05, 2.4e-05, -0.0, -2.1e-05, -0.136799, 0.990599, 0.374726, 2.3e-05, -0.990598, -0.136799, 0.0, 0.0, 0.0, 0.0, 1.0],
                [1.0, 2.1e-05, 2.1e-05, -0.0, -2.2e-05, 0.027089, 0.999633, 0.374726, 2e-05, -0.999633, 0.027089, -0.0, 0.0, 0.0, 0.0, 1.0],
                [1.0, 2e-05, 1.6e-05, -0.0, -2.1e-05, 0.272533, 0.962146, 0.374726, 1.5e-05, -0.962146, 0.272533, -0.0, 0.0, 0.0, 0.0, 1.0],
                [1.0, 1.9e-05, 1.4e-05, 0.0, -2e-05, 0.34306, 0.939312, 0.374726, 1.3e-05, -0.939314, 0.34306, -0.0, 0.0, 0.0, 0.0, 1.0],
                [1.0, 1.9e-05, 1.4e-05, 0.0, -2e-05, 0.325571, 0.945517, 0.374726, 1.4e-05, -0.945518, 0.325571, 0.0, 0.0, 0.0, 0.0, 1.0],
                [1.0, 2.1e-05, 1.4e-05, 0.0, -2.1e-05, 0.39487, 0.918736, 0.374726, 1.3e-05, -0.918737, 0.39487, 0.0, 0.0, 0.0, 0.0, 1.0],
                [1.0, 1.7e-05, 1e-05, 0.0, -1.8e-05, 0.570844, 0.821057, 0.374726, 9e-06, -0.821058, 0.570844, 0.0, 0.0, 0.0, 0.0, 1.0],
                [1.0, 1.6e-05, 8e-06, 0.0, -1.7e-05, 0.680494, 0.732753, 0.374726, 7e-06, -0.732754, 0.680494, -0.0, 0.0, 0.0, 0.0, 1.0],
                [1.0, 1.6e-05, 8e-06, -0.0, -1.7e-05, 0.680494, 0.732753, 0.374726, 7e-06, -0.732754, 0.680494, -0.0, 0.0, 0.0, 0.0, 1.0],
                [1.0, 1.6e-05, 8e-06, -0.0, -1.7e-05, 0.680494, 0.732753, 0.374726, 7e-06, -0.732754, 0.680494, -0.0, 0.0, 0.0, 0.0, 1.0],
                [1.0, 1.6e-05, 8e-06, -0.0, -1.7e-05, 0.680494, 0.732753, 0.374726, 7e-06, -0.732754, 0.680494, -0.0, 0.0, 0.0, 0.0, 1.0],
                [1.0, 1.6e-05, 8e-06, -0.0, -1.7e-05, 0.680494, 0.732753, 0.374726, 7e-06, -0.732754, 0.680494, -0.0, 0.0, 0.0, 0.0, 1.0],
                [1.0, 1.6e-05, 8e-06, -0.0, -1.7e-05, 0.680494, 0.732753, 0.374726, 7e-06, -0.732754, 0.680494, -0.0, 0.0, 0.0, 0.0, 1.0],
                [1.0, 1.6e-05, 8e-06, -0.0, -1.7e-05, 0.680494, 0.732753, 0.374726, 7e-06, -0.732754, 0.680494, -0.0, 0.0, 0.0, 0.0, 1.0],
                [1.0, 1.6e-05, 8e-06, -0.0, -1.7e-05, 0.680494, 0.732753, 0.374726, 7e-06, -0.732754, 0.680494, -0.0, 0.0, 0.0, 0.0, 1.0],
                [1.0, 1.6e-05, 8e-06, -0.0, -1.7e-05, 0.680494, 0.732753, 0.374726, 7e-06, -0.732754, 0.680494, -0.0, 0.0, 0.0, 0.0, 1.0]
            ]
        },
        {
            "name": "Knee_L",
            "time": [0.0, 0.4],
            "transform": [
                [1.0, 0.0, -0.0, -0.0, -0.0, 0.00567, -0.999984, 0.459048, -0.0, 0.999984, 0.00567, -0.000478, 0.0, 0.0, 0.0, 1.0],
                [1.0, 0.0, -0.0, -0.0, -0.0, 0.00567, -0.999984, 0.404917, -0.0, 0.999984, 0.00567, -0.000171, 0.0, 0.0, 0.0, 1.0]
            ]
        },
        {
            "name": "Torso",
            "time": [0.0, 0.0167, 0.0333, 0.05, 0.0667, 0.0833, 0.1, 0.1167, 0.1333, 0.15, 0.1667, 0.1833, 0.2, 0.2167, 0.2333, 0.25, 0.2667, 0.2833, 0.3, 0.3167, 0.3333, 0.35, 0.3667, 0.3833, 0.4],
            "transform": [
                [1.0, 0.0, 0.0, 0.0, 0.0, 0.94929, 0.314401, 0.05, 0.0, -0.314401, 0.94929, 0.0, 0.0, 0.0, 0.0, 1.0],
                [1.0, 0.0, 0.0, 0.0, 0.0, 0.953194, 0.30236, 0.05, 0.0, -0.30236, 0.953194, 0.0, 0.0, 0.0, 0.0, 1.0],
                [1.0, 0.0, 0.0, 0.0, 0.0, 0.96229, 0.272028, 0.05, 0.0, -0.272028, 0.962289, 0.0, 0.0, 0.0, 0.0, 1.0],
                [1.0, 0.0, 0.0, 0.0, 0.0, 0.972677, 0.232164, 0.05, 0.0, -0.232164, 0.972677, 0.0, 0.0, 0.0, 0.0, 1.0],
                [1.0, 0.0, 0.0, 0.0, 0.0, 0.981413, 0.191907, 0.05, 0.0, -0.191907, 0.981413, 0.0, 0.0, 0.0, 0.0, 1.0],
                [1.0, 0.0, 0.0, 0.0, 0.0, 0.986998, 0.160736, 0.05, 0.0, -0.160736, 0.986997, 0.0, 0.0, 0.0, 0.0, 1.0],
                [1.0, 0.0, 0.0, 0.0, 0.0, 0.988953, 0.14823, 0.05, 0.0, -0.14823, 0.988953, 0.0, 0.0, 0.0, 0.0, 1.0],
                [1.0, 0.0, 0.0, 0.0, 0.0, 0.988953, 0.14823, 0.05, 0.0, -0.14823, 0.988953, 0.0, 0.0, 0.0, 0.0, 1.0],
                [1.0, 0.0, 0.0, 0.0, 0.0, 0.988953, 0.14823, 0.05, 0.0, -0.14823, 0.988953, 0.0, 0.0, 0.0, 0.0, 1.0],
                [1.0, 0.0, 0.0, 0.0, 0.0, 0.988953, 0.14823, 0.05, 0.0, -0.14823, 0.988953, 0.0, 0.0, 0.0, 0.0, 1.0],
                [1.0, 0.0, 0.0, 0.0, 0.0, 0.988953, 0.14823, 0.05, 0.0, -0.14823, 0.988953, 0.0, 0.0, 0.0, 0.0, 1.0],
                [1.0, 0.0, 0.0, 0.0, 0.0, 0.988953, 0.14823, 0.05, 0.0, -0.14823, 0.988953, 0.0, 0.0, 0.0, 0.0, 1.0],
                [1.0, 0.0, 0.0, 0.0, 0.0, 0.988953, 0.14823, 0.05, 0.0, -0.14823, 0.988953, 0.0, 0.0, 0.0, 0.0, 1.0],
                [1.0, 0.0, 0.0, 0.0, 0.0, 0.988953, 0.14823, 0.05, 0.0, -0.14823, 0.988953, 0.0, 0.0, 0.0, 0.0, 1.0],
                [1.0, 0.0, 0.0, 0.0, 0.0, 0.988953, 0.14823, 0.05, 0.0, -0.14823, 0.988953, 0.0, 0.0, 0.0, 0.0, 1.0],
                [1.0, 0.0, 0.0, 0.0, 0.0, 0.988953, 0.14823, 0.05, 0.0, -0.14823, 0.988953, 0.0, 0.0, 0.0, 0.0, 1.0],
                [1.0, 0.0, 0.0, 0.0, 0.0, 0.988953, 0.14823, 0.05, 0.0, -0.14823, 0.988953, 0.0, 0.0, 0.0, 0.0, 1.0],
                [1.0, 0.0, 0.0, 0.0, 0.0, 0.988953, 0.14823, 0.05, 0.0, -0.14823, 0.988953, 0.0, 0.0, 0.0, 0.0, 1.0],
                [1.0, 0.0, 0.0, 0.0, 0.0, 0.988953, 0.14823, 0.05, 0.0, -0.14823, 0.988953, 0.0, 0.0, 0.0, 0.0, 1.0],
                [1.0, 0.0, 0.0, 0.0, 0.0, 0.988953, 0.14823, 0.05, 0.0, -0.14823, 0.988953, 0.0, 0.0, 0.0, 0.0, 1.0],
                [1.0, 0.0, 0.0, 0.0, 0.0, 0.988953, 0.14823, 0.05, 0.0, -0.14823, 0.988953, 0.0, 0.0, 0.0, 0.0, 1.0],
                [1.0, 0.0, 0.0, 0.0, 0.0, 0.988953, 0.14823, 0.05, 0.0, -0.14823, 0.988953, 0.0, 0.0, 0.0, 0.0, 1.0],
                [1.0, 0.0, 0.0, 0.0, 0.0, 0.988953, 0.14823, 0.05, 0.0, -0.14823, 0.988953, 0.0, 0.0, 0.0, 0.0, 1.0],
                [1.0, 0.0, 0.0, 0.0, 0.0, 0.988953, 0.14823, 0.05, 0.0, -0.14823, 0.988953, 0.0, 0.0, 0.0, 0.0, 1.0],
                [1.0, 0.0, 0.0, 0.0, 0.0, 0.988953, 0.14823, 0.05, 0.0, -0.14823, 0.988953, 0.0, 0.0, 0.0, 0.0, 1.0]
            ]
        },
        {
            "name": "Chest",
            "time": [0.0, 0.0167, 0.0333, 0.05, 0.0667, 0.0833, 0.1, 0.1167, 0.1333, 0.15, 0.1667, 0.1833, 0.2, 0.2167, 0.2333, 0.25, 0.2667, 0.2833, 0.3, 0.3167, 0.3333, 0.35, 0.3667, 0.3833, 0.4],
            "transform": [
                [1.0, 0.0, 0.0, -0.0, 0.0, 0.872782, 0.48811, 0.3, 0.0, -0.48811, 0.872782, 0.0, 0.0, 0.0, 0.0, 1.0],
                [1.0, 0.0, 0.0, 0.0, 0.0, 0.872782, 0.48811, 0.3, 0.0, -0.48811, 0.872782, 0.0, 0.0, 0.0, 0.0, 1.0],
                [1.0, 0.0, 0.0, 0.0, 0.0, 0.872782, 0.48811, 0.3, 0.0, -0.48811, 0.872782, 0.0, 0.0, 0.0, 0.0, 1.0],
                [1.0, 0.0, 0.0, 0.0, 0.0, 0.872782, 0.48811, 0.3, 0.0, -0.48811, 0.872782, -0.0, 0.0, 0.0, 0.0, 1.0],
                [1.0, 0.0, 0.0, -0.0, 0.0, 0.872782, 0.48811, 0.3, 0.0, -0.48811, 0.872782, 0.0, 0.0, 0.0, 0.0, 1.0],
                [1.0, 0.0, 0.0, 0.0, 0.0, 0.872782, 0.48811, 0.3, 0.0, -0.48811, 0.872782, -0.0, 0.0, 0.0, 0.0, 1.0],
                [1.0, 0.0, 0.0, 0.0, 0.0, 0.872782, 0.48811, 0.3, 0.0, -0.48811, 0.872782, 0.0, 0.0, 0.0, 0.0, 1.0],
                [1.0, 0.0, 0.0, 0.0, 0.0, 0.872782, 0.48811, 0.3, 0.0, -0.48811, 0.872782, -0.0, 0.0, 0.0, 0.0, 1.0],
                [1.0, 0.0, 0.0, 0.0, 0.0, 0.872782, 0.48811, 0.3, 0.0, -0.48811, 0.872782, -0.0, 0.0, 0.0, 0.0, 1.0],
                [1.0, 0.0, 0.0, 0.0, 0.0, 0.872782, 0.48811, 0.3, 0.0, -0.48811, 0.872782, 0.0, 0.0, 0.0, 0.0, 1.0],
                [1.0, 0.0, 0.0, 0.0, 0.0, 0.872782, 0.48811, 0.3, 0.0, -0.48811, 0.872782, 0.0, 0.0, 0.0, 0.0, 1.0],
                [1.0, 0.0, 0.0, 0.0, 0.0, 0.872782, 0.48811, 0.3, 0.0, -0.48811, 0.872782, 0.0, 0.0, 0.0, 0.0, 1.0],
                [1.0, 0.0, 0.0, 0.0, 0.0, 0.872782, 0.48811, 0.3, 0.0, -0.48811, 0.872782, -0.0, 0.0, 0.0, 0.0, 1.0],
                [1.0, 0.0, 0.0, 0.0, 0.0, 0.872782, 0.48811, 0.3, 0.0, -0.48811, 0.872782, -0.0, 0.0, 0.0, 0.0, 1.0],
                [1.0, 0.0, 0.0, 0.0, 0.0, 0.872782, 0.48811, 0.3, 0.0, -0.48811, 0.872782, -0.0, 0.0, 0.0, 0.0, 1.0],
                [1.0, 0.0, 0.0, 0.0, 0.0, 0.872782, 0.48811, 0.3, 0.0, -0.48811, 0.872782, -0.0, 0.0, 0.0, 0.0, 1.0],
                [1.0, 0.0, 0.0, 0.0, 0.0, 0.872782, 0.48811, 0.3, 0.0, -0.48811, 0.872782, -0.0, 0.0, 0.0, 0.0, 1.0],
                [1.0, 0.0, 0.0, 0.0, 0.0, 0.872782, 0.48811, 0.3, 0.0, -0.48811, 0.872782, -0.0, 0.0, 0.0, 0.0, 1.0],
                [1.0, 0.0, 0.0, 0.0, 0.0, 0.872782, 0.48811, 0.3, 0.0, -0.48811, 0.872782, -0.0, 0.0, 0.0, 0.0, 1.0],
                [1.0, 0.0, 0.0, 0.0, 0.0, 0.872782, 0.48811, 0.3, 0.0, -0.48811, 0.872782, -0.0, 0.0, 0.0, 0.0, 1.0],
                [1.0, 0.0, 0.0, 0.0, 0.0, 0.872782, 0.48811, 0.3, 0.0, -0.48811, 0.872782, -0.0, 0.0, 0.0, 0.0, 1.0],
                [1.0, 0.0, 0.0, 0.0, 0.0, 0.872782, 0.48811, 0.3, 0.0, -0.48811, 0.872782, -0.0, 0.0, 0.0, 0.0, 1.0],
                [1.0, 0.0, 0.0, 0.0, 0.0, 0.872782, 0.48811, 0.3, 0.0, -0.48811, 0.872782, -0.0, 0.0, 0.0, 0.0, 1.0],
                [1.0, 0.0, 0.0, 0.0, 0.0, 0.872782, 0.48811, 0.3, 0.0, -0.48811, 0.872782, -0.0, 0.0, 0.0, 0.0, 1.0],
                [1.0, 0.0, 0.0, 0.0, 0.0, 0.872782, 0.48811, 0.3, 0.0, -0.48811, 0.872782, -0.0, 0.0, 0.0, 0.0, 1.0]
            ]
        },
        {
            "name": "Head",
            "time": [0.0, 0.0167, 0.0333, 0.05, 0.0667, 0.0833, 0.1, 0.1167, 0.1333, 0.15, 0.1667, 0.1833, 0.2, 0.2167, 0.2333, 0.25, 0.2667, 0.2833, 0.3, 0.3167, 0.3333, 0.35, 0.3667, 0.3833, 0.4],
            "transform": [
                [1.0, 0.0, 0.0, 0.0, 0.0, 0.854508, -0.519438, 0.4, 0.0, 0.519438, 0.854508, 0.0, 0.0, 0.0, 0.0, 1.0],
                [1.0, 0.0, 0.0, 0.0, 0.0, 0.854508, -0.519438, 0.4, 0.0, 0.519438, 0.854508, 0.0, 0.0, 0.0, 0.0, 1.0],
                [1.0, 0.0, 0.0, -0.0, 0.0, 0.854508, -0.519438, 0.4, 0.0, 0.519438, 0.854508, 0.0, 0.0, 0.0, 0.0, 1.0],
                [1.0, 0.0, 0.0, 0.0, 0.0, 0.854508, -0.519438, 0.4, 0.0, 0.519438, 0.854508, 0.0, 0.0, 0.0, 0.0, 1.0],
                [1.0, 0.0, 0.0, 0.0, 0.0, 0.854508, -0.519438, 0.4, 0.0, 0.519438, 0.854508, 0.0, 0.0, 0.0, 0.0, 1.0],
                [1.0, 0.0, 0.0, 0.0, 0.0, 0.854508, -0.519438, 0.4, 0.0, 0.519438, 0.854508, 0.0, 0.0, 0.0, 0.0, 1.0],
                [1.0, 0.0, 0.0, -0.0, 0.0, 0.854508, -0.519438, 0.4, 0.0, 0.519438, 0.854508, -0.0, 0.0, 0.0, 0.0, 1.0],
                [1.0, 0.0, 0.0, 0.0, 0.0, 0.854508, -0.519438, 0.4, 0.0, 0.519438, 0.854508, 0.0, 0.0, 0.0, 0.0, 1.0],
                [1.0, 0.0, 0.0, 0.0, 0.0, 0.854508, -0.519438, 0.4, 0.0, 0.519438, 0.854508, -0.0, 0.0, 0.0, 0.0, 1.0],
                [1.0, 0.0, 0.0, 0.0, 0.0, 0.854508, -0.519438, 0.4, 0.0, 0.519438, 0.854508, 0.0, 0.0, 0.0, 0.0, 1.0],
                [1.0, 0.0, 0.0, 0.0, 0.0, 0.854508, -0.519438, 0.4, 0.0, 0.519438, 0.854508, -0.0, 0.0, 0.0, 0.0, 1.0],
                [1.0, 0.0, 0.0, 0.0, 0.0, 0.854508, -0.519438, 0.4, 0.0, 0.519438, 0.854508, -0.0, 0.0, 0.0, 0.0, 1.0],
                [1.0, 0.0, 0.0, 0.0, 0.0, 0.854508, -0.519438, 0.4, 0.0, 0.519438, 0.854508, -0.0, 0.0, 0.0, 0.0, 1.0],
                [1.0, 0.0, 0.0, -0.0, 0.0, 0.854508, -0.519438, 0.4, 0.0, 0.519438, 0.854508, -0.0, 0.0, 0.0, 0.0, 1.0],
                [1.0, 0.0, 0.0, -0.0, 0.0, 0.854508, -0.519438, 0.4, 0.0, 0.519438, 0.854508, -0.0, 0.0, 0.0, 0.0, 1.0],
                [1.0, 0.0, 0.0, -0.0, 0.0, 0.854508, -0.519438, 0.4, 0.0, 0.519438, 0.854508, -0.0, 0.0, 0.0, 0.0, 1.0],
                [1.0, 0.0, 0.0, -0.0, 0.0, 0.854508, -0.519438, 0.4, 0.0, 0.519438, 0.854508, -0.0, 0.0, 0.0, 0.0, 1.0],
                [1.0, 0.0, 0.0, -0.0, 0.0, 0.854508, -0.519438, 0.4, 0.0, 0.519438, 0.854508, -0.0, 0.0, 0.0, 0.0, 1.0],
                [1.0, 0.0, 0.0, -0.0, 0.0, 0.854508, -0.519438, 0.4, 0.0, 0.519438, 0.854508, -0.0, 0.0, 0.0, 0.0, 1.0],
                [1.0, 0.0, 0.0, -0.0, 0.0, 0.854508, -0.519438, 0.4, 0.0, 0.519438, 0.854508, -0.0, 0.0, 0.0, 0.0, 1.0],
                [1.0, 0.0, 0.0, -0.0, 0.0, 0.854508, -0.519438, 0.4, 0.0, 0.519438, 0.854508, -0.0, 0.0, 0.0, 0.0, 1.0],
                [1.0, 0.0, 0.0, -0.0, 0.0, 0.854508, -0.519438, 0.4, 0.0, 0.519438, 0.854508, -0.0, 0.0, 0.0, 0.0, 1.0],
                [1.0, 0.0, 0.0, -0.0, 0.0, 0.854508, -0.519438, 0.4, 0.0, 0.519438, 0.854508, -0.0, 0.0, 0.0, 0.0, 1.0],
                [1.0, 0.0, 0.0, -0.0, 0.0, 0.854508, -0.519438, 0.4, 0.0, 0.519438, 0.854508, -0.0, 0.0, 0.0, 0.0, 1.0],
                [1.0, 0.0, 0.0, -0.0, 0.0, 0.854508, -0.519438, 0.4, 0.0, 0.519438, 0.854508, -0.0, 0.0, 0.0, 0.0, 1.0]
            ]
        },
        {
            "name": "Shoulder_R",
            "time": [0.0, 0.0167, 0.0333, 0.05, 0.0667, 0.0833, 0.1, 0.1167, 0.1333, 0.15, 0.1667, 0.1833, 0.2, 0.2167, 0.2333, 0.25, 0.2667, 0.2833, 0.3, 0.3167, 0.3333, 0.35, 0.3667, 0.3833, 0.4],
            "transform": [
                [0.0, 0.952114, 0.305743, -0.0, 0.0, -0.305743, 0.952114, 0.4, 1.0, 0.0, -0.0, 0.0, 0.0, 0.0, 0.0, 1.0],
                [0.0, 0.952114, 0.305743, 0.0, -0.0, -0.305743, 0.952114, 0.4, 1.0, 0.0, -0.0, 0.0, 0.0, 0.0, 0.0, 1.0],
                [0.0, 0.952114, 0.305743, 0.0, 0.0, -0.305743, 0.952114, 0.4, 1.0, 0.0, -0.0, 0.0, 0.0, 0.0, 0.0, 1.0],
                [0.0, 0.952114, 0.305743, 0.0, 0.0, -0.305743, 0.952114, 0.4, 1.0, 0.0, -0.0, 0.0, 0.0, 0.0, 0.0, 1.0],
                [0.0, 0.952114, 0.305743, 0.0, -0.0, -0.305743, 0.952114, 0.4, 1.0, 0.0, 0.0, 0.0, 0.0, 0.0, 0.0, 1.0],
                [0.0, 0.952114, 0.305743, -0.0, -0.0, -0.305743, 0.952114, 0.4, 1.0, 0.0, 0.0, 0.0, 0.0, 0.0, 0.0, 1.0],
                [0.0, 0.952114, 0.305743, -0.0, 0.0, -0.305743, 0.952114, 0.4, 1.0, 0.0, -0.0, 0.0, 0.0, 0.0, 0.0, 1.0],
                [0.0, 0.952114, 0.305743, 0.0, 0.0, -0.305743, 0.952114, 0.4, 1.0, 0.0, -0.0, 0.0, 0.0, 0.0, 0.0, 1.0],
                [0.0, 0.952114, 0.305743, 0.0, 0.0, -0.305743, 0.952114, 0.4, 1.0, 0.0, -0.0, -0.0, 0.0, 0.0, 0.0, 1.0],
                [0.0, 0.952114, 0.305743, 0.0, 0.0, -0.305743, 0.952114, 0.4, 1.0, 0.0, -0.0, 0.0, 0.0, 0.0, 0.0, 1.0],
                [0.0, 0.952114, 0.305743, 0.0, 0.0, -0.305743, 0.952114, 0.4, 1.0, 0.0, -0.0, -0.0, 0.0, 0.0, 0.0, 1.0],
                [0.0, 0.952114, 0.305743, 0.0, 0.0, -0.305743, 0.952114, 0.4, 1.0, 0.0, -0.0, -0.0, 0.0, 0.0, 0.0, 1.0],
                [0.0, 0.952114, 0.305743, -0.0, 0.0, -0.305743, 0.952114, 0.399999, 1.0, 0.0, -0.0, 0.0, 0.0, 0.0, 0.0, 1.0],
                [0.0, 0.952114, 0.305743, 0.0, 0.0, -0.305743, 0.952114, 0.4, 1.0, 0.0, -0.0, -0.0, 0.0, 0.0, 0.0, 1.0],
                [0.0, 0.952114, 0.305743, 0.0, 0.0, -0.305743, 0.952114, 0.4, 1.0, 0.0, -0.0, -0.0, 0.0, 0.0, 0.0, 1.0],
                [0.0, 0.952114, 0.305743, -0.0, 0.0, -0.305743, 0.952114, 0.4, 1.0, 0.0, -0.0, -0.0, 0.0, 0.0, 0.0, 1.0],
                [0.0, 0.952114, 0.305743, -0.0, 0.0, -0.305743, 0.952114, 0.4, 1.0, 0.0, -0.0, -0.0, 0.0, 0.0, 0.0, 1.0],
                [0.0, 0.952114, 0.305743, -0.0, 0.0, -0.305743, 0.952114, 0.4, 1.0, 0.0, -0.0, -0.0, 0.0, 0.0, 0.0, 1.0],
                [0.0, 0.952114, 0.305743, -0.0, 0.0, -0.305743, 0.952114, 0.4, 1.0, 0.0, -0.0, -0.0, 0.0, 0.0, 0.0, 1.0],
                [0.0, 0.952114, 0.305743, -0.0, 0.0, -0.305743, 0.952114, 0.4, 1.0, 0.0, -0.0, -0.0, 0.0, 0.0, 0.0, 1.0],
                [0.0, 0.952114, 0.305743, -0.0, 0.0, -0.305743, 0.952114, 0.4, 1.0, 0.0, -0.0, -0.0, 0.0, 0.0, 0.0, 1.0],
                [0.0, 0.952114, 0.305743, -0.0, 0.0, -0.305743, 0.952114, 0.4, 1.0, 0.0, -0.0, -0.0, 0.0, 0.0, 0.0, 1.0],
                [0.0, 0.952114, 0.305743, -0.0, 0.0, -0.305743, 0.952114, 0.4, 1.0, 0.0, -0.0, -0.0, 0.0, 0.0, 0.0, 1.0],
                [0.0, 0.952114, 0.305743, -0.0, 0.0, -0.305743, 0.952114, 0.4, 1.0, 0.0, -0.0, -0.0, 0.0, 0.0, 0.0, 1.0],
                [0.0, 0.952114, 0.305743, -0.0, 0.0, -0.305743, 0.952114, 0.4, 1.0, 0.0, -0.0, -0.0, 0.0, 0.0, 0.0, 1.0]
            ]
        },
        {
            "name": "Arm_R",
            "time": [0.0, 0.0167, 0.0333, 0.05, 0.0667, 0.0833, 0.1, 0.1167, 0.1333, 0.15, 0.1667, 0.1833, 0.2, 0.2167, 0.2333, 0.25, 0.2667, 0.2833, 0.3, 0.3167, 0.3333, 0.35, 0.3667, 0.3833, 0.4],
            "transform": [
                [0.893128, 0.043433, -0.4477, -0.0, 0.325895, 0.623539, 0.710628, 0.393861, 0.310023, -0.780585, 0.542746, 0.0, 0.0, 0.0, 0.0, 1.0],
                [0.89759, 0.046559, -0.438364, -0.0, 0.310164, 0.63993, 0.703057, 0.393861, 0.313256, -0.767022, 0.559954, 0.0, 0.0, 0.0, 0.0, 1.0],
                [0.907182, 0.050975, -0.417638, -0.0, 0.271278, 0.687881, 0.673223, 0.39386, 0.321603, -0.724032, 0.610205, -0.0, 0.0, 0.0, 0.0, 1.0],
                [0.916442, 0.052018, -0.396772, 0.0, 0.221299, 0.760219, 0.610815, 0.393861, 0.333407, -0.647581, 0.685185, 0.0, 0.0, 0.0, 0.0, 1.0],
                [0.921947, 0.053054, -0.383665, 0.0, 0.167897, 0.837921, 0.519327, 0.393861, 0.349034, -0.543207, 0.763611, 0.0, 0.0, 0.0, 0.0, 1.0],
                [0.921839, 0.064465, -0.382174, 0.0, 0.112944, 0.898589, 0.424008, 0.39386, 0.370751, -0.434032, 0.821073, 0.0, 0.0, 0.0, 0.0, 1.0],
                [0.915038, 0.100792, -0.390571, -0.0, 0.055762, 0.927373, 0.369962, 0.393861, 0.399493, -0.360308, 0.842961, 0.0, 0.0, 0.0, 0.0, 1.0],
                [0.901651, 0.117044, -0.416324, -0.0, 0.00271, 0.961132, 0.276079, 0.393861, 0.432455, -0.250054, 0.866289, 0.0, 0.0, 0.0, 0.0, 1.0],
                [0.887832, 0.180973, -0.423087, -0.0, -0.031396, 0.941101, 0.336668, 0.39386, 0.459095, -0.285621, 0.841221, 0.0, 0.0, 0.0, 0.0, 1.0],
                [0.881406, 0.205855, -0.425145, 0.0, -0.039464, 0.928989, 0.368, 0.393861, 0.470709, -0.307579, 0.826939, 0.0, 0.0, 0.0, 0.0, 1.0],
                [0.888366, 0.171014, -0.426099, 0.0, -0.016513, 0.939346, 0.342577, 0.39386, 0.458839, -0.297296, 0.837306, -0.0, 0.0, 0.0, 0.0, 1.0],
                [0.915039, 0.100791, -0.39057, 0.0, 0.055762, 0.927373, 0.369962, 0.39386, 0.399493, -0.360308, 0.842962, 0.0, 0.0, 0.0, 0.0, 1.0],
                [0.933782, -0.119837, -0.33718, -0.0, 0.247652, 0.896568, 0.367199, 0.39386, 0.258301, -0.426387, 0.866877, -0.0, 0.0, 0.0, 0.0, 1.0],
                [0.801941, -0.493929, -0.336043, 0.0, 0.561336, 0.8155, 0.140933, 0.39386, 0.204432, -0.301652, 0.931243, 0.0, 0.0, 0.0, 0.0, 1.0],
                [0.42205, -0.684, -0.594995, 0.0, 0.448035, 0.727933, -0.519018, 0.393861, 0.788124, -0.047527, 0.61368, 0.0, 0.0, 0.0, 0.0, 1.0],
                [0.163382, -0.947675, -0.274262, -0.0, -0.015194, 0.275547, -0.961168, 0.39386, 0.986446, 0.161204, 0.030619, 0.0, 0.0, 0.0, 0.0, 1.0],
                [0.137491, -0.952684, 0.271091, 0.0, -0.120659, -0.287761, -0.950072, 0.393861, 0.983127, 0.097916, -0.154515, 0.0, 0.0, 0.0, 0.0, 1.0],
                [0.137491, -0.952684, 0.271091, 0.0, -0.120659, -0.287761, -0.950072, 0.393861, 0.983127, 0.097916, -0.154515, 0.0, 0.0, 0.0, 0.0, 1.0],
                [0.137491, -0.952684, 0.271091, 0.0, -0.120659, -0.287761, -0.950072, 0.393861, 0.983127, 0.097916, -0.154515, 0.0, 0.0, 0.0, 0.0, 1.0],
                [0.137491, -0.952684, 0.271091, 0.0, -0.120659, -0.287761, -0.950072, 0.393861, 0.983127, 0.097916, -0.154515, 0.0, 0.0, 0.0, 0.0, 1.0],
                [0.137491, -0.952684, 0.271091, 0.0, -0.120659, -0.287761, -0.950072, 0.393861, 0.983127, 0.097916, -0.154515, 0.0, 0.0, 0.0, 0.0, 1.0],
                [0.137491, -0.952684, 0.271091, 0.0, -0.120659, -0.287761, -0.950072, 0.393861, 0.983127, 0.097916, -0.154515, 0.0, 0.0, 0.0, 0.0, 1.0],
                [0.137491, -0.952684, 0.271091, 0.0, -0.120659, -0.287761, -0.950072, 0.393861, 0.983127, 0.097916, -0.154515, 0.0, 0.0, 0.0, 0.0, 1.0],
                [0.137491, -0.952684, 0.271091, 0.0, -0.120659, -0.287761, -0.950072, 0.393861, 0.983127, 0.097916, -0.154515, 0.0, 0.0, 0.0, 0.0, 1.0],
                [0.137491, -0.952684, 0.271091, 0.0, -0.120659, -0.287761, -0.950072, 0.393861, 0.983127, 0.097916, -0.154515, 0.0, 0.0, 0.0, 0.0, 1.0]
            ]
        },
        {
            "name": "Hand_R",
            "time": [0.0, 0.0167, 0.0333, 0.05, 0.0667, 0.0833, 0.1, 0.1167, 0.1333, 0.15, 0.1667, 0.1833, 0.2, 0.2167, 0.2333, 0.25, 0.2667, 0.2833, 0.3, 0.3167, 0.3333, 0.35, 0.3667, 0.3833, 0.4],
            "transform": [
                [1.0, -2e-06, 1e-06, 0.0, 2e-06, 0.77765, -0.628697, 0.300002, 1e-06, 0.628697, 0.777651, -0.0, 0.0, 0.0, 0.0, 1.0],
                [1.0, -2e-06, 1e-06, 0.0, 2e-06, 0.766126, -0.642691, 0.300002, 1e-06, 0.642691, 0.766126, 0.0, 0.0, 0.0, 0.0, 1.0],
                [1.0, -2e-06, 1e-06, -0.0, 2e-06, 0.753255, -0.657729, 0.300003, 1e-06, 0.657729, 0.753255, -0.0, 0.0, 0.0, 0.0, 1.0],
                [1.0, -2e-06, 1e-06, -0.0, 2e-06, 0.769129, -0.639094, 0.300003, 1e-06, 0.639094, 0.769129, -0.0, 0.0, 0.0, 0.0, 1.0],
                [1.0, -2e-06, 1e-06, 0.0, 2e-06, 0.821602, -0.570062, 0.300003, 1e-06, 0.570061, 0.821602, -0.0, 0.0, 0.0, 0.0, 1.0],
                [1.0, -2e-06, 0.0, -0.0, 2e-06, 0.890274, -0.455426, 0.300002, 0.0, 0.455426, 0.890274, -0.0, 0.0, 0.0, 0.0, 1.0],
                [1.0, -1e-06, 0.0, 0.0, 1e-06, 0.944884, -0.327406, 0.300003, 0.0, 0.327406, 0.944884, -0.0, 0.0, 0.0, 0.0, 1.0],
                [1.0, -0.0, 0.0, 0.0, 0.0, 0.999999, -0.000992, 0.300003, -0.0, 0.000992, 0.999999, 0.0, 0.0, 0.0, 0.0, 1.0],
                [1.0, 0.0, 0.0, -0.0, 0.0, 0.999999, -0.000994, 0.300003, -0.0, 0.000994, 0.999999, -0.0, 0.0, 0.0, 0.0, 1.0],
                [1.0, 0.0, 0.0, -0.0, 0.0, 1.0, -0.000995, 0.300003, -0.0, 0.000995, 0.999999, 0.0, 0.0, 0.0, 0.0, 1.0],
                [1.0, 0.0, 0.0, -0.0, 0.0, 0.999999, -0.000994, 0.300003, -0.0, 0.000994, 0.999999, 0.0, 0.0, 0.0, 0.0, 1.0],
                [1.0, -1e-06, 0.0, 0.0, 1e-06, 0.944884, -0.327405, 0.300002, 0.0, 0.327405, 0.944884, -0.0, 0.0, 0.0, 0.0, 1.0],
                [1.0, -3e-06, 1e-06, -0.0, 3e-06, 0.657767, -0.753222, 0.300003, 1e-06, 0.753221, 0.657767, 0.0, 0.0, 0.0, 0.0, 1.0],
                [1.0, -3e-06, 2e-06, 0.0, 3e-06, 0.564272, -0.82559, 0.300003, 2e-06, 0.825589, 0.564272, -0.0, 0.0, 0.0, 0.0, 1.0],
                [1.0, -3e-06, 2e-06, 0.0, 3e-06, 0.548997, -0.835825, 0.300003, 2e-06, 0.835824, 0.548997, 0.0, 0.0, 0.0, 0.0, 1.0],
                [1.0, -3e-06, 1e-06, 0.0, 3e-06, 0.682236, -0.731132, 0.300003, 1e-06, 0.731133, 0.682236, 0.0, 0.0, 0.0, 0.0, 1.0],
                [1.0, -0.0, 0.0, 0.0, 1e-06, 0.990165, -0.139909, 0.300003, -0.0, 0.139909, 0.990165, -0.0, 0.0, 0.0, 0.0, 1.0],
                [1.0, -0.0, 0.0, 0.0, 1e-06, 0.990165, -0.139909, 0.300003, -0.0, 0.139909, 0.990165, -0.0, 0.0, 0.0, 0.0, 1.0],
                [1.0, -0.0, 0.0, 0.0, 1e-06, 0.990165, -0.139909, 0.300003, -0.0, 0.139909, 0.990165, -0.0, 0.0, 0.0, 0.0, 1.0],
