{
    "animation": [
        {
            "name": "Root",
            "time": [0.0, 0.0167, 0.0333, 0.05, 0.0667, 0.0833, 0.1, 0.1167, 0.1333, 0.15, 0.1667, 0.1833, 0.2, 0.2167, 0.2333, 0.25, 0.2667, 0.2833, 0.3, 0.3167, 0.3333],
            "transform": [
                [1.0, 0.0, 0.0, -5e-06, 0.0, 0.0, -1.0, 0.000946, 0.0, 1.0, 0.0, 0.763972, 0.0, 0.0, 0.0, 1.0],
                [1.0, 0.0, 0.0, -5e-06, 0.0, 0.0, -1.0, 0.000946, 0.0, 1.0, 0.0, 0.763972, 0.0, 0.0, 0.0, 1.0],
                [1.0, 0.0, 0.0, -5e-06, 0.0, 0.0, -1.0, 0.000946, 0.0, 1.0, 0.0, 0.763972, 0.0, 0.0, 0.0, 1.0],
                [1.0, 0.0, 0.0, -5e-06, 0.0, 0.0, -1.0, 0.000946, 0.0, 1.0, 0.0, 0.763972, 0.0, 0.0, 0.0, 1.0],
                [1.0, 0.0, 0.0, -5e-06, 0.0, 0.0, -1.0, 0.000946, 0.0, 1.0, 0.0, 0.763972, 0.0, 0.0, 0.0, 1.0],
                [1.0, 0.0, 0.0, -5e-06, 0.0, 0.0, -1.0, 0.000946, 0.0, 1.0, 0.0, 0.763972, 0.0, 0.0, 0.0, 1.0],
                [1.0, 0.0, 0.0, -5e-06, 0.0, 0.0, -1.0, 0.000946, 0.0, 1.0, 0.0, 0.763972, 0.0, 0.0, 0.0, 1.0],
                [1.0, 0.0, 0.0, -5e-06, 0.0, 0.0, -1.0, 0.000946, 0.0, 1.0, 0.0, 0.763972, 0.0, 0.0, 0.0, 1.0],
                [1.0, 0.0, 0.0, -5e-06, 0.0, 0.0, -1.0, 0.000946, 0.0, 1.0, 0.0, 0.763972, 0.0, 0.0, 0.0, 1.0],
                [1.0, 0.0, 0.0, -5e-06, 0.0, 0.0, -1.0, 0.000946, 0.0, 1.0, 0.0, 0.763972, 0.0, 0.0, 0.0, 1.0],
                [1.0, 0.0, 0.0, -5e-06, 0.0, 0.0, -1.0, 0.000946, 0.0, 1.0, 0.0, 0.763972, 0.0, 0.0, 0.0, 1.0],
                [1.0, 0.0, 0.0, -5e-06, 0.0, 0.0, -1.0, 0.000946, 0.0, 1.0, 0.0, 0.763972, 0.0, 0.0, 0.0, 1.0],
                [1.0, 0.0, 0.0, -5e-06, 0.0, 0.0, -1.0, 0.000946, 0.0, 1.0, 0.0, 0.763972, 0.0, 0.0, 0.0, 1.0],
                [1.0, 0.0, 0.0, -5e-06, 0.0, 0.0, -1.0, 0.000946, 0.0, 1.0, 0.0, 0.763972, 0.0, 0.0, 0.0, 1.0],
                [1.0, 0.0, 0.0, -5e-06, 0.0, 0.0, -1.0, 0.000946, 0.0, 1.0, 0.0, 0.763972, 0.0, 0.0, 0.0, 1.0],
                [1.0, 0.0, 0.0, -5e-06, 0.0, 0.0, -1.0, 0.000946, 0.0, 1.0, 0.0, 0.763972, 0.0, 0.0, 0.0, 1.0],
                [1.0, 0.0, 0.0, -5e-06, 0.0, 0.0, -1.0, 0.000946, 0.0, 1.0, 0.0, 0.763972, 0.0, 0.0, 0.0, 1.0],
                [1.0, 0.0, 0.0, -5e-06, 0.0, 0.0, -1.0, 0.000946, 0.0, 1.0, 0.0, 0.763972, 0.0, 0.0, 0.0, 1.0],
                [1.0, 0.0, 0.0, -5e-06, 0.0, 0.0, -1.0, 0.000946, 0.0, 1.0, 0.0, 0.763972, 0.0, 0.0, 0.0, 1.0],
                [1.0, 0.0, 0.0, -5e-06, 0.0, 0.0, -1.0, 0.000946, 0.0, 1.0, 0.0, 0.763972, 0.0, 0.0, 0.0, 1.0],
                [1.0, 0.0, 0.0, -5e-06, 0.0, 0.0, -1.0, 0.000946, 0.0, 1.0, 0.0, 0.763972, 0.0, 0.0, 0.0, 1.0]
            ]
        },
        {
            "name": "Thigh_R",
            "time": [0.0, 0.0167, 0.0333, 0.05, 0.0667, 0.0833, 0.1, 0.1167, 0.1333, 0.15, 0.1667, 0.1833, 0.2, 0.2167, 0.2333, 0.25, 0.2667, 0.2833, 0.3, 0.3167, 0.3333],
            "transform": [
                [1.0, -1.4e-05, 6e-06, 0.124994, -1.2e-05, -0.470323, 0.882495, -0.002831, -9e-06, -0.882496, -0.470323, -1.2e-05, 0.0, 0.0, 0.0, 1.0],
                [1.0, -1.4e-05, 6e-06, 0.124994, -1.2e-05, -0.470829, 0.882225, -0.002831, -9e-06, -0.882226, -0.470828, -1.2e-05, 0.0, 0.0, 0.0, 1.0],
                [1.0, -1.3e-05, 5e-06, 0.124994, -1.1e-05, -0.48232, 0.875996, -0.002831, -9e-06, -0.875996, -0.48232, -1.2e-05, 0.0, 0.0, 0.0, 1.0],
                [1.0, -1.1e-05, 4e-06, 0.124994, -1e-05, -0.518528, 0.855061, -0.002831, -8e-06, -0.855062, -0.518528, -1.2e-05, 0.0, 0.0, 0.0, 1.0],
                [1.0, -1e-05, 3e-06, 0.124994, -8e-06, -0.582404, 0.8129, -0.002831, -6e-06, -0.812901, -0.582404, -1.2e-05, 0.0, 0.0, 0.0, 1.0],
                [1.0, -8e-06, 2e-06, 0.124994, -7e-06, -0.661931, 0.749566, -0.002831, -4e-06, -0.749566, -0.66193, -1.2e-05, 0.0, 0.0, 0.0, 1.0],
                [1.0, -6e-06, 2e-06, 0.124994, -6e-06, -0.73619, 0.676776, -0.002831, -3e-06, -0.676776, -0.73619, -1.2e-05, 0.0, 0.0, 0.0, 1.0],
                [1.0, -5e-06, 1e-06, 0.124994, -5e-06, -0.79688, 0.60414, -0.002831, -2e-06, -0.60414, -0.796879, -1.2e-05, 0.0, 0.0, 0.0, 1.0],
                [1.0, -5e-06, 1e-06, 0.124994, -5e-06, -0.843535, 0.537076, -0.002831, -2e-06, -0.537077, -0.843534, -1.2e-05, 0.0, 0.0, 0.0, 1.0],
                [1.0, -5e-06, 1e-06, 0.124994, -5e-06, -0.879537, 0.475833, -0.002831, -2e-06, -0.475833, -0.879536, -1.2e-05, 0.0, 0.0, 0.0, 1.0],
                [1.0, -5e-06, 1e-06, 0.124994, -5e-06, -0.908021, 0.418927, -0.002831, -1e-06, -0.418927, -0.90802, -1.2e-05, 0.0, 0.0, 0.0, 1.0],
                [1.0, -5e-06, 1e-06, 0.124994, -5e-06, -0.929473, 0.368892, -0.002831, -1e-06, -0.368892, -0.929472, -1.2e-05, 0.0, 0.0, 0.0, 1.0],
                [1.0, -5e-06, 1e-06, 0.124994, -5e-06, -0.942618, 0.333876, -0.002831, -1e-06, -0.333876, -0.942617, -1.2e-05, 0.0, 0.0, 0.0, 1.0],
                [0.997587, 0.028886, 0.063128, 0.124994, 0.00542, -0.938953, 0.344007, -0.002831, 0.069211, -0.342835, -0.936843, 0.007819, 0.0, 0.0, 0.0, 1.0],
                [0.97035, 0.113285, 0.213515, 0.124994, 0.01781, -0.914475, 0.404252, -0.002831, 0.241049, -0.388463, -0.889377, 0.027396, 0.0, 0.0, 0.0, 1.0],
                [0.891659, 0.236368, 0.386101, 0.124994, 0.020732, -0.873297, 0.486749, -0.002831, 0.452232, -0.42601, -0.783583, 0.052847, 0.0, 0.0, 0.0, 1.0],
                [0.777052, 0.357531, 0.518037, 0.124994, 0.00406, -0.825848, 0.56388, -0.002831, 0.629424, -0.436061, -0.643177, 0.078297, 0.0, 0.0, 0.0, 1.0],
                [0.677212, 0.441277, 0.588778, 0.124994, -0.02185, -0.787787, 0.615561, -0.002831, 0.735464, -0.42973, -0.523856, 0.097874, 0.0, 0.0, 0.0, 1.0],
                [0.63647, 0.471707, 0.610244, 0.124994, -0.035178, -0.772612, 0.633904, -0.002831, 0.770499, -0.424929, -0.47515, 0.105705, 0.0, 0.0, 0.0, 1.0],
                [0.636471, 0.471706, 0.610245, 0.124994, -0.03518, -0.772612, 0.633904, -0.002831, 0.770498, -0.42493, -0.47515, 0.105705, 0.0, 0.0, 0.0, 1.0],
                [0.63647, 0.471708, 0.610244, 0.124994, -0.035178, -0.772612, 0.633904, -0.002831, 0.770499, -0.424929, -0.47515, 0.105705, 0.0, 0.0, 0.0, 1.0]
            ]
        },
        {
            "name": "Leg_R",
            "time": [0.0, 0.0167, 0.0333, 0.05, 0.0667, 0.0833, 0.1, 0.1167, 0.1333, 0.15, 0.1667, 0.1833, 0.2, 0.2167, 0.2333, 0.25, 0.2667, 0.2833, 0.3, 0.3167, 0.3333],
            "transform": [
                [1.0, 2.1e-05, 2e-05, -0.0, -2.2e-05, 0.069258, 0.997598, 0.374726, 1.9e-05, -0.9976, 0.069258, -0.0, 0.0, 0.0, 0.0, 1.0],
                [1.0, 2.1e-05, 1.9e-05, -0.0, -2.2e-05, 0.111762, 0.993734, 0.374726, 1.9e-05, -0.993736, 0.111762, -0.0, 0.0, 0.0, 0.0, 1.0],
                [1.0, 2e-05, 1.7e-05, 0.0, -2.1e-05, 0.226673, 0.97397, 0.374726, 1.6e-05, -0.973971, 0.226673, 0.0, 0.0, 0.0, 0.0, 1.0],
                [1.0, 1.9e-05, 1.3e-05, 0.0, -2e-05, 0.393114, 0.919489, 0.374726, 1.2e-05, -0.91949, 0.393114, -0.0, 0.0, 0.0, 0.0, 1.0],
                [1.0, 1.7e-05, 1e-05, 0.0, -1.8e-05, 0.576967, 0.816766, 0.374726, 8e-06, -0.816767, 0.576968, 0.0, 0.0, 0.0, 0.0, 1.0],
                [1.0, 1.4e-05, 6e-06, -0.0, -1.5e-05, 0.730241, 0.683189, 0.374726, 5e-06, -0.68319, 0.730241, -0.0, 0.0, 0.0, 0.0, 1.0],
                [1.0, 1.2e-05, 4e-06, -0.0, -1.2e-05, 0.824987, 0.565151, 0.374726, 3e-06, -0.565152, 0.824987, -0.0, 0.0, 0.0, 0.0, 1.0],
                [1.0, 1e-05, 3e-06, 0.0, -1e-05, 0.87668, 0.481074, 0.374726, 2e-06, -0.481074, 0.87668, -0.0, 0.0, 0.0, 0.0, 1.0],
                [1.0, 9e-06, 3e-06, -0.0, -9e-06, 0.899314, 0.437304, 0.374726, 1e-06, -0.437304, 0.899314, 0.0, 0.0, 0.0, 0.0, 1.0],
                [1.0, 9e-06, 3e-06, -0.0, -9e-06, 0.905606, 0.424119, 0.374726, 1e-06, -0.42412, 0.905606, -0.0, 0.0, 0.0, 0.0, 1.0],
                [1.0, 9e-06, 3e-06, 0.0, -9e-06, 0.904401, 0.426683, 0.374726, 1e-06, -0.426684, 0.904401, -0.0, 0.0, 0.0, 0.0, 1.0],
                [1.0, 9e-06, 3e-06, 0.0, -1e-05, 0.899011, 0.437924, 0.374726, 1e-06, -0.437925, 0.899011, 0.0, 0.0, 0.0, 0.0, 1.0],
                [1.0, 1e-05, 3e-06, 0.0, -1e-05, 0.887327, 0.461141, 0.374726, 2e-06, -0.461141, 0.887327, -0.0, 0.0, 0.0, 0.0, 1.0],
                [1.0, 1.1e-05, 4e-06, 0.0, -1.1e-05, 0.85238, 0.522922, 0.374726, 2e-06, -0.522922, 0.85238, -0.0, 0.0, 0.0, 0.0, 1.0],
                [1.0, 1.3e-05, 5e-06, 0.0, -1.4e-05, 0.789757, 0.613419, 0.374726, 4e-06, -0.613421, 0.789757, -0.0, 0.0, 0.0, 0.0, 1.0],
                [0.999999, 1.3e-05, 6e-06, -0.0, -1.3e-05, 0.719758, 0.694224, 0.374726, 5e-06, -0.694225, 0.719758, 0.0, 0.0, 0.0, 0.0, 1.0],
                [1.0, 1.3e-05, 6e-06, -0.0, -1.3e-05, 0.661001, 0.750384, 0.374726, 5e-06, -0.750386, 0.661001, -0.0, 0.0, 0.0, 0.0, 1.0],
                [1.0, 1.8e-05, 1e-05, -0.0, -1.9e-05, 0.62385, 0.781542, 0.374726, 8e-06, -0.781544, 0.62385, 0.0, 0.0, 0.0, 0.0, 1.0],
                [1.0, 1.4e-05, 8e-06, 0.0, -1.5e-05, 0.6111, 0.791552, 0.374726, 7e-06, -0.791554, 0.6111, -0.0, 0.0, 0.0, 0.0, 1.0],
                [1.0, 1.8e-05, 1e-05, 0.0, -1.9e-05, 0.611099, 0.791553, 0.374726, 8e-06, -0.791554, 0.6111, -0.0, 0.0, 0.0, 0.0, 1.0],
                [1.0, 1.4e-05, 8e-06, 0.0, -1.5e-05, 0.611099, 0.791553, 0.374726, 6e-06, -0.791554, 0.6111, 0.0, 0.0, 0.0, 0.0, 1.0]
            ]
        },
        {
            "name": "Knee_R",
            "time": [0.0, 0.3333],
            "transform": [
                [1.0, 0.0, -0.0, 0.0, -0.0, 0.00567, -0.999984, 0.476253, -0.0, 0.999984, 0.00567, -0.000576, 0.0, 0.0, 0.0, 1.0],
                [1.0, 0.0, -0.0, 0.0, -0.0, 0.00567, -0.999984, 0.414475, -0.0, 0.999984, 0.00567, -0.000225, 0.0, 0.0, 0.0, 1.0]
            ]
        },
        {
            "name": "Thigh_L",
            "time": [0.0, 0.0167, 0.0333, 0.05, 0.0667, 0.0833, 0.1, 0.1167, 0.1333, 0.15, 0.1667, 0.1833, 0.2, 0.2167, 0.2333, 0.25, 0.2667, 0.2833, 0.3, 0.3167, 0.3333],
            "transform": [
                [0.999112, -0.027302, 0.032101, -0.125006, -0.026742, -0.999486, -0.017741, -0.002831, 0.032569, 0.016867, -0.999327, -1.2e-05, 0.0, 0.0, 0.0, 1.0],
                [0.999095, -0.026265, 0.033455, -0.125006, -0.026992, -0.999406, 0.021471, -0.002831, 0.032871, -0.022354, -0.99921, -1.2e-05, 0.0, 0.0, 0.0, 1.0],
                [0.999054, -0.024241, 0.036117, -0.125006, -0.027605, -0.995024, 0.095749, -0.002831, 0.033616, -0.096656, -0.99475, -1.2e-05, 0.0, 0.0, 0.0, 1.0],
                [0.999, -0.02228, 0.038761, -0.125006, -0.028374, -0.985961, 0.164557, -0.002831, 0.034551, -0.165492, -0.985606, -1.2e-05, 0.0, 0.0, 0.0, 1.0],
                [0.998952, -0.020858, 0.040747, -0.125006, -0.029052, -0.976789, 0.21223, -0.002831, 0.035375, -0.213192, -0.97637, -1.2e-05, 0.0, 0.0, 0.0, 1.0],
                [0.99893, -0.020306, 0.04154, -0.125006, -0.029345, -0.9727, 0.230206, -0.002831, 0.035732, -0.231179, -0.972255, -1.2e-05, 0.0, 0.0, 0.0, 1.0],
                [0.998943, -0.020616, 0.041092, -0.125006, -0.029178, -0.975035, 0.220129, -0.002831, 0.035528, -0.221095, -0.974605, -1.2e-05, 0.0, 0.0, 0.0, 1.0],
                [0.998973, -0.021452, 0.039907, -0.125006, -0.028754, -0.980872, 0.192525, -0.002831, 0.035013, -0.193475, -0.98048, -1.2e-05, 0.0, 0.0, 0.0, 1.0],
                [0.999013, -0.022697, 0.038191, -0.125006, -0.028195, -0.988253, 0.150209, -0.002831, 0.034333, -0.151137, -0.987916, -1.2e-05, 0.0, 0.0, 0.0, 1.0],
                [0.999053, -0.024229, 0.036133, -0.125006, -0.027609, -0.994982, 0.096181, -0.002831, 0.033621, -0.097088, -0.994708, -1.2e-05, 0.0, 0.0, 0.0, 1.0],
                [0.999088, -0.025891, 0.033945, -0.125006, -0.027092, -0.999006, 0.035432, -0.002831, 0.032994, -0.036319, -0.998796, -1.2e-05, 0.0, 0.0, 0.0, 1.0],
                [0.999113, -0.027376, 0.032004, -0.125006, -0.026726, -0.999432, -0.020563, -0.002831, 0.032549, 0.01969, -0.999276, -1.2e-05, 0.0, 0.0, 0.0, 1.0],
                [0.999122, -0.028061, 0.031111, -0.125006, -0.026587, -0.99855, -0.046832, -0.002831, 0.03238, 0.045964, -0.998419, -1.2e-05, 0.0, 0.0, 0.0, 1.0],
                [0.994595, -0.010072, 0.103342, -0.122405, -0.010393, -0.999944, 0.002573, -0.002831, 0.10331, -0.003633, -0.994643, -0.007289, 0.0, 0.0, 0.0, 1.0],
                [0.960836, 0.044255, 0.273561, -0.115903, 0.014201, -0.993733, 0.110882, -0.002831, 0.276753, -0.102654, -0.955442, -0.025483, 0.0, 0.0, 0.0, 1.0],
                [0.879875, 0.115962, 0.460839, -0.107449, 0.011606, -0.974725, 0.223113, -0.002831, 0.475063, -0.190963, -0.858981, -0.049135, 0.0, 0.0, 0.0, 1.0],
                [0.777947, 0.171256, 0.604541, -0.098996, -0.023754, -0.953437, 0.30066, -0.002831, 0.62788, -0.248258, -0.737654, -0.072786, 0.0, 0.0, 0.0, 1.0],
                [0.697157, 0.196818, 0.689373, -0.092494, -0.066451, -0.939699, 0.335488, -0.002831, 0.713832, -0.279697, -0.642038, -0.09098, 0.0, 0.0, 0.0, 1.0],
                [0.665665, 0.202411, 0.718276, -0.089893, -0.086072, -0.935264, 0.343327, -0.002831, 0.74127, -0.290365, -0.605151, -0.098257, 0.0, 0.0, 0.0, 1.0],
                [0.665665, 0.202411, 0.718276, -0.089893, -0.086073, -0.935265, 0.343327, -0.002831, 0.74127, -0.290365, -0.605151, -0.098257, 0.0, 0.0, 0.0, 1.0],
                [0.665665, 0.202411, 0.718276, -0.089893, -0.086073, -0.935264, 0.343327, -0.002831, 0.74127, -0.290365, -0.605151, -0.098257, 0.0, 0.0, 0.0, 1.0]
            ]
        },
        {
            "name": "Leg_L",
            "time": [0.0, 0.0167, 0.0333, 0.05, 0.0667, 0.0833, 0.1, 0.1167, 0.1333, 0.15, 0.1667, 0.1833, 0.2, 0.2167, 0.2333, 0.25, 0.2667, 0.2833, 0.3, 0.3167, 0.3333],
            "transform": [
                [1.0, 1e-05, 3e-06, -0.0, -1e-05, 0.884014, 0.467458, 0.374726, 2e-06, -0.467459, 0.884015, -0.0, 0.0, 0.0, 0.0, 1.0],
                [1.0, 1.1e-05, 4e-06, -0.0, -1.2e-05, 0.841354, 0.540483, 0.374726, 3e-06, -0.540484, 0.841355, -0.0, 0.0, 0.0, 0.0, 1.0],
                [1.0, 1.4e-05, 6e-06, -0.0, -1.5e-05, 0.74172, 0.670709, 0.374726, 5e-06, -0.670711, 0.74172, -0.0, 0.0, 0.0, 0.0, 1.0],
                [1.0, 1.6e-05, 9e-06, -0.0, -1.7e-05, 0.62674, 0.779228, 0.374726, 7e-06, -0.77923, 0.62674, -0.0, 0.0, 0.0, 0.0, 1.0],
                [1.0, 1.8e-05, 1.1e-05, 0.0, -1.9e-05, 0.533642, 0.84571, 0.374726, 1e-05, -0.845711, 0.533642, -0.0, 0.0, 0.0, 0.0, 1.0],
                [1.0, 1.9e-05, 1.2e-05, -0.0, -1.9e-05, 0.495522, 0.868595, 0.374726, 1e-05, -0.868596, 0.495522, -0.0, 0.0, 0.0, 0.0, 1.0],
                [1.0, 1.8e-05, 1.1e-05, -0.0, -1.8e-05, 0.517099, 0.855924, 0.374726, 1e-05, -0.855926, 0.5171, -0.0, 0.0, 0.0, 0.0, 1.0],
                [1.0, 1.7e-05, 1e-05, -0.0, -1.8e-05, 0.573513, 0.819195, 0.374726, 9e-06, -0.819197, 0.573514, 0.0, 0.0, 0.0, 0.0, 1.0],
                [1.0, 1.6e-05, 8e-06, 0.0, -1.7e-05, 0.652573, 0.757725, 0.374726, 7e-06, -0.757727, 0.652573, 0.0, 0.0, 0.0, 0.0, 1.0],
                [1.0, 1.4e-05, 6e-06, -0.0, -1.4e-05, 0.741067, 0.671431, 0.374726, 5e-06, -0.671431, 0.741067, -0.0, 0.0, 0.0, 0.0, 1.0],
                [1.0, 1.2e-05, 4e-06, -0.0, -1.2e-05, 0.824518, 0.565835, 0.374726, 3e-06, -0.565836, 0.824518, -0.0, 0.0, 0.0, 0.0, 1.0],
                [1.0, 1e-05, 3e-06, -0.0, -1e-05, 0.886824, 0.462107, 0.374726, 2e-06, -0.462108, 0.886824, -0.0, 0.0, 0.0, 0.0, 1.0],
                [1.0, 9e-06, 3e-06, 0.0, -9e-06, 0.9113, 0.411743, 0.374726, 1e-06, -0.411743, 0.9113, -0.0, 0.0, 0.0, 0.0, 1.0],
                [1.0, 1e-05, 3e-06, -0.0, -1e-05, 0.888172, 0.459511, 0.374726, 2e-06, -0.459512, 0.888172, -0.0, 0.0, 0.0, 0.0, 1.0],
                [1.0, 1.1e-05, 4e-06, 0.0, -1.2e-05, 0.840754, 0.541416, 0.374726, 3e-06, -0.541417, 0.840755, 0.0, 0.0, 0.0, 0.0, 1.0],
                [1.0, 1.3e-05, 5e-06, 0.0, -1.3e-05, 0.801281, 0.598287, 0.374726, 4e-06, -0.598288, 0.801282, 0.0, 0.0, 0.0, 0.0, 1.0],
                [1.0, 1e-05, 4e-06, 0.0, -1.1e-05, 0.786905, 0.617074, 0.374726, 3e-06, -0.617075, 0.786904, -0.0, 0.0, 0.0, 0.0, 1.0],
                [1.0, 1.5e-05, 6e-06, 0.0, -1.6e-05, 0.7929, 0.609351, 0.374726, 5e-06, -0.609353, 0.7929, 0.0, 0.0, 0.0, 0.0, 1.0],
                [1.0, 1.3e-05, 5e-06, -0.0, -1.3e-05, 0.79945, 0.600732, 0.374726, 4e-06, -0.600733, 0.79945, -0.0, 0.0, 0.0, 0.0, 1.0],
                [1.0, 1.5e-05, 6e-06, -0.0, -1.5e-05, 0.79945, 0.600733, 0.374726, 4e-06, -0.600733, 0.79945, 0.0, 0.0, 0.0, 0.0, 1.0],
                [1.0, 1.4e-05, 5e-06, -0.0, -1.4e-05, 0.79945, 0.600732, 0.374726, 4e-06, -0.600733, 0.79945, -0.0, 0.0, 0.0, 0.0, 1.0]
            ]
        },
        {
            "name": "Knee_L",
            "time": [0.0, 0.3333],
            "transform": [
                [1.0, 0.0, -0.0, -0.0, -0.0, 0.00567, -0.999984, 0.374726, -0.0, 0.999984, 0.00567, -0.0, 0.0, 0.0, 0.0, 1.0],
                [1.0, 0.0, -0.0, -0.0, -0.0, 0.00567, -0.999984, 0.386226, -0.0, 0.999984, 0.00567, -6.5e-05, 0.0, 0.0, 0.0, 1.0]
            ]
        },
        {
            "name": "Torso",
            "time": [0.0, 0.0167, 0.0333, 0.05, 0.0667, 0.0833, 0.1, 0.1167, 0.1333, 0.15, 0.1667, 0.1833, 0.2, 0.2167, 0.2333, 0.25, 0.2667, 0.2833, 0.3, 0.3167, 0.3333],
            "transform": [
                [1.0, 0.0, 0.0, 0.0, 0.0, 1.0, 0.0, 0.05, 0.0, 0.0, 1.0, 0.0, 0.0, 0.0, 0.0, 1.0],
                [0.996126, 0.0, 0.087939, 0.0, 0.0, 1.0, 0.0, 0.05, -0.087939, 0.0, 0.996126, 0.0, 0.0, 0.0, 0.0, 1.0],
                [0.954466, 0.0, 0.298318, 0.0, 0.0, 1.0, 0.0, 0.05, -0.298318, 0.0, 0.954466, 0.0, 0.0, 0.0, 0.0, 1.0],
                [0.845689, 0.0, 0.533676, 0.0, 0.0, 1.0, 0.0, 0.05, -0.533676, 0.0, 0.845689, 0.0, 0.0, 0.0, 0.0, 1.0],
                [0.712446, 0.0, 0.701727, 0.0, 0.0, 1.0, 0.0, 0.05, -0.701727, 0.0, 0.712446, 0.0, 0.0, 0.0, 0.0, 1.0],
                [0.647977, 0.0, 0.76166, 0.0, 0.0, 1.0, 0.0, 0.05, -0.76166, 0.0, 0.647977, 0.0, 0.0, 0.0, 0.0, 1.0],
                [0.68228, 0.0, 0.731091, 0.0, 0.0, 1.0, 0.0, 0.05, -0.731091, 0.0, 0.68228, 0.0, 0.0, 0.0, 0.0, 1.0],
                [0.768818, 0.0, 0.639467, 0.0, 0.0, 1.0, 0.0, 0.05, -0.639467, 0.0, 0.768818, 0.0, 0.0, 0.0, 0.0, 1.0],
                [0.875245, 0.0, 0.48368, 0.0, 0.0, 1.0, 0.0, 0.05, -0.48368, 0.0, 0.875245, 0.0, 0.0, 0.0, 0.0, 1.0],
                [0.962703, 0.0, 0.27056, 0.0, 0.0, 1.0, 0.0, 0.05, -0.27056, 0.0, 0.962703, 0.0, 0.0, 0.0, 0.0, 1.0],
                [0.999634, 0.0, 0.02706, 0.0, 0.0, 1.0, 0.0, 0.05, -0.02706, 0.0, 0.999634, 0.0, 0.0, 0.0, 0.0, 1.0],
                [0.978301, 0.0, -0.20719, 0.0, 0.0, 1.0, 0.0, 0.05, 0.20719, 0.0, 0.978301, 0.0, 0.0, 0.0, 0.0, 1.0],
                [0.91691, 0.0, -0.399095, 0.0, 0.0, 1.0, 0.0, 0.05, 0.399095, 0.0, 0.91691, 0.0, 0.0, 0.0, 0.0, 1.0],
                [0.843428, -0.003621, -0.53723, 0.0, 0.003031, 0.999994, -0.001981, 0.05, 0.537234, 4.3e-05, 0.843433, 0.0, 0.0, 0.0, 0.0, 1.0],
                [0.774058, -0.012598, -0.632989, 0.0, 0.010131, 0.999921, -0.007512, 0.05, 0.633033, -0.000598, 0.774124, 0.0, 0.0, 0.0, 0.0, 1.0],
                [0.715973, -0.024273, -0.697706, 0.0, 0.018929, 0.999703, -0.015356, 0.05, 0.697871, -0.002213, 0.71622, 0.0, 0.0, 0.0, 0.0, 1.0],
                [0.672738, -0.036073, -0.739001, 0.0, 0.027523, 0.99934, -0.023725, 0.05, 0.739369, -0.004379, 0.673286, 0.0, 0.0, 0.0, 0.0, 1.0],
                [0.646294, -0.0453, -0.761743, 0.0, 0.034117, 0.998954, -0.030461, 0.05, 0.762326, -0.006301, 0.647163, 0.0, 0.0, 0.0, 0.0, 1.0],
                [0.637494, -0.049048, -0.768892, 0.0, 0.036781, 0.998771, -0.033216, 0.05, 0.769577, -0.007106, 0.638515, 0.0, 0.0, 0.0, 0.0, 1.0],
                [0.637495, -0.049048, -0.768892, 0.0, 0.036781, 0.998771, -0.033216, 0.05, 0.769577, -0.007106, 0.638515, 0.0, 0.0, 0.0, 0.0, 1.0],
                [0.637495, -0.049048, -0.768892, 0.0, 0.036781, 0.998771, -0.033216, 0.05, 0.769576, -0.007106, 0.638515, 0.0, 0.0, 0.0, 0.0, 1.0]
            ]
        },
        {
            "name": "Chest",
            "time": [0.0, 0.0167, 0.0333, 0.05, 0.0667, 0.0833, 0.1, 0.1167, 0.1333, 0.15, 0.1667, 0.1833, 0.2, 0.2167, 0.2333, 0.25, 0.2667, 0.2833, 0.3, 0.3167, 0.3333],
            "transform": [
                [1.0, 0.0, 0.0, 0.0, 0.0, 1.0, 0.0, 0.3, 0.0, 0.0, 1.0, 0.0, 0.0, 0.0, 0.0, 1.0],
                [1.0, 0.0, -0.0, -0.0, 0.0, 1.0, 0.0, 0.3, 0.0, 0.0, 1.0, -0.0, 0.0, 0.0, 0.0, 1.0],
                [1.0, 0.0, 0.0, -0.0, 0.0, 1.0, 0.0, 0.3, 0.0, 0.0, 1.0, -0.0, 0.0, 0.0, 0.0, 1.0],
                [1.0, 0.0, 0.0, -0.0, 0.0, 1.0, 0.0, 0.3, 0.0, 0.0, 1.0, -0.0, 0.0, 0.0, 0.0, 1.0],
                [1.0, 0.0, 0.0, -0.0, 0.0, 1.0, 0.0, 0.3, 0.0, 0.0, 1.0, -0.0, 0.0, 0.0, 0.0, 1.0],
                [1.0, 0.0, -0.0, 0.0, 0.0, 1.0, 0.0, 0.3, 0.0, 0.0, 1.0, -0.0, 0.0, 0.0, 0.0, 1.0],
                [1.0, 0.0, 0.0, -0.0, 0.0, 1.0, 0.0, 0.3, 0.0, 0.0, 1.0, 0.0, 0.0, 0.0, 0.0, 1.0],
                [1.0, 0.0, 0.0, 0.0, 0.0, 1.0, 0.0, 0.3, -0.0, 0.0, 1.0, 0.0, 0.0, 0.0, 0.0, 1.0],
                [1.0, 0.0, 0.0, 0.0, 0.0, 1.0, 0.0, 0.3, 0.0, 0.0, 1.0, -0.0, 0.0, 0.0, 0.0, 1.0],
                [1.0, 0.0, 0.0, -0.0, 0.0, 1.0, 0.0, 0.3, 0.0, 0.0, 1.0, -0.0, 0.0, 0.0, 0.0, 1.0],
                [1.0, 0.0, -0.0, 0.0, 0.0, 1.0, 0.0, 0.3, 0.0, 0.0, 1.0, 0.0, 0.0, 0.0, 0.0, 1.0],
                [1.0, 0.0, 0.0, -0.0, 0.0, 1.0, 0.0, 0.3, 0.0, 0.0, 1.0, -0.0, 0.0, 0.0, 0.0, 1.0],
                [1.0, 0.0, 0.0, -0.0, 0.0, 1.0, 0.0, 0.3, 0.0, 0.0, 1.0, -0.0, 0.0, 0.0, 0.0, 1.0],
                [1.0, -0.0, 0.0, -0.0, 0.0, 1.0, -0.0, 0.3, -0.0, 0.0, 1.0, 0.0, 0.0, 0.0, 0.0, 1.0],
                [1.0, -0.0, -0.0, -0.0, -0.0, 1.0, 0.0, 0.3, -0.0, 0.0, 1.0, -0.0, 0.0, 0.0, 0.0, 1.0],
                [1.0, 0.0, -0.0, -0.0, 0.0, 1.0, -0.0, 0.3, -0.0, 0.0, 1.0, 0.0, 0.0, 0.0, 0.0, 1.0],
                [1.0, 0.0, 0.0, 0.0, 0.0, 1.0, 0.0, 0.3, -0.0, 0.0, 1.0, 0.0, 0.0, 0.0, 0.0, 1.0],
                [1.0, 0.0, -0.0, 0.0, -0.0, 1.0, 0.0, 0.3, 0.0, -0.0, 1.0, -0.0, 0.0, 0.0, 0.0, 1.0],
                [1.0, 0.0, 0.0, 0.0, -0.0, 1.0, 0.0, 0.3, 0.0, 0.0, 1.0, -0.0, 0.0, 0.0, 0.0, 1.0],
                [1.0, 0.0, 0.0, 0.0, -0.0, 1.0, 0.0, 0.3, -0.0, 0.0, 1.0, -0.0, 0.0, 0.0, 0.0, 1.0],
                [1.0, -0.0, -0.0, -0.0, 0.0, 1.0, 0.0, 0.3, 0.0, 0.0, 1.0, 0.0, 0.0, 0.0, 0.0, 1.0]
            ]
        },
        {
            "name": "Head",
            "time": [0.0, 0.0167, 0.0333, 0.05, 0.0667, 0.0833, 0.1, 0.1167, 0.1333, 0.15, 0.1667, 0.1833, 0.2, 0.2167, 0.2333, 0.25, 0.2667, 0.2833, 0.3, 0.3167, 0.3333],
            "transform": [
                [1.0, 0.0, 0.0, 0.0, 0.0, 1.0, 0.0, 0.4, 0.0, 0.0, 1.0, 0.0, 0.0, 0.0, 0.0, 1.0],
                [1.0, 0.0, 0.0, -0.0, 0.0, 1.0, 0.0, 0.4, -0.0, 0.0, 1.0, -0.0, 0.0, 0.0, 0.0, 1.0],
                [1.0, 0.0, 0.0, -0.0, 0.0, 1.0, 0.0, 0.4, 0.0, 0.0, 1.0, -0.0, 0.0, 0.0, 0.0, 1.0],
                [1.0, 0.0, 0.0, -0.0, 0.0, 1.0, 0.0, 0.4, 0.0, 0.0, 1.0, 0.0, 0.0, 0.0, 0.0, 1.0],
                [1.0, 0.0, 0.0, -0.0, 0.0, 1.0, 0.0, 0.4, 0.0, 0.0, 1.0, -0.0, 0.0, 0.0, 0.0, 1.0],
                [1.0, 0.0, 0.0, 0.0, 0.0, 1.0, 0.0, 0.4, 0.0, 0.0, 1.0, -0.0, 0.0, 0.0, 0.0, 1.0],
                [1.0, 0.0, 0.0, -0.0, 0.0, 1.0, 0.0, 0.4, 0.0, 0.0, 1.0, -0.0, 0.0, 0.0, 0.0, 1.0],
                [1.0, 0.0, -0.0, -0.0, 0.0, 1.0, 0.0, 0.4, 0.0, 0.0, 1.0, -0.0, 0.0, 0.0, 0.0, 1.0],
                [1.0, 0.0, 0.0, 0.0, 0.0, 1.0, 0.0, 0.4, 0.0, 0.0, 1.0, -0.0, 0.0, 0.0, 0.0, 1.0],
                [1.0, 0.0, 0.0, -0.0, 0.0, 1.0, 0.0, 0.4, 0.0, 0.0, 1.0, -0.0, 0.0, 0.0, 0.0, 1.0],
                [1.0, 0.0, 0.0, 0.0, 0.0, 1.0, 0.0, 0.4, 0.0, 0.0, 1.0, 0.0, 0.0, 0.0, 0.0, 1.0],
                [1.0, 0.0, 0.0, -0.0, 0.0, 1.0, 0.0, 0.4, 0.0, 0.0, 1.0, -0.0, 0.0, 0.0, 0.0, 1.0],
                [1.0, 0.0, 0.0, -0.0, 0.0, 1.0, 0.0, 0.4, 0.0, 0.0, 1.0, -0.0, 0.0, 0.0, 0.0, 1.0],
                [1.0, 0.0, 0.0, -0.0, 0.0, 1.0, -0.0, 0.4, -0.0, 0.0, 1.0, 0.0, 0.0, 0.0, 0.0, 1.0],
                [1.0, -0.0, -0.0, -0.0, -0.0, 1.0, 0.0, 0.4, 0.0, 0.0, 1.0, -0.0, 0.0, 0.0, 0.0, 1.0],
                [1.0, 0.0, -0.0, 0.0, 0.0, 1.0, -0.0, 0.4, -0.0, 0.0, 1.0, 0.0, 0.0, 0.0, 0.0, 1.0],
                [1.0, -0.0, 0.0, -0.0, 0.0, 1.0, 0.0, 0.4, -0.0, -0.0, 1.0, 0.0, 0.0, 0.0, 0.0, 1.0],
                [1.0, -0.0, 0.0, 0.0, 0.0, 1.0, -0.0, 0.4, 0.0, 0.0, 1.0, 0.0, 0.0, 0.0, 0.0, 1.0],
                [1.0, -0.0, -0.0, 0.0, 0.0, 1.0, -0.0, 0.4, 0.0, -0.0, 1.0, -0.0, 0.0, 0.0, 0.0, 1.0],
                [1.0, -0.0, 0.0, 0.0, -0.0, 1.0, 0.0, 0.4, 0.0, -0.0, 1.0, -0.0, 0.0, 0.0, 0.0, 1.0],
                [1.0, -0.0, 0.0, -0.0, -0.0, 1.0, -0.0, 0.4, 0.0, 0.0, 1.0, 0.0, 0.0, 0.0, 0.0, 1.0]
            ]
        },
        {
            "name": "Shoulder_R",
            "time": [0.0, 0.0167, 0.0333, 0.05, 0.0667, 0.0833, 0.1, 0.1167, 0.1333, 0.15, 0.1667, 0.1833, 0.2, 0.2167, 0.2333, 0.25, 0.2667, 0.2833, 0.3, 0.3167, 0.3333],
            "transform": [
                [0.0, 0.952114, 0.305743, -0.0, 0.0, -0.305743, 0.952114, 0.4, 1.0, -0.0, -0.0, -0.0, 0.0, 0.0, 0.0, 1.0],
                [0.0, 0.952114, 0.305743, 0.0, 0.0, -0.305743, 0.952114, 0.4, 1.0, 0.0, -0.0, -0.0, 0.0, 0.0, 0.0, 1.0],
                [0.0, 0.952114, 0.305743, -0.0, 0.0, -0.305743, 0.952114, 0.4, 1.0, 0.0, -0.0, 0.0, 0.0, 0.0, 0.0, 1.0],
                [0.0, 0.952114, 0.305743, 0.0, 0.0, -0.305743, 0.952114, 0.4, 1.0, 0.0, -0.0, -0.0, 0.0, 0.0, 0.0, 1.0],
                [0.0, 0.952114, 0.305743, 0.0, 0.0, -0.305743, 0.952114, 0.4, 1.0, 0.0, -0.0, 0.0, 0.0, 0.0, 0.0, 1.0],
                [0.0, 0.952114, 0.305743, -0.0, 0.0, -0.305743, 0.952114, 0.4, 1.0, 0.0, -0.0, -0.0, 0.0, 0.0, 0.0, 1.0],
                [0.0, 0.952114, 0.305743, -0.0, 0.0, -0.305743, 0.952114, 0.4, 1.0, 0.0, -0.0, 0.0, 0.0, 0.0, 0.0, 1.0],
                [0.0, 0.952114, 0.305743, -0.0, 0.0, -0.305743, 0.952114, 0.4, 1.0, 0.0, -0.0, 0.0, 0.0, 0.0, 0.0, 1.0],
                [0.0, 0.952114, 0.305743, 0.0, 0.0, -0.305743, 0.952114, 0.4, 1.0, -0.0, -0.0, 0.0, 0.0, 0.0, 0.0, 1.0],
                [0.0, 0.952114, 0.305743, 0.0, 0.0, -0.305743, 0.952114, 0.4, 1.0, 0.0, -0.0, -0.0, 0.0, 0.0, 0.0, 1.0],
                [0.0, 0.952114, 0.305743, -0.0, 0.0, -0.305743, 0.952114, 0.4, 1.0, -0.0, -0.0, 0.0, 0.0, 0.0, 0.0, 1.0],
                [0.0, 0.952114, 0.305743, 0.0, 0.0, -0.305743, 0.952114, 0.4, 1.0, 0.0, -0.0, -0.0, 0.0, 0.0, 0.0, 1.0],
                [0.0, 0.952114, 0.305743, -0.0, 0.0, -0.305743, 0.952114, 0.4, 1.0, 0.0, -0.0, -0.0, 0.0, 0.0, 0.0, 1.0],
                [0.0, 0.952114, 0.305743, -0.0, 0.0, -0.305743, 0.952114, 0.4, 1.0, -0.0, -0.0, -0.0, 0.0, 0.0, 0.0, 1.0],
                [0.0, 0.952114, 0.305743, 0.0, 0.0, -0.305743, 0.952114, 0.4, 1.0, -0.0, -0.0, -0.0, 0.0, 0.0, 0.0, 1.0],
                [0.0, 0.952114, 0.305743, 0.0, 0.0, -0.305743, 0.952114, 0.4, 1.0, -0.0, -0.0, -0.0, 0.0, 0.0, 0.0, 1.0],
                [0.0, 0.952114, 0.305743, -0.0, 0.0, -0.305743, 0.952114, 0.4, 1.0, -0.0, -0.0, -0.0, 0.0, 0.0, 0.0, 1.0],
                [0.0, 0.952114, 0.305743, -0.0, 0.0, -0.305743, 0.952114, 0.4, 1.0, -0.0, -0.0, -0.0, 0.0, 0.0, 0.0, 1.0],
                [0.0, 0.952114, 0.305743, 0.0, 0.0, -0.305743, 0.952114, 0.4, 1.0, 0.0, -0.0, 0.0, 0.0, 0.0, 0.0, 1.0],
                [0.0, 0.952114, 0.305743, 0.0, 0.0, -0.305743, 0.952114, 0.4, 1.0, 0.0, -0.0, 0.0, 0.0, 0.0, 0.0, 1.0],
                [0.0, 0.952114, 0.305743, 0.0, 0.0, -0.305743, 0.952114, 0.4, 1.0, 0.0, -0.0, 0.0, 0.0, 0.0, 0.0, 1.0]
            ]
        },
        {
            "name": "Arm_R",
            "time": [0.0, 0.0167, 0.0333, 0.05, 0.0667, 0.0833, 0.1, 0.1167, 0.1333, 0.15, 0.1667, 0.1833, 0.2, 0.2167, 0.2333, 0.25, 0.2667, 0.2833, 0.3, 0.3167, 0.3333],
            "transform": [
                [0.576874, 0.133711, -0.805815, -0.0, 0.701037, 0.425286, 0.572434, 0.393861, 0.419242, -0.895128, 0.1516, -0.0, 0.0, 0.0, 0.0, 1.0],
                [0.252665, 0.191128, -0.948489, -0.0, 0.902219, 0.307579, 0.302319, 0.39386, 0.349516, -0.93213, -0.094725, 0.0, 0.0, 0.0, 0.0, 1.0],
                [-0.499207, -0.325891, -0.802863, -0.0, 0.679532, 0.427654, -0.596111, 0.393861, 0.537614, -0.843153, 0.007965, -0.0, 0.0, 0.0, 0.0, 1.0],
                [-0.511768, -0.855232, -0.081691, -0.0, 0.01704, 0.084964, -0.996239, 0.393861, 0.858955, -0.511235, -0.028909, -0.0, 0.0, 0.0, 0.0, 1.0],
                [-0.324027, -0.877522, 0.3535, -0.0, -0.270758, -0.272011, -0.923418, 0.39386, 0.906476, -0.394925, -0.149457, 0.0, 0.0, 0.0, 0.0, 1.0],
                [-0.233982, -0.73688, 0.634239, -0.0, -0.307454, -0.562791, -0.767294, 0.393861, 0.922348, -0.374532, -0.094874, -0.0, 0.0, 0.0, 0.0, 1.0],
                [-0.224454, -0.817055, 0.531075, -0.0, -0.333515, -0.447661, -0.82968, 0.393861, 0.915635, -0.363347, -0.172021, 0.0, 0.0, 0.0, 0.0, 1.0],
                [-0.223371, -0.930128, 0.291492, 0.0, -0.333626, -0.208031, -0.919466, 0.393861, 0.91586, -0.302632, -0.263847, -0.0, 0.0, 0.0, 0.0, 1.0],
                [-0.14536, -0.968373, 0.202789, -0.0, -0.196767, -0.172576, -0.965143, 0.39386, 0.969615, -0.180196, -0.165458, -0.0, 0.0, 0.0, 0.0, 1.0],
                [0.034921, -0.809434, -0.586171, -0.0, -0.181647, 0.571618, -0.800161, 0.39386, 0.982744, 0.134419, -0.12707, 0.0, 0.0, 0.0, 0.0, 1.0],
                [0.029309, -0.695759, -0.717677, -0.0, -0.17382, 0.703499, -0.689113, 0.39386, 0.984341, 0.144944, -0.100319, -0.0, 0.0, 0.0, 0.0, 1.0],
                [-0.022137, -0.790748, -0.611742, -0.0, -0.117001, 0.609736, -0.783922, 0.393861, 0.992885, 0.054221, -0.106017, 0.0, 0.0, 0.0, 0.0, 1.0],
                [-0.072681, -0.720542, -0.689592, -0.0, -0.106521, 0.693074, -0.712953, 0.39386, 0.99165, 0.021637, -0.127126, -0.0, 0.0, 0.0, 0.0, 1.0],
                [-0.093336, -0.479773, -0.872415, -0.0, -0.116437, 0.875487, -0.469005, 0.39386, 0.988803, 0.057806, -0.137578, 0.0, 0.0, 0.0, 0.0, 1.0],
                [-0.09923, -0.368516, -0.92431, 0.0, -0.107199, 0.927448, -0.358258, 0.393861, 0.989273, 0.063535, -0.131536, 0.0, 0.0, 0.0, 0.0, 1.0],
                [-0.093503, -0.315748, -0.944225, -0.0, -0.088268, 0.947275, -0.308026, 0.39386, 0.991699, 0.054544, -0.116443, 0.0, 0.0, 0.0, 0.0, 1.0],
                [-0.082519, -0.287321, -0.954273, -0.0, -0.067954, 0.956933, -0.282245, 0.393861, 0.99427, 0.041556, -0.09849, 0.0, 0.0, 0.0, 0.0, 1.0],
                [-0.073159, -0.260806, -0.962616, 0.0, -0.052272, 0.964878, -0.257446, 0.393861, 0.99595, 0.031484, -0.084222, 0.0, 0.0, 0.0, 0.0, 1.0],
                [-0.069459, -0.243243, -0.967476, -0.0, -0.045816, 0.969572, -0.240481, 0.39386, 0.996532, 0.027622, -0.07849, -0.0, 0.0, 0.0, 0.0, 1.0],
                [-0.069459, -0.243242, -0.967475, -0.0, -0.045816, 0.969572, -0.24048, 0.39386, 0.996532, 0.027622, -0.07849, -0.0, 0.0, 0.0, 0.0, 1.0],
                [-0.069459, -0.243242, -0.967476, 0.0, -0.045816, 0.969573, -0.240479, 0.39386, 0.996532, 0.027622, -0.07849, -0.0, 0.0, 0.0, 0.0, 1.0]
            ]
        },
        {
            "name": "Hand_R",
            "time": [0.0, 0.0167, 0.0333, 0.05, 0.0667, 0.0833, 0.1, 0.1167, 0.1333, 0.15, 0.1667, 0.1833, 0.2, 0.2167, 0.2333, 0.25, 0.2667, 0.2833, 0.3, 0.3167, 0.3333],
            "transform": [
                [1.0, -1e-06, 0.0, -0.0, 1e-06, 0.914502, -0.404582, 0.300003, 0.0, 0.404582, 0.914502, 0.0, 0.0, 0.0, 0.0, 1.0],
                [1.0, -3e-06, 1e-06, -0.0, 3e-06, 0.61267, -0.790339, 0.300002, 1e-06, 0.790339, 0.61267, -0.0, 0.0, 0.0, 0.0, 1.0],
                [1.0, -3e-06, 2e-06, 0.0, 3e-06, 0.596218, -0.802823, 0.300003, 1e-06, 0.802823, 0.596218, -0.0, 0.0, 0.0, 0.0, 1.0],
                [1.0, -1e-06, 0.0, -0.0, 1e-06, 0.950151, -0.311788, 0.300003, 0.0, 0.311788, 0.950151, 0.0, 0.0, 0.0, 0.0, 1.0],
                [1.0, -1e-06, 0.0, 0.0, 1e-06, 0.973314, -0.229479, 0.300002, 0.0, 0.229479, 0.973313, 0.0, 0.0, 0.0, 0.0, 1.0],
                [1.0, -0.0, 0.0, -0.0, 0.0, 0.999999, -0.000994, 0.300003, -0.0, 0.000994, 1.0, 0.0, 0.0, 0.0, 0.0, 1.0],
                [1.0, -1e-06, 0.0, 0.0, 1e-06, 0.959452, -0.281874, 0.300003, 0.0, 0.281874, 0.959452, 0.0, 0.0, 0.0, 0.0, 1.0],
                [1.0, -2e-06, 1e-06, -0.0, 2e-06, 0.785306, -0.619108, 0.300003, 1e-06, 0.619108, 0.785306, 0.0, 0.0, 0.0, 0.0, 1.0],
                [1.0, -2e-06, 0.0, -0.0, 2e-06, 0.907339, -0.4204, 0.300003, 0.0, 0.4204, 0.907339, -0.0, 0.0, 0.0, 0.0, 1.0],
                [1.0, -3e-06, 2e-06, -0.0, 3e-06, 0.418517, -0.90821, 0.300003, 2e-06, 0.908209, 0.418517, -0.0, 0.0, 0.0, 0.0, 1.0],
                [1.0, -2e-06, 1e-06, -0.0, 2e-06, 0.787806, -0.615924, 0.300003, 1e-06, 0.615924, 0.787806, -0.0, 0.0, 0.0, 0.0, 1.0],
                [1.0, 0.0, 0.0, -0.0, 0.0, 1.0, -0.000993, 0.300003, -0.0, 0.000993, 1.0, -0.0, 0.0, 0.0, 0.0, 1.0],
                [1.0, -0.0, 0.0, 0.0, -0.0, 0.999999, -0.000993, 0.300003, -0.0, 0.000993, 0.999999, 0.0, 0.0, 0.0, 0.0, 1.0],
                [1.000001, -2e-06, 0.0, -0.0, 2e-06, 0.90337, -0.428864, 0.300003, 0.0, 0.428864, 0.90337, 0.0, 0.0, 0.0, 0.0, 1.0],
                [1.0, -2e-06, 0.0, -0.0, 2e-06, 0.877802, -0.479025, 0.300003, 0.0, 0.479025, 0.877802, -0.0, 0.0, 0.0, 0.0, 1.0],
                [1.0, -1e-06, 0.0, -0.0, 1e-06, 0.902615, -0.430449, 0.300003, 0.0, 0.430449, 0.902615, 0.0, 0.0, 0.0, 0.0, 1.0],
                [1.0, -1e-06, 0.0, 0.0, 1e-06, 0.929892, -0.367834, 0.300003, 0.0, 0.367834, 0.929891, -0.0, 0.0, 0.0, 0.0, 1.0],
                [1.0, -1e-06, 0.0, -0.0, 1e-06, 0.93919, -0.343399, 0.300003, 0.0, 0.343399, 0.93919, 0.0, 0.0, 0.0, 0.0, 1.0],
                [1.0, -1e-06, 0.0, -0.0, 1e-06, 0.936443, -0.350819, 0.300003, 0.0, 0.350819, 0.936443, 0.0, 0.0, 0.0, 0.0, 1.0],
                [1.0, -1e-06, 0.0, -0.0, 1e-06, 0.936443, -0.35082, 0.300003, 0.0, 0.35082, 0.936443, 0.0, 0.0, 0.0, 0.0, 1.0],
                [1.0, -1e-06, 0.0, -0.0, 1e-06, 0.936442, -0.350821, 0.300003, 0.0, 0.350821, 0.936442, -0.0, 0.0, 0.0, 0.0, 1.0]
            ]
        },
        {
            "name": "Tool_R",
            "time": [0.0, 0.0167, 0.0333, 0.05, 0.0667, 0.0833, 0.1, 0.1167, 0.1333, 0.15, 0.1667, 0.1833, 0.2, 0.2167, 0.2333, 0.25, 0.2667, 0.2833, 0.3, 0.3167, 0.3333],
            "transform": [
                [0.990592, -0.090904, 0.102293, 0.043768, 0.025692, -0.610663, -0.791474, 0.098127, 0.134415, 0.786656, -0.602583, -0.098064, 0.0, 0.0, 0.0, 1.0],
                [0.990592, -0.090904, 0.102293, 0.043768, 0.025692, -0.610664, -0.791474, 0.098127, 0.134415, 0.786656, -0.602583, -0.098064, 0.0, 0.0, 0.0, 1.0],
                [0.990592, -0.090904, 0.102293, 0.043768, 0.025692, -0.610663, -0.791474, 0.098127, 0.134415, 0.786656, -0.602583, -0.098064, 0.0, 0.0, 0.0, 1.0],
                [0.990592, -0.090904, 0.102293, 0.043768, 0.025692, -0.610664, -0.791474, 0.098127, 0.134415, 0.786656, -0.602583, -0.098064, 0.0, 0.0, 0.0, 1.0],
                [0.990592, -0.090904, 0.102293, 0.043768, 0.025692, -0.610663, -0.791474, 0.098127, 0.134415, 0.786656, -0.602583, -0.098064, 0.0, 0.0, 0.0, 1.0],
                [0.990592, -0.090904, 0.102293, 0.043768, 0.025692, -0.610663, -0.791474, 0.098127, 0.134415, 0.786656, -0.602583, -0.098064, 0.0, 0.0, 0.0, 1.0],
                [0.990592, -0.090904, 0.102293, 0.043768, 0.025692, -0.610663, -0.791474, 0.098127, 0.134415, 0.786656, -0.602583, -0.098064, 0.0, 0.0, 0.0, 1.0],
                [0.990592, -0.090904, 0.102293, 0.043768, 0.025692, -0.610663, -0.791474, 0.098127, 0.134415, 0.786656, -0.602583, -0.098064, 0.0, 0.0, 0.0, 1.0],
                [0.990592, -0.090904, 0.102293, 0.043768, 0.025692, -0.610663, -0.791474, 0.098127, 0.134415, 0.786656, -0.602583, -0.098064, 0.0, 0.0, 0.0, 1.0],
                [0.990592, -0.090904, 0.102293, 0.043768, 0.025692, -0.610664, -0.791474, 0.098127, 0.134415, 0.786656, -0.602583, -0.098064, 0.0, 0.0, 0.0, 1.0],
                [0.990592, -0.090904, 0.102293, 0.043768, 0.025692, -0.610663, -0.791474, 0.098127, 0.134415, 0.786656, -0.602583, -0.098064, 0.0, 0.0, 0.0, 1.0],
                [0.990592, -0.090904, 0.102293, 0.043768, 0.025692, -0.610663, -0.791474, 0.098127, 0.134415, 0.786656, -0.602583, -0.098064, 0.0, 0.0, 0.0, 1.0],
                [0.990592, -0.090904, 0.102293, 0.043768, 0.025692, -0.610663, -0.791474, 0.098127, 0.134415, 0.786656, -0.602583, -0.098064, 0.0, 0.0, 0.0, 1.0],
                [0.990592, -0.090904, 0.102293, 0.043768, 0.025692, -0.610664, -0.791474, 0.098127, 0.134415, 0.786656, -0.602583, -0.098064, 0.0, 0.0, 0.0, 1.0],
                [0.990592, -0.090904, 0.102293, 0.043768, 0.025692, -0.610663, -0.791474, 0.098127, 0.134415, 0.786656, -0.602583, -0.098064, 0.0, 0.0, 0.0, 1.0],
                [0.990592, -0.090904, 0.102293, 0.043768, 0.025692, -0.610663, -0.791474, 0.098127, 0.134415, 0.786656, -0.602583, -0.098064, 0.0, 0.0, 0.0, 1.0],
                [0.990592, -0.090904, 0.102293, 0.043768, 0.025692, -0.610663, -0.791474, 0.098127, 0.134415, 0.786656, -0.602583, -0.098064, 0.0, 0.0, 0.0, 1.0],
                [0.990592, -0.090904, 0.102293, 0.043768, 0.025692, -0.610663, -0.791474, 0.098127, 0.134415, 0.786656, -0.602583, -0.098064, 0.0, 0.0, 0.0, 1.0],
                [0.990592, -0.090904, 0.102293, 0.043768, 0.025692, -0.610663, -0.791474, 0.098127, 0.134415, 0.786656, -0.602583, -0.098064, 0.0, 0.0, 0.0, 1.0],
                [0.990592, -0.090904, 0.102293, 0.043768, 0.025692, -0.610663, -0.791474, 0.098127, 0.134415, 0.786656, -0.602583, -0.098064, 0.0, 0.0, 0.0, 1.0],
                [0.990592, -0.090904, 0.102293, 0.043768, 0.025692, -0.610663, -0.791474, 0.098127, 0.134415, 0.786656, -0.602583, -0.098064, 0.0, 0.0, 0.0, 1.0]
            ]
        },
        {
            "name": "Elbow_R",
            "time": [0.0, 0.3333],
            "transform": [
                [-1.0, 0.0, -0.0, -0.0, 0.0, 0.003946, -0.999992, 0.338231, -0.0, -0.999992, -0.003946, -0.001101, 0.0, 0.0, 0.0, 1.0],
                [-1.0, 0.0, -0.0, 0.0, 0.0, 0.003946, -0.999992, 0.332789, -0.0, -0.999992, -0.003946, -0.001123, 0.0, 0.0, 0.0, 1.0]
            ]
        },
        {
            "name": "Shoulder_L",
            "time": [0.0, 0.0167, 0.0333, 0.05, 0.0667, 0.0833, 0.1, 0.1167, 0.1333, 0.15, 0.1667, 0.1833, 0.2, 0.2167, 0.2333, 0.25, 0.2667, 0.2833, 0.3, 0.3167, 0.3333],
            "transform": [
                [-0.0, -0.952114, -0.305743, -0.0, 0.0, -0.305743, 0.952114, 0.4, -1.0, -0.0, 0.0, 0.0, 0.0, 0.0, 0.0, 1.0],
                [-0.0, -0.952114, -0.305743, -0.0, 0.0, -0.305743, 0.952114, 0.4, -1.0, 0.0, 0.0, 0.0, 0.0, 0.0, 0.0, 1.0],
                [-0.0, -0.952114, -0.305743, -0.0, 0.0, -0.305743, 0.952114, 0.4, -1.0, 0.0, 0.0, -0.0, 0.0, 0.0, 0.0, 1.0],
                [0.0, -0.952114, -0.305743, -0.0, 0.0, -0.305743, 0.952114, 0.4, -1.0, -0.0, 0.0, 0.0, 0.0, 0.0, 0.0, 1.0],
                [0.0, -0.952114, -0.305743, -0.0, 0.0, -0.305743, 0.952114, 0.4, -1.0, -0.0, 0.0, -0.0, 0.0, 0.0, 0.0, 1.0],
                [-0.0, -0.952114, -0.305743, -0.0, 0.0, -0.305743, 0.952114, 0.4, -1.0, 0.0, 0.0, 0.0, 0.0, 0.0, 0.0, 1.0],
                [0.0, -0.952114, -0.305743, -0.0, 0.0, -0.305743, 0.952114, 0.4, -1.0, -0.0, 0.0, 0.0, 0.0, 0.0, 0.0, 1.0],
                [0.0, -0.952114, -0.305743, -0.0, 0.0, -0.305743, 0.952114, 0.4, -1.0, -0.0, 0.0, -0.0, 0.0, 0.0, 0.0, 1.0],
                [-0.0, -0.952114, -0.305743, -0.0, 0.0, -0.305743, 0.952114, 0.4, -1.0, 0.0, 0.0, 0.0, 0.0, 0.0, 0.0, 1.0],
                [-0.0, -0.952114, -0.305743, -0.0, 0.0, -0.305743, 0.952114, 0.4, -1.0, 0.0, 0.0, 0.0, 0.0, 0.0, 0.0, 1.0],
                [-0.0, -0.952114, -0.305743, -0.0, 0.0, -0.305743, 0.952114, 0.4, -1.0, 0.0, 0.0, 0.0, 0.0, 0.0, 0.0, 1.0],
                [-0.0, -0.952114, -0.305743, -0.0, 0.0, -0.305743, 0.952114, 0.4, -1.0, 0.0, 0.0, -0.0, 0.0, 0.0, 0.0, 1.0],
                [-0.0, -0.952114, -0.305743, -0.0, 0.0, -0.305743, 0.952114, 0.4, -1.0, 0.0, 0.0, 0.0, 0.0, 0.0, 0.0, 1.0],
                [-0.0, -0.952114, -0.305743, -0.0, 0.0, -0.305743, 0.952114, 0.4, -1.0, 0.0, 0.0, 0.0, 0.0, 0.0, 0.0, 1.0],
