{
    "animation": [
        {
            "name": "Root",
            "time": [0.0, 0.0167, 0.0333, 0.05, 0.0667, 0.0833, 0.1, 0.1167, 0.1333, 0.15, 0.1667, 0.1833, 0.2, 0.2167, 0.2333, 0.25, 0.2667, 0.2833, 0.3, 0.3167, 0.3333],
            "transform": [
                [1.0, 0.0, 0.0, -5e-06, 0.0, 0.0, -1.0, -0.017228, 0.0, 1.0, 0.0, 0.763972, 0.0, 0.0, 0.0, 1.0],
                [1.0, 0.0, 0.0, -5e-06, 0.0, 0.0, -1.0, 0.008604, 0.0, 1.0, 0.0, 0.763972, 0.0, 0.0, 0.0, 1.0],
                [1.0, 0.0, 0.0, -5e-06, 0.0, 0.0, -1.0, 0.077831, 0.0, 1.0, 0.0, 0.763972, 0.0, 0.0, 0.0, 1.0],
                [1.0, 0.0, 0.0, -5e-06, 0.0, 0.0, -1.0, 0.178057, 0.0, 1.0, 0.0, 0.763972, 0.0, 0.0, 0.0, 1.0],
                [1.0, 0.0, 0.0, -5e-06, 0.0, 0.0, -1.0, 0.296881, 0.0, 1.0, 0.0, 0.763972, 0.0, 0.0, 0.0, 1.0],
                [1.0, 0.0, 0.0, -5e-06, 0.0, 0.0, -1.0, 0.421904, 0.0, 1.0, 0.0, 0.763972, 0.0, 0.0, 0.0, 1.0],
                [1.0, 0.0, 0.0, -5e-06, 0.0, 0.0, -1.0, 0.540728, 0.0, 1.0, 0.0, 0.763972, 0.0, 0.0, 0.0, 1.0],
                [1.0, 0.0, 0.0, -5e-06, 0.0, 0.0, -1.0, 0.640953, 0.0, 1.0, 0.0, 0.763972, 0.0, 0.0, 0.0, 1.0],
                [1.0, 0.0, 0.0, -5e-06, 0.0, 0.0, -1.0, 0.710181, 0.0, 1.0, 0.0, 0.763972, 0.0, 0.0, 0.0, 1.0],
                [1.0, 0.0, 0.0, -5e-06, 0.0, 0.0, -1.0, 0.736012, 0.0, 1.0, 0.0, 0.763972, 0.0, 0.0, 0.0, 1.0],
                [1.0, 0.0, 0.0, -5e-06, 0.0, 0.0, -1.0, 0.736012, 0.0, 1.0, 0.0, 0.763972, 0.0, 0.0, 0.0, 1.0],
                [1.0, 0.0, 0.0, -5e-06, 0.0, 0.0, -1.0, 0.736012, 0.0, 1.0, 0.0, 0.763972, 0.0, 0.0, 0.0, 1.0],
                [1.0, 0.0, 0.0, -5e-06, 0.0, 0.0, -1.0, 0.736012, 0.0, 1.0, 0.0, 0.763972, 0.0, 0.0, 0.0, 1.0],
                [1.0, 0.0, 0.0, -5e-06, 0.0, 0.0, -1.0, 0.736012, 0.0, 1.0, 0.0, 0.763972, 0.0, 0.0, 0.0, 1.0],
                [1.0, 0.0, 0.0, -5e-06, 0.0, 0.0, -1.0, 0.736012, 0.0, 1.0, 0.0, 0.763972, 0.0, 0.0, 0.0, 1.0],
                [1.0, 0.0, 0.0, -5e-06, 0.0, 0.0, -1.0, 0.736012, 0.0, 1.0, 0.0, 0.763972, 0.0, 0.0, 0.0, 1.0],
                [1.0, 0.0, 0.0, -5e-06, 0.0, 0.0, -1.0, 0.736012, 0.0, 1.0, 0.0, 0.763972, 0.0, 0.0, 0.0, 1.0],
                [1.0, 0.0, 0.0, -5e-06, 0.0, 0.0, -1.0, 0.736012, 0.0, 1.0, 0.0, 0.763972, 0.0, 0.0, 0.0, 1.0],
                [1.0, 0.0, 0.0, -5e-06, 0.0, 0.0, -1.0, 0.736012, 0.0, 1.0, 0.0, 0.763972, 0.0, 0.0, 0.0, 1.0],
                [1.0, 0.0, 0.0, -5e-06, 0.0, 0.0, -1.0, 0.736012, 0.0, 1.0, 0.0, 0.763972, 0.0, 0.0, 0.0, 1.0],
                [1.0, 0.0, 0.0, -5e-06, 0.0, 0.0, -1.0, 0.736012, 0.0, 1.0, 0.0, 0.763972, 0.0, 0.0, 0.0, 1.0]
            ]
        },
        {
            "name": "Thigh_R",
            "time": [0.0, 0.0167, 0.0333, 0.05, 0.0667, 0.0833, 0.1, 0.1167, 0.1333, 0.15, 0.1667, 0.1833, 0.2, 0.2167, 0.2333, 0.25, 0.2667, 0.2833, 0.3, 0.3167, 0.3333],
            "transform": [
                [0.994692, 0.10283, -0.003654, 0.124994, 0.08394, -0.790404, 0.606808, -0.051028, 0.059509, -0.603894, -0.79484, -0.094127, 0.0, 0.0, 0.0, 1.0],
                [0.99476, 0.10187, -0.008644, 0.126195, 0.084985, -0.776947, 0.623805, -0.050277, 0.056832, -0.62127, -0.781533, -0.088341, 0.0, 0.0, 0.0, 1.0],
                [0.994957, 0.098875, -0.016881, 0.129415, 0.086804, -0.76441, 0.638861, -0.048265, 0.050263, -0.637104, -0.769137, -0.072834, 0.0, 0.0, 0.0, 1.0],
                [0.995292, 0.094558, -0.021296, 0.134076, 0.087312, -0.779269, 0.620578, -0.045352, 0.042085, -0.619516, -0.783855, -0.050383, 0.0, 0.0, 0.0, 1.0],
                [0.995768, 0.089784, -0.019623, 0.139603, 0.085379, -0.824727, 0.55905, -0.041898, 0.03401, -0.558359, -0.828902, -0.023767, 0.0, 0.0, 0.0, 1.0],
                [0.996341, 0.084498, -0.012836, 0.145418, 0.081098, -0.887276, 0.454053, -0.038264, 0.026978, -0.453433, -0.890882, 0.004239, 0.0, 0.0, 0.0, 1.0],
                [0.996923, 0.078305, -0.003619, 0.150944, 0.075417, -0.945522, 0.316704, -0.034811, 0.021378, -0.316002, -0.948518, 0.030855, 0.0, 0.0, 0.0, 1.0],
                [0.99742, 0.071608, 0.005161, 0.155606, 0.069675, -0.982823, 0.170896, -0.031897, 0.01731, -0.170096, -0.985276, 0.053306, 0.0, 0.0, 0.0, 1.0],
                [0.997756, 0.065971, 0.01142, 0.158825, 0.065297, -0.996523, 0.051764, -0.029885, 0.014795, -0.050903, -0.998594, 0.068813, 0.0, 0.0, 0.0, 1.0],
                [0.997879, 0.063618, 0.013775, 0.160027, 0.063588, -0.997973, 0.002583, -0.029135, 0.013912, -0.001701, -0.999902, 0.074599, 0.0, 0.0, 0.0, 1.0],
                [0.997879, 0.063618, 0.013775, 0.160027, 0.063588, -0.997973, 0.002583, -0.029135, 0.013912, -0.001701, -0.999902, 0.074599, 0.0, 0.0, 0.0, 1.0],
                [0.997879, 0.063618, 0.013775, 0.160027, 0.063588, -0.997973, 0.002583, -0.029135, 0.013912, -0.001701, -0.999902, 0.074599, 0.0, 0.0, 0.0, 1.0],
                [0.997879, 0.063618, 0.013775, 0.160027, 0.063588, -0.997973, 0.002583, -0.029135, 0.013912, -0.001701, -0.999902, 0.074599, 0.0, 0.0, 0.0, 1.0],
                [0.997879, 0.063618, 0.013775, 0.160027, 0.063588, -0.997973, 0.002583, -0.029135, 0.013912, -0.001701, -0.999902, 0.074599, 0.0, 0.0, 0.0, 1.0],
                [0.997879, 0.063618, 0.013775, 0.160027, 0.063588, -0.997973, 0.002583, -0.029135, 0.013912, -0.001701, -0.999902, 0.074599, 0.0, 0.0, 0.0, 1.0],
                [0.997879, 0.063618, 0.013775, 0.160027, 0.063588, -0.997973, 0.002583, -0.029135, 0.013912, -0.001701, -0.999902, 0.074599, 0.0, 0.0, 0.0, 1.0],
                [0.997879, 0.063618, 0.013775, 0.160027, 0.063588, -0.997973, 0.002583, -0.029135, 0.013912, -0.001701, -0.999902, 0.074599, 0.0, 0.0, 0.0, 1.0],
                [0.997879, 0.063618, 0.013775, 0.160027, 0.063588, -0.997973, 0.002583, -0.029135, 0.013912, -0.001701, -0.999902, 0.074599, 0.0, 0.0, 0.0, 1.0],
                [0.997879, 0.063618, 0.013775, 0.160027, 0.063588, -0.997973, 0.002583, -0.029135, 0.013912, -0.001701, -0.999902, 0.074599, 0.0, 0.0, 0.0, 1.0],
                [0.997879, 0.063618, 0.013775, 0.160027, 0.063588, -0.997973, 0.002583, -0.029135, 0.013912, -0.001701, -0.999902, 0.074599, 0.0, 0.0, 0.0, 1.0],
                [0.997879, 0.063618, 0.013775, 0.160027, 0.063588, -0.997973, 0.002583, -0.029135, 0.013912, -0.001701, -0.999902, 0.074599, 0.0, 0.0, 0.0, 1.0]
            ]
        },
        {
            "name": "Leg_R",
            "time": [0.0, 0.0167, 0.0333, 0.05, 0.0667, 0.0833, 0.1, 0.1167, 0.1333, 0.15, 0.1667, 0.1833, 0.2, 0.2167, 0.2333, 0.25, 0.2667, 0.2833, 0.3, 0.3167, 0.3333],
            "transform": [
                [1.0, 8e-06, 2e-06, -0.0, -9e-06, 0.917829, 0.396975, 0.374726, 1e-06, -0.396975, 0.917829, -0.0, 0.0, 0.0, 0.0, 1.0],
                [1.0, 1e-05, 3e-06, -0.0, -1e-05, 0.878029, 0.478608, 0.374726, 2e-06, -0.478608, 0.878029, -0.0, 0.0, 0.0, 0.0, 1.0],
                [1.0, 1.3e-05, 5e-06, -0.0, -1.3e-05, 0.783873, 0.62092, 0.374726, 4e-06, -0.62092, 0.783874, 0.0, 0.0, 0.0, 0.0, 1.0],
                [1.0, 1.6e-05, 8e-06, 0.0, -1.6e-05, 0.679384, 0.733782, 0.374726, 6e-06, -0.733783, 0.679385, 0.0, 0.0, 0.0, 0.0, 1.0],
                [1.0, 1.6e-05, 9e-06, -0.0, -1.7e-05, 0.604466, 0.796631, 0.374726, 8e-06, -0.796632, 0.604466, -0.0, 0.0, 0.0, 0.0, 1.0],
                [1.0, 1.7e-05, 1e-05, 0.0, -1.8e-05, 0.582871, 0.812564, 0.374726, 8e-06, -0.812565, 0.582871, -0.0, 0.0, 0.0, 0.0, 1.0],
                [1.0, 1.6e-05, 8e-06, -0.0, -1.6e-05, 0.616581, 0.787292, 0.374726, 7e-06, -0.787292, 0.616581, -0.0, 0.0, 0.0, 0.0, 1.0],
                [1.0, 1.5e-05, 7e-06, 0.0, -1.6e-05, 0.686339, 0.727281, 0.374726, 6e-06, -0.727281, 0.68634, 0.0, 0.0, 0.0, 0.0, 1.0],
                [1.0, 1.4e-05, 6e-06, -0.0, -1.4e-05, 0.756537, 0.653951, 0.374726, 5e-06, -0.653951, 0.756537, -0.0, 0.0, 0.0, 0.0, 1.0],
                [1.0, 1.3e-05, 5e-06, 0.0, -1.4e-05, 0.787231, 0.616658, 0.374726, 4e-06, -0.616658, 0.787231, 0.0, 0.0, 0.0, 0.0, 1.0],
                [1.0, 1.3e-05, 5e-06, 0.0, -1.4e-05, 0.787231, 0.616658, 0.374726, 4e-06, -0.616658, 0.787231, 0.0, 0.0, 0.0, 0.0, 1.0],
                [1.0, 1.3e-05, 5e-06, 0.0, -1.4e-05, 0.787231, 0.616658, 0.374726, 4e-06, -0.616658, 0.787231, 0.0, 0.0, 0.0, 0.0, 1.0],
                [1.0, 1.3e-05, 5e-06, 0.0, -1.4e-05, 0.787231, 0.616658, 0.374726, 4e-06, -0.616658, 0.787231, 0.0, 0.0, 0.0, 0.0, 1.0],
                [1.0, 1.3e-05, 5e-06, 0.0, -1.4e-05, 0.787231, 0.616658, 0.374726, 4e-06, -0.616658, 0.787231, 0.0, 0.0, 0.0, 0.0, 1.0],
                [1.0, 1.3e-05, 5e-06, 0.0, -1.4e-05, 0.787231, 0.616658, 0.374726, 4e-06, -0.616658, 0.787231, 0.0, 0.0, 0.0, 0.0, 1.0],
                [1.0, 1.3e-05, 5e-06, 0.0, -1.4e-05, 0.787231, 0.616658, 0.374726, 4e-06, -0.616658, 0.787231, 0.0, 0.0, 0.0, 0.0, 1.0],
                [1.0, 1.3e-05, 5e-06, 0.0, -1.4e-05, 0.787231, 0.616658, 0.374726, 4e-06, -0.616658, 0.787231, 0.0, 0.0, 0.0, 0.0, 1.0],
                [1.0, 1.3e-05, 5e-06, 0.0, -1.4e-05, 0.787231, 0.616658, 0.374726, 4e-06, -0.616658, 0.787231, 0.0, 0.0, 0.0, 0.0, 1.0],
                [1.0, 1.3e-05, 5e-06, 0.0, -1.4e-05, 0.787231, 0.616658, 0.374726, 4e-06, -0.616658, 0.787231, 0.0, 0.0, 0.0, 0.0, 1.0],
                [1.0, 1.3e-05, 5e-06, 0.0, -1.4e-05, 0.787231, 0.616658, 0.374726, 4e-06, -0.616658, 0.787231, 0.0, 0.0, 0.0, 0.0, 1.0],
                [1.0, 1.3e-05, 5e-06, 0.0, -1.4e-05, 0.787231, 0.616658, 0.374726, 4e-06, -0.616658, 0.787231, 0.0, 0.0, 0.0, 0.0, 1.0]
            ]
        },
        {
            "name": "Knee_R",
            "time": [0.0, 0.3333],
            "transform": [
                [1.0, 0.0, -0.0, -0.0, -0.0, 0.00567, -0.999984, 0.374726, -0.0, 0.999984, 0.00567, -0.0, 0.0, 0.0, 0.0, 1.0],
                [1.0, 0.0, -0.0, 0.0, -0.0, 0.00567, -0.999984, 0.388335, -0.0, 0.999984, 0.00567, -7.7e-05, 0.0, 0.0, 0.0, 1.0]
            ]
        },
        {
            "name": "Thigh_L",
            "time": [0.0, 0.0167, 0.0333, 0.05, 0.0667, 0.0833, 0.1, 0.1167, 0.1333, 0.15, 0.1667, 0.1833, 0.2, 0.2167, 0.2333, 0.25, 0.2667, 0.2833, 0.3, 0.3167, 0.3333],
            "transform": [
                [0.997493, -0.022717, -0.067021, -0.125006, -0.053256, -0.864646, -0.499552, -0.002831, -0.046601, 0.501869, -0.863688, 0.082178, 0.0, 0.0, 0.0, 1.0],
                [0.997548, -0.023107, -0.066064, -0.125006, -0.052111, -0.875338, -0.480696, -0.003522, -0.04672, 0.48296, -0.874395, 0.07732, 0.0, 0.0, 0.0, 1.0],
                [0.997691, -0.02416, -0.063466, -0.125006, -0.048958, -0.903551, -0.425675, -0.005374, -0.047061, 0.427799, -0.902648, 0.064301, 0.0, 0.0, 0.0, 1.0],
                [0.997889, -0.025659, -0.059653, -0.125006, -0.044161, -0.941645, -0.333699, -0.008055, -0.04761, 0.335629, -0.94079, 0.045453, 0.0, 0.0, 0.0, 1.0],
                [0.998104, -0.040534, -0.046313, -0.125006, -0.03807, -0.997874, 0.052899, -0.011234, -0.048358, -0.051035, -0.997525, 0.023108, 0.0, 0.0, 0.0, 1.0],
                [0.998301, -0.045846, -0.035965, -0.125006, -0.031095, -0.941136, 0.336597, -0.014579, -0.049279, -0.334906, -0.940962, -0.000403, 0.0, 0.0, 0.0, 1.0],
                [0.99845, -0.046505, -0.030581, -0.125006, -0.023825, -0.853653, 0.520298, -0.017758, -0.050302, -0.518763, -0.853437, -0.022749, 0.0, 0.0, 0.0, 1.0],
                [0.998537, -0.04545, -0.029296, -0.125006, -0.017115, -0.779566, 0.626087, -0.020439, -0.051294, -0.624669, -0.779203, -0.041597, 0.0, 0.0, 0.0, 1.0],
                [0.998571, -0.044045, -0.030283, -0.125006, -0.012119, -0.738366, 0.674291, -0.022291, -0.052059, -0.67296, -0.737845, -0.054615, 0.0, 0.0, 0.0, 1.0],
                [0.998576, -0.043355, -0.031075, -0.125006, -0.010171, -0.726637, 0.686947, -0.022982, -0.052363, -0.685652, -0.726044, -0.059473, 0.0, 0.0, 0.0, 1.0],
                [0.998576, -0.043355, -0.031075, -0.125006, -0.010172, -0.726637, 0.686947, -0.022982, -0.052363, -0.685652, -0.726044, -0.059473, 0.0, 0.0, 0.0, 1.0],
                [0.998576, -0.043355, -0.031075, -0.125006, -0.010172, -0.726637, 0.686947, -0.022982, -0.052363, -0.685652, -0.726044, -0.059473, 0.0, 0.0, 0.0, 1.0],
                [0.998576, -0.043355, -0.031075, -0.125006, -0.010172, -0.726637, 0.686947, -0.022982, -0.052363, -0.685652, -0.726044, -0.059473, 0.0, 0.0, 0.0, 1.0],
                [0.998576, -0.043355, -0.031075, -0.125006, -0.010172, -0.726637, 0.686947, -0.022982, -0.052363, -0.685652, -0.726044, -0.059473, 0.0, 0.0, 0.0, 1.0],
                [0.998576, -0.043355, -0.031075, -0.125006, -0.010172, -0.726637, 0.686947, -0.022982, -0.052363, -0.685652, -0.726044, -0.059473, 0.0, 0.0, 0.0, 1.0],
                [0.998576, -0.043355, -0.031075, -0.125006, -0.010172, -0.726637, 0.686947, -0.022982, -0.052363, -0.685652, -0.726044, -0.059473, 0.0, 0.0, 0.0, 1.0],
                [0.998576, -0.043355, -0.031075, -0.125006, -0.010172, -0.726637, 0.686947, -0.022982, -0.052363, -0.685652, -0.726044, -0.059473, 0.0, 0.0, 0.0, 1.0],
                [0.998576, -0.043355, -0.031075, -0.125006, -0.010172, -0.726637, 0.686947, -0.022982, -0.052363, -0.685652, -0.726044, -0.059473, 0.0, 0.0, 0.0, 1.0],
                [0.998576, -0.043355, -0.031075, -0.125006, -0.010172, -0.726637, 0.686947, -0.022982, -0.052363, -0.685652, -0.726044, -0.059473, 0.0, 0.0, 0.0, 1.0],
                [0.998576, -0.043355, -0.031075, -0.125006, -0.010172, -0.726637, 0.686947, -0.022982, -0.052363, -0.685652, -0.726044, -0.059473, 0.0, 0.0, 0.0, 1.0],
                [0.998576, -0.043355, -0.031075, -0.125006, -0.010172, -0.726637, 0.686947, -0.022982, -0.052363, -0.685652, -0.726044, -0.059473, 0.0, 0.0, 0.0, 1.0]
            ]
        },
        {
            "name": "Leg_L",
            "time": [0.0, 0.0167, 0.0333, 0.05, 0.0667, 0.0833, 0.1, 0.1167, 0.1333, 0.15, 0.1667, 0.1833, 0.2, 0.2167, 0.2333, 0.25, 0.2667, 0.2833, 0.3, 0.3167, 0.3333],
            "transform": [
                [1.0, 0.0, 1e-06, 0.0, -0.0, 0.999999, 0.00147, 0.374726, -1e-06, -0.00147, 0.999999, 0.0, 0.0, 0.0, 0.0, 1.0],
                [1.0, 0.0, 1e-06, -0.0, -0.0, 0.999998, 0.001469, 0.374726, -1e-06, -0.001469, 0.999999, 0.0, 0.0, 0.0, 0.0, 1.0],
                [1.0, 0.0, 1e-06, 0.0, -0.0, 0.999998, 0.001466, 0.374726, -1e-06, -0.001466, 0.999999, 0.0, 0.0, 0.0, 0.0, 1.0],
                [1.0, 0.0, 1e-06, -0.0, -0.0, 0.999999, 0.001462, 0.374726, -1e-06, -0.001462, 0.999999, 0.0, 0.0, 0.0, 0.0, 1.0],
                [1.0, 1.1e-05, 4e-06, 0.0, -1.1e-05, 0.867322, 0.497747, 0.374726, 2e-06, -0.497748, 0.867322, -0.0, 0.0, 0.0, 0.0, 1.0],
                [1.0, 1.4e-05, 7e-06, 0.0, -1.5e-05, 0.704806, 0.709399, 0.374726, 5e-06, -0.7094, 0.704807, 0.0, 0.0, 0.0, 0.0, 1.0],
                [1.0, 1.6e-05, 8e-06, 0.0, -1.7e-05, 0.638293, 0.769793, 0.374726, 7e-06, -0.769794, 0.638294, -0.0, 0.0, 0.0, 0.0, 1.0],
                [1.0, 1.6e-05, 8e-06, 0.0, -1.7e-05, 0.648831, 0.760932, 0.374726, 7e-06, -0.760932, 0.648831, -0.0, 0.0, 0.0, 0.0, 1.0],
                [1.0, 1.5e-05, 7e-06, -0.0, -1.6e-05, 0.691759, 0.722129, 0.374726, 6e-06, -0.722128, 0.691759, -0.0, 0.0, 0.0, 0.0, 1.0],
                [1.0, 1.5e-05, 7e-06, 0.0, -1.5e-05, 0.715193, 0.698927, 0.374726, 5e-06, -0.698927, 0.715194, 0.0, 0.0, 0.0, 0.0, 1.0],
                [1.0, 1.5e-05, 7e-06, 0.0, -1.5e-05, 0.715193, 0.698926, 0.374726, 6e-06, -0.698926, 0.715194, 0.0, 0.0, 0.0, 0.0, 1.0],
                [1.0, 1.5e-05, 7e-06, 0.0, -1.5e-05, 0.715193, 0.698926, 0.374726, 6e-06, -0.698926, 0.715194, 0.0, 0.0, 0.0, 0.0, 1.0],
                [1.0, 1.5e-05, 7e-06, 0.0, -1.5e-05, 0.715193, 0.698926, 0.374726, 6e-06, -0.698926, 0.715194, 0.0, 0.0, 0.0, 0.0, 1.0],
                [1.0, 1.5e-05, 7e-06, 0.0, -1.5e-05, 0.715193, 0.698926, 0.374726, 6e-06, -0.698926, 0.715194, 0.0, 0.0, 0.0, 0.0, 1.0],
                [1.0, 1.5e-05, 7e-06, 0.0, -1.5e-05, 0.715193, 0.698926, 0.374726, 6e-06, -0.698926, 0.715194, 0.0, 0.0, 0.0, 0.0, 1.0],
                [1.0, 1.5e-05, 7e-06, 0.0, -1.5e-05, 0.715193, 0.698926, 0.374726, 6e-06, -0.698926, 0.715194, 0.0, 0.0, 0.0, 0.0, 1.0],
                [1.0, 1.5e-05, 7e-06, 0.0, -1.5e-05, 0.715193, 0.698926, 0.374726, 6e-06, -0.698926, 0.715194, 0.0, 0.0, 0.0, 0.0, 1.0],
                [1.0, 1.5e-05, 7e-06, 0.0, -1.5e-05, 0.715193, 0.698926, 0.374726, 6e-06, -0.698926, 0.715194, 0.0, 0.0, 0.0, 0.0, 1.0],
                [1.0, 1.5e-05, 7e-06, 0.0, -1.5e-05, 0.715193, 0.698926, 0.374726, 6e-06, -0.698926, 0.715194, 0.0, 0.0, 0.0, 0.0, 1.0],
                [1.0, 1.5e-05, 7e-06, 0.0, -1.5e-05, 0.715193, 0.698926, 0.374726, 6e-06, -0.698926, 0.715194, 0.0, 0.0, 0.0, 0.0, 1.0],
                [1.0, 1.5e-05, 7e-06, 0.0, -1.5e-05, 0.715193, 0.698926, 0.374726, 6e-06, -0.698926, 0.715194, 0.0, 0.0, 0.0, 0.0, 1.0]
            ]
        },
        {
            "name": "Knee_L",
            "time": [0.0, 0.3333],
            "transform": [
                [1.0, 0.0, -0.0, 0.0, -0.0, 0.00567, -0.999984, 0.374726, -0.0, 0.999984, 0.00567, 0.0, 0.0, 0.0, 0.0, 1.0],
                [1.0, 0.0, -0.0, 0.0, -0.0, 0.00567, -0.999984, 0.399827, -0.0, 0.999984, 0.00567, -0.000142, 0.0, 0.0, 0.0, 1.0]
            ]
        },
        {
            "name": "Torso",
            "time": [0.0, 0.0167, 0.0333, 0.05, 0.0667, 0.0833, 0.1, 0.1167, 0.1333, 0.15, 0.1667, 0.1833, 0.2, 0.2167, 0.2333, 0.25, 0.2667, 0.2833, 0.3, 0.3167, 0.3333],
            "transform": [
                [0.824258, 0.0, 0.566215, 0.0, 0.0, 1.0, 0.0, 0.05, -0.566215, 0.0, 0.824258, 0.0, 0.0, 0.0, 0.0, 1.0],
                [0.843596, 0.0, 0.536979, 0.0, 0.0, 1.0, 0.0, 0.05, -0.536979, 0.0, 0.843596, 0.0, 0.0, 0.0, 0.0, 1.0],
                [0.890934, 0.0, 0.454134, 0.0, 0.0, 1.0, 0.0, 0.05, -0.454134, 0.0, 0.890934, 0.0, 0.0, 0.0, 0.0, 1.0],
                [0.946057, 0.0, 0.323999, 0.0, 0.0, 1.0, 0.0, 0.05, -0.323999, 0.0, 0.946057, 0.0, 0.0, 0.0, 0.0, 1.0],
                [0.987401, 0.0, 0.158236, 0.0, 0.0, 1.0, 0.0, 0.05, -0.158236, 0.0, 0.987401, 0.0, 0.0, 0.0, 0.0, 1.0],
                [0.999748, 0.0, -0.022461, 0.0, 0.0, 1.0, 0.0, 0.05, 0.022461, 0.0, 0.999748, 0.0, 0.0, 0.0, 0.0, 1.0],
                [0.981335, 0.0, -0.192307, 0.0, 0.0, 1.0, 0.0, 0.05, 0.192307, 0.0, 0.981335, 0.0, 0.0, 0.0, 0.0, 1.0],
                [0.944424, 0.0, -0.328729, 0.0, 0.0, 1.0, 0.0, 0.05, 0.328729, 0.0, 0.944424, 0.0, 0.0, 0.0, 0.0, 1.0],
                [0.908795, 0.0, -0.417243, 0.0, 0.0, 1.0, 0.0, 0.05, 0.417243, 0.0, 0.908795, 0.0, 0.0, 0.0, 0.0, 1.0],
                [0.893613, 0.0, -0.448838, 0.0, 0.0, 1.0, 0.0, 0.05, 0.448838, 0.0, 0.893613, 0.0, 0.0, 0.0, 0.0, 1.0],
                [0.893613, 0.0, -0.448838, 0.0, 0.0, 1.0, 0.0, 0.05, 0.448838, 0.0, 0.893613, 0.0, 0.0, 0.0, 0.0, 1.0],
                [0.893613, 0.0, -0.448838, 0.0, 0.0, 1.0, 0.0, 0.05, 0.448838, 0.0, 0.893613, 0.0, 0.0, 0.0, 0.0, 1.0],
                [0.893613, 0.0, -0.448838, 0.0, 0.0, 1.0, 0.0, 0.05, 0.448838, 0.0, 0.893613, 0.0, 0.0, 0.0, 0.0, 1.0],
                [0.893613, 0.0, -0.448838, 0.0, 0.0, 1.0, 0.0, 0.05, 0.448838, 0.0, 0.893613, 0.0, 0.0, 0.0, 0.0, 1.0],
                [0.893613, 0.0, -0.448838, 0.0, 0.0, 1.0, 0.0, 0.05, 0.448838, 0.0, 0.893613, 0.0, 0.0, 0.0, 0.0, 1.0],
                [0.893613, 0.0, -0.448838, 0.0, 0.0, 1.0, 0.0, 0.05, 0.448838, 0.0, 0.893613, 0.0, 0.0, 0.0, 0.0, 1.0],
                [0.893613, 0.0, -0.448838, 0.0, 0.0, 1.0, 0.0, 0.05, 0.448838, 0.0, 0.893613, 0.0, 0.0, 0.0, 0.0, 1.0],
                [0.893613, 0.0, -0.448838, 0.0, 0.0, 1.0, 0.0, 0.05, 0.448838, 0.0, 0.893613, 0.0, 0.0, 0.0, 0.0, 1.0],
                [0.893613, 0.0, -0.448838, 0.0, 0.0, 1.0, 0.0, 0.05, 0.448838, 0.0, 0.893613, 0.0, 0.0, 0.0, 0.0, 1.0],
                [0.893613, 0.0, -0.448838, 0.0, 0.0, 1.0, 0.0, 0.05, 0.448838, 0.0, 0.893613, 0.0, 0.0, 0.0, 0.0, 1.0],
                [0.893613, 0.0, -0.448838, 0.0, 0.0, 1.0, 0.0, 0.05, 0.448838, 0.0, 0.893613, 0.0, 0.0, 0.0, 0.0, 1.0]
            ]
        },
        {
            "name": "Chest",
            "time": [0.0, 0.0167, 0.0333, 0.05, 0.0667, 0.0833, 0.1, 0.1167, 0.1333, 0.15, 0.1667, 0.1833, 0.2, 0.2167, 0.2333, 0.25, 0.2667, 0.2833, 0.3, 0.3167, 0.3333],
            "transform": [
                [1.0, 0.0, 0.0, -0.0, 0.0, 1.0, 0.0, 0.3, 0.0, 0.0, 1.0, 0.0, 0.0, 0.0, 0.0, 1.0],
                [0.999963, 0.0, -0.008581, -0.0, 0.0, 1.0, 0.0, 0.3, 0.008581, 0.0, 0.999963, -0.0, 0.0, 0.0, 0.0, 1.0],
                [0.999471, 0.0, -0.03251, -0.0, 0.0, 1.0, 0.0, 0.3, 0.03251, 0.0, 0.999471, 0.0, 0.0, 0.0, 0.0, 1.0],
                [0.997612, 0.0, -0.069066, -0.0, 0.0, 1.0, 0.0, 0.3, 0.069066, 0.0, 0.997612, -0.0, 0.0, 0.0, 0.0, 1.0],
                [0.993314, 0.0, -0.115441, -0.0, 0.0, 1.0, 0.0, 0.3, 0.115441, 0.0, 0.993314, -0.0, 0.0, 0.0, 0.0, 1.0],
                [0.985672, 0.0, -0.168676, 0.0, 0.0, 1.0, 0.0, 0.3, 0.168676, 0.0, 0.985672, 0.0, 0.0, 0.0, 0.0, 1.0],
                [0.974201, 0.0, -0.225681, -0.0, 0.0, 1.0, 0.0, 0.3, 0.225681, 0.0, 0.974201, -0.0, 0.0, 0.0, 0.0, 1.0],
                [0.959023, 0.0, -0.283328, 0.0, 0.0, 1.0, 0.0, 0.3, 0.283328, 0.0, 0.959023, 0.0, 0.0, 0.0, 0.0, 1.0],
                [0.940934, 0.0, -0.338591, -0.0, 0.0, 1.0, 0.0, 0.3, 0.338591, 0.0, 0.940934, 0.0, 0.0, 0.0, 0.0, 1.0],
                [0.92137, 0.0, -0.388687, -0.0, 0.0, 1.0, 0.0, 0.3, 0.388687, 0.0, 0.92137, -0.0, 0.0, 0.0, 0.0, 1.0],
                [0.902273, 0.0, -0.431166, -0.0, 0.0, 1.0, 0.0, 0.3, 0.431166, 0.0, 0.902273, -0.0, 0.0, 0.0, 0.0, 1.0],
                [0.885889, 0.0, -0.463897, -0.0, 0.0, 1.0, 0.0, 0.3, 0.463897, 0.0, 0.885889, -0.0, 0.0, 0.0, 0.0, 1.0],
                [0.874533, 0.0, -0.484966, -0.0, 0.0, 1.0, 0.0, 0.3, 0.484966, 0.0, 0.874533, -0.0, 0.0, 0.0, 0.0, 1.0],
                [0.870339, 0.0, -0.492452, -0.0, 0.0, 1.0, 0.0, 0.3, 0.492452, 0.0, 0.870339, -0.0, 0.0, 0.0, 0.0, 1.0],
                [0.870339, 0.0, -0.492452, -0.0, 0.0, 1.0, 0.0, 0.3, 0.492452, 0.0, 0.870339, -0.0, 0.0, 0.0, 0.0, 1.0],
                [0.870339, 0.0, -0.492452, -0.0, 0.0, 1.0, 0.0, 0.3, 0.492452, 0.0, 0.870339, -0.0, 0.0, 0.0, 0.0, 1.0],
                [0.870339, 0.0, -0.492452, -0.0, 0.0, 1.0, 0.0, 0.3, 0.492452, 0.0, 0.870339, -0.0, 0.0, 0.0, 0.0, 1.0],
                [0.870339, 0.0, -0.492452, -0.0, 0.0, 1.0, 0.0, 0.3, 0.492452, 0.0, 0.870339, -0.0, 0.0, 0.0, 0.0, 1.0],
                [0.870339, 0.0, -0.492452, -0.0, 0.0, 1.0, 0.0, 0.3, 0.492452, 0.0, 0.870339, -0.0, 0.0, 0.0, 0.0, 1.0],
                [0.870339, 0.0, -0.492452, -0.0, 0.0, 1.0, 0.0, 0.3, 0.492452, 0.0, 0.870339, -0.0, 0.0, 0.0, 0.0, 1.0],
                [0.870339, 0.0, -0.492452, -0.0, 0.0, 1.0, 0.0, 0.3, 0.492452, 0.0, 0.870339, -0.0, 0.0, 0.0, 0.0, 1.0]
            ]
        },
        {
            "name": "Head",
            "time": [0.0, 0.0167, 0.0333, 0.05, 0.0667, 0.0833, 0.1, 0.1167, 0.1333, 0.15, 0.1667, 0.1833, 0.2, 0.2167, 0.2333, 0.25, 0.2667, 0.2833, 0.3, 0.3167, 0.3333],
            "transform": [
                [0.868243, 0.0, -0.496139, -0.0, 0.0, 1.0, 0.0, 0.4, 0.49614, 0.0, 0.868243, -0.0, 0.0, 0.0, 0.0, 1.0],
                [0.87857, 0.0, -0.477614, 0.0, 0.0, 1.0, 0.0, 0.4, 0.477614, 0.0, 0.87857, -0.0, 0.0, 0.0, 0.0, 1.0],
                [0.90442, 0.0, -0.426644, 0.0, 0.0, 1.0, 0.0, 0.4, 0.426644, 0.0, 0.90442, 0.0, 0.0, 0.0, 0.0, 1.0],
                [0.936823, 0.0, -0.349805, -0.0, 0.0, 1.0, 0.0, 0.4, 0.349805, 0.0, 0.936822, 0.0, 0.0, 0.0, 0.0, 1.0],
                [0.966953, 0.0, -0.254955, -0.0, 0.0, 1.0, 0.0, 0.4, 0.254955, 0.0, 0.966953, 0.0, 0.0, 0.0, 0.0, 1.0],
                [0.988353, 0.0, -0.152178, 0.0, 0.0, 1.0, 0.0, 0.4, 0.152178, 0.0, 0.988353, 0.0, 0.0, 0.0, 0.0, 1.0],
                [0.998585, 0.0, -0.053184, 0.0, 0.0, 1.0, 0.0, 0.4, 0.053184, 0.0, 0.998585, 0.0, 0.0, 0.0, 0.0, 1.0],
                [0.999544, 0.0, 0.030202, 0.0, 0.0, 1.0, 0.0, 0.4, -0.030202, 0.0, 0.999544, 0.0, 0.0, 0.0, 0.0, 1.0],
                [0.996186, 0.0, 0.087253, -0.0, 0.0, 1.0, 0.0, 0.4, -0.087253, 0.0, 0.996186, 0.0, 0.0, 0.0, 0.0, 1.0],
                [0.994112, 0.0, 0.108361, -0.0, 0.0, 1.0, 0.0, 0.4, -0.108361, 0.0, 0.994112, -0.0, 0.0, 0.0, 0.0, 1.0],
                [0.994112, 0.0, 0.108361, -0.0, 0.0, 1.0, 0.0, 0.4, -0.108361, 0.0, 0.994112, 0.0, 0.0, 0.0, 0.0, 1.0],
                [0.994112, 0.0, 0.108361, 0.0, 0.0, 1.0, 0.0, 0.4, -0.108361, 0.0, 0.994112, 0.0, 0.0, 0.0, 0.0, 1.0],
                [0.994112, 0.0, 0.108361, 0.0, 0.0, 1.0, 0.0, 0.4, -0.108361, 0.0, 0.994112, -0.0, 0.0, 0.0, 0.0, 1.0],
                [0.994112, 0.0, 0.108361, -0.0, 0.0, 1.0, 0.0, 0.4, -0.108361, 0.0, 0.994112, 0.0, 0.0, 0.0, 0.0, 1.0],
                [0.994112, 0.0, 0.108361, -0.0, 0.0, 1.0, 0.0, 0.4, -0.108361, 0.0, 0.994112, 0.0, 0.0, 0.0, 0.0, 1.0],
                [0.994112, 0.0, 0.108361, -0.0, 0.0, 1.0, 0.0, 0.4, -0.108361, 0.0, 0.994112, 0.0, 0.0, 0.0, 0.0, 1.0],
                [0.994112, 0.0, 0.108361, -0.0, 0.0, 1.0, 0.0, 0.4, -0.108361, 0.0, 0.994112, 0.0, 0.0, 0.0, 0.0, 1.0],
                [0.994112, 0.0, 0.108361, -0.0, 0.0, 1.0, 0.0, 0.4, -0.108361, 0.0, 0.994112, 0.0, 0.0, 0.0, 0.0, 1.0],
                [0.994112, 0.0, 0.108361, -0.0, 0.0, 1.0, 0.0, 0.4, -0.108361, 0.0, 0.994112, 0.0, 0.0, 0.0, 0.0, 1.0],
                [0.994112, 0.0, 0.108361, -0.0, 0.0, 1.0, 0.0, 0.4, -0.108361, 0.0, 0.994112, 0.0, 0.0, 0.0, 0.0, 1.0],
                [0.994112, 0.0, 0.108361, -0.0, 0.0, 1.0, 0.0, 0.4, -0.108361, 0.0, 0.994112, 0.0, 0.0, 0.0, 0.0, 1.0]
            ]
        },
        {
            "name": "Shoulder_R",
            "time": [0.0, 0.0167, 0.0333, 0.05, 0.0667, 0.0833, 0.1, 0.1167, 0.1333, 0.15, 0.1667, 0.1833, 0.2, 0.2167, 0.2333, 0.25, 0.2667, 0.2833, 0.3, 0.3167, 0.3333],
            "transform": [
                [0.0, 0.952114, 0.305743, -0.0, 0.0, -0.305743, 0.952114, 0.4, 1.0, 0.0, -0.0, -0.0, 0.0, 0.0, 0.0, 1.0],
                [0.0, 0.952114, 0.305743, 0.0, 0.0, -0.305743, 0.952114, 0.4, 1.0, -0.0, -0.0, 0.0, 0.0, 0.0, 0.0, 1.0],
                [0.0, 0.952114, 0.305743, 0.0, 0.0, -0.305743, 0.952114, 0.4, 1.0, -0.0, -0.0, 0.0, 0.0, 0.0, 0.0, 1.0],
                [0.0, 0.952114, 0.305743, 0.0, 0.0, -0.305743, 0.952114, 0.4, 1.0, 0.0, -0.0, -0.0, 0.0, 0.0, 0.0, 1.0],
                [0.0, 0.952114, 0.305743, -0.0, 0.0, -0.305743, 0.952114, 0.4, 1.0, 0.0, -0.0, 0.0, 0.0, 0.0, 0.0, 1.0],
                [0.0, 0.952114, 0.305743, 0.0, 0.0, -0.305743, 0.952114, 0.4, 1.0, -0.0, -0.0, 0.0, 0.0, 0.0, 0.0, 1.0],
                [0.0, 0.952114, 0.305743, -0.0, 0.0, -0.305743, 0.952114, 0.4, 1.0, 0.0, -0.0, 0.0, 0.0, 0.0, 0.0, 1.0],
                [0.0, 0.952114, 0.305743, 0.0, 0.0, -0.305743, 0.952114, 0.4, 1.0, 0.0, -0.0, 0.0, 0.0, 0.0, 0.0, 1.0],
                [0.0, 0.952114, 0.305743, -0.0, 0.0, -0.305743, 0.952114, 0.4, 1.0, 0.0, -0.0, 0.0, 0.0, 0.0, 0.0, 1.0],
                [0.0, 0.952114, 0.305743, -0.0, 0.0, -0.305743, 0.952114, 0.4, 1.0, -0.0, -0.0, 0.0, 0.0, 0.0, 0.0, 1.0],
                [0.0, 0.952114, 0.305743, -0.0, 0.0, -0.305743, 0.952114, 0.4, 1.0, 0.0, -0.0, 0.0, 0.0, 0.0, 0.0, 1.0],
                [0.0, 0.952114, 0.305743, 0.0, 0.0, -0.305743, 0.952114, 0.4, 1.0, 0.0, -0.0, -0.0, 0.0, 0.0, 0.0, 1.0],
                [0.0, 0.952114, 0.305743, 0.0, 0.0, -0.305743, 0.952114, 0.4, 1.0, 0.0, -0.0, 0.0, 0.0, 0.0, 0.0, 1.0],
                [0.0, 0.952114, 0.305743, 0.0, 0.0, -0.305743, 0.952114, 0.4, 1.0, 0.0, -0.0, 0.0, 0.0, 0.0, 0.0, 1.0],
                [0.0, 0.952114, 0.305743, 0.0, 0.0, -0.305743, 0.952114, 0.4, 1.0, 0.0, -0.0, 0.0, 0.0, 0.0, 0.0, 1.0],
                [0.0, 0.952114, 0.305743, 0.0, 0.0, -0.305743, 0.952114, 0.4, 1.0, 0.0, -0.0, 0.0, 0.0, 0.0, 0.0, 1.0],
                [0.0, 0.952114, 0.305743, 0.0, 0.0, -0.305743, 0.952114, 0.4, 1.0, 0.0, -0.0, 0.0, 0.0, 0.0, 0.0, 1.0],
                [0.0, 0.952114, 0.305743, 0.0, 0.0, -0.305743, 0.952114, 0.4, 1.0, 0.0, -0.0, 0.0, 0.0, 0.0, 0.0, 1.0],
                [0.0, 0.952114, 0.305743, 0.0, 0.0, -0.305743, 0.952114, 0.4, 1.0, 0.0, -0.0, 0.0, 0.0, 0.0, 0.0, 1.0],
                [0.0, 0.952114, 0.305743, 0.0, 0.0, -0.305743, 0.952114, 0.4, 1.0, 0.0, -0.0, 0.0, 0.0, 0.0, 0.0, 1.0],
                [0.0, 0.952114, 0.305743, 0.0, 0.0, -0.305743, 0.952114, 0.4, 1.0, 0.0, -0.0, 0.0, 0.0, 0.0, 0.0, 1.0]
            ]
        },
        {
            "name": "Arm_R",
            "time": [0.0, 0.0167, 0.0333, 0.05, 0.0667, 0.0833, 0.1, 0.1167, 0.1333, 0.15, 0.1667, 0.1833, 0.2, 0.2167, 0.2333, 0.25, 0.2667, 0.2833, 0.3, 0.3167, 0.3333],
            "transform": [
                [-0.473962, -0.842817, 0.254989, -0.0, 0.249577, -0.406287, -0.879001, 0.393861, 0.844435, -0.352974, 0.402912, 0.0, 0.0, 0.0, 0.0, 1.0],
                [-0.44496, -0.844103, 0.299168, 0.0, 0.221706, -0.42749, -0.876413, 0.39386, 0.867673, -0.323642, 0.377358, -0.0, 0.0, 0.0, 0.0, 1.0],
                [-0.380443, -0.872664, 0.306137, 0.0, 0.139153, -0.381278, -0.913928, 0.393861, 0.914275, -0.305098, 0.266488, -0.0, 0.0, 0.0, 0.0, 1.0],
                [-0.304452, -0.900679, 0.309978, -0.0, 0.007779, -0.327768, -0.944727, 0.393861, 0.952496, -0.285213, 0.106796, -0.0, 0.0, 0.0, 0.0, 1.0],
                [-0.249843, -0.931148, 0.265598, 0.0, -0.085378, -0.252044, -0.963943, 0.39386, 0.964515, -0.263511, -0.016529, 0.0, 0.0, 0.0, 0.0, 1.0],
                [-0.214151, -0.975964, 0.040417, 0.0, -0.085441, -0.022503, -0.996089, 0.393861, 0.973056, -0.216767, -0.078569, 0.0, 0.0, 0.0, 0.0, 1.0],
                [-0.166215, -0.985275, -0.040075, -0.0, -0.118614, 0.060322, -0.991107, 0.39386, 0.978929, -0.159984, -0.126894, 0.0, 0.0, 0.0, 0.0, 1.0],
                [-0.140334, -0.982549, -0.12208, -0.0, -0.166006, 0.144904, -0.975421, 0.393861, 0.976088, -0.11662, -0.183445, 0.0, 0.0, 0.0, 0.0, 1.0],
                [-0.131251, -0.978202, -0.160918, 0.0, -0.198566, 0.184973, -0.962474, 0.393861, 0.971259, -0.094373, -0.218516, 0.0, 0.0, 0.0, 0.0, 1.0],
                [-0.131117, -0.970021, -0.204617, 0.0, -0.215266, 0.229332, -0.949246, 0.393861, 0.967713, -0.080416, -0.238882, 0.0, 0.0, 0.0, 0.0, 1.0],
                [-0.135357, -0.948459, -0.286538, -0.0, -0.224985, 0.311067, -0.923374, 0.393861, 0.964914, -0.060518, -0.255495, -0.0, 0.0, 0.0, 0.0, 1.0],
                [-0.140501, -0.904661, -0.402303, -0.0, -0.233442, 0.425147, -0.874503, 0.393861, 0.962166, -0.028954, -0.27092, -0.0, 0.0, 0.0, 0.0, 1.0],
                [-0.14681, -0.841459, -0.519994, -0.0, -0.240177, 0.540282, -0.806481, 0.39386, 0.959563, 0.006491, -0.281418, -0.0, 0.0, 0.0, 0.0, 1.0],
                [-0.153303, -0.777542, -0.609858, 0.0, -0.244064, 0.627826, -0.7391, 0.393861, 0.957565, 0.035538, -0.286018, -0.0, 0.0, 0.0, 0.0, 1.0],
                [-0.156504, -0.747373, -0.64571, -0.0, -0.245086, 0.662705, -0.707641, 0.393861, 0.956786, 0.047506, -0.286887, -0.0, 0.0, 0.0, 0.0, 1.0],
                [-0.156504, -0.747373, -0.64571, -0.0, -0.245086, 0.662705, -0.707641, 0.393861, 0.956786, 0.047506, -0.286887, -0.0, 0.0, 0.0, 0.0, 1.0],
                [-0.156504, -0.747373, -0.64571, -0.0, -0.245086, 0.662705, -0.707641, 0.393861, 0.956786, 0.047506, -0.286887, -0.0, 0.0, 0.0, 0.0, 1.0],
                [-0.156504, -0.747373, -0.64571, -0.0, -0.245086, 0.662705, -0.707641, 0.393861, 0.956786, 0.047506, -0.286887, -0.0, 0.0, 0.0, 0.0, 1.0],
                [-0.156504, -0.747373, -0.64571, -0.0, -0.245086, 0.662705, -0.707641, 0.393861, 0.956786, 0.047506, -0.286887, -0.0, 0.0, 0.0, 0.0, 1.0],
                [-0.156504, -0.747373, -0.64571, -0.0, -0.245086, 0.662705, -0.707641, 0.393861, 0.956786, 0.047506, -0.286887, -0.0, 0.0, 0.0, 0.0, 1.0],
                [-0.156504, -0.747373, -0.64571, -0.0, -0.245086, 0.662705, -0.707641, 0.393861, 0.956786, 0.047506, -0.286887, -0.0, 0.0, 0.0, 0.0, 1.0]
            ]
        },
        {
            "name": "Hand_R",
            "time": [0.0, 0.0167, 0.0333, 0.05, 0.0667, 0.0833, 0.1, 0.1167, 0.1333, 0.15, 0.1667, 0.1833, 0.2, 0.2167, 0.2333, 0.25, 0.2667, 0.2833, 0.3, 0.3167, 0.3333],
            "transform": [
                [1.0, -0.0, 0.0, 0.0, 0.0, 0.994445, -0.105262, 0.300003, -0.0, 0.105262, 0.994445, 0.0, 0.0, 0.0, 0.0, 1.0],
                [1.0, 0.0, 0.0, -0.0, -0.0, 1.0, -0.000992, 0.300002, -0.0, 0.000992, 0.999999, -0.0, 0.0, 0.0, 0.0, 1.0],
                [1.0, 0.0, -0.0, 0.0, 0.0, 1.0, -0.000993, 0.300003, -0.0, 0.000993, 1.0, -0.0, 0.0, 0.0, 0.0, 1.0],
                [1.0, -0.0, 0.0, -0.0, -0.0, 1.0, -0.000994, 0.300003, -0.0, 0.000994, 1.0, 0.0, 0.0, 0.0, 0.0, 1.0],
                [1.0, 0.0, 0.0, 0.0, -0.0, 1.0, -0.000993, 0.300003, -0.0, 0.000993, 0.999999, 0.0, 0.0, 0.0, 0.0, 1.0],
                [1.0, -1e-06, 0.0, -0.0, 1e-06, 0.98419, -0.177118, 0.300003, 0.0, 0.177118, 0.98419, 0.0, 0.0, 0.0, 0.0, 1.0],
                [1.0, 0.0, -0.0, -0.0, -0.0, 1.0, -0.000994, 0.300003, -0.0, 0.000994, 0.999999, 0.0, 0.0, 0.0, 0.0, 1.0],
                [1.0, 0.0, 0.0, 0.0, 0.0, 1.0, -0.000999, 0.300003, -0.0, 0.000999, 1.0, 0.0, 0.0, 0.0, 0.0, 1.0],
                [1.0, 0.0, 0.0, 0.0, 0.0, 1.0, -0.001001, 0.300003, -0.0, 0.001001, 1.0, -0.0, 0.0, 0.0, 0.0, 1.0],
                [1.0, 0.0, 0.0, 0.0, 0.0, 0.999999, -0.001001, 0.300003, -0.0, 0.001001, 0.999999, 0.0, 0.0, 0.0, 0.0, 1.0],
                [1.0, -0.0, 0.0, 0.0, -0.0, 1.0, -0.000999, 0.300003, -0.0, 0.000999, 1.0, 0.0, 0.0, 0.0, 0.0, 1.0],
                [0.999999, -0.0, -0.0, -0.0, 0.0, 1.0, -0.000998, 0.300003, -0.0, 0.000998, 1.0, 0.0, 0.0, 0.0, 0.0, 1.0],
                [1.0, 0.0, 0.0, 0.0, -0.0, 1.0, -0.000998, 0.300003, -0.0, 0.000998, 1.0, 0.0, 0.0, 0.0, 0.0, 1.0],
                [1.0, -0.0, 0.0, 0.0, -0.0, 0.999999, -0.000998, 0.300003, -0.0, 0.000998, 0.999999, 0.0, 0.0, 0.0, 0.0, 1.0],
                [1.0, -0.0, 0.0, 0.0, 0.0, 1.0, -0.000998, 0.300003, -0.0, 0.000998, 1.0, 0.0, 0.0, 0.0, 0.0, 1.0],
                [1.0, -0.0, 0.0, 0.0, 0.0, 1.0, -0.000998, 0.300003, -0.0, 0.000998, 1.0, 0.0, 0.0, 0.0, 0.0, 1.0],
                [1.0, -0.0, 0.0, 0.0, 0.0, 1.0, -0.000998, 0.300003, -0.0, 0.000998, 1.0, 0.0, 0.0, 0.0, 0.0, 1.0],
                [1.0, -0.0, 0.0, 0.0, 0.0, 1.0, -0.000998, 0.300003, -0.0, 0.000998, 1.0, 0.0, 0.0, 0.0, 0.0, 1.0],
                [1.0, -0.0, 0.0, 0.0, 0.0, 1.0, -0.000998, 0.300003, -0.0, 0.000998, 1.0, 0.0, 0.0, 0.0, 0.0, 1.0],
                [1.0, -0.0, 0.0, 0.0, 0.0, 1.0, -0.000998, 0.300003, -0.0, 0.000998, 1.0, 0.0, 0.0, 0.0, 0.0, 1.0],
                [1.0, -0.0, 0.0, 0.0, 0.0, 1.0, -0.000998, 0.300003, -0.0, 0.000998, 1.0, 0.0, 0.0, 0.0, 0.0, 1.0]
            ]
        },
        {
            "name": "Tool_R",
            "time": [0.0, 0.0167, 0.0333, 0.05, 0.0667, 0.0833, 0.1, 0.1167, 0.1333, 0.15, 0.1667, 0.1833, 0.2, 0.2167, 0.2333, 0.25, 0.2667, 0.2833, 0.3, 0.3167, 0.3333],
            "transform": [
                [0.928381, -0.339325, -0.151549, -0.045532, -0.189828, -0.082411, -0.978353, 0.232583, 0.319491, 0.937053, -0.140923, -0.067931, 0.0, 0.0, 0.0, 1.0],
                [0.928381, -0.339326, -0.151549, -0.045532, -0.189828, -0.082411, -0.978353, 0.232583, 0.319491, 0.937053, -0.140923, -0.067931, 0.0, 0.0, 0.0, 1.0],
                [0.928381, -0.339325, -0.151549, -0.045532, -0.189828, -0.082411, -0.978353, 0.232583, 0.319491, 0.937053, -0.140923, -0.067931, 0.0, 0.0, 0.0, 1.0],
                [0.928381, -0.339326, -0.151549, -0.045532, -0.189828, -0.082411, -0.978353, 0.232583, 0.31949, 0.937053, -0.140923, -0.067931, 0.0, 0.0, 0.0, 1.0],
                [0.928381, -0.339325, -0.151549, -0.045532, -0.189828, -0.082411, -0.978353, 0.232583, 0.319491, 0.937053, -0.140923, -0.067931, 0.0, 0.0, 0.0, 1.0],
                [0.928381, -0.339325, -0.151549, -0.045532, -0.189828, -0.082411, -0.978353, 0.232583, 0.319491, 0.937053, -0.140923, -0.067931, 0.0, 0.0, 0.0, 1.0],
                [0.928381, -0.339325, -0.151549, -0.045532, -0.189828, -0.082411, -0.978353, 0.232583, 0.31949, 0.937053, -0.140923, -0.067931, 0.0, 0.0, 0.0, 1.0],
                [0.928381, -0.339325, -0.151549, -0.045532, -0.189828, -0.082411, -0.978353, 0.232583, 0.31949, 0.937053, -0.140923, -0.067931, 0.0, 0.0, 0.0, 1.0],
                [0.928381, -0.339325, -0.151549, -0.045532, -0.189828, -0.082411, -0.978353, 0.232583, 0.319491, 0.937053, -0.140923, -0.067931, 0.0, 0.0, 0.0, 1.0],
                [0.928381, -0.339326, -0.151549, -0.045532, -0.189828, -0.082411, -0.978353, 0.232583, 0.319491, 0.937053, -0.140923, -0.067931, 0.0, 0.0, 0.0, 1.0],
                [0.928381, -0.339325, -0.151549, -0.045532, -0.189828, -0.082411, -0.978353, 0.232583, 0.31949, 0.937053, -0.140923, -0.067931, 0.0, 0.0, 0.0, 1.0],
                [0.928381, -0.339325, -0.151549, -0.045531, -0.189828, -0.082411, -0.978353, 0.232583, 0.319491, 0.937053, -0.140923, -0.067931, 0.0, 0.0, 0.0, 1.0],
                [0.928381, -0.339325, -0.151549, -0.045532, -0.189828, -0.082411, -0.978353, 0.232583, 0.31949, 0.937053, -0.140923, -0.067931, 0.0, 0.0, 0.0, 1.0],
                [0.928381, -0.339325, -0.151549, -0.045532, -0.189828, -0.082411, -0.978353, 0.232583, 0.319491, 0.937053, -0.140923, -0.067931, 0.0, 0.0, 0.0, 1.0],
                [0.928381, -0.339325, -0.151549, -0.045532, -0.189828, -0.082411, -0.978353, 0.232583, 0.31949, 0.937053, -0.140923, -0.067931, 0.0, 0.0, 0.0, 1.0],
                [0.928381, -0.339325, -0.151549, -0.045532, -0.189828, -0.082411, -0.978353, 0.232583, 0.319491, 0.937053, -0.140923, -0.067931, 0.0, 0.0, 0.0, 1.0],
                [0.928381, -0.339325, -0.151549, -0.045532, -0.189828, -0.082411, -0.978353, 0.232583, 0.319491, 0.937053, -0.140923, -0.067931, 0.0, 0.0, 0.0, 1.0],
                [0.928381, -0.339325, -0.151549, -0.045532, -0.189828, -0.082411, -0.978353, 0.232583, 0.319491, 0.937053, -0.140923, -0.067931, 0.0, 0.0, 0.0, 1.0],
                [0.928381, -0.339325, -0.151549, -0.045532, -0.189828, -0.082411, -0.978353, 0.232583, 0.319491, 0.937053, -0.140923, -0.067931, 0.0, 0.0, 0.0, 1.0],
                [0.928381, -0.339325, -0.151549, -0.045532, -0.189828, -0.082411, -0.978353, 0.232583, 0.31949, 0.937053, -0.140923, -0.067931, 0.0, 0.0, 0.0, 1.0],
                [0.928381, -0.339325, -0.151549, -0.045532, -0.189828, -0.082411, -0.978353, 0.232583, 0.319491, 0.937053, -0.140923, -0.067931, 0.0, 0.0, 0.0, 1.0]
            ]
        },
        {
            "name": "Elbow_R",
            "time": [0.0, 0.3333],
            "transform": [
                [-1.0, 0.0, -0.0, 0.0, 0.0, 0.003946, -0.999992, 0.309081, -0.0, -0.999992, -0.003946, -0.001216, 0.0, 0.0, 0.0, 1.0],
                [-1.0, 0.0, -0.0, 0.0, 0.0, 0.003946, -0.999992, 0.300007, -0.0, -0.999992, -0.003946, -0.001252, 0.0, 0.0, 0.0, 1.0]
            ]
        },
        {
            "name": "Shoulder_L",
            "time": [0.0, 0.0167, 0.0333, 0.05, 0.0667, 0.0833, 0.1, 0.1167, 0.1333, 0.15, 0.1667, 0.1833, 0.2, 0.2167, 0.2333, 0.25, 0.2667, 0.2833, 0.3, 0.3167, 0.3333],
            "transform": [
                [0.0, -0.952114, -0.305743, -0.0, 0.0, -0.305743, 0.952114, 0.4, -1.0, -0.0, 0.0, -0.0, 0.0, 0.0, 0.0, 1.0],
                [-0.0, -0.952114, -0.305743, -0.0, 0.0, -0.305743, 0.952114, 0.4, -1.0, 0.0, 0.0, -0.0, 0.0, 0.0, 0.0, 1.0],
                [-0.0, -0.952114, -0.305743, -0.0, 0.0, -0.305743, 0.952114, 0.4, -1.0, 0.0, 0.0, 0.0, 0.0, 0.0, 0.0, 1.0],
                [-0.0, -0.952114, -0.305743, -0.0, 0.0, -0.305743, 0.952114, 0.4, -1.0, 0.0, 0.0, -0.0, 0.0, 0.0, 0.0, 1.0],
                [-0.0, -0.952114, -0.305743, -0.0, 0.0, -0.305743, 0.952114, 0.4, -1.0, 0.0, 0.0, -0.0, 0.0, 0.0, 0.0, 1.0],
                [-0.0, -0.952114, -0.305743, -0.0, 0.0, -0.305743, 0.952114, 0.4, -1.0, 0.0, 0.0, -0.0, 0.0, 0.0, 0.0, 1.0],
                [-0.0, -0.952114, -0.305743, -0.0, 0.0, -0.305743, 0.952114, 0.4, -1.0, 0.0, 0.0, 0.0, 0.0, 0.0, 0.0, 1.0],
                [0.0, -0.952114, -0.305743, 0.0, 0.0, -0.305743, 0.952114, 0.4, -1.0, 0.0, 0.0, 0.0, 0.0, 0.0, 0.0, 1.0],
