{
    "animation": [
        {
            "name": "Root",
            "time": [0.0, 0.0167, 0.0333, 0.05, 0.0667, 0.0833, 0.1, 0.1167, 0.1333, 0.15, 0.1667, 0.1833, 0.2, 0.2167, 0.2333, 0.25],
            "transform": [
                [1.0, 0.0, 0.0, -5e-06, 0.0, 0.0, -1.0, 0.000946, 0.0, 1.0, 0.0, 0.763972, 0.0, 0.0, 0.0, 1.0],
                [1.0, 0.0, 0.0, -5e-06, 0.0, 0.0, -1.0, 0.000946, 0.0, 1.0, 0.0, 0.763972, 0.0, 0.0, 0.0, 1.0],
                [1.0, 0.0, 0.0, -5e-06, 0.0, 0.0, -1.0, 0.000946, 0.0, 1.0, 0.0, 0.763972, 0.0, 0.0, 0.0, 1.0],
                [1.0, 0.0, 0.0, -5e-06, 0.0, 0.0, -1.0, 0.000946, 0.0, 1.0, 0.0, 0.763972, 0.0, 0.0, 0.0, 1.0],
                [1.0, 0.0, 0.0, -5e-06, 0.0, 0.0, -1.0, 0.000946, 0.0, 1.0, 0.0, 0.763972, 0.0, 0.0, 0.0, 1.0],
                [1.0, 0.0, 0.0, -5e-06, 0.0, 0.0, -1.0, 0.000946, 0.0, 1.0, 0.0, 0.763972, 0.0, 0.0, 0.0, 1.0],
                [1.0, 0.0, 0.0, -5e-06, 0.0, 0.0, -1.0, 0.000946, 0.0, 1.0, 0.0, 0.763972, 0.0, 0.0, 0.0, 1.0],
                [1.0, 0.0, 0.0, -5e-06, 0.0, 0.0, -1.0, 0.000946, 0.0, 1.0, 0.0, 0.763972, 0.0, 0.0, 0.0, 1.0],
                [1.0, 0.0, 0.0, -5e-06, 0.0, 0.0, -1.0, 0.000946, 0.0, 1.0, 0.0, 0.763972, 0.0, 0.0, 0.0, 1.0],
                [1.0, 0.0, 0.0, -5e-06, 0.0, 0.0, -1.0, 0.000946, 0.0, 1.0, 0.0, 0.763972, 0.0, 0.0, 0.0, 1.0],
                [1.0, 0.0, 0.0, -5e-06, 0.0, 0.0, -1.0, 0.000946, 0.0, 1.0, 0.0, 0.763972, 0.0, 0.0, 0.0, 1.0],
                [1.0, 0.0, 0.0, -5e-06, 0.0, 0.0, -1.0, 0.000946, 0.0, 1.0, 0.0, 0.763972, 0.0, 0.0, 0.0, 1.0],
                [1.0, 0.0, 0.0, -5e-06, 0.0, 0.0, -1.0, 0.000946, 0.0, 1.0, 0.0, 0.763972, 0.0, 0.0, 0.0, 1.0],
                [1.0, 0.0, 0.0, -5e-06, 0.0, 0.0, -1.0, 0.000946, 0.0, 1.0, 0.0, 0.763972, 0.0, 0.0, 0.0, 1.0],
                [1.0, 0.0, 0.0, -5e-06, 0.0, 0.0, -1.0, 0.000946, 0.0, 1.0, 0.0, 0.763972, 0.0, 0.0, 0.0, 1.0],
                [1.0, 0.0, 0.0, -5e-06, 0.0, 0.0, -1.0, 0.000946, 0.0, 1.0, 0.0, 0.763972, 0.0, 0.0, 0.0, 1.0]
            ]
        },
        {
            "name": "Thigh_R",
            "time": [0.0, 0.0167, 0.0333, 0.05, 0.0667, 0.0833, 0.1, 0.1167, 0.1333, 0.15, 0.1667, 0.1833, 0.2, 0.2167, 0.2333, 0.25],
            "transform": [
                [1.0, -1.4e-05, 6e-06, 0.124994, -1.2e-05, -0.470323, 0.882495, -0.002831, -9e-06, -0.882495, -0.470323, -1.2e-05, 0.0, 0.0, 0.0, 1.0],
                [1.0, -1.4e-05, 6e-06, 0.124994, -1.2e-05, -0.470829, 0.882225, -0.002831, -9e-06, -0.882225, -0.470829, -1.2e-05, 0.0, 0.0, 0.0, 1.0],
                [1.0, -1.3e-05, 5e-06, 0.124994, -1.1e-05, -0.48232, 0.875995, -0.002831, -9e-06, -0.875995, -0.48232, -1.2e-05, 0.0, 0.0, 0.0, 1.0],
                [1.0, -1.1e-05, 4e-06, 0.124994, -1e-05, -0.518529, 0.855061, -0.002831, -8e-06, -0.855061, -0.518528, -1.2e-05, 0.0, 0.0, 0.0, 1.0],
                [1.0, -1e-05, 3e-06, 0.124994, -8e-06, -0.582405, 0.8129, -0.002831, -6e-06, -0.8129, -0.582405, -1.2e-05, 0.0, 0.0, 0.0, 1.0],
                [1.0, -8e-06, 2e-06, 0.124994, -7e-06, -0.661932, 0.749565, -0.002831, -4e-06, -0.749565, -0.661931, -1.2e-05, 0.0, 0.0, 0.0, 1.0],
                [1.0, -6e-06, 2e-06, 0.124994, -6e-06, -0.734552, 0.678553, -0.002831, -3e-06, -0.678553, -0.734552, -1.2e-05, 0.0, 0.0, 0.0, 1.0],
                [1.0, -6e-06, 1e-06, 0.124994, -5e-06, -0.791642, 0.610987, -0.002831, -3e-06, -0.610987, -0.791641, -1.2e-05, 0.0, 0.0, 0.0, 1.0],
                [1.0, -6e-06, 1e-06, 0.124994, -5e-06, -0.837966, 0.545724, -0.002831, -2e-06, -0.545724, -0.837966, -1.2e-05, 0.0, 0.0, 0.0, 1.0],
                [1.0, -6e-06, 1e-06, 0.124994, -5e-06, -0.878255, 0.478195, -0.002831, -2e-06, -0.478195, -0.878254, -1.2e-05, 0.0, 0.0, 0.0, 1.0],
                [1.0, -6e-06, 1e-06, 0.124994, -5e-06, -0.911748, 0.410751, -0.002831, -1e-06, -0.410751, -0.911748, -1.2e-05, 0.0, 0.0, 0.0, 1.0],
                [1.0, -5e-06, 1e-06, 0.124994, -5e-06, -0.934428, 0.356156, -0.002831, -1e-06, -0.356156, -0.934427, -1.2e-05, 0.0, 0.0, 0.0, 1.0],
                [1.0, -5e-06, 1e-06, 0.124994, -5e-06, -0.942618, 0.333874, -0.002831, -1e-06, -0.333874, -0.942618, -1.2e-05, 0.0, 0.0, 0.0, 1.0],
                [1.0, -5e-06, 1e-06, 0.124994, -5e-06, -0.942618, 0.333874, -0.002831, -1e-06, -0.333874, -0.942618, -1.2e-05, 0.0, 0.0, 0.0, 1.0],
                [1.0, -5e-06, 1e-06, 0.124994, -5e-06, -0.942618, 0.333874, -0.002831, -1e-06, -0.333874, -0.942618, -1.2e-05, 0.0, 0.0, 0.0, 1.0],
                [1.0, -5e-06, 1e-06, 0.124994, -5e-06, -0.942618, 0.333874, -0.002831, -1e-06, -0.333874, -0.942618, -1.2e-05, 0.0, 0.0, 0.0, 1.0]
            ]
        },
        {
            "name": "Leg_R",
            "time": [0.0, 0.0167, 0.0333, 0.05, 0.0667, 0.0833, 0.1, 0.1167, 0.1333, 0.15, 0.1667, 0.1833, 0.2, 0.2167, 0.2333, 0.25],
            "transform": [
                [1.0, 2.1e-05, 2e-05, 0.0, -2.2e-05, 0.069259, 0.997598, 0.374726, 1.9e-05, -0.997599, 0.069259, 0.0, 0.0, 0.0, 0.0, 1.0],
                [1.0, 2.1e-05, 1.9e-05, 0.0, -2.2e-05, 0.111764, 0.993734, 0.374726, 1.9e-05, -0.993735, 0.111764, -0.0, 0.0, 0.0, 0.0, 1.0],
                [1.0, 2e-05, 1.7e-05, -0.0, -2.1e-05, 0.226675, 0.97397, 0.374726, 1.6e-05, -0.973971, 0.226675, 0.0, 0.0, 0.0, 0.0, 1.0],
                [1.0, 1.9e-05, 1.3e-05, 0.0, -2e-05, 0.393115, 0.919489, 0.374726, 1.2e-05, -0.91949, 0.393115, 0.0, 0.0, 0.0, 0.0, 1.0],
                [1.0, 1.7e-05, 1e-05, -0.0, -1.8e-05, 0.576969, 0.816766, 0.374726, 8e-06, -0.816766, 0.57697, 0.0, 0.0, 0.0, 0.0, 1.0],
                [1.0, 1.4e-05, 6e-06, -0.0, -1.5e-05, 0.730242, 0.683188, 0.374726, 5e-06, -0.683188, 0.730243, -0.0, 0.0, 0.0, 0.0, 1.0],
                [1.0, 1.2e-05, 5e-06, 0.0, -1.3e-05, 0.816625, 0.577168, 0.374726, 3e-06, -0.577168, 0.816626, 0.0, 0.0, 0.0, 0.0, 1.0],
                [1.0, 1.1e-05, 4e-06, 0.0, -1.1e-05, 0.851396, 0.524523, 0.374726, 2e-06, -0.524524, 0.851396, 0.0, 0.0, 0.0, 0.0, 1.0],
                [1.0, 1.1e-05, 4e-06, 0.0, -1.1e-05, 0.860871, 0.508823, 0.374726, 2e-06, -0.508824, 0.860871, -0.0, 0.0, 0.0, 0.0, 1.0],
                [1.0, 1.1e-05, 4e-06, 0.0, -1.1e-05, 0.864913, 0.501921, 0.374726, 2e-06, -0.501921, 0.864914, 0.0, 0.0, 0.0, 0.0, 1.0],
                [1.0, 1e-05, 3e-06, 0.0, -1.1e-05, 0.872757, 0.488155, 0.374726, 2e-06, -0.488155, 0.872757, 0.0, 0.0, 0.0, 0.0, 1.0],
                [1.0, 1e-05, 3e-06, 0.0, -1e-05, 0.882702, 0.469933, 0.374726, 2e-06, -0.469933, 0.882702, -0.0, 0.0, 0.0, 0.0, 1.0],
                [1.0, 1e-05, 3e-06, -0.0, -1e-05, 0.887329, 0.461137, 0.374726, 2e-06, -0.461137, 0.887329, 0.0, 0.0, 0.0, 0.0, 1.0],
                [1.0, 1e-05, 3e-06, -0.0, -1e-05, 0.887329, 0.461137, 0.374726, 2e-06, -0.461138, 0.887329, 0.0, 0.0, 0.0, 0.0, 1.0],
                [1.0, 1e-05, 3e-06, -0.0, -1e-05, 0.887329, 0.461137, 0.374726, 2e-06, -0.461138, 0.887329, 0.0, 0.0, 0.0, 0.0, 1.0],
                [1.0, 1e-05, 3e-06, -0.0, -1e-05, 0.887329, 0.461137, 0.374726, 2e-06, -0.461138, 0.887329, 0.0, 0.0, 0.0, 0.0, 1.0]
            ]
        },
        {
            "name": "Knee_R",
            "time": [0.0, 0.25],
            "transform": [
                [1.0, 0.0, -0.0, 0.0, -0.0, 0.00567, -0.999984, 0.476253, -0.0, 0.999984, 0.00567, -0.000576, 0.0, 0.0, 0.0, 1.0],
                [1.0, 0.0, -0.0, -0.0, -0.0, 0.00567, -0.999984, 0.374726, -0.0, 0.999984, 0.00567, 0.0, 0.0, 0.0, 0.0, 1.0]
            ]
        },
        {
            "name": "Thigh_L",
            "time": [0.0, 0.0167, 0.0333, 0.05, 0.0667, 0.0833, 0.1, 0.1167, 0.1333, 0.15, 0.1667, 0.1833, 0.2, 0.2167, 0.2333, 0.25],
            "transform": [
                [0.999112, -0.027302, 0.032101, -0.125006, -0.026742, -0.999485, -0.017743, -0.002831, 0.032569, 0.016869, -0.999327, -1.2e-05, 0.0, 0.0, 0.0, 1.0],
                [0.999095, -0.026265, 0.033455, -0.125006, -0.026992, -0.999406, 0.021469, -0.002831, 0.032871, -0.022353, -0.99921, -1.2e-05, 0.0, 0.0, 0.0, 1.0],
                [0.999054, -0.024241, 0.036117, -0.125006, -0.027605, -0.995023, 0.095748, -0.002831, 0.033616, -0.096655, -0.99475, -1.2e-05, 0.0, 0.0, 0.0, 1.0],
                [0.999, -0.02228, 0.038761, -0.125006, -0.028374, -0.98596, 0.164556, -0.002831, 0.034551, -0.165491, -0.985606, -1.2e-05, 0.0, 0.0, 0.0, 1.0],
                [0.998952, -0.020858, 0.040747, -0.125006, -0.029052, -0.976789, 0.212229, -0.002831, 0.035375, -0.213191, -0.97637, -1.2e-05, 0.0, 0.0, 0.0, 1.0],
                [0.99893, -0.020305, 0.04154, -0.125006, -0.029345, -0.9727, 0.230205, -0.002831, 0.035732, -0.231178, -0.972255, -1.2e-05, 0.0, 0.0, 0.0, 1.0],
                [0.998943, -0.020616, 0.041092, -0.125006, -0.029178, -0.975035, 0.220128, -0.002831, 0.035528, -0.221094, -0.974605, -1.2e-05, 0.0, 0.0, 0.0, 1.0],
                [0.998973, -0.021452, 0.039907, -0.125006, -0.028754, -0.980872, 0.192524, -0.002831, 0.035013, -0.193474, -0.980481, -1.2e-05, 0.0, 0.0, 0.0, 1.0],
                [0.999013, -0.022697, 0.038191, -0.125006, -0.028195, -0.988253, 0.150207, -0.002831, 0.034333, -0.151136, -0.987917, -1.2e-05, 0.0, 0.0, 0.0, 1.0],
                [0.999053, -0.024229, 0.036133, -0.125006, -0.027609, -0.994981, 0.09618, -0.002831, 0.033621, -0.097087, -0.994708, -1.2e-05, 0.0, 0.0, 0.0, 1.0],
                [0.999088, -0.025891, 0.033945, -0.125006, -0.027092, -0.999005, 0.03543, -0.002831, 0.032994, -0.036317, -0.998796, -1.2e-05, 0.0, 0.0, 0.0, 1.0],
                [0.999113, -0.027376, 0.032004, -0.125006, -0.026726, -0.999432, -0.020565, -0.002831, 0.032549, 0.019692, -0.999276, -1.2e-05, 0.0, 0.0, 0.0, 1.0],
                [0.999122, -0.028061, 0.031111, -0.125006, -0.026586, -0.998549, -0.046835, -0.002831, 0.03238, 0.045967, -0.998418, -1.2e-05, 0.0, 0.0, 0.0, 1.0],
                [0.999122, -0.028061, 0.031111, -0.125006, -0.026587, -0.998549, -0.046835, -0.002831, 0.03238, 0.045967, -0.998418, -1.2e-05, 0.0, 0.0, 0.0, 1.0],
                [0.999122, -0.028061, 0.031111, -0.125006, -0.026587, -0.998549, -0.046835, -0.002831, 0.03238, 0.045967, -0.998418, -1.2e-05, 0.0, 0.0, 0.0, 1.0],
                [0.999122, -0.028061, 0.031111, -0.125006, -0.026587, -0.998549, -0.046835, -0.002831, 0.03238, 0.045967, -0.998418, -1.2e-05, 0.0, 0.0, 0.0, 1.0]
            ]
        },
        {
            "name": "Leg_L",
            "time": [0.0, 0.0167, 0.0333, 0.05, 0.0667, 0.0833, 0.1, 0.1167, 0.1333, 0.15, 0.1667, 0.1833, 0.2, 0.2167, 0.2333, 0.25],
            "transform": [
                [1.0, 1e-05, 3e-06, -0.0, -1e-05, 0.884016, 0.467455, 0.374726, 2e-06, -0.467456, 0.884017, 0.0, 0.0, 0.0, 0.0, 1.0],
                [1.0, 1.1e-05, 4e-06, -0.0, -1.2e-05, 0.841356, 0.540481, 0.374726, 3e-06, -0.540482, 0.841356, 0.0, 0.0, 0.0, 0.0, 1.0],
                [1.0, 1.4e-05, 6e-06, 0.0, -1.4e-05, 0.741721, 0.670708, 0.374726, 5e-06, -0.670708, 0.741722, 0.0, 0.0, 0.0, 0.0, 1.0],
                [1.0, 1.6e-05, 9e-06, -0.0, -1.7e-05, 0.626741, 0.779227, 0.374726, 7e-06, -0.779228, 0.626741, 0.0, 0.0, 0.0, 0.0, 1.0],
                [1.0, 1.8e-05, 1.1e-05, 0.0, -1.9e-05, 0.533643, 0.845709, 0.374726, 1e-05, -0.84571, 0.533643, 0.0, 0.0, 0.0, 0.0, 1.0],
                [1.0, 1.8e-05, 1.1e-05, -0.0, -1.9e-05, 0.495523, 0.868594, 0.374726, 1e-05, -0.868595, 0.495524, 0.0, 0.0, 0.0, 0.0, 1.0],
                [1.0, 1.8e-05, 1.1e-05, 0.0, -1.9e-05, 0.517101, 0.855923, 0.374726, 1e-05, -0.855924, 0.517101, -0.0, 0.0, 0.0, 0.0, 1.0],
                [1.0, 1.7e-05, 1e-05, 0.0, -1.8e-05, 0.573515, 0.819195, 0.374726, 9e-06, -0.819195, 0.573515, 0.0, 0.0, 0.0, 0.0, 1.0],
                [1.0, 1.6e-05, 8e-06, 0.0, -1.7e-05, 0.652574, 0.757724, 0.374726, 7e-06, -0.757725, 0.652575, 0.0, 0.0, 0.0, 0.0, 1.0],
                [1.0, 1.4e-05, 6e-06, -0.0, -1.4e-05, 0.741069, 0.671429, 0.374726, 5e-06, -0.671429, 0.741068, -0.0, 0.0, 0.0, 0.0, 1.0],
                [1.0, 1.2e-05, 4e-06, -0.0, -1.2e-05, 0.82452, 0.565832, 0.374726, 3e-06, -0.565833, 0.82452, -0.0, 0.0, 0.0, 0.0, 1.0],
                [1.0, 1e-05, 3e-06, 0.0, -1e-05, 0.886826, 0.462103, 0.374726, 2e-06, -0.462104, 0.886826, 0.0, 0.0, 0.0, 0.0, 1.0],
                [1.0, 9e-06, 3e-06, 0.0, -9e-06, 0.911302, 0.411738, 0.374726, 1e-06, -0.411738, 0.911302, -0.0, 0.0, 0.0, 0.0, 1.0],
                [1.0, 9e-06, 3e-06, -0.0, -9e-06, 0.911302, 0.411738, 0.374726, 1e-06, -0.411738, 0.911302, -0.0, 0.0, 0.0, 0.0, 1.0],
                [1.0, 9e-06, 3e-06, -0.0, -9e-06, 0.911302, 0.411738, 0.374726, 1e-06, -0.411738, 0.911302, -0.0, 0.0, 0.0, 0.0, 1.0],
                [1.0, 9e-06, 3e-06, -0.0, -9e-06, 0.911302, 0.411738, 0.374726, 1e-06, -0.411738, 0.911302, -0.0, 0.0, 0.0, 0.0, 1.0]
            ]
        },
        {
            "name": "Knee_L",
            "time": [0.0, 0.25],
            "transform": [
                [1.0, 0.0, -0.0, -0.0, -0.0, 0.00567, -0.999984, 0.374726, -0.0, 0.999984, 0.00567, -0.0, 0.0, 0.0, 0.0, 1.0],
                [1.0, 0.0, -0.0, 0.0, -0.0, 0.00567, -0.999984, 0.374726, -0.0, 0.999984, 0.00567, -0.0, 0.0, 0.0, 0.0, 1.0]
            ]
        },
        {
            "name": "Torso",
            "time": [0.0, 0.0167, 0.0333, 0.05, 0.0667, 0.0833, 0.1, 0.1167, 0.1333, 0.15, 0.1667, 0.1833, 0.2, 0.2167, 0.2333, 0.25],
            "transform": [
                [1.0, 0.0, 0.0, 0.0, 0.0, 1.0, 0.0, 0.05, 0.0, 0.0, 1.0, 0.0, 0.0, 0.0, 0.0, 1.0],
                [0.996126, 0.0, 0.087939, 0.0, 0.0, 1.0, 0.0, 0.05, -0.087939, 0.0, 0.996126, 0.0, 0.0, 0.0, 0.0, 1.0],
                [0.954466, 0.0, 0.298318, 0.0, 0.0, 1.0, 0.0, 0.05, -0.298318, 0.0, 0.954466, 0.0, 0.0, 0.0, 0.0, 1.0],
                [0.845689, 0.0, 0.533676, 0.0, 0.0, 1.0, 0.0, 0.05, -0.533676, 0.0, 0.845689, 0.0, 0.0, 0.0, 0.0, 1.0],
                [0.712446, 0.0, 0.701727, 0.0, 0.0, 1.0, 0.0, 0.05, -0.701727, 0.0, 0.712446, 0.0, 0.0, 0.0, 0.0, 1.0],
                [0.647977, 0.0, 0.76166, 0.0, 0.0, 1.0, 0.0, 0.05, -0.76166, 0.0, 0.647977, 0.0, 0.0, 0.0, 0.0, 1.0],
                [0.697304, 0.0, 0.716775, 0.0, 0.0, 1.0, 0.0, 0.05, -0.716775, 0.0, 0.697304, 0.0, 0.0, 0.0, 0.0, 1.0],
                [0.813128, 0.0, 0.582085, 0.0, 0.0, 1.0, 0.0, 0.05, -0.582085, 0.0, 0.813128, 0.0, 0.0, 0.0, 0.0, 1.0],
                [0.933022, 0.0, 0.359818, 0.0, 0.0, 1.0, 0.0, 0.05, -0.359818, 0.0, 0.933022, 0.0, 0.0, 0.0, 0.0, 1.0],
                [0.996194, 0.0, 0.087159, 0.0, 0.0, 1.0, 0.0, 0.05, -0.087159, 0.0, 0.996194, 0.0, 0.0, 0.0, 0.0, 1.0],
                [0.986262, 0.0, -0.165187, 0.0, 0.0, 1.0, 0.0, 0.05, 0.165187, 0.0, 0.986262, 0.0, 0.0, 0.0, 0.0, 1.0],
                [0.941472, 0.0, -0.337091, 0.0, 0.0, 1.0, 0.0, 0.05, 0.337091, 0.0, 0.941472, 0.0, 0.0, 0.0, 0.0, 1.0],
                [0.91691, 0.0, -0.399095, 0.0, 0.0, 1.0, 0.0, 0.05, 0.399095, 0.0, 0.91691, 0.0, 0.0, 0.0, 0.0, 1.0],
                [0.91691, 0.0, -0.399095, 0.0, 0.0, 1.0, 0.0, 0.05, 0.399095, 0.0, 0.91691, 0.0, 0.0, 0.0, 0.0, 1.0],
                [0.91691, 0.0, -0.399095, 0.0, 0.0, 1.0, 0.0, 0.05, 0.399095, 0.0, 0.91691, 0.0, 0.0, 0.0, 0.0, 1.0],
                [0.91691, 0.0, -0.399095, 0.0, 0.0, 1.0, 0.0, 0.05, 0.399095, 0.0, 0.91691, 0.0, 0.0, 0.0, 0.0, 1.0]
            ]
        },
        {
            "name": "Chest",
            "time": [0.0, 0.0167, 0.0333, 0.05, 0.0667, 0.0833, 0.1, 0.1167, 0.1333, 0.15, 0.1667, 0.1833, 0.2, 0.2167, 0.2333, 0.25],
            "transform": [
                [1.0, 0.0, 0.0, 0.0, 0.0, 1.0, 0.0, 0.3, 0.0, 0.0, 1.0, 0.0, 0.0, 0.0, 0.0, 1.0],
                [1.0, 0.0, 0.0, -0.0, 0.0, 1.0, 0.0, 0.3, 0.0, 0.0, 1.0, -0.0, 0.0, 0.0, 0.0, 1.0],
                [1.0, 0.0, 0.0, -0.0, 0.0, 1.0, 0.0, 0.3, 0.0, 0.0, 1.0, -0.0, 0.0, 0.0, 0.0, 1.0],
                [1.0, 0.0, 0.0, -0.0, 0.0, 1.0, 0.0, 0.3, 0.0, 0.0, 1.0, -0.0, 0.0, 0.0, 0.0, 1.0],
                [1.0, 0.0, 0.0, -0.0, 0.0, 1.0, 0.0, 0.3, 0.0, 0.0, 1.0, -0.0, 0.0, 0.0, 0.0, 1.0],
                [1.0, 0.0, -0.0, 0.0, 0.0, 1.0, 0.0, 0.3, 0.0, 0.0, 1.0, -0.0, 0.0, 0.0, 0.0, 1.0],
                [1.0, 0.0, 0.0, 0.0, 0.0, 1.0, 0.0, 0.3, 0.0, 0.0, 1.0, 0.0, 0.0, 0.0, 0.0, 1.0],
                [1.0, 0.0, 0.0, 0.0, 0.0, 1.0, 0.0, 0.3, -0.0, 0.0, 1.0, -0.0, 0.0, 0.0, 0.0, 1.0],
                [1.0, 0.0, 0.0, 0.0, 0.0, 1.0, 0.0, 0.3, -0.0, 0.0, 1.0, -0.0, 0.0, 0.0, 0.0, 1.0],
                [1.0, 0.0, 0.0, 0.0, 0.0, 1.0, 0.0, 0.3, 0.0, 0.0, 1.0, 0.0, 0.0, 0.0, 0.0, 1.0],
                [1.0, 0.0, -0.0, -0.0, 0.0, 1.0, 0.0, 0.3, 0.0, 0.0, 1.0, -0.0, 0.0, 0.0, 0.0, 1.0],
                [1.0, 0.0, 0.0, -0.0, 0.0, 1.0, 0.0, 0.3, 0.0, 0.0, 1.0, 0.0, 0.0, 0.0, 0.0, 1.0],
                [1.0, 0.0, 0.0, -0.0, 0.0, 1.0, 0.0, 0.3, 0.0, 0.0, 1.0, -0.0, 0.0, 0.0, 0.0, 1.0],
                [1.0, 0.0, 0.0, -0.0, 0.0, 1.0, 0.0, 0.3, -0.0, 0.0, 1.0, -0.0, 0.0, 0.0, 0.0, 1.0],
                [1.0, 0.0, 0.0, -0.0, 0.0, 1.0, 0.0, 0.3, 0.0, 0.0, 1.0, -0.0, 0.0, 0.0, 0.0, 1.0],
                [1.0, 0.0, 0.0, -0.0, 0.0, 1.0, 0.0, 0.3, 0.0, 0.0, 1.0, -0.0, 0.0, 0.0, 0.0, 1.0]
            ]
        },
        {
            "name": "Head",
            "time": [0.0, 0.0167, 0.0333, 0.05, 0.0667, 0.0833, 0.1, 0.1167, 0.1333, 0.15, 0.1667, 0.1833, 0.2, 0.2167, 0.2333, 0.25],
            "transform": [
                [1.0, 0.0, 0.0, 0.0, 0.0, 1.0, 0.0, 0.4, 0.0, 0.0, 1.0, 0.0, 0.0, 0.0, 0.0, 1.0],
                [1.0, 0.0, 0.0, -0.0, 0.0, 1.0, 0.0, 0.4, 0.0, 0.0, 1.0, -0.0, 0.0, 0.0, 0.0, 1.0],
                [1.0, 0.0, 0.0, -0.0, 0.0, 1.0, 0.0, 0.4, -0.0, 0.0, 1.0, -0.0, 0.0, 0.0, 0.0, 1.0],
                [1.0, 0.0, 0.0, -0.0, 0.0, 1.0, 0.0, 0.4, 0.0, 0.0, 1.0, 0.0, 0.0, 0.0, 0.0, 1.0],
                [1.0, 0.0, 0.0, -0.0, 0.0, 1.0, 0.0, 0.4, 0.0, 0.0, 1.0, -0.0, 0.0, 0.0, 0.0, 1.0],
                [1.0, 0.0, -0.0, 0.0, 0.0, 1.0, 0.0, 0.4, 0.0, 0.0, 1.0, -0.0, 0.0, 0.0, 0.0, 1.0],
                [1.0, 0.0, 0.0, 0.0, 0.0, 1.0, 0.0, 0.4, 0.0, 0.0, 1.0, 0.0, 0.0, 0.0, 0.0, 1.0],
                [1.0, 0.0, 0.0, 0.0, 0.0, 1.0, 0.0, 0.4, -0.0, 0.0, 1.0, -0.0, 0.0, 0.0, 0.0, 1.0],
                [1.0, 0.0, 0.0, 0.0, 0.0, 1.0, 0.0, 0.4, 0.0, 0.0, 1.0, -0.0, 0.0, 0.0, 0.0, 1.0],
                [1.0, 0.0, 0.0, -0.0, 0.0, 1.0, 0.0, 0.4, 0.0, 0.0, 1.0, 0.0, 0.0, 0.0, 0.0, 1.0],
                [1.0, 0.0, 0.0, -0.0, 0.0, 1.0, 0.0, 0.4, -0.0, 0.0, 1.0, -0.0, 0.0, 0.0, 0.0, 1.0],
                [1.0, 0.0, -0.0, -0.0, 0.0, 1.0, 0.0, 0.4, 0.0, 0.0, 1.0, 0.0, 0.0, 0.0, 0.0, 1.0],
                [1.0, 0.0, 0.0, -0.0, 0.0, 1.0, 0.0, 0.4, 0.0, 0.0, 1.0, -0.0, 0.0, 0.0, 0.0, 1.0],
                [1.0, 0.0, 0.0, 0.0, 0.0, 1.0, 0.0, 0.4, 0.0, 0.0, 1.0, -0.0, 0.0, 0.0, 0.0, 1.0],
                [1.0, 0.0, 0.0, -0.0, 0.0, 1.0, 0.0, 0.4, 0.0, 0.0, 1.0, 0.0, 0.0, 0.0, 0.0, 1.0],
                [1.0, 0.0, 0.0, -0.0, 0.0, 1.0, 0.0, 0.4, 0.0, 0.0, 1.0, 0.0, 0.0, 0.0, 0.0, 1.0]
            ]
        },
        {
            "name": "Shoulder_R",
            "time": [0.0, 0.0167, 0.0333, 0.05, 0.0667, 0.0833, 0.1, 0.1167, 0.1333, 0.15, 0.1667, 0.1833, 0.2, 0.2167, 0.2333, 0.25],
            "transform": [
                [0.0, 0.952114, 0.305743, 0.0, 0.0, -0.305743, 0.952114, 0.4, 1.0, 0.0, -0.0, 0.0, 0.0, 0.0, 0.0, 1.0],
                [0.0, 0.952114, 0.305743, -0.0, 0.0, -0.305743, 0.952114, 0.4, 1.0, 0.0, -0.0, -0.0, 0.0, 0.0, 0.0, 1.0],
                [0.0, 0.952114, 0.305743, -0.0, 0.0, -0.305743, 0.952114, 0.4, 1.0, 0.0, -0.0, 0.0, 0.0, 0.0, 0.0, 1.0],
                [0.0, 0.952114, 0.305743, -0.0, 0.0, -0.305743, 0.952114, 0.4, 1.0, 0.0, -0.0, -0.0, 0.0, 0.0, 0.0, 1.0],
                [0.0, 0.952114, 0.305743, -0.0, 0.0, -0.305743, 0.952114, 0.4, 1.0, 0.0, -0.0, 0.0, 0.0, 0.0, 0.0, 1.0],
                [0.0, 0.952114, 0.305743, 0.0, 0.0, -0.305743, 0.952114, 0.4, 1.0, 0.0, -0.0, -0.0, 0.0, 0.0, 0.0, 1.0],
                [0.0, 0.952114, 0.305743, 0.0, 0.0, -0.305743, 0.952114, 0.4, 1.0, -0.0, -0.0, -0.0, 0.0, 0.0, 0.0, 1.0],
                [0.0, 0.952114, 0.305743, 0.0, 0.0, -0.305743, 0.952114, 0.4, 1.0, 0.0, -0.0, -0.0, 0.0, 0.0, 0.0, 1.0],
                [0.0, 0.952114, 0.305743, 0.0, 0.0, -0.305743, 0.952114, 0.4, 1.0, 0.0, -0.0, 0.0, 0.0, 0.0, 0.0, 1.0],
                [0.0, 0.952114, 0.305743, -0.0, 0.0, -0.305743, 0.952114, 0.4, 1.0, 0.0, -0.0, -0.0, 0.0, 0.0, 0.0, 1.0],
                [0.0, 0.952114, 0.305743, 0.0, 0.0, -0.305743, 0.952114, 0.4, 1.0, -0.0, -0.0, -0.0, 0.0, 0.0, 0.0, 1.0],
                [0.0, 0.952114, 0.305743, 0.0, 0.0, -0.305743, 0.952114, 0.4, 1.0, 0.0, -0.0, 0.0, 0.0, 0.0, 0.0, 1.0],
                [0.0, 0.952114, 0.305743, 0.0, 0.0, -0.305743, 0.952114, 0.4, 1.0, 0.0, -0.0, -0.0, 0.0, 0.0, 0.0, 1.0],
                [0.0, 0.952114, 0.305743, 0.0, 0.0, -0.305743, 0.952114, 0.4, 1.0, 0.0, -0.0, -0.0, 0.0, 0.0, 0.0, 1.0],
                [0.0, 0.952114, 0.305743, 0.0, 0.0, -0.305743, 0.952114, 0.4, 1.0, 0.0, -0.0, -0.0, 0.0, 0.0, 0.0, 1.0],
                [0.0, 0.952114, 0.305743, 0.0, 0.0, -0.305743, 0.952114, 0.4, 1.0, 0.0, -0.0, -0.0, 0.0, 0.0, 0.0, 1.0]
            ]
        },
        {
            "name": "Arm_R",
            "time": [0.0, 0.0167, 0.0333, 0.05, 0.0667, 0.0833, 0.1, 0.1167, 0.1333, 0.15, 0.1667, 0.1833, 0.2, 0.2167, 0.2333, 0.25],
            "transform": [
                [0.576874, 0.133711, -0.805815, -0.0, 0.701037, 0.425286, 0.572433, 0.39386, 0.419242, -0.895128, 0.1516, -0.0, 0.0, 0.0, 0.0, 1.0],
                [0.252665, 0.191129, -0.948489, 0.0, 0.902219, 0.307579, 0.302319, 0.39386, 0.349517, -0.93213, -0.094726, 0.0, 0.0, 0.0, 0.0, 1.0],
                [-0.499206, -0.325891, -0.802863, 0.0, 0.679532, 0.427654, -0.596111, 0.393861, 0.537615, -0.843153, 0.007965, 0.0, 0.0, 0.0, 0.0, 1.0],
                [-0.511767, -0.855232, -0.081692, -0.0, 0.017039, 0.084964, -0.996239, 0.39386, 0.858955, -0.511234, -0.028909, -0.0, 0.0, 0.0, 0.0, 1.0],
                [-0.324026, -0.877522, 0.353499, 0.0, -0.270757, -0.27201, -0.923418, 0.39386, 0.906475, -0.394925, -0.149457, 0.0, 0.0, 0.0, 0.0, 1.0],
                [-0.233982, -0.73688, 0.634239, -0.0, -0.307454, -0.562791, -0.767294, 0.39386, 0.922347, -0.374532, -0.094874, 0.0, 0.0, 0.0, 0.0, 1.0],
                [-0.213362, -0.734389, 0.644321, -0.0, -0.332694, -0.565474, -0.754689, 0.393861, 0.918582, -0.375383, -0.123676, 0.0, 0.0, 0.0, 0.0, 1.0],
                [-0.203842, -0.865429, 0.457693, -0.0, -0.353677, -0.370838, -0.858716, 0.393861, 0.912887, -0.336917, -0.23049, -0.0, 0.0, 0.0, 0.0, 1.0],
                [-0.132101, -0.990795, -0.029596, 0.0, -0.238943, 0.060806, -0.969128, 0.39386, 0.962006, -0.120951, -0.244776, -0.0, 0.0, 0.0, 0.0, 1.0],
                [0.00722, -0.987693, -0.15624, -0.0, -0.172353, 0.152677, -0.973131, 0.393861, 0.985009, 0.033954, -0.169129, -0.0, 0.0, 0.0, 0.0, 1.0],
                [-0.010846, -0.880072, -0.474718, -0.0, -0.166896, 0.46968, -0.866918, 0.39386, 0.985915, 0.069826, -0.151975, 0.0, 0.0, 0.0, 0.0, 1.0],
                [-0.05418, -0.652522, -0.755831, -0.0, -0.124022, 0.755479, -0.643327, 0.393861, 0.990799, 0.058884, -0.121859, 0.0, 0.0, 0.0, 0.0, 1.0],
                [-0.072681, -0.720542, -0.689592, -0.0, -0.106521, 0.693074, -0.712953, 0.39386, 0.991651, 0.021637, -0.127126, 0.0, 0.0, 0.0, 0.0, 1.0],
                [-0.072681, -0.720542, -0.689592, -0.0, -0.106521, 0.693074, -0.712953, 0.393861, 0.99165, 0.021637, -0.127126, 0.0, 0.0, 0.0, 0.0, 1.0],
                [-0.072681, -0.720542, -0.689592, -0.0, -0.106521, 0.693074, -0.712953, 0.39386, 0.991651, 0.021637, -0.127126, 0.0, 0.0, 0.0, 0.0, 1.0],
                [-0.072681, -0.720542, -0.689592, -0.0, -0.106521, 0.693074, -0.712953, 0.39386, 0.991651, 0.021637, -0.127126, 0.0, 0.0, 0.0, 0.0, 1.0]
            ]
        },
        {
            "name": "Hand_R",
            "time": [0.0, 0.0167, 0.0333, 0.05, 0.0667, 0.0833, 0.1, 0.1167, 0.1333, 0.15, 0.1667, 0.1833, 0.2, 0.2167, 0.2333, 0.25],
            "transform": [
                [1.0, -1e-06, 0.0, 0.0, 1e-06, 0.914502, -0.404581, 0.300003, 0.0, 0.404581, 0.914502, -0.0, 0.0, 0.0, 0.0, 1.0],
                [1.0, -3e-06, 1e-06, -0.0, 3e-06, 0.612669, -0.79034, 0.300003, 1e-06, 0.790339, 0.612669, -0.0, 0.0, 0.0, 0.0, 1.0],
                [1.0, -3e-06, 2e-06, 0.0, 3e-06, 0.596217, -0.802823, 0.300002, 1e-06, 0.802824, 0.596217, -0.0, 0.0, 0.0, 0.0, 1.0],
                [1.0, -1e-06, 0.0, 0.0, 1e-06, 0.950151, -0.311789, 0.300002, 0.0, 0.311789, 0.950151, -0.0, 0.0, 0.0, 0.0, 1.0],
                [1.0, -1e-06, 0.0, 0.0, 1e-06, 0.973314, -0.229479, 0.300003, 0.0, 0.229479, 0.973313, 0.0, 0.0, 0.0, 0.0, 1.0],
                [1.0, -0.0, 0.0, -0.0, -0.0, 1.0, -0.000994, 0.300003, -0.0, 0.000994, 1.0, -0.0, 0.0, 0.0, 0.0, 1.0],
                [1.0, 0.0, -0.0, -0.0, -0.0, 0.999999, -0.000994, 0.300003, -0.0, 0.000994, 0.999999, -0.0, 0.0, 0.0, 0.0, 1.0],
                [1.0, -1e-06, 0.0, 0.0, 1e-06, 0.929139, -0.369731, 0.300003, 0.0, 0.369731, 0.929139, -0.0, 0.0, 0.0, 0.0, 1.0],
                [1.0, -3e-06, 2e-06, -0.0, 3e-06, 0.620715, -0.784036, 0.300003, 1e-06, 0.784036, 0.620716, 0.0, 0.0, 0.0, 0.0, 1.0],
                [1.0, -2e-06, 1e-06, 0.0, 2e-06, 0.861902, -0.507075, 0.300003, 0.0, 0.507075, 0.861902, 0.0, 0.0, 0.0, 0.0, 1.0],
                [1.0, -2e-06, 1e-06, -0.0, 2e-06, 0.803554, -0.595232, 0.300003, 1e-06, 0.595232, 0.803554, -0.0, 0.0, 0.0, 0.0, 1.0],
                [1.0, -2e-06, 1e-06, 0.0, 2e-06, 0.82495, -0.565206, 0.300003, 1e-06, 0.565206, 0.82495, 0.0, 0.0, 0.0, 0.0, 1.0],
                [1.0, -0.0, -0.0, 0.0, 0.0, 1.0, -0.000993, 0.300003, -0.0, 0.000993, 0.999999, 0.0, 0.0, 0.0, 0.0, 1.0],
                [1.0, -0.0, 0.0, 0.0, 0.0, 1.0, -0.000993, 0.300002, -0.0, 0.000993, 1.0, -0.0, 0.0, 0.0, 0.0, 1.0],
                [1.0, 0.0, 0.0, -0.0, 0.0, 1.0, -0.000993, 0.300003, -0.0, 0.000993, 0.999999, 0.0, 0.0, 0.0, 0.0, 1.0],
                [1.0, 0.0, 0.0, -0.0, 0.0, 1.0, -0.000993, 0.300003, -0.0, 0.000993, 0.999999, 0.0, 0.0, 0.0, 0.0, 1.0]
            ]
        },
        {
            "name": "Tool_R",
            "time": [0.0, 0.0167, 0.0333, 0.05, 0.0667, 0.0833, 0.1, 0.1167, 0.1333, 0.15, 0.1667, 0.1833, 0.2, 0.2167, 0.2333, 0.25],
            "transform": [
                [0.990592, -0.090904, 0.102293, 0.043768, 0.025692, -0.610663, -0.791474, 0.098127, 0.134415, 0.786656, -0.602583, -0.098064, 0.0, 0.0, 0.0, 1.0],
                [0.990592, -0.090904, 0.102293, 0.043768, 0.025692, -0.610663, -0.791474, 0.098127, 0.134415, 0.786656, -0.602583, -0.098064, 0.0, 0.0, 0.0, 1.0],
                [0.990592, -0.090904, 0.102293, 0.043768, 0.025692, -0.610663, -0.791474, 0.098127, 0.134415, 0.786656, -0.602583, -0.098064, 0.0, 0.0, 0.0, 1.0],
                [0.990592, -0.090904, 0.102293, 0.043768, 0.025692, -0.610663, -0.791474, 0.098127, 0.134415, 0.786656, -0.602583, -0.098064, 0.0, 0.0, 0.0, 1.0],
                [0.990592, -0.090904, 0.102293, 0.043768, 0.025692, -0.610663, -0.791474, 0.098127, 0.134415, 0.786656, -0.602583, -0.098064, 0.0, 0.0, 0.0, 1.0],
                [0.990592, -0.090904, 0.102293, 0.043768, 0.025692, -0.610663, -0.791474, 0.098127, 0.134415, 0.786656, -0.602583, -0.098064, 0.0, 0.0, 0.0, 1.0],
                [0.990592, -0.090904, 0.102293, 0.043768, 0.025692, -0.610663, -0.791474, 0.098127, 0.134415, 0.786656, -0.602583, -0.098064, 0.0, 0.0, 0.0, 1.0],
                [0.990592, -0.090904, 0.102293, 0.043768, 0.025692, -0.610663, -0.791474, 0.098127, 0.134415, 0.786656, -0.602583, -0.098064, 0.0, 0.0, 0.0, 1.0],
                [0.990592, -0.090904, 0.102293, 0.043768, 0.025692, -0.610663, -0.791474, 0.098127, 0.134415, 0.786656, -0.602583, -0.098064, 0.0, 0.0, 0.0, 1.0],
                [0.990592, -0.090904, 0.102293, 0.043768, 0.025692, -0.610663, -0.791474, 0.098127, 0.134415, 0.786656, -0.602583, -0.098064, 0.0, 0.0, 0.0, 1.0],
                [0.990592, -0.090904, 0.102293, 0.043768, 0.025692, -0.610663, -0.791474, 0.098127, 0.134415, 0.786656, -0.602583, -0.098064, 0.0, 0.0, 0.0, 1.0],
                [0.990592, -0.090904, 0.102293, 0.043768, 0.025692, -0.610663, -0.791474, 0.098127, 0.134415, 0.786656, -0.602583, -0.098064, 0.0, 0.0, 0.0, 1.0],
                [0.990592, -0.090904, 0.102293, 0.043768, 0.025692, -0.610663, -0.791474, 0.098127, 0.134415, 0.786656, -0.602583, -0.098064, 0.0, 0.0, 0.0, 1.0],
                [0.990592, -0.090904, 0.102293, 0.043768, 0.025692, -0.610663, -0.791474, 0.098127, 0.134415, 0.786656, -0.602583, -0.098064, 0.0, 0.0, 0.0, 1.0],
                [0.990592, -0.090904, 0.102293, 0.043768, 0.025692, -0.610663, -0.791474, 0.098127, 0.134415, 0.786656, -0.602583, -0.098064, 0.0, 0.0, 0.0, 1.0],
                [0.990592, -0.090904, 0.102293, 0.043768, 0.025692, -0.610663, -0.791474, 0.098127, 0.134415, 0.786656, -0.602583, -0.098064, 0.0, 0.0, 0.0, 1.0]
            ]
        },
        {
            "name": "Elbow_R",
            "time": [0.0, 0.25],
            "transform": [
                [-1.0, 0.0, -0.0, -0.0, 0.0, 0.003946, -0.999992, 0.338231, -0.0, -0.999992, -0.003946, -0.001101, 0.0, 0.0, 0.0, 1.0],
                [-1.0, 0.0, -0.0, 0.0, -0.0, 0.003946, -0.999992, 0.300007, -0.0, -0.999992, -0.003946, -0.001252, 0.0, 0.0, 0.0, 1.0]
            ]
        },
        {
            "name": "Shoulder_L",
            "time": [0.0, 0.0167, 0.0333, 0.05, 0.0667, 0.0833, 0.1, 0.1167, 0.1333, 0.15, 0.1667, 0.1833, 0.2, 0.2167, 0.2333, 0.25],
            "transform": [
                [-0.0, -0.952114, -0.305743, -0.0, 0.0, -0.305743, 0.952114, 0.4, -1.0, -0.0, 0.0, 0.0, 0.0, 0.0, 0.0, 1.0],
                [-0.0, -0.952114, -0.305743, -0.0, 0.0, -0.305743, 0.952114, 0.4, -1.0, -0.0, 0.0, 0.0, 0.0, 0.0, 0.0, 1.0],
                [-0.0, -0.952114, -0.305743, -0.0, 0.0, -0.305743, 0.952114, 0.4, -1.0, 0.0, 0.0, -0.0, 0.0, 0.0, 0.0, 1.0],
                [0.0, -0.952114, -0.305743, -0.0, 0.0, -0.305743, 0.952114, 0.4, -1.0, 0.0, 0.0, 0.0, 0.0, 0.0, 0.0, 1.0],
                [0.0, -0.952114, -0.305743, 0.0, 0.0, -0.305743, 0.952114, 0.4, -1.0, 0.0, 0.0, -0.0, 0.0, 0.0, 0.0, 1.0],
                [0.0, -0.952114, -0.305743, -0.0, 0.0, -0.305743, 0.952114, 0.4, -1.0, -0.0, 0.0, 0.0, 0.0, 0.0, 0.0, 1.0],
                [0.0, -0.952114, -0.305743, -0.0, 0.0, -0.305743, 0.952114, 0.4, -1.0, 0.0, 0.0, 0.0, 0.0, 0.0, 0.0, 1.0],
                [-0.0, -0.952114, -0.305743, -0.0, 0.0, -0.305743, 0.952114, 0.4, -1.0, 0.0, 0.0, -0.0, 0.0, 0.0, 0.0, 1.0],
                [-0.0, -0.952114, -0.305743, -0.0, 0.0, -0.305743, 0.952114, 0.4, -1.0, 0.0, 0.0, 0.0, 0.0, 0.0, 0.0, 1.0],
                [-0.0, -0.952114, -0.305743, -0.0, 0.0, -0.305743, 0.952114, 0.4, -1.0, 0.0, 0.0, -0.0, 0.0, 0.0, 0.0, 1.0],
                [-0.0, -0.952114, -0.305743, -0.0, 0.0, -0.305743, 0.952114, 0.4, -1.0, 0.0, 0.0, 0.0, 0.0, 0.0, 0.0, 1.0],
                [-0.0, -0.952114, -0.305743, -0.0, 0.0, -0.305743, 0.952114, 0.4, -1.0, 0.0, 0.0, 0.0, 0.0, 0.0, 0.0, 1.0],
                [-0.0, -0.952114, -0.305743, -0.0, 0.0, -0.305743, 0.952114, 0.4, -1.0, 0.0, 0.0, 0.0, 0.0, 0.0, 0.0, 1.0],
                [-0.0, -0.952114, -0.305743, -0.0, 0.0, -0.305743, 0.952114, 0.4, -1.0, 0.0, 0.0, 0.0, 0.0, 0.0, 0.0, 1.0],
                [-0.0, -0.952114, -0.305743, -0.0, 0.0, -0.305743, 0.952114, 0.4, -1.0, -0.0, 0.0, 0.0, 0.0, 0.0, 0.0, 1.0],
                [-0.0, -0.952114, -0.305743, -0.0, 0.0, -0.305743, 0.952114, 0.4, -1.0, -0.0, 0.0, 0.0, 0.0, 0.0, 0.0, 1.0]
            ]
        },
        {
            "name": "Arm_L",
            "time": [0.0, 0.0167, 0.0333, 0.05, 0.0667, 0.0833, 0.1, 0.1167, 0.1333, 0.15, 0.1667, 0.1833, 0.2, 0.2167, 0.2333, 0.25],
            "transform": [
                [0.182109, -0.227861, 0.956512, 0.0, -0.83805, 0.472844, 0.272196, 0.39386, -0.514304, -0.851174, -0.104849, 0.0, 0.0, 0.0, 0.0, 1.0],
                [0.250759, -0.276215, 0.927807, 0.0, -0.836233, 0.421029, 0.351353, 0.39386, -0.487683, -0.863967, -0.125403, -0.0, 0.0, 0.0, 0.0, 1.0],
                [0.370264, -0.359712, 0.856453, 0.0, -0.804156, 0.337415, 0.48937, 0.39386, -0.465013, -0.869918, -0.164332, -0.0, 0.0, 0.0, 0.0, 1.0],
                [0.433663, -0.4251, 0.794497, -0.0, -0.74041, 0.334405, 0.583066, 0.39386, -0.513546, -0.841108, -0.169729, -0.0, 0.0, 0.0, 0.0, 1.0],
                [0.445334, -0.450988, 0.77349, 0.0, -0.668071, 0.407791, 0.622404, 0.39386, -0.59612, -0.793924, -0.119688, -0.0, 0.0, 0.0, 0.0, 1.0],
                [0.454798, -0.490959, 0.743047, -0.0, -0.61725, 0.427671, 0.660379, 0.39386, -0.641998, -0.758984, -0.10854, -0.0, 0.0, 0.0, 0.0, 1.0],
                [0.508159, -0.571912, 0.643965, -0.0, -0.564798, 0.343193, 0.75048, 0.39386, -0.650213, -0.745074, -0.148618, 0.0, 0.0, 0.0, 0.0, 1.0],
                [0.609071, -0.63587, 0.474027, 0.0, -0.445361, 0.220344, 0.867814, 0.39386, -0.656266, -0.739674, -0.148987, 0.0, 0.0, 0.0, 0.0, 1.0],
                [0.706428, -0.663454, 0.246552, -0.0, -0.23243, 0.11157, 0.966193, 0.39386, -0.668532, -0.739852, -0.07539, 0.0, 0.0, 0.0, 0.0, 1.0],
                [0.730987, -0.681862, 0.026872, -0.0, 0.036352, 0.078234, 0.996272, 0.39386, -0.681422, -0.727285, 0.081976, -0.0, 0.0, 0.0, 0.0, 1.0],
                [0.678611, -0.728791, -0.091374, -0.0, 0.262279, 0.124238, 0.956961, 0.39386, -0.686073, -0.67337, 0.275456, 0.0, 0.0, 0.0, 0.0, 1.0],
                [0.612207, -0.785613, -0.089526, 0.0, 0.394432, 0.205299, 0.895698, 0.39386, -0.685293, -0.583664, 0.435556, 0.0, 0.0, 0.0, 0.0, 1.0],
                [0.583455, -0.810197, -0.056224, -0.0, 0.437268, 0.255047, 0.862408, 0.39386, -0.684381, -0.527761, 0.503082, 0.0, 0.0, 0.0, 0.0, 1.0],
                [0.583454, -0.810197, -0.056224, -0.0, 0.437268, 0.255047, 0.862408, 0.39386, -0.684381, -0.527761, 0.503082, 0.0, 0.0, 0.0, 0.0, 1.0],
                [0.583454, -0.810197, -0.056223, 0.0, 0.437268, 0.255047, 0.862408, 0.39386, -0.68438, -0.527761, 0.503082, 0.0, 0.0, 0.0, 0.0, 1.0],
                [0.583454, -0.810197, -0.056223, 0.0, 0.437268, 0.255047, 0.862408, 0.39386, -0.68438, -0.527761, 0.503082, 0.0, 0.0, 0.0, 0.0, 1.0]
            ]
        },
        {
            "name": "Hand_L",
            "time": [0.0, 0.0167, 0.0333, 0.05, 0.0667, 0.0833, 0.1, 0.1167, 0.1333, 0.15, 0.1667, 0.1833, 0.2, 0.2167, 0.2333, 0.25],
            "transform": [
                [1.0, -0.0, 0.0, 0.0, 0.0, 0.881315, -0.47253, 0.300002, -0.0, 0.47253, 0.881314, 0.0, 0.0, 0.0, 0.0, 1.0],
                [1.0, -0.0, 0.0, -0.0, 0.0, 0.836628, -0.547771, 0.300003, -0.0, 0.547771, 0.836628, -0.0, 0.0, 0.0, 0.0, 1.0],
                [1.0, -0.0, 0.0, -0.0, 0.0, 0.759301, -0.650741, 0.300002, 0.0, 0.65074, 0.7593, -0.0, 0.0, 0.0, 0.0, 1.0],
                [1.0, -0.0, 0.0, 0.0, 0.0, 0.706572, -0.707641, 0.300003, 0.0, 0.707641, 0.706572, 0.0, 0.0, 0.0, 0.0, 1.0],
                [1.0, -0.0, 0.0, -0.0, 0.0, 0.678949, -0.734185, 0.300003, 0.0, 0.734186, 0.678949, 0.0, 0.0, 0.0, 0.0, 1.0],
                [1.0, -0.0, 0.0, 0.0, 0.0, 0.584369, -0.811488, 0.300003, 0.0, 0.811488, 0.584369, 0.0, 0.0, 0.0, 0.0, 1.0],
                [1.0, -0.0, 0.0, 0.0, 0.0, 0.396048, -0.91823, 0.300003, 0.0, 0.918231, 0.396048, 0.0, 0.0, 0.0, 0.0, 1.0],
                [1.0, -0.0, 0.0, -0.0, 0.0, 0.22591, -0.974148, 0.300003, 0.0, 0.974148, 0.22591, 0.0, 0.0, 0.0, 0.0, 1.0],
                [1.0, -0.0, 0.0, -0.0, 0.0, 0.140192, -0.990124, 0.300003, 0.0, 0.990124, 0.140192, 0.0, 0.0, 0.0, 0.0, 1.0],
                [1.0, -0.0, 0.0, -0.0, 0.0, 0.194808, -0.980841, 0.300003, 0.0, 0.980841, 0.194808, 0.0, 0.0, 0.0, 0.0, 1.0],
                [1.0, -0.0, 0.0, 0.0, 0.0, 0.394317, -0.918974, 0.300003, 0.0, 0.918975, 0.394318, -0.0, 0.0, 0.0, 0.0, 1.0],
                [1.0, -0.0, 0.0, -0.0, 0.0, 0.642774, -0.766056, 0.300003, -0.0, 0.766056, 0.642774, -0.0, 0.0, 0.0, 0.0, 1.0],
                [1.0, -0.0, -0.0, -0.0, 0.0, 0.764206, -0.644972, 0.300002, 0.0, 0.644972, 0.764205, 0.0, 0.0, 0.0, 0.0, 1.0],
                [1.0, -0.0, 0.0, -0.0, 0.0, 0.764206, -0.644972, 0.300003, 0.0, 0.644973, 0.764205, 0.0, 0.0, 0.0, 0.0, 1.0],
                [1.0, -0.0, 0.0, -0.0, 0.0, 0.764206, -0.644972, 0.300003, -0.0, 0.644971, 0.764206, -0.0, 0.0, 0.0, 0.0, 1.0],
                [1.0, -0.0, 0.0, -0.0, 0.0, 0.764206, -0.644972, 0.300003, -0.0, 0.644971, 0.764206, -0.0, 0.0, 0.0, 0.0, 1.0]
            ]
        },
        {
            "name": "Tool_L",
            "time": [0.0, 0.0167, 0.0333, 0.05, 0.0667, 0.0833, 0.1, 0.1167, 0.1333, 0.15, 0.1667, 0.1833, 0.2, 0.2167, 0.2333, 0.25],
            "transform": [
                [0.997322, -0.033461, -0.065024, 0.0, -0.068613, -0.735787, -0.673728, 0.271711, -0.0253, 0.676386, -0.736113, -0.028915, 0.0, 0.0, 0.0, 1.0],
                [0.997323, -0.033461, -0.065024, 0.0, -0.068613, -0.735787, -0.673728, 0.271711, -0.0253, 0.676386, -0.736113, -0.028915, 0.0, 0.0, 0.0, 1.0],
                [0.997322, -0.033461, -0.065024, 0.0, -0.068613, -0.735787, -0.673728, 0.271711, -0.0253, 0.676386, -0.736113, -0.028915, 0.0, 0.0, 0.0, 1.0],
                [0.997322, -0.033461, -0.065024, -0.0, -0.068613, -0.735787, -0.673728, 0.271711, -0.0253, 0.676386, -0.736113, -0.028915, 0.0, 0.0, 0.0, 1.0],
                [0.997323, -0.033461, -0.065024, 0.0, -0.068613, -0.735787, -0.673728, 0.271711, -0.0253, 0.676386, -0.736113, -0.028915, 0.0, 0.0, 0.0, 1.0],
                [0.997322, -0.033461, -0.065024, -0.0, -0.068613, -0.735787, -0.673728, 0.271711, -0.0253, 0.676386, -0.736113, -0.028915, 0.0, 0.0, 0.0, 1.0],
                [0.997323, -0.033461, -0.065024, 0.0, -0.068613, -0.735787, -0.673728, 0.271711, -0.0253, 0.676386, -0.736113, -0.028915, 0.0, 0.0, 0.0, 1.0],
                [0.997322, -0.033461, -0.065024, 0.0, -0.068613, -0.735787, -0.673728, 0.271711, -0.0253, 0.676386, -0.736113, -0.028915, 0.0, 0.0, 0.0, 1.0],
                [0.997322, -0.033461, -0.065024, -0.0, -0.068613, -0.735787, -0.673728, 0.271711, -0.0253, 0.676386, -0.736113, -0.028915, 0.0, 0.0, 0.0, 1.0],
                [0.997322, -0.033461, -0.065024, 0.0, -0.068613, -0.735787, -0.673728, 0.271711, -0.0253, 0.676386, -0.736113, -0.028915, 0.0, 0.0, 0.0, 1.0],
                [0.997322, -0.033461, -0.065024, 0.0, -0.068613, -0.735787, -0.673728, 0.271711, -0.0253, 0.676386, -0.736113, -0.028915, 0.0, 0.0, 0.0, 1.0],
                [0.997323, -0.033461, -0.065024, 0.0, -0.068613, -0.735787, -0.673728, 0.271711, -0.0253, 0.676386, -0.736113, -0.028915, 0.0, 0.0, 0.0, 1.0],
                [0.997323, -0.033461, -0.065024, 0.0, -0.068613, -0.735787, -0.673728, 0.271711, -0.0253, 0.676386, -0.736113, -0.028915, 0.0, 0.0, 0.0, 1.0],
                [0.997323, -0.033461, -0.065024, 0.0, -0.068613, -0.735787, -0.673728, 0.271711, -0.0253, 0.676386, -0.736113, -0.028915, 0.0, 0.0, 0.0, 1.0],
                [0.997323, -0.033461, -0.065024, -0.0, -0.068613, -0.735787, -0.673728, 0.271711, -0.0253, 0.676386, -0.736113, -0.028915, 0.0, 0.0, 0.0, 1.0],
                [0.997323, -0.033461, -0.065024, -0.0, -0.068613, -0.735787, -0.673728, 0.271711, -0.0253, 0.676386, -0.736113, -0.028915, 0.0, 0.0, 0.0, 1.0]
            ]
        },
        {
            "name": "Elbow_L",
            "time": [0.0, 0.25],
            "transform": [
                [-1.0, 0.0, -0.0, 0.0, 0.0, 0.003946, -0.999992, 0.345318, -0.0, -0.999993, -0.003946, -0.001074, 0.0, 0.0, 0.0, 1.0],
                [-1.0, 0.0, -0.0, -0.0, 0.0, 0.003946, -0.999992, 0.364888, -0.0, -0.999993, -0.003946, -0.000996, 0.0, 0.0, 0.0, 1.0]
            ]
        },
        {
            "name": "IK-Thigh_R",
            "time": [0.0, 0.0167, 0.0333, 0.05, 0.0667, 0.0833, 0.1, 0.1167, 0.1333, 0.15, 0.1667, 0.1833, 0.2, 0.2167, 0.2333, 0.25],
            "transform": [
                [1.0, -1.4e-05, 6e-06, 0.124994, -1.2e-05, -0.470323, 0.882495, -0.002831, -9e-06, -0.882495, -0.470323, -1.2e-05, 0.0, 0.0, 0.0, 1.0],
                [1.0, -1.4e-05, 6e-06, 0.124994, -1.2e-05, -0.470829, 0.882225, -0.002831, -9e-06, -0.882225, -0.470829, -1.2e-05, 0.0, 0.0, 0.0, 1.0],
