{
    "animation": [
        {
            "name": "Root",
            "time": [0.0, 0.0167, 0.0333, 0.05, 0.0667, 0.0833, 0.1, 0.1167, 0.1333, 0.15, 0.1667, 0.1833, 0.2, 0.2167, 0.2333, 0.25, 0.2667, 0.2833, 0.3, 0.3167, 0.3333],
            "transform": [
                [1.0, 0.0, 0.0, -5e-06, 0.0, 0.0, -1.0, 0.058053, 0.0, 1.0, 0.0, 0.763972, 0.0, 0.0, 0.0, 1.0],
                [1.0, 0.0, 0.0, -5e-06, 0.0, 0.0, -1.0, 0.085916, 0.0, 1.0, 0.0, 0.763972, 0.0, 0.0, 0.0, 1.0],
                [1.0, 0.0, 0.0, -5e-06, 0.0, 0.0, -1.0, 0.161545, 0.0, 1.0, 0.0, 0.763972, 0.0, 0.0, 0.0, 1.0],
                [1.0, 0.0, 0.0, -5e-06, 0.0, 0.0, -1.0, 0.272997, 0.0, 1.0, 0.0, 0.763972, 0.0, 0.0, 0.0, 1.0],
                [1.0, 0.0, 0.0, -5e-06, 0.0, 0.0, -1.0, 0.408333, 0.0, 1.0, 0.0, 0.763972, 0.0, 0.0, 0.0, 1.0],
                [1.0, 0.0, 0.0, -5e-06, 0.0, 0.0, -1.0, 0.55561, 0.0, 1.0, 0.0, 0.763972, 0.0, 0.0, 0.0, 1.0],
                [1.0, 0.0, 0.0, -5e-06, 0.0, 0.0, -1.0, 0.702887, 0.0, 1.0, 0.0, 0.763972, 0.0, 0.0, 0.0, 1.0],
                [1.0, 0.0, 0.0, -5e-06, 0.0, 0.0, -1.0, 0.838222, 0.0, 1.0, 0.0, 0.763972, 0.0, 0.0, 0.0, 1.0],
                [1.0, 0.0, 0.0, -5e-06, 0.0, 0.0, -1.0, 0.949675, 0.0, 1.0, 0.0, 0.763972, 0.0, 0.0, 0.0, 1.0],
                [1.0, 0.0, 0.0, -5e-06, 0.0, 0.0, -1.0, 1.025304, 0.0, 1.0, 0.0, 0.763972, 0.0, 0.0, 0.0, 1.0],
                [1.0, 0.0, 0.0, -5e-06, 0.0, 0.0, -1.0, 1.053167, 0.0, 1.0, 0.0, 0.763972, 0.0, 0.0, 0.0, 1.0],
                [1.0, 0.0, 0.0, -5e-06, 0.0, 0.0, -1.0, 1.053167, 0.0, 1.0, 0.0, 0.763972, 0.0, 0.0, 0.0, 1.0],
                [1.0, 0.0, 0.0, -5e-06, 0.0, 0.0, -1.0, 1.053167, 0.0, 1.0, 0.0, 0.763972, 0.0, 0.0, 0.0, 1.0],
                [1.0, 0.0, 0.0, -5e-06, 0.0, 0.0, -1.0, 1.053167, 0.0, 1.0, 0.0, 0.763972, 0.0, 0.0, 0.0, 1.0],
                [1.0, 0.0, 0.0, -5e-06, 0.0, 0.0, -1.0, 1.053167, 0.0, 1.0, 0.0, 0.763972, 0.0, 0.0, 0.0, 1.0],
                [1.0, 0.0, 0.0, -5e-06, 0.0, 0.0, -1.0, 1.053167, 0.0, 1.0, 0.0, 0.763972, 0.0, 0.0, 0.0, 1.0],
                [1.0, 0.0, 0.0, -5e-06, 0.0, 0.0, -1.0, 1.053167, 0.0, 1.0, 0.0, 0.763972, 0.0, 0.0, 0.0, 1.0],
                [1.0, 0.0, 0.0, -5e-06, 0.0, 0.0, -1.0, 1.053167, 0.0, 1.0, 0.0, 0.763972, 0.0, 0.0, 0.0, 1.0],
                [1.0, 0.0, 0.0, -5e-06, 0.0, 0.0, -1.0, 1.053167, 0.0, 1.0, 0.0, 0.763972, 0.0, 0.0, 0.0, 1.0],
                [1.0, 0.0, 0.0, -5e-06, 0.0, 0.0, -1.0, 1.053167, 0.0, 1.0, 0.0, 0.763972, 0.0, 0.0, 0.0, 1.0],
                [1.0, 0.0, 0.0, -5e-06, 0.0, 0.0, -1.0, 1.053167, 0.0, 1.0, 0.0, 0.763972, 0.0, 0.0, 0.0, 1.0]
            ]
        },
        {
            "name": "Thigh_R",
            "time": [0.0, 0.0167, 0.0333, 0.05, 0.0667, 0.0833, 0.1, 0.1167, 0.1333, 0.15, 0.1667, 0.1833, 0.2, 0.2167, 0.2333, 0.25, 0.2667, 0.2833, 0.3, 0.3167, 0.3333],
            "transform": [
                [0.994692, 0.10283, -0.003654, 0.124994, 0.08394, -0.790404, 0.606808, -0.051028, 0.059509, -0.603894, -0.79484, -0.094127, 0.0, 0.0, 0.0, 1.0],
                [0.994567, 0.103675, -0.009334, 0.124994, 0.086438, -0.772578, 0.629009, -0.051028, 0.058002, -0.626398, -0.777342, -0.08885, 0.0, 0.0, 0.0, 1.0],
                [0.994217, 0.105591, -0.019602, 0.124994, 0.092693, -0.751525, 0.65316, -0.051028, 0.054236, -0.6512, -0.756966, -0.074527, 0.0, 0.0, 0.0, 1.0],
                [0.993685, 0.10886, -0.027183, 0.124994, 0.10073, -0.758792, 0.643497, -0.051028, 0.049424, -0.642172, -0.764966, -0.053418, 0.0, 0.0, 0.0, 1.0],
                [0.993045, 0.114306, -0.028213, 0.124994, 0.108995, -0.801927, 0.587395, -0.051028, 0.044518, -0.586385, -0.808809, -0.027787, 0.0, 0.0, 0.0, 1.0],
                [0.992374, 0.12147, -0.020934, 0.124994, 0.116565, -0.869624, 0.479757, -0.051028, 0.040071, -0.478539, -0.877152, 0.000107, 0.0, 0.0, 0.0, 1.0],
                [0.991741, 0.12813, -0.005722, 0.124994, 0.123002, -0.937514, 0.325481, -0.051028, 0.036339, -0.323497, -0.945532, 0.028, 0.0, 0.0, 0.0, 1.0],
                [0.991193, 0.131587, 0.014837, 0.124994, 0.128139, -0.981366, 0.143183, -0.051028, 0.033401, -0.140021, -0.989585, 0.053632, 0.0, 0.0, 0.0, 1.0],
                [0.990767, 0.130535, 0.036613, 0.124994, 0.131918, -0.990521, -0.038294, -0.051028, 0.031268, 0.042771, -0.998596, 0.07474, 0.0, 0.0, 0.0, 1.0],
                [0.99049, 0.126295, 0.054577, 0.124994, 0.134285, -0.973767, -0.183703, -0.051028, 0.029945, 0.189285, -0.981466, 0.089064, 0.0, 0.0, 0.0, 1.0],
                [0.99039, 0.123524, 0.062199, 0.124994, 0.135122, -0.960114, -0.244793, -0.051028, 0.02948, 0.250845, -0.967579, 0.094341, 0.0, 0.0, 0.0, 1.0],
                [0.99039, 0.123524, 0.062199, 0.124994, 0.135122, -0.960114, -0.244793, -0.051028, 0.02948, 0.250845, -0.967579, 0.094341, 0.0, 0.0, 0.0, 1.0],
                [0.99039, 0.123524, 0.062199, 0.124994, 0.135122, -0.960114, -0.244793, -0.051028, 0.02948, 0.250845, -0.967579, 0.094341, 0.0, 0.0, 0.0, 1.0],
                [0.99039, 0.123524, 0.062199, 0.124994, 0.135122, -0.960114, -0.244793, -0.051028, 0.02948, 0.250845, -0.967579, 0.094341, 0.0, 0.0, 0.0, 1.0],
                [0.99039, 0.123524, 0.062199, 0.124994, 0.135122, -0.960114, -0.244793, -0.051028, 0.02948, 0.250845, -0.967579, 0.094341, 0.0, 0.0, 0.0, 1.0],
                [0.99039, 0.123524, 0.062199, 0.124994, 0.135122, -0.960114, -0.244793, -0.051028, 0.02948, 0.250845, -0.967579, 0.094341, 0.0, 0.0, 0.0, 1.0],
                [0.99039, 0.123524, 0.062199, 0.124994, 0.135122, -0.960114, -0.244793, -0.051028, 0.02948, 0.250845, -0.967579, 0.094341, 0.0, 0.0, 0.0, 1.0],
                [0.99039, 0.123524, 0.062199, 0.124994, 0.135122, -0.960114, -0.244793, -0.051028, 0.02948, 0.250845, -0.967579, 0.094341, 0.0, 0.0, 0.0, 1.0],
                [0.99039, 0.123524, 0.062199, 0.124994, 0.135122, -0.960114, -0.244793, -0.051028, 0.02948, 0.250845, -0.967579, 0.094341, 0.0, 0.0, 0.0, 1.0],
                [0.99039, 0.123524, 0.062199, 0.124994, 0.135122, -0.960114, -0.244793, -0.051028, 0.02948, 0.250845, -0.967579, 0.094341, 0.0, 0.0, 0.0, 1.0],
                [0.99039, 0.123524, 0.062199, 0.124994, 0.135122, -0.960114, -0.244793, -0.051028, 0.02948, 0.250845, -0.967579, 0.094341, 0.0, 0.0, 0.0, 1.0]
            ]
        },
        {
            "name": "Leg_R",
            "time": [0.0, 0.0167, 0.0333, 0.05, 0.0667, 0.0833, 0.1, 0.1167, 0.1333, 0.15, 0.1667, 0.1833, 0.2, 0.2167, 0.2333, 0.25, 0.2667, 0.2833, 0.3, 0.3167, 0.3333],
            "transform": [
                [1.0, 8e-06, 2e-06, -0.0, -9e-06, 0.917829, 0.396975, 0.374726, 1e-06, -0.396975, 0.917829, 0.0, 0.0, 0.0, 0.0, 1.0],
                [1.0, 1e-05, 3e-06, 0.0, -1.1e-05, 0.872092, 0.489342, 0.374726, 2e-06, -0.489341, 0.872093, -0.0, 0.0, 0.0, 0.0, 1.0],
                [1.0, 1.4e-05, 6e-06, -0.0, -1.4e-05, 0.760982, 0.648773, 0.374726, 4e-06, -0.648773, 0.760982, 0.0, 0.0, 0.0, 0.0, 1.0],
                [1.0, 1.6e-05, 8e-06, -0.0, -1.7e-05, 0.631231, 0.775595, 0.374726, 7e-06, -0.775595, 0.63123, -0.0, 0.0, 0.0, 0.0, 1.0],
                [1.0, 1.7e-05, 1e-05, -0.0, -1.7e-05, 0.528452, 0.848963, 0.374726, 9e-06, -0.848963, 0.528452, 0.0, 0.0, 0.0, 0.0, 1.0],
                [1.0, 1.8e-05, 1.1e-05, 0.0, -1.9e-05, 0.484819, 0.874615, 0.374726, 1e-05, -0.874615, 0.484819, 0.0, 0.0, 0.0, 0.0, 1.0],
                [1.0, 1.9e-05, 1.1e-05, -0.0, -1.9e-05, 0.512199, 0.858867, 0.374726, 1e-05, -0.858867, 0.512199, 0.0, 0.0, 0.0, 0.0, 1.0],
                [1.0, 1.8e-05, 1e-05, 0.0, -1.8e-05, 0.600036, 0.799972, 0.374726, 8e-06, -0.799972, 0.600036, -0.0, 0.0, 0.0, 0.0, 1.0],
                [1.0, 1.6e-05, 7e-06, 0.0, -1.6e-05, 0.717398, 0.696663, 0.374726, 6e-06, -0.696663, 0.717398, 0.0, 0.0, 0.0, 0.0, 1.0],
                [1.0, 1.3e-05, 5e-06, -0.0, -1.3e-05, 0.82027, 0.571975, 0.374726, 3e-06, -0.571975, 0.820271, 0.0, 0.0, 0.0, 0.0, 1.0],
                [1.0, 1.1e-05, 4e-06, 0.0, -1.1e-05, 0.862877, 0.505414, 0.374726, 2e-06, -0.505414, 0.862877, 0.0, 0.0, 0.0, 0.0, 1.0],
                [1.0, 1.1e-05, 4e-06, 0.0, -1.1e-05, 0.862877, 0.505414, 0.374726, 2e-06, -0.505414, 0.862877, 0.0, 0.0, 0.0, 0.0, 1.0],
                [1.0, 1.1e-05, 4e-06, 0.0, -1.1e-05, 0.862877, 0.505414, 0.374726, 2e-06, -0.505414, 0.862877, 0.0, 0.0, 0.0, 0.0, 1.0],
                [1.0, 1.1e-05, 4e-06, 0.0, -1.1e-05, 0.862877, 0.505414, 0.374726, 2e-06, -0.505414, 0.862877, 0.0, 0.0, 0.0, 0.0, 1.0],
                [1.0, 1.1e-05, 4e-06, -0.0, -1.1e-05, 0.862877, 0.505414, 0.374726, 2e-06, -0.505415, 0.862877, 0.0, 0.0, 0.0, 0.0, 1.0],
                [1.0, 1.1e-05, 4e-06, 0.0, -1.1e-05, 0.862877, 0.505414, 0.374726, 2e-06, -0.505414, 0.862877, 0.0, 0.0, 0.0, 0.0, 1.0],
                [1.0, 1.1e-05, 4e-06, -0.0, -1.1e-05, 0.862877, 0.505414, 0.374726, 2e-06, -0.505415, 0.862877, 0.0, 0.0, 0.0, 0.0, 1.0],
                [1.0, 1.1e-05, 4e-06, 0.0, -1.1e-05, 0.862877, 0.505414, 0.374726, 2e-06, -0.505414, 0.862877, 0.0, 0.0, 0.0, 0.0, 1.0],
                [1.0, 1.1e-05, 4e-06, -0.0, -1.1e-05, 0.862877, 0.505414, 0.374726, 2e-06, -0.505415, 0.862877, 0.0, 0.0, 0.0, 0.0, 1.0],
                [1.0, 1.1e-05, 4e-06, 0.0, -1.1e-05, 0.862877, 0.505414, 0.374726, 2e-06, -0.505414, 0.862877, 0.0, 0.0, 0.0, 0.0, 1.0],
                [1.0, 1.1e-05, 4e-06, -0.0, -1.1e-05, 0.862877, 0.505414, 0.374726, 2e-06, -0.505415, 0.862877, 0.0, 0.0, 0.0, 0.0, 1.0]
            ]
        },
        {
            "name": "Knee_R",
            "time": [0.0, 0.3333],
            "transform": [
                [1.0, 0.0, -0.0, -0.0, -0.0, 0.00567, -0.999984, 0.374726, -0.0, 0.999984, 0.00567, 0.0, 0.0, 0.0, 0.0, 1.0],
                [1.0, 0.0, -0.0, 0.0, -0.0, 0.00567, -0.999984, 0.374726, -0.0, 0.999984, 0.00567, 0.0, 0.0, 0.0, 0.0, 1.0]
            ]
        },
        {
            "name": "Thigh_L",
            "time": [0.0, 0.0167, 0.0333, 0.05, 0.0667, 0.0833, 0.1, 0.1167, 0.1333, 0.15, 0.1667, 0.1833, 0.2, 0.2167, 0.2333, 0.25, 0.2667, 0.2833, 0.3, 0.3167, 0.3333],
            "transform": [
                [0.997493, -0.022717, -0.067021, -0.125006, -0.053256, -0.864646, -0.499552, -0.002831, -0.046601, 0.501869, -0.863688, 0.082178, 0.0, 0.0, 0.0, 1.0],
                [0.997549, -0.023425, -0.065939, -0.125373, -0.052964, -0.868599, -0.492677, -0.004122, -0.045734, 0.494962, -0.867711, 0.076616, 0.0, 0.0, 0.0, 1.0],
                [0.997721, -0.034365, -0.058072, -0.126369, -0.050967, -0.947795, -0.314782, -0.007626, -0.044223, 0.317024, -0.947386, 0.061519, 0.0, 0.0, 0.0, 1.0],
                [0.998021, -0.048607, -0.03989, -0.127836, -0.045027, -0.995259, 0.086218, -0.012789, -0.043891, -0.084251, -0.995477, 0.039271, 0.0, 0.0, 0.0, 1.0],
                [0.998372, -0.047338, -0.031829, -0.129618, -0.035429, -0.951886, 0.304399, -0.01906, -0.044707, -0.302776, -0.952013, 0.012256, 0.0, 0.0, 0.0, 1.0],
                [0.998661, -0.042927, -0.02885, -0.131557, -0.024972, -0.888673, 0.457861, -0.025883, -0.045293, -0.456528, -0.888556, -0.017143, 0.0, 0.0, 0.0, 1.0],
                [0.998858, -0.037321, -0.029838, -0.133496, -0.014995, -0.837738, 0.545867, -0.032707, -0.045369, -0.544796, -0.837341, -0.046542, 0.0, 0.0, 0.0, 1.0],
                [0.998969, -0.031161, -0.033006, -0.135278, -0.006572, -0.818772, 0.574082, -0.038977, -0.044914, -0.573273, -0.818133, -0.073557, 0.0, 0.0, 0.0, 1.0],
                [0.999025, -0.024605, -0.03666, -0.136745, -0.000331, -0.834467, 0.551059, -0.044141, -0.044151, -0.550509, -0.833661, -0.095805, 0.0, 0.0, 0.0, 1.0],
                [0.99905, -0.018155, -0.039615, -0.137741, 0.003495, -0.87277, 0.488121, -0.047645, -0.043437, -0.487795, -0.871877, -0.110902, 0.0, 0.0, 0.0, 1.0],
                [0.999058, -0.014427, -0.040932, -0.138108, 0.00481, -0.900513, 0.434804, -0.048936, -0.043133, -0.434591, -0.899594, -0.116464, 0.0, 0.0, 0.0, 1.0],
                [0.999058, -0.014427, -0.040932, -0.138108, 0.00481, -0.900513, 0.434804, -0.048936, -0.043133, -0.434591, -0.899594, -0.116464, 0.0, 0.0, 0.0, 1.0],
                [0.999058, -0.014427, -0.040932, -0.138108, 0.00481, -0.900513, 0.434804, -0.048936, -0.043133, -0.434591, -0.899595, -0.116464, 0.0, 0.0, 0.0, 1.0],
                [0.999058, -0.014427, -0.040932, -0.138108, 0.00481, -0.900513, 0.434804, -0.048936, -0.043133, -0.434591, -0.899595, -0.116464, 0.0, 0.0, 0.0, 1.0],
                [0.999058, -0.014427, -0.040932, -0.138108, 0.00481, -0.900513, 0.434804, -0.048936, -0.043133, -0.434591, -0.899595, -0.116464, 0.0, 0.0, 0.0, 1.0],
                [0.999058, -0.014427, -0.040932, -0.138108, 0.00481, -0.900513, 0.434804, -0.048936, -0.043133, -0.434591, -0.899594, -0.116464, 0.0, 0.0, 0.0, 1.0],
                [0.999058, -0.014427, -0.040932, -0.138108, 0.00481, -0.900513, 0.434804, -0.048936, -0.043133, -0.434591, -0.899595, -0.116464, 0.0, 0.0, 0.0, 1.0],
                [0.999058, -0.014427, -0.040932, -0.138108, 0.00481, -0.900513, 0.434804, -0.048936, -0.043133, -0.434591, -0.899595, -0.116464, 0.0, 0.0, 0.0, 1.0],
                [0.999058, -0.014427, -0.040932, -0.138108, 0.00481, -0.900513, 0.434804, -0.048936, -0.043133, -0.434591, -0.899595, -0.116464, 0.0, 0.0, 0.0, 1.0],
                [0.999058, -0.014427, -0.040932, -0.138108, 0.00481, -0.900513, 0.434804, -0.048936, -0.043133, -0.434591, -0.899595, -0.116464, 0.0, 0.0, 0.0, 1.0],
                [0.999058, -0.014427, -0.040932, -0.138108, 0.00481, -0.900513, 0.434804, -0.048936, -0.043133, -0.434591, -0.899595, -0.116464, 0.0, 0.0, 0.0, 1.0]
            ]
        },
        {
            "name": "Leg_L",
            "time": [0.0, 0.0167, 0.0333, 0.05, 0.0667, 0.0833, 0.1, 0.1167, 0.1333, 0.15, 0.1667, 0.1833, 0.2, 0.2167, 0.2333, 0.25, 0.2667, 0.2833, 0.3, 0.3167, 0.3333],
            "transform": [
                [1.0, 0.0, 1e-06, 0.0, -0.0, 0.999999, 0.001469, 0.374726, -1e-06, -0.00147, 0.999999, 0.0, 0.0, 0.0, 0.0, 1.0],
                [1.0, 0.0, 1e-06, 0.0, -0.0, 0.999999, 0.001466, 0.374726, -1e-06, -0.001467, 0.999999, -0.0, 0.0, 0.0, 0.0, 1.0],
                [1.0, 6e-06, 2e-06, -0.0, -7e-06, 0.950551, 0.310567, 0.374726, 0.0, -0.310567, 0.950551, 0.0, 0.0, 0.0, 0.0, 1.0],
                [1.0, 1.7e-05, 9e-06, -0.0, -1.8e-05, 0.590333, 0.807159, 0.374726, 8e-06, -0.80716, 0.590333, -0.0, 0.0, 0.0, 0.0, 1.0],
                [1.0, 1.9e-05, 1.2e-05, 0.0, -1.9e-05, 0.452186, 0.891923, 0.374726, 1.1e-05, -0.891923, 0.452186, 0.0, 0.0, 0.0, 0.0, 1.0],
                [1.0, 1.9e-05, 1.3e-05, -0.0, -1.9e-05, 0.427169, 0.904172, 0.374726, 1.2e-05, -0.904172, 0.427169, -0.0, 0.0, 0.0, 0.0, 1.0],
                [1.0, 1.8e-05, 1.1e-05, 0.0, -1.9e-05, 0.49748, 0.867476, 0.374726, 1e-05, -0.867475, 0.49748, -0.0, 0.0, 0.0, 0.0, 1.0],
                [1.0, 1.6e-05, 8e-06, -0.0, -1.7e-05, 0.631464, 0.775406, 0.374726, 7e-06, -0.775406, 0.631464, -0.0, 0.0, 0.0, 0.0, 1.0],
                [1.0, 1.3e-05, 5e-06, -0.0, -1.4e-05, 0.786604, 0.617457, 0.374726, 4e-06, -0.617458, 0.786605, -0.0, 0.0, 0.0, 0.0, 1.0],
                [1.0, 9e-06, 3e-06, -0.0, -9e-06, 0.913838, 0.406078, 0.374726, 1e-06, -0.406078, 0.913838, 0.0, 0.0, 0.0, 0.0, 1.0],
                [1.0, 5e-06, 1e-06, -0.0, -6e-06, 0.965367, 0.260896, 0.374726, 0.0, -0.260896, 0.965367, -0.0, 0.0, 0.0, 0.0, 1.0],
                [1.0, 5e-06, 1e-06, -0.0, -6e-06, 0.965367, 0.260896, 0.374726, 0.0, -0.260896, 0.965367, -0.0, 0.0, 0.0, 0.0, 1.0],
                [1.0, 5e-06, 1e-06, -0.0, -6e-06, 0.965367, 0.260895, 0.374726, 0.0, -0.260895, 0.965367, -0.0, 0.0, 0.0, 0.0, 1.0],
                [1.0, 5e-06, 1e-06, -0.0, -6e-06, 0.965367, 0.260895, 0.374726, 0.0, -0.260895, 0.965367, -0.0, 0.0, 0.0, 0.0, 1.0],
                [1.0, 5e-06, 1e-06, -0.0, -6e-06, 0.965367, 0.260895, 0.374726, 0.0, -0.260895, 0.965367, -0.0, 0.0, 0.0, 0.0, 1.0],
                [1.0, 5e-06, 1e-06, -0.0, -6e-06, 0.965367, 0.260896, 0.374726, 0.0, -0.260896, 0.965367, -0.0, 0.0, 0.0, 0.0, 1.0],
                [1.0, 5e-06, 1e-06, -0.0, -6e-06, 0.965367, 0.260895, 0.374726, 0.0, -0.260895, 0.965367, -0.0, 0.0, 0.0, 0.0, 1.0],
                [1.0, 5e-06, 1e-06, -0.0, -6e-06, 0.965367, 0.260895, 0.374726, 0.0, -0.260895, 0.965367, -0.0, 0.0, 0.0, 0.0, 1.0],
                [1.0, 5e-06, 1e-06, -0.0, -6e-06, 0.965367, 0.260895, 0.374726, 0.0, -0.260895, 0.965367, -0.0, 0.0, 0.0, 0.0, 1.0],
                [1.0, 5e-06, 1e-06, 0.0, -6e-06, 0.965367, 0.260895, 0.374726, 0.0, -0.260895, 0.965367, 0.0, 0.0, 0.0, 0.0, 1.0],
                [1.0, 5e-06, 1e-06, 0.0, -6e-06, 0.965367, 0.260895, 0.374726, 0.0, -0.260895, 0.965367, 0.0, 0.0, 0.0, 0.0, 1.0]
            ]
        },
        {
            "name": "Knee_L",
            "time": [0.0, 0.3333],
            "transform": [
                [1.0, 0.0, -0.0, 0.0, -0.0, 0.00567, -0.999984, 0.374726, -0.0, 0.999984, 0.00567, 0.0, 0.0, 0.0, 0.0, 1.0],
                [1.0, 0.0, -0.0, -0.0, -0.0, 0.00567, -0.999984, 0.374726, -0.0, 0.999984, 0.00567, 0.0, 0.0, 0.0, 0.0, 1.0]
            ]
        },
        {
            "name": "Torso",
            "time": [0.0, 0.0167, 0.0333, 0.05, 0.0667, 0.0833, 0.1, 0.1167, 0.1333, 0.15, 0.1667, 0.1833, 0.2, 0.2167, 0.2333, 0.25, 0.2667, 0.2833, 0.3, 0.3167, 0.3333],
            "transform": [
                [0.824258, 0.0, 0.566215, 0.0, 0.0, 1.0, 0.0, 0.05, -0.566215, 0.0, 0.824258, 0.0, 0.0, 0.0, 0.0, 1.0],
                [0.8418, 0.0, 0.539789, 0.0, 0.0, 1.0, 0.0, 0.05, -0.539789, 0.0, 0.8418, 0.0, 0.0, 0.0, 0.0, 1.0],
                [0.885774, 0.0, 0.464116, 0.0, 0.0, 1.0, 0.0, 0.05, -0.464116, 0.0, 0.885774, 0.0, 0.0, 0.0, 0.0, 1.0],
                [0.9393, 0.0, 0.343097, 0.0, 0.0, 1.0, 0.0, 0.05, -0.343097, 0.0, 0.9393, 0.0, 0.0, 0.0, 0.0, 1.0],
                [0.982882, 0.0, 0.184237, 0.0, 0.0, 1.0, 0.0, 0.05, -0.184237, 0.0, 0.982882, 0.0, 0.0, 0.0, 0.0, 1.0],
                [0.999995, 0.0, 0.003043, 0.0, 0.0, 1.0, 0.0, 0.05, -0.003043, 0.0, 0.999995, 0.0, 0.0, 0.0, 0.0, 1.0],
                [0.983985, 0.0, -0.178251, 0.0, 0.0, 1.0, 0.0, 0.05, 0.178251, 0.0, 0.983985, 0.0, 0.0, 0.0, 0.0, 1.0],
                [0.941371, 0.0, -0.337374, 0.0, 0.0, 1.0, 0.0, 0.05, 0.337374, 0.0, 0.941371, 0.0, 0.0, 0.0, 0.0, 1.0],
                [0.888583, 0.0, -0.458717, 0.0, 0.0, 1.0, 0.0, 0.05, 0.458717, 0.0, 0.888583, 0.0, 0.0, 0.0, 0.0, 1.0],
                [0.84507, 0.0, -0.534656, 0.0, 0.0, 1.0, 0.0, 0.05, 0.534656, 0.0, 0.84507, 0.0, 0.0, 0.0, 0.0, 1.0],
                [0.827689, 0.0, -0.561188, 0.0, 0.0, 1.0, 0.0, 0.05, 0.561188, 0.0, 0.827689, 0.0, 0.0, 0.0, 0.0, 1.0],
                [0.827689, 0.0, -0.561188, 0.0, 0.0, 1.0, 0.0, 0.05, 0.561188, 0.0, 0.827689, 0.0, 0.0, 0.0, 0.0, 1.0],
                [0.827689, 0.0, -0.561188, 0.0, 0.0, 1.0, 0.0, 0.05, 0.561188, 0.0, 0.827689, 0.0, 0.0, 0.0, 0.0, 1.0],
                [0.827689, 0.0, -0.561188, 0.0, 0.0, 1.0, 0.0, 0.05, 0.561188, 0.0, 0.827689, 0.0, 0.0, 0.0, 0.0, 1.0],
                [0.827689, 0.0, -0.561188, 0.0, 0.0, 1.0, 0.0, 0.05, 0.561188, 0.0, 0.827689, 0.0, 0.0, 0.0, 0.0, 1.0],
                [0.827689, 0.0, -0.561188, 0.0, 0.0, 1.0, 0.0, 0.05, 0.561188, 0.0, 0.827689, 0.0, 0.0, 0.0, 0.0, 1.0],
                [0.827689, 0.0, -0.561188, 0.0, 0.0, 1.0, 0.0, 0.05, 0.561188, 0.0, 0.827689, 0.0, 0.0, 0.0, 0.0, 1.0],
                [0.827689, 0.0, -0.561188, 0.0, 0.0, 1.0, 0.0, 0.05, 0.561188, 0.0, 0.827689, 0.0, 0.0, 0.0, 0.0, 1.0],
                [0.827689, 0.0, -0.561188, 0.0, 0.0, 1.0, 0.0, 0.05, 0.561188, 0.0, 0.827689, 0.0, 0.0, 0.0, 0.0, 1.0],
                [0.827689, 0.0, -0.561188, 0.0, 0.0, 1.0, 0.0, 0.05, 0.561188, 0.0, 0.827689, 0.0, 0.0, 0.0, 0.0, 1.0],
                [0.827689, 0.0, -0.561188, 0.0, 0.0, 1.0, 0.0, 0.05, 0.561188, 0.0, 0.827689, 0.0, 0.0, 0.0, 0.0, 1.0]
            ]
        },
        {
            "name": "Chest",
            "time": [0.0, 0.0167, 0.0333, 0.05, 0.0667, 0.0833, 0.1, 0.1167, 0.1333, 0.15, 0.1667, 0.1833, 0.2, 0.2167, 0.2333, 0.25, 0.2667, 0.2833, 0.3, 0.3167, 0.3333],
            "transform": [
                [1.0, 0.0, 0.0, 0.0, 0.0, 1.0, 0.0, 0.3, 0.0, 0.0, 1.0, -0.0, 0.0, 0.0, 0.0, 1.0],
                [1.0, 0.0, 0.0, -0.0, 0.0, 1.0, 0.0, 0.3, -0.0, 0.0, 1.0, -0.0, 0.0, 0.0, 0.0, 1.0],
                [1.0, 0.0, 0.0, -0.0, 0.0, 1.0, 0.0, 0.3, 0.0, 0.0, 1.0, -0.0, 0.0, 0.0, 0.0, 1.0],
                [1.0, 0.0, 0.0, -0.0, 0.0, 1.0, 0.0, 0.3, 0.0, 0.0, 1.0, -0.0, 0.0, 0.0, 0.0, 1.0],
                [1.0, 0.0, 0.0, -0.0, 0.0, 1.0, 0.0, 0.3, -0.0, 0.0, 1.0, 0.0, 0.0, 0.0, 0.0, 1.0],
                [1.0, 0.0, -0.0, 0.0, 0.0, 1.0, 0.0, 0.3, 0.0, 0.0, 1.0, -0.0, 0.0, 0.0, 0.0, 1.0],
                [1.0, 0.0, 0.0, -0.0, 0.0, 1.0, 0.0, 0.3, 0.0, 0.0, 1.0, -0.0, 0.0, 0.0, 0.0, 1.0],
                [1.0, 0.0, 0.0, -0.0, 0.0, 1.0, 0.0, 0.3, 0.0, 0.0, 1.0, -0.0, 0.0, 0.0, 0.0, 1.0],
                [1.0, 0.0, 0.0, 0.0, 0.0, 1.0, 0.0, 0.3, 0.0, 0.0, 1.0, 0.0, 0.0, 0.0, 0.0, 1.0],
                [1.0, 0.0, 0.0, -0.0, 0.0, 1.0, 0.0, 0.3, 0.0, 0.0, 1.0, 0.0, 0.0, 0.0, 0.0, 1.0],
                [1.0, 0.0, 0.0, 0.0, 0.0, 1.0, 0.0, 0.3, 0.0, 0.0, 1.0, 0.0, 0.0, 0.0, 0.0, 1.0],
                [1.0, 0.0, -0.0, 0.0, 0.0, 1.0, 0.0, 0.3, 0.0, 0.0, 1.0, 0.0, 0.0, 0.0, 0.0, 1.0],
                [1.0, 0.0, -0.0, 0.0, 0.0, 1.0, 0.0, 0.3, 0.0, 0.0, 1.0, 0.0, 0.0, 0.0, 0.0, 1.0],
                [1.0, 0.0, -0.0, 0.0, 0.0, 1.0, 0.0, 0.3, 0.0, 0.0, 1.0, 0.0, 0.0, 0.0, 0.0, 1.0],
                [1.0, 0.0, -0.0, 0.0, 0.0, 1.0, 0.0, 0.3, 0.0, 0.0, 1.0, 0.0, 0.0, 0.0, 0.0, 1.0],
                [1.0, 0.0, -0.0, 0.0, 0.0, 1.0, 0.0, 0.3, 0.0, 0.0, 1.0, 0.0, 0.0, 0.0, 0.0, 1.0],
                [1.0, 0.0, -0.0, 0.0, 0.0, 1.0, 0.0, 0.3, 0.0, 0.0, 1.0, 0.0, 0.0, 0.0, 0.0, 1.0],
                [1.0, 0.0, -0.0, 0.0, 0.0, 1.0, 0.0, 0.3, 0.0, 0.0, 1.0, 0.0, 0.0, 0.0, 0.0, 1.0],
                [1.0, 0.0, -0.0, 0.0, 0.0, 1.0, 0.0, 0.3, 0.0, 0.0, 1.0, 0.0, 0.0, 0.0, 0.0, 1.0],
                [1.0, 0.0, -0.0, 0.0, 0.0, 1.0, 0.0, 0.3, 0.0, 0.0, 1.0, 0.0, 0.0, 0.0, 0.0, 1.0],
                [1.0, 0.0, -0.0, 0.0, 0.0, 1.0, 0.0, 0.3, 0.0, 0.0, 1.0, 0.0, 0.0, 0.0, 0.0, 1.0]
            ]
        },
        {
            "name": "Head",
            "time": [0.0, 0.0167, 0.0333, 0.05, 0.0667, 0.0833, 0.1, 0.1167, 0.1333, 0.15, 0.1667, 0.1833, 0.2, 0.2167, 0.2333, 0.25, 0.2667, 0.2833, 0.3, 0.3167, 0.3333],
            "transform": [
                [0.868243, 0.0, -0.496139, 0.0, 0.0, 1.0, 0.0, 0.4, 0.49614, 0.0, 0.868243, 0.0, 0.0, 0.0, 0.0, 1.0],
                [0.880274, 0.0, -0.474467, -0.0, 0.0, 1.0, 0.0, 0.4, 0.474467, 0.0, 0.880274, -0.0, 0.0, 0.0, 0.0, 1.0],
                [0.910456, 0.0, -0.413605, -0.0, 0.0, 1.0, 0.0, 0.4, 0.413605, 0.0, 0.910456, -0.0, 0.0, 0.0, 0.0, 1.0],
                [0.947731, 0.0, -0.319071, -0.0, 0.0, 1.0, 0.0, 0.4, 0.319071, 0.0, 0.947731, -0.0, 0.0, 0.0, 0.0, 1.0],
                [0.980167, 0.0, -0.198174, -0.0, 0.0, 1.0, 0.0, 0.4, 0.198174, 0.0, 0.980167, -0.0, 0.0, 0.0, 0.0, 1.0],
                [0.99808, 0.0, -0.061945, 0.0, 0.0, 1.0, 0.0, 0.4, 0.061945, 0.0, 0.99808, -0.0, 0.0, 0.0, 0.0, 1.0],
                [0.99715, 0.0, 0.075453, -0.0, 0.0, 1.0, 0.0, 0.4, -0.075453, 0.0, 0.997149, -0.0, 0.0, 0.0, 0.0, 1.0],
                [0.979912, 0.0, 0.199433, -0.0, 0.0, 1.0, 0.0, 0.4, -0.199433, 0.0, 0.979911, 0.0, 0.0, 0.0, 0.0, 1.0],
                [0.954613, 0.0, 0.29785, -0.0, 0.0, 1.0, 0.0, 0.4, -0.29785, 0.0, 0.954612, 0.0, 0.0, 0.0, 0.0, 1.0],
                [0.932187, 0.0, 0.361977, -0.0, 0.0, 1.0, 0.0, 0.4, -0.361977, 0.0, 0.932187, 0.0, 0.0, 0.0, 0.0, 1.0],
                [0.922929, 0.0, 0.384971, 0.0, 0.0, 1.0, 0.0, 0.4, -0.384971, 0.0, 0.922929, 0.0, 0.0, 0.0, 0.0, 1.0],
                [0.922929, 0.0, 0.384971, 0.0, 0.0, 1.0, 0.0, 0.4, -0.384971, 0.0, 0.922929, 0.0, 0.0, 0.0, 0.0, 1.0],
                [0.922929, 0.0, 0.384971, 0.0, 0.0, 1.0, 0.0, 0.4, -0.384971, 0.0, 0.922929, 0.0, 0.0, 0.0, 0.0, 1.0],
                [0.922929, 0.0, 0.384971, 0.0, 0.0, 1.0, 0.0, 0.4, -0.384971, 0.0, 0.922929, 0.0, 0.0, 0.0, 0.0, 1.0],
                [0.922929, 0.0, 0.384971, 0.0, 0.0, 1.0, 0.0, 0.4, -0.384971, 0.0, 0.922929, 0.0, 0.0, 0.0, 0.0, 1.0],
                [0.922929, 0.0, 0.384971, 0.0, 0.0, 1.0, 0.0, 0.4, -0.384971, 0.0, 0.922929, 0.0, 0.0, 0.0, 0.0, 1.0],
                [0.922929, 0.0, 0.384971, 0.0, 0.0, 1.0, 0.0, 0.4, -0.384971, 0.0, 0.922929, 0.0, 0.0, 0.0, 0.0, 1.0],
                [0.922929, 0.0, 0.384971, 0.0, 0.0, 1.0, 0.0, 0.4, -0.384971, 0.0, 0.922929, 0.0, 0.0, 0.0, 0.0, 1.0],
                [0.922929, 0.0, 0.384971, 0.0, 0.0, 1.0, 0.0, 0.4, -0.384971, 0.0, 0.922929, 0.0, 0.0, 0.0, 0.0, 1.0],
                [0.922929, 0.0, 0.384971, 0.0, 0.0, 1.0, 0.0, 0.4, -0.384971, 0.0, 0.922929, 0.0, 0.0, 0.0, 0.0, 1.0],
                [0.922929, 0.0, 0.384971, 0.0, 0.0, 1.0, 0.0, 0.4, -0.384971, 0.0, 0.922929, 0.0, 0.0, 0.0, 0.0, 1.0]
            ]
        },
        {
            "name": "Shoulder_R",
            "time": [0.0, 0.0167, 0.0333, 0.05, 0.0667, 0.0833, 0.1, 0.1167, 0.1333, 0.15, 0.1667, 0.1833, 0.2, 0.2167, 0.2333, 0.25, 0.2667, 0.2833, 0.3, 0.3167, 0.3333],
            "transform": [
                [0.0, 0.952114, 0.305743, -0.0, 0.0, -0.305743, 0.952114, 0.4, 1.0, 0.0, -0.0, -0.0, 0.0, 0.0, 0.0, 1.0],
                [0.0, 0.952114, 0.305743, 0.0, 0.0, -0.305743, 0.952114, 0.4, 1.0, 0.0, -0.0, 0.0, 0.0, 0.0, 0.0, 1.0],
                [0.0, 0.952114, 0.305743, -0.0, 0.0, -0.305743, 0.952114, 0.4, 1.0, 0.0, -0.0, 0.0, 0.0, 0.0, 0.0, 1.0],
                [0.0, 0.952114, 0.305743, 0.0, 0.0, -0.305743, 0.952114, 0.4, 1.0, 0.0, -0.0, -0.0, 0.0, 0.0, 0.0, 1.0],
                [0.0, 0.952114, 0.305743, -0.0, 0.0, -0.305743, 0.952114, 0.4, 1.0, 0.0, -0.0, -0.0, 0.0, 0.0, 0.0, 1.0],
                [0.0, 0.952114, 0.305743, 0.0, 0.0, -0.305743, 0.952114, 0.4, 1.0, 0.0, -0.0, -0.0, 0.0, 0.0, 0.0, 1.0],
                [0.0, 0.952114, 0.305743, 0.0, 0.0, -0.305743, 0.952114, 0.4, 1.0, 0.0, -0.0, -0.0, 0.0, 0.0, 0.0, 1.0],
                [0.0, 0.952114, 0.305743, 0.0, 0.0, -0.305743, 0.952114, 0.4, 1.0, 0.0, -0.0, 0.0, 0.0, 0.0, 0.0, 1.0],
                [0.0, 0.952114, 0.305743, -0.0, 0.0, -0.305743, 0.952114, 0.4, 1.0, 0.0, -0.0, 0.0, 0.0, 0.0, 0.0, 1.0],
                [0.0, 0.952114, 0.305743, 0.0, 0.0, -0.305743, 0.952114, 0.4, 1.0, -0.0, -0.0, 0.0, 0.0, 0.0, 0.0, 1.0],
                [0.0, 0.952114, 0.305743, -0.0, 0.0, -0.305743, 0.952114, 0.4, 1.0, -0.0, -0.0, -0.0, 0.0, 0.0, 0.0, 1.0],
                [0.0, 0.952114, 0.305743, -0.0, 0.0, -0.305743, 0.952114, 0.4, 1.0, 0.0, -0.0, -0.0, 0.0, 0.0, 0.0, 1.0],
                [0.0, 0.952114, 0.305743, -0.0, 0.0, -0.305743, 0.952114, 0.4, 1.0, 0.0, -0.0, -0.0, 0.0, 0.0, 0.0, 1.0],
                [0.0, 0.952114, 0.305743, -0.0, 0.0, -0.305743, 0.952114, 0.4, 1.0, 0.0, -0.0, -0.0, 0.0, 0.0, 0.0, 1.0],
                [0.0, 0.952114, 0.305743, -0.0, 0.0, -0.305743, 0.952114, 0.4, 1.0, 0.0, -0.0, -0.0, 0.0, 0.0, 0.0, 1.0],
                [0.0, 0.952114, 0.305743, -0.0, 0.0, -0.305743, 0.952114, 0.4, 1.0, 0.0, -0.0, -0.0, 0.0, 0.0, 0.0, 1.0],
                [0.0, 0.952114, 0.305743, -0.0, 0.0, -0.305743, 0.952114, 0.4, 1.0, 0.0, -0.0, -0.0, 0.0, 0.0, 0.0, 1.0],
                [0.0, 0.952114, 0.305743, -0.0, 0.0, -0.305743, 0.952114, 0.4, 1.0, 0.0, -0.0, -0.0, 0.0, 0.0, 0.0, 1.0],
                [0.0, 0.952114, 0.305743, -0.0, 0.0, -0.305743, 0.952114, 0.4, 1.0, 0.0, -0.0, -0.0, 0.0, 0.0, 0.0, 1.0],
                [0.0, 0.952114, 0.305743, -0.0, 0.0, -0.305743, 0.952114, 0.4, 1.0, 0.0, -0.0, -0.0, 0.0, 0.0, 0.0, 1.0],
                [0.0, 0.952114, 0.305743, -0.0, 0.0, -0.305743, 0.952114, 0.4, 1.0, 0.0, -0.0, -0.0, 0.0, 0.0, 0.0, 1.0]
            ]
        },
        {
            "name": "Arm_R",
            "time": [0.0, 0.0167, 0.0333, 0.05, 0.0667, 0.0833, 0.1, 0.1167, 0.1333, 0.15, 0.1667, 0.1833, 0.2, 0.2167, 0.2333, 0.25, 0.2667, 0.2833, 0.3, 0.3167, 0.3333],
            "transform": [
                [-0.473962, -0.842817, 0.254989, -0.0, 0.249577, -0.406288, -0.879001, 0.39386, 0.844436, -0.352974, 0.402912, -0.0, 0.0, 0.0, 0.0, 1.0],
                [-0.441839, -0.876898, 0.189284, -0.0, 0.246023, -0.321351, -0.914444, 0.393861, 0.862699, -0.357469, 0.357722, -0.0, 0.0, 0.0, 0.0, 1.0],
                [-0.3676, -0.916234, 0.15933, 0.0, 0.23147, -0.256076, -0.938535, 0.393861, 0.900717, -0.308126, 0.306213, 0.0, 0.0, 0.0, 0.0, 1.0],
                [-0.281651, -0.948729, 0.143479, -0.0, 0.177017, -0.198342, -0.964016, 0.39386, 0.943047, -0.246118, 0.223804, 0.0, 0.0, 0.0, 0.0, 1.0],
                [-0.210842, -0.973114, 0.092715, -0.0, 0.03149, -0.10156, -0.994331, 0.393861, 0.977013, -0.206727, 0.052055, 0.0, 0.0, 0.0, 0.0, 1.0],
                [-0.176917, -0.983877, 0.026222, -0.0, -0.038306, -0.019739, -0.999072, 0.393861, 0.98348, -0.177757, -0.034197, -0.0, 0.0, 0.0, 0.0, 1.0],
                [-0.142487, -0.984896, -0.098379, -0.0, 0.060048, 0.090608, -0.994075, 0.393861, 0.987973, -0.147551, 0.04623, 0.0, 0.0, 0.0, 0.0, 1.0],
                [-0.1053, -0.968604, -0.22521, 0.0, 0.008727, 0.22556, -0.974191, 0.39386, 0.994402, -0.104548, -0.015299, 0.0, 0.0, 0.0, 0.0, 1.0],
                [-0.090292, -0.908056, -0.409001, -0.0, -0.073634, 0.415642, -0.906543, 0.393861, 0.993189, -0.051737, -0.104393, -0.0, 0.0, 0.0, 0.0, 1.0],
                [-0.073951, -0.595963, -0.799601, -0.0, -0.11312, 0.801634, -0.587016, 0.39386, 0.990825, 0.04704, -0.126697, 0.0, 0.0, 0.0, 0.0, 1.0],
                [-0.06228, -0.525028, -0.848803, -0.0, -0.124312, 0.847913, -0.515356, 0.39386, 0.990287, 0.07342, -0.118075, -0.0, 0.0, 0.0, 0.0, 1.0],
                [-0.062279, -0.525028, -0.848804, -0.0, -0.124312, 0.847913, -0.515355, 0.39386, 0.990287, 0.07342, -0.118075, 0.0, 0.0, 0.0, 0.0, 1.0],
                [-0.062279, -0.525028, -0.848804, -0.0, -0.124312, 0.847913, -0.515355, 0.39386, 0.990287, 0.07342, -0.118075, 0.0, 0.0, 0.0, 0.0, 1.0],
                [-0.062279, -0.525028, -0.848804, -0.0, -0.124312, 0.847913, -0.515355, 0.39386, 0.990287, 0.07342, -0.118075, 0.0, 0.0, 0.0, 0.0, 1.0],
                [-0.062279, -0.525028, -0.848804, -0.0, -0.124312, 0.847913, -0.515355, 0.39386, 0.990287, 0.07342, -0.118075, 0.0, 0.0, 0.0, 0.0, 1.0],
                [-0.062279, -0.525028, -0.848804, -0.0, -0.124312, 0.847913, -0.515355, 0.39386, 0.990287, 0.07342, -0.118075, 0.0, 0.0, 0.0, 0.0, 1.0],
                [-0.062279, -0.525028, -0.848804, -0.0, -0.124312, 0.847913, -0.515355, 0.39386, 0.990287, 0.07342, -0.118075, 0.0, 0.0, 0.0, 0.0, 1.0],
                [-0.062279, -0.525028, -0.848804, -0.0, -0.124312, 0.847913, -0.515355, 0.39386, 0.990287, 0.07342, -0.118075, 0.0, 0.0, 0.0, 0.0, 1.0],
                [-0.062279, -0.525028, -0.848804, -0.0, -0.124312, 0.847913, -0.515355, 0.39386, 0.990287, 0.07342, -0.118075, 0.0, 0.0, 0.0, 0.0, 1.0],
                [-0.062279, -0.525028, -0.848804, -0.0, -0.124312, 0.847913, -0.515355, 0.39386, 0.990287, 0.07342, -0.118075, 0.0, 0.0, 0.0, 0.0, 1.0],
                [-0.062279, -0.525028, -0.848804, -0.0, -0.124312, 0.847913, -0.515355, 0.39386, 0.990287, 0.07342, -0.118075, 0.0, 0.0, 0.0, 0.0, 1.0]
            ]
        },
        {
            "name": "Hand_R",
            "time": [0.0, 0.0167, 0.0333, 0.05, 0.0667, 0.0833, 0.1, 0.1167, 0.1333, 0.15, 0.1667, 0.1833, 0.2, 0.2167, 0.2333, 0.25, 0.2667, 0.2833, 0.3, 0.3167, 0.3333],
            "transform": [
                [1.0, -0.0, 0.0, 0.0, 0.0, 0.994445, -0.105261, 0.300003, 0.0, 0.105261, 0.994445, 0.0, 0.0, 0.0, 0.0, 1.0],
                [1.0, -1e-06, 0.0, 0.0, 1e-06, 0.978361, -0.206903, 0.300003, -0.0, 0.206903, 0.978361, -0.0, 0.0, 0.0, 0.0, 1.0],
                [1.0, -0.0, 0.0, 0.0, 1e-06, 0.991598, -0.129358, 0.300003, 0.0, 0.129358, 0.991598, 0.0, 0.0, 0.0, 0.0, 1.0],
                [1.0, 0.0, 0.0, 0.0, -0.0, 1.0, -0.000993, 0.300003, -0.0, 0.000993, 0.999999, 0.0, 0.0, 0.0, 0.0, 1.0],
                [1.0, -0.0, 0.0, -0.0, 0.0, 1.0, -0.000996, 0.300003, -0.0, 0.000996, 0.999999, -0.0, 0.0, 0.0, 0.0, 1.0],
                [1.0, -0.0, 0.0, 0.0, 0.0, 1.0, -0.000996, 0.300003, -0.0, 0.000996, 1.0, 0.0, 0.0, 0.0, 0.0, 1.0],
                [1.0, 0.0, 0.0, -0.0, 0.0, 1.0, -0.000995, 0.300003, -0.0, 0.000995, 0.999999, -0.0, 0.0, 0.0, 0.0, 1.0],
                [1.0, -0.0, 0.0, 0.0, 0.0, 1.0, -0.000995, 0.300003, -0.0, 0.000995, 0.999999, -0.0, 0.0, 0.0, 0.0, 1.0],
                [1.0, 0.0, 0.0, 0.0, 0.0, 1.0, -0.000992, 0.300003, -0.0, 0.000992, 1.0, -0.0, 0.0, 0.0, 0.0, 1.0],
                [1.0, -2e-06, 1e-06, -0.0, 2e-06, 0.900465, -0.43493, 0.300003, 0.0, 0.43493, 0.900465, 0.0, 0.0, 0.0, 0.0, 1.0],
                [1.0, -1e-06, 0.0, -0.0, 1e-06, 0.953442, -0.301577, 0.300003, 0.0, 0.301577, 0.953442, 0.0, 0.0, 0.0, 0.0, 1.0],
                [1.0, -1e-06, 0.0, 0.0, 1e-06, 0.953442, -0.301578, 0.300002, 0.0, 0.301578, 0.953442, -0.0, 0.0, 0.0, 0.0, 1.0],
                [1.0, -1e-06, 0.0, 0.0, 1e-06, 0.953442, -0.301578, 0.300002, 0.0, 0.301578, 0.953442, -0.0, 0.0, 0.0, 0.0, 1.0],
                [1.0, -1e-06, 0.0, 0.0, 1e-06, 0.953442, -0.301578, 0.300002, 0.0, 0.301578, 0.953442, -0.0, 0.0, 0.0, 0.0, 1.0],
                [1.0, -1e-06, 0.0, 0.0, 1e-06, 0.953442, -0.301578, 0.300002, 0.0, 0.301578, 0.953442, -0.0, 0.0, 0.0, 0.0, 1.0],
                [1.0, -1e-06, 0.0, 0.0, 1e-06, 0.953442, -0.301578, 0.300002, 0.0, 0.301578, 0.953442, -0.0, 0.0, 0.0, 0.0, 1.0],
                [1.0, -1e-06, 0.0, 0.0, 1e-06, 0.953442, -0.301578, 0.300002, 0.0, 0.301578, 0.953442, -0.0, 0.0, 0.0, 0.0, 1.0],
                [1.0, -1e-06, 0.0, 0.0, 1e-06, 0.953442, -0.301578, 0.300002, 0.0, 0.301578, 0.953442, -0.0, 0.0, 0.0, 0.0, 1.0],
                [1.0, -1e-06, 0.0, 0.0, 1e-06, 0.953442, -0.301578, 0.300002, 0.0, 0.301578, 0.953442, -0.0, 0.0, 0.0, 0.0, 1.0],
                [1.0, -1e-06, 0.0, 0.0, 1e-06, 0.953442, -0.301578, 0.300002, 0.0, 0.301578, 0.953442, -0.0, 0.0, 0.0, 0.0, 1.0],
                [1.0, -1e-06, 0.0, 0.0, 1e-06, 0.953442, -0.301578, 0.300002, 0.0, 0.301578, 0.953442, -0.0, 0.0, 0.0, 0.0, 1.0]
            ]
        },
        {
            "name": "Tool_R",
            "time": [0.0, 0.0167, 0.0333, 0.05, 0.0667, 0.0833, 0.1, 0.1167, 0.1333, 0.15, 0.1667, 0.1833, 0.2, 0.2167, 0.2333, 0.25, 0.2667, 0.2833, 0.3, 0.3167, 0.3333],
            "transform": [
                [0.977277, -0.180157, -0.111685, -0.045532, -0.17096, -0.358437, -0.917767, 0.232583, 0.125311, 0.916006, -0.381092, -0.067931, 0.0, 0.0, 0.0, 1.0],
                [0.977277, -0.180157, -0.111685, -0.045532, -0.17096, -0.358437, -0.917767, 0.232583, 0.125311, 0.916006, -0.381092, -0.067931, 0.0, 0.0, 0.0, 1.0],
                [0.977277, -0.180157, -0.111685, -0.045532, -0.17096, -0.358437, -0.917767, 0.232583, 0.125311, 0.916006, -0.381092, -0.067931, 0.0, 0.0, 0.0, 1.0],
                [0.977277, -0.180157, -0.111685, -0.045532, -0.17096, -0.358437, -0.917767, 0.232583, 0.125311, 0.916006, -0.381092, -0.067931, 0.0, 0.0, 0.0, 1.0],
                [0.977277, -0.180157, -0.111685, -0.045532, -0.17096, -0.358437, -0.917767, 0.232583, 0.125311, 0.916006, -0.381092, -0.067931, 0.0, 0.0, 0.0, 1.0],
                [0.977277, -0.180157, -0.111685, -0.045532, -0.17096, -0.358437, -0.917767, 0.232583, 0.125311, 0.916006, -0.381092, -0.067931, 0.0, 0.0, 0.0, 1.0],
                [0.977277, -0.180158, -0.111685, -0.045532, -0.17096, -0.358437, -0.917767, 0.232583, 0.125311, 0.916006, -0.381092, -0.067931, 0.0, 0.0, 0.0, 1.0],
                [0.977277, -0.180157, -0.111685, -0.045532, -0.17096, -0.358437, -0.917767, 0.232583, 0.125311, 0.916006, -0.381092, -0.067931, 0.0, 0.0, 0.0, 1.0],
                [0.977277, -0.180158, -0.111685, -0.045532, -0.17096, -0.358437, -0.917767, 0.232583, 0.125311, 0.916006, -0.381092, -0.067931, 0.0, 0.0, 0.0, 1.0],
                [0.977277, -0.180157, -0.111685, -0.045532, -0.17096, -0.358437, -0.917767, 0.232583, 0.125311, 0.916006, -0.381092, -0.067931, 0.0, 0.0, 0.0, 1.0],
                [0.977277, -0.180157, -0.111685, -0.045532, -0.17096, -0.358437, -0.917767, 0.232583, 0.125311, 0.916006, -0.381092, -0.067931, 0.0, 0.0, 0.0, 1.0],
                [0.977277, -0.180157, -0.111685, -0.045532, -0.17096, -0.358437, -0.917767, 0.232583, 0.125311, 0.916006, -0.381092, -0.067931, 0.0, 0.0, 0.0, 1.0],
                [0.977277, -0.180157, -0.111685, -0.045532, -0.17096, -0.358437, -0.917767, 0.232583, 0.125311, 0.916006, -0.381092, -0.067931, 0.0, 0.0, 0.0, 1.0],
                [0.977277, -0.180157, -0.111685, -0.045532, -0.17096, -0.358437, -0.917767, 0.232583, 0.125311, 0.916006, -0.381092, -0.067931, 0.0, 0.0, 0.0, 1.0],
                [0.977277, -0.180157, -0.111685, -0.045532, -0.17096, -0.358437, -0.917767, 0.232583, 0.125311, 0.916006, -0.381092, -0.067931, 0.0, 0.0, 0.0, 1.0],
                [0.977277, -0.180157, -0.111685, -0.045532, -0.17096, -0.358437, -0.917767, 0.232583, 0.125311, 0.916006, -0.381092, -0.067931, 0.0, 0.0, 0.0, 1.0],
                [0.977277, -0.180157, -0.111685, -0.045532, -0.17096, -0.358437, -0.917767, 0.232583, 0.125311, 0.916006, -0.381092, -0.067931, 0.0, 0.0, 0.0, 1.0],
                [0.977277, -0.180157, -0.111685, -0.045532, -0.17096, -0.358437, -0.917767, 0.232583, 0.125311, 0.916006, -0.381092, -0.067931, 0.0, 0.0, 0.0, 1.0],
                [0.977277, -0.180157, -0.111685, -0.045532, -0.17096, -0.358437, -0.917767, 0.232583, 0.125311, 0.916006, -0.381092, -0.067931, 0.0, 0.0, 0.0, 1.0],
                [0.977277, -0.180157, -0.111685, -0.045532, -0.17096, -0.358437, -0.917767, 0.232583, 0.125311, 0.916006, -0.381092, -0.067931, 0.0, 0.0, 0.0, 1.0],
                [0.977277, -0.180157, -0.111685, -0.045532, -0.17096, -0.358437, -0.917767, 0.232583, 0.125311, 0.916006, -0.381092, -0.067931, 0.0, 0.0, 0.0, 1.0]
            ]
        },
        {
            "name": "Elbow_R",
            "time": [0.0, 0.3333],
            "transform": [
                [-1.0, 0.0, -0.0, -0.0, 0.0, 0.003946, -0.999992, 0.309081, -0.0, -0.999992, -0.003946, -0.001217, 0.0, 0.0, 0.0, 1.0],
                [-1.0, 0.0, 0.0, 0.0, 0.0, 0.003946, -0.999992, 0.327906, -0.0, -0.999993, -0.003946, -0.001142, 0.0, 0.0, 0.0, 1.0]
            ]
        },
        {
            "name": "Shoulder_L",
            "time": [0.0, 0.0167, 0.0333, 0.05, 0.0667, 0.0833, 0.1, 0.1167, 0.1333, 0.15, 0.1667, 0.1833, 0.2, 0.2167, 0.2333, 0.25, 0.2667, 0.2833, 0.3, 0.3167, 0.3333],
            "transform": [
                [0.0, -0.952114, -0.305743, -0.0, 0.0, -0.305743, 0.952114, 0.4, -1.0, -0.0, 0.0, -0.0, 0.0, 0.0, 0.0, 1.0],
                [0.0, -0.952114, -0.305743, -0.0, 0.0, -0.305743, 0.952114, 0.4, -1.0, -0.0, 0.0, -0.0, 0.0, 0.0, 0.0, 1.0],
                [-0.0, -0.952114, -0.305743, -0.0, 0.0, -0.305743, 0.952114, 0.4, -1.0, 0.0, 0.0, -0.0, 0.0, 0.0, 0.0, 1.0],
                [-0.0, -0.952114, -0.305743, -0.0, 0.0, -0.305743, 0.952114, 0.4, -1.0, 0.0, 0.0, -0.0, 0.0, 0.0, 0.0, 1.0],
                [-0.0, -0.952114, -0.305743, 0.0, 0.0, -0.305743, 0.952114, 0.4, -1.0, 0.0, 0.0, -0.0, 0.0, 0.0, 0.0, 1.0],
                [-0.0, -0.952114, -0.305743, -0.0, 0.0, -0.305743, 0.952114, 0.4, -1.0, 0.0, 0.0, -0.0, 0.0, 0.0, 0.0, 1.0],
                [-0.0, -0.952114, -0.305743, -0.0, 0.0, -0.305743, 0.952114, 0.4, -1.0, -0.0, 0.0, -0.0, 0.0, 0.0, 0.0, 1.0],
                [-0.0, -0.952114, -0.305743, -0.0, 0.0, -0.305743, 0.952114, 0.4, -1.0, 0.0, 0.0, 0.0, 0.0, 0.0, 0.0, 1.0],
                [0.0, -0.952114, -0.305743, -0.0, 0.0, -0.305743, 0.952114, 0.4, -1.0, 0.0, 0.0, -0.0, 0.0, 0.0, 0.0, 1.0],
                [-0.0, -0.952114, -0.305743, 0.0, 0.0, -0.305743, 0.952114, 0.4, -1.0, 0.0, 0.0, -0.0, 0.0, 0.0, 0.0, 1.0],
                [-0.0, -0.952114, -0.305743, -0.0, 0.0, -0.305743, 0.952114, 0.4, -1.0, 0.0, 0.0, -0.0, 0.0, 0.0, 0.0, 1.0],
                [-0.0, -0.952114, -0.305743, -0.0, 0.0, -0.305743, 0.952114, 0.4, -1.0, -0.0, 0.0, -0.0, 0.0, 0.0, 0.0, 1.0],
