{
    "animation": [
        {
            "name": "Root",
            "time": [0.0, 0.0167, 0.0333, 0.05, 0.0667, 0.0833, 0.1, 0.1167, 0.1333, 0.15, 0.1667, 0.1833, 0.2, 0.2167, 0.2333, 0.25, 0.2667, 0.2833, 0.3, 0.3167, 0.3333],
            "transform": [
                [1.0, 0.0, 0.0, -5e-06, 0.0, 0.0, -1.0, 0.010474, 0.0, 1.0, 0.0, 0.763972, 0.0, 0.0, 0.0, 1.0],
                [1.0, 0.0, 0.0, -5e-06, 0.0, 0.0, -1.0, 0.025838, 0.0, 1.0, 0.0, 0.763972, 0.0, 0.0, 0.0, 1.0],
                [1.0, 0.0, 0.0, -5e-06, 0.0, 0.0, -1.0, 0.068856, 0.0, 1.0, 0.0, 0.763972, 0.0, 0.0, 0.0, 1.0],
                [1.0, 0.0, 0.0, -5e-06, 0.0, 0.0, -1.0, 0.134921, 0.0, 1.0, 0.0, 0.763972, 0.0, 0.0, 0.0, 1.0],
                [1.0, 0.0, 0.0, -5e-06, 0.0, 0.0, -1.0, 0.219422, 0.0, 1.0, 0.0, 0.763972, 0.0, 0.0, 0.0, 1.0],
                [1.0, 0.0, 0.0, -5e-06, 0.0, 0.0, -1.0, 0.31775, 0.0, 1.0, 0.0, 0.763972, 0.0, 0.0, 0.0, 1.0],
                [1.0, 0.0, 0.0, -5e-06, 0.0, 0.0, -1.0, 0.425296, 0.0, 1.0, 0.0, 0.763972, 0.0, 0.0, 0.0, 1.0],
                [1.0, 0.0, 0.0, -5e-06, 0.0, 0.0, -1.0, 0.537452, 0.0, 1.0, 0.0, 0.763972, 0.0, 0.0, 0.0, 1.0],
                [1.0, 0.0, 0.0, -5e-06, 0.0, 0.0, -1.0, 0.649608, 0.0, 1.0, 0.0, 0.763972, 0.0, 0.0, 0.0, 1.0],
                [1.0, 0.0, 0.0, -5e-06, 0.0, 0.0, -1.0, 0.757154, 0.0, 1.0, 0.0, 0.763972, 0.0, 0.0, 0.0, 1.0],
                [1.0, 0.0, 0.0, -5e-06, 0.0, 0.0, -1.0, 0.855483, 0.0, 1.0, 0.0, 0.763972, 0.0, 0.0, 0.0, 1.0],
                [1.0, 0.0, 0.0, -5e-06, 0.0, 0.0, -1.0, 0.939984, 0.0, 1.0, 0.0, 0.763972, 0.0, 0.0, 0.0, 1.0],
                [1.0, 0.0, 0.0, -5e-06, 0.0, 0.0, -1.0, 1.006048, 0.0, 1.0, 0.0, 0.763972, 0.0, 0.0, 0.0, 1.0],
                [1.0, 0.0, 0.0, -5e-06, 0.0, 0.0, -1.0, 1.049067, 0.0, 1.0, 0.0, 0.763972, 0.0, 0.0, 0.0, 1.0],
                [1.0, 0.0, 0.0, -5e-06, 0.0, 0.0, -1.0, 1.06443, 0.0, 1.0, 0.0, 0.763972, 0.0, 0.0, 0.0, 1.0],
                [1.0, 0.0, 0.0, -5e-06, 0.0, 0.0, -1.0, 1.06443, 0.0, 1.0, 0.0, 0.763972, 0.0, 0.0, 0.0, 1.0],
                [1.0, 0.0, 0.0, -5e-06, 0.0, 0.0, -1.0, 1.06443, 0.0, 1.0, 0.0, 0.763972, 0.0, 0.0, 0.0, 1.0],
                [1.0, 0.0, 0.0, -5e-06, 0.0, 0.0, -1.0, 1.06443, 0.0, 1.0, 0.0, 0.763972, 0.0, 0.0, 0.0, 1.0],
                [1.0, 0.0, 0.0, -5e-06, 0.0, 0.0, -1.0, 1.06443, 0.0, 1.0, 0.0, 0.763972, 0.0, 0.0, 0.0, 1.0],
                [1.0, 0.0, 0.0, -5e-06, 0.0, 0.0, -1.0, 1.06443, 0.0, 1.0, 0.0, 0.763972, 0.0, 0.0, 0.0, 1.0],
                [1.0, 0.0, 0.0, -5e-06, 0.0, 0.0, -1.0, 1.06443, 0.0, 1.0, 0.0, 0.763972, 0.0, 0.0, 0.0, 1.0]
            ]
        },
        {
            "name": "Thigh_R",
            "time": [0.0, 0.0167, 0.0333, 0.05, 0.0667, 0.0833, 0.1, 0.1167, 0.1333, 0.15, 0.1667, 0.1833, 0.2, 0.2167, 0.2333, 0.25, 0.2667, 0.2833, 0.3, 0.3167, 0.3333],
            "transform": [
                [0.997754, 0.052157, 0.042041, 0.160027, 0.065691, -0.884773, -0.461371, -0.029135, 0.013133, 0.463096, -0.886211, 0.074599, 0.0, 0.0, 0.0, 1.0],
                [0.9977, 0.053185, 0.042029, 0.159516, 0.066432, -0.890476, -0.450155, -0.029454, 0.013484, 0.451911, -0.891961, 0.07214, 0.0, 0.0, 0.0, 1.0],
                [0.997549, 0.062523, 0.031425, 0.158086, 0.068458, -0.964993, -0.253185, -0.030347, 0.014495, 0.254716, -0.966907, 0.065253, 0.0, 0.0, 0.0, 1.0],
                [0.997315, 0.069693, 0.022475, 0.15589, 0.07143, -0.993464, -0.089039, -0.03172, 0.016123, 0.090405, -0.995775, 0.054677, 0.0, 0.0, 0.0, 1.0],
                [0.997018, 0.076084, 0.012905, 0.153081, 0.074956, -0.994544, 0.072548, -0.033475, 0.018355, -0.071364, -0.997282, 0.041149, 0.0, 0.0, 0.0, 1.0],
                [0.99668, 0.081376, 0.002764, 0.149813, 0.078618, -0.970632, 0.227361, -0.035517, 0.021185, -0.226389, -0.973807, 0.025408, 0.0, 0.0, 0.0, 1.0],
                [0.996329, 0.085306, -0.007186, 0.146238, 0.081996, -0.926791, 0.366519, -0.037751, 0.024606, -0.365762, -0.930383, 0.008191, 0.0, 0.0, 0.0, 1.0],
                [0.995997, 0.087986, -0.01577, 0.14251, 0.084692, -0.872431, 0.481345, -0.040081, 0.028593, -0.480753, -0.87639, -0.009764, 0.0, 0.0, 0.0, 1.0],
                [0.995713, 0.089913, -0.021728, 0.138782, 0.086383, -0.819839, 0.566042, -0.042411, 0.033081, -0.565492, -0.82409, -0.027719, 0.0, 0.0, 0.0, 1.0],
                [0.995497, 0.091708, -0.023996, 0.135208, 0.086873, -0.781281, 0.618105, -0.044645, 0.037938, -0.617406, -0.78573, -0.044936, 0.0, 0.0, 0.0, 1.0],
                [0.995356, 0.09374, -0.02189, 0.131939, 0.086155, -0.766082, 0.636943, -0.046687, 0.042938, -0.635871, -0.7706, -0.060677, 0.0, 0.0, 0.0, 1.0],
                [0.995281, 0.095881, -0.01493, 0.12913, 0.084484, -0.780525, 0.619391, -0.048443, 0.047735, -0.617729, -0.784941, -0.074205, 0.0, 0.0, 0.0, 1.0],
                [0.995251, 0.097347, 8.8e-05, 0.126935, 0.082385, -0.842761, 0.531947, -0.049815, 0.051857, -0.529413, -0.846778, -0.084781, 0.0, 0.0, 0.0, 1.0],
                [0.995243, 0.097129, 0.0076, 0.125505, 0.080595, -0.864632, 0.495901, -0.050709, 0.054737, -0.492929, -0.868346, -0.091668, 0.0, 0.0, 0.0, 1.0],
                [0.995242, 0.097129, 0.007692, 0.124994, 0.079867, -0.858488, 0.506577, -0.051028, 0.055806, -0.503552, -0.862161, -0.094127, 0.0, 0.0, 0.0, 1.0],
                [0.995242, 0.097129, 0.007692, 0.124994, 0.079867, -0.858488, 0.506577, -0.051028, 0.055806, -0.503552, -0.862161, -0.094127, 0.0, 0.0, 0.0, 1.0],
                [0.995242, 0.097129, 0.007692, 0.124994, 0.079867, -0.858488, 0.506577, -0.051028, 0.055806, -0.503552, -0.862161, -0.094127, 0.0, 0.0, 0.0, 1.0],
                [0.995242, 0.097129, 0.007692, 0.124994, 0.079867, -0.858488, 0.506577, -0.051028, 0.055806, -0.503552, -0.862161, -0.094127, 0.0, 0.0, 0.0, 1.0],
                [0.995242, 0.097129, 0.007692, 0.124994, 0.079867, -0.858488, 0.506577, -0.051028, 0.055806, -0.503552, -0.862161, -0.094127, 0.0, 0.0, 0.0, 1.0],
                [0.995242, 0.097129, 0.007692, 0.124994, 0.079867, -0.858488, 0.506577, -0.051028, 0.055806, -0.503552, -0.862161, -0.094127, 0.0, 0.0, 0.0, 1.0],
                [0.995242, 0.097129, 0.007692, 0.124994, 0.079867, -0.858488, 0.506577, -0.051028, 0.055806, -0.503552, -0.862161, -0.094127, 0.0, 0.0, 0.0, 1.0]
            ]
        },
        {
            "name": "Leg_R",
            "time": [0.0, 0.0167, 0.0333, 0.05, 0.0667, 0.0833, 0.1, 0.1167, 0.1333, 0.15, 0.1667, 0.1833, 0.2, 0.2167, 0.2333, 0.25, 0.2667, 0.2833, 0.3, 0.3167, 0.3333],
            "transform": [
                [1.0, 0.0, 1e-06, 0.0, -0.0, 0.999999, 0.00146, 0.374726, -1e-06, -0.00146, 0.999999, 0.0, 0.0, 0.0, 0.0, 1.0],
                [1.0, 0.0, 1e-06, 0.0, -0.0, 0.999999, 0.00146, 0.374726, -1e-06, -0.00146, 0.999999, 0.0, 0.0, 0.0, 0.0, 1.0],
                [1.0, 7e-06, 2e-06, 0.0, -7e-06, 0.938735, 0.344638, 0.374726, 1e-06, -0.344639, 0.938736, -0.0, 0.0, 0.0, 0.0, 1.0],
                [1.0, 1.1e-05, 4e-06, -0.0, -1.1e-05, 0.841931, 0.539586, 0.374726, 3e-06, -0.539586, 0.841931, -0.0, 0.0, 0.0, 0.0, 1.0],
                [1.0, 1.4e-05, 6e-06, -0.0, -1.5e-05, 0.740308, 0.672268, 0.374726, 5e-06, -0.672268, 0.740308, -0.0, 0.0, 0.0, 0.0, 1.0],
                [1.0, 1.7e-05, 8e-06, -0.0, -1.7e-05, 0.653371, 0.757037, 0.374726, 7e-06, -0.757037, 0.653372, 0.0, 0.0, 0.0, 0.0, 1.0],
                [1.0, 1.7e-05, 9e-06, -0.0, -1.7e-05, 0.596879, 0.802331, 0.374726, 8e-06, -0.802332, 0.596879, -0.0, 0.0, 0.0, 0.0, 1.0],
                [1.0, 1.8e-05, 1e-05, 0.0, -1.8e-05, 0.580921, 0.81396, 0.374726, 9e-06, -0.81396, 0.58092, -0.0, 0.0, 0.0, 0.0, 1.0],
                [1.0, 1.7e-05, 9e-06, -0.0, -1.8e-05, 0.608601, 0.793476, 0.374726, 8e-06, -0.793476, 0.608602, -0.0, 0.0, 0.0, 0.0, 1.0],
                [1.0, 1.5e-05, 7e-06, 0.0, -1.6e-05, 0.676324, 0.736605, 0.374726, 6e-06, -0.736604, 0.676324, -0.0, 0.0, 0.0, 0.0, 1.0],
                [1.0, 1.3e-05, 6e-06, 0.0, -1.4e-05, 0.773584, 0.633693, 0.374726, 4e-06, -0.633693, 0.773584, 0.0, 0.0, 0.0, 0.0, 1.0],
                [1.0, 1e-05, 3e-06, -0.0, -1e-05, 0.884018, 0.467452, 0.374726, 2e-06, -0.467452, 0.884019, -0.0, 0.0, 0.0, 0.0, 1.0],
                [1.0, 3e-06, 1e-06, -0.0, -3e-06, 0.987703, 0.156343, 0.374726, -0.0, -0.156343, 0.987703, 0.0, 0.0, 0.0, 0.0, 1.0],
                [1.0, 0.0, 1e-06, 0.0, -0.0, 0.999999, 0.001461, 0.374726, -1e-06, -0.001461, 0.999999, -0.0, 0.0, 0.0, 0.0, 1.0],
                [1.0, 0.0, 1e-06, 0.0, -0.0, 0.999999, 0.001461, 0.374726, -1e-06, -0.001461, 0.999999, -0.0, 0.0, 0.0, 0.0, 1.0],
                [1.0, 0.0, 1e-06, 0.0, -0.0, 0.999999, 0.001461, 0.374726, -1e-06, -0.001461, 0.999999, -0.0, 0.0, 0.0, 0.0, 1.0],
                [1.0, 0.0, 1e-06, 0.0, -0.0, 0.999999, 0.001461, 0.374726, -1e-06, -0.001461, 0.999999, -0.0, 0.0, 0.0, 0.0, 1.0],
                [1.0, 0.0, 1e-06, 0.0, -0.0, 0.999999, 0.001461, 0.374726, -1e-06, -0.001461, 0.999999, -0.0, 0.0, 0.0, 0.0, 1.0],
                [1.0, 0.0, 1e-06, 0.0, -0.0, 0.999999, 0.001461, 0.374726, -1e-06, -0.001461, 0.999999, -0.0, 0.0, 0.0, 0.0, 1.0],
                [1.0, 0.0, 1e-06, 0.0, -0.0, 0.999999, 0.001461, 0.374726, -1e-06, -0.001461, 0.999999, -0.0, 0.0, 0.0, 0.0, 1.0],
                [1.0, 0.0, 1e-06, 0.0, -0.0, 0.999999, 0.001461, 0.374726, -1e-06, -0.001461, 0.999999, -0.0, 0.0, 0.0, 0.0, 1.0]
            ]
        },
        {
            "name": "Knee_R",
            "time": [0.0, 0.3333],
            "transform": [
                [1.0, 0.0, -0.0, 0.0, -0.0, 0.00567, -0.999984, 0.374726, -0.0, 0.999984, 0.00567, 0.0, 0.0, 0.0, 0.0, 1.0],
                [1.0, 0.0, -0.0, -0.0, -0.0, 0.00567, -0.999984, 0.374726, -0.0, 0.999984, 0.00567, -0.0, 0.0, 0.0, 0.0, 1.0]
            ]
        },
        {
            "name": "Thigh_L",
            "time": [0.0, 0.0167, 0.0333, 0.05, 0.0667, 0.0833, 0.1, 0.1167, 0.1333, 0.15, 0.1667, 0.1833, 0.2, 0.2167, 0.2333, 0.25, 0.2667, 0.2833, 0.3, 0.3167, 0.3333],
            "transform": [
                [0.998274, -0.026254, -0.052544, -0.125006, 0.004259, -0.859842, 0.510543, -0.022982, -0.058583, -0.509885, -0.858246, -0.059473, 0.0, 0.0, 0.0, 1.0],
                [0.998299, -0.029962, -0.050012, -0.125006, 0.002995, -0.830344, 0.557244, -0.022689, -0.058224, -0.556446, -0.828842, -0.057408, 0.0, 0.0, 0.0, 1.0],
                [0.99836, -0.035918, -0.044583, -0.125006, -0.000427, -0.783363, 0.621565, -0.021866, -0.05725, -0.620526, -0.782093, -0.051626, 0.0, 0.0, 0.0, 1.0],
                [0.998425, -0.039849, -0.039487, -0.125006, -0.005367, -0.768501, 0.639827, -0.020603, -0.055842, -0.638608, -0.767504, -0.042748, 0.0, 0.0, 0.0, 1.0],
                [0.998468, -0.042498, -0.035425, -0.125006, -0.011189, -0.782171, 0.622964, -0.018987, -0.054183, -0.621614, -0.781448, -0.031391, 0.0, 0.0, 0.0, 1.0],
                [0.998474, -0.044116, -0.033217, -0.125006, -0.017347, -0.821621, 0.569771, -0.017107, -0.052428, -0.568325, -0.821132, -0.018175, 0.0, 0.0, 0.0, 1.0],
                [0.998439, -0.044745, -0.033416, -0.125006, -0.023428, -0.878764, 0.476682, -0.015051, -0.050694, -0.475155, -0.878441, -0.003721, 0.0, 0.0, 0.0, 1.0],
                [0.99837, -0.04408, -0.036247, -0.125006, -0.029146, -0.939896, 0.340217, -0.012907, -0.049065, -0.338606, -0.939648, 0.011352, 0.0, 0.0, 0.0, 1.0],
                [0.998277, -0.041262, -0.041716, -0.125006, -0.034317, -0.987271, 0.155301, -0.010762, -0.047593, -0.153602, -0.986986, 0.026426, 0.0, 0.0, 0.0, 1.0],
                [0.998172, -0.033107, -0.05056, -0.125006, -0.038831, -0.992398, -0.116788, -0.008706, -0.046309, 0.118537, -0.991869, 0.04088, 0.0, 0.0, 0.0, 1.0],
                [0.998067, -0.025512, -0.056675, -0.125006, -0.042626, -0.944598, -0.325451, -0.006826, -0.045233, 0.327237, -0.943859, 0.054095, 0.0, 0.0, 0.0, 1.0],
                [0.997971, -0.024537, -0.058755, -0.125006, -0.045665, -0.918874, -0.391902, -0.00521, -0.044372, 0.393789, -0.918129, 0.065452, 0.0, 0.0, 0.0, 1.0],
                [0.997894, -0.02375, -0.060367, -0.125006, -0.04791, -0.897217, -0.438985, -0.003947, -0.043737, 0.440952, -0.896465, 0.074331, 0.0, 0.0, 0.0, 1.0],
                [0.997842, -0.023233, -0.061404, -0.125006, -0.049314, -0.882663, -0.467413, -0.003124, -0.04334, 0.469432, -0.881904, 0.080113, 0.0, 0.0, 0.0, 1.0],
                [0.997824, -0.023048, -0.061771, -0.125006, -0.049805, -0.877409, -0.477151, -0.002831, -0.043201, 0.47919, -0.876648, 0.082178, 0.0, 0.0, 0.0, 1.0],
                [0.997824, -0.023048, -0.061771, -0.125006, -0.049805, -0.877409, -0.477151, -0.002831, -0.043201, 0.47919, -0.876648, 0.082178, 0.0, 0.0, 0.0, 1.0],
                [0.997824, -0.023048, -0.061771, -0.125006, -0.049805, -0.877409, -0.477151, -0.002831, -0.043201, 0.47919, -0.876648, 0.082178, 0.0, 0.0, 0.0, 1.0],
                [0.997824, -0.023048, -0.061771, -0.125006, -0.049805, -0.877409, -0.477151, -0.002831, -0.043201, 0.47919, -0.876648, 0.082178, 0.0, 0.0, 0.0, 1.0],
                [0.997824, -0.023048, -0.061771, -0.125006, -0.049805, -0.877409, -0.477151, -0.002831, -0.043201, 0.47919, -0.876648, 0.082178, 0.0, 0.0, 0.0, 1.0],
                [0.997824, -0.023048, -0.061771, -0.125006, -0.049805, -0.877409, -0.477151, -0.002831, -0.043201, 0.47919, -0.876648, 0.082178, 0.0, 0.0, 0.0, 1.0],
                [0.997824, -0.023048, -0.061771, -0.125006, -0.049805, -0.877409, -0.477151, -0.002831, -0.043201, 0.47919, -0.876648, 0.082178, 0.0, 0.0, 0.0, 1.0]
            ]
        },
        {
            "name": "Leg_L",
            "time": [0.0, 0.0167, 0.0333, 0.05, 0.0667, 0.0833, 0.1, 0.1167, 0.1333, 0.15, 0.1667, 0.1833, 0.2, 0.2167, 0.2333, 0.25, 0.2667, 0.2833, 0.3, 0.3167, 0.3333],
            "transform": [
                [1.0, 0.0, 1e-06, 0.0, -0.0, 0.999999, 0.00146, 0.374726, -1e-06, -0.00146, 0.999999, 0.0, 0.0, 0.0, 0.0, 1.0],
                [1.0, 3e-06, 1e-06, 0.0, -3e-06, 0.990135, 0.140118, 0.374726, -1e-06, -0.140118, 0.990135, -0.0, 0.0, 0.0, 0.0, 1.0],
                [1.0, 8e-06, 2e-06, 0.0, -8e-06, 0.927937, 0.372736, 0.374726, 1e-06, -0.372736, 0.927937, -0.0, 0.0, 0.0, 0.0, 1.0],
                [1.0, 1.1e-05, 4e-06, 0.0, -1.2e-05, 0.847271, 0.531161, 0.374726, 3e-06, -0.531161, 0.847271, -0.0, 0.0, 0.0, 0.0, 1.0],
                [1.0, 1.4e-05, 6e-06, -0.0, -1.4e-05, 0.770289, 0.637694, 0.374726, 4e-06, -0.637694, 0.77029, -0.0, 0.0, 0.0, 0.0, 1.0],
                [1.0, 1.5e-05, 7e-06, 0.0, -1.5e-05, 0.717673, 0.696379, 0.374726, 5e-06, -0.69638, 0.717674, -0.0, 0.0, 0.0, 0.0, 1.0],
                [1.0, 1.5e-05, 7e-06, 0.0, -1.6e-05, 0.705692, 0.708518, 0.374726, 6e-06, -0.708519, 0.705692, -0.0, 0.0, 0.0, 0.0, 1.0],
                [1.0, 1.4e-05, 6e-06, -0.0, -1.4e-05, 0.743859, 0.668335, 0.374726, 5e-06, -0.668336, 0.74386, 0.0, 0.0, 0.0, 0.0, 1.0],
                [1.0, 1.2e-05, 4e-06, -0.0, -1.2e-05, 0.833833, 0.552015, 0.374726, 3e-06, -0.552016, 0.833834, -0.0, 0.0, 0.0, 0.0, 1.0],
                [1.0, 5e-06, 1e-06, -0.0, -6e-06, 0.968701, 0.24823, 0.374726, -0.0, -0.24823, 0.968701, 0.0, 0.0, 0.0, 0.0, 1.0],
                [1.0, 0.0, 1e-06, -0.0, -0.0, 0.999999, 0.001462, 0.374726, -1e-06, -0.001462, 0.999999, -0.0, 0.0, 0.0, 0.0, 1.0],
                [1.0, 0.0, 1e-06, 0.0, -0.0, 0.999999, 0.001465, 0.374726, -1e-06, -0.001465, 0.999999, 0.0, 0.0, 0.0, 0.0, 1.0],
                [1.0, 0.0, 1e-06, 0.0, -0.0, 0.999999, 0.001467, 0.374726, -1e-06, -0.001467, 0.999999, -0.0, 0.0, 0.0, 0.0, 1.0],
                [1.0, 0.0, 1e-06, 0.0, -0.0, 0.999999, 0.001468, 0.374726, -1e-06, -0.001468, 0.999999, -0.0, 0.0, 0.0, 0.0, 1.0],
                [1.0, 0.0, 1e-06, -0.0, -0.0, 0.999999, 0.001469, 0.374726, -1e-06, -0.001469, 0.999999, -0.0, 0.0, 0.0, 0.0, 1.0],
                [1.0, 0.0, 1e-06, -0.0, -0.0, 0.999999, 0.001469, 0.374726, -1e-06, -0.001469, 0.999999, -0.0, 0.0, 0.0, 0.0, 1.0],
                [1.0, 0.0, 1e-06, -0.0, -0.0, 0.999999, 0.001469, 0.374726, -1e-06, -0.001469, 0.999999, -0.0, 0.0, 0.0, 0.0, 1.0],
                [1.0, 0.0, 1e-06, -0.0, -0.0, 0.999999, 0.001469, 0.374726, -1e-06, -0.001469, 0.999999, -0.0, 0.0, 0.0, 0.0, 1.0],
                [1.0, 0.0, 1e-06, -0.0, -0.0, 0.999999, 0.001469, 0.374726, -1e-06, -0.001469, 0.999999, -0.0, 0.0, 0.0, 0.0, 1.0],
                [1.0, 0.0, 1e-06, -0.0, -0.0, 0.999999, 0.001469, 0.374726, -1e-06, -0.001469, 0.999999, -0.0, 0.0, 0.0, 0.0, 1.0],
                [1.0, 0.0, 1e-06, -0.0, -0.0, 0.999999, 0.001469, 0.374726, -1e-06, -0.001469, 0.999999, -0.0, 0.0, 0.0, 0.0, 1.0]
            ]
        },
        {
            "name": "Knee_L",
            "time": [0.0, 0.3333],
            "transform": [
                [1.0, 0.0, -0.0, 0.0, -0.0, 0.00567, -0.999984, 0.374726, -0.0, 0.999984, 0.00567, 0.0, 0.0, 0.0, 0.0, 1.0],
                [1.0, 0.0, -0.0, -0.0, -0.0, 0.00567, -0.999984, 0.374726, -0.0, 0.999984, 0.00567, -0.0, 0.0, 0.0, 0.0, 1.0]
            ]
        },
        {
            "name": "Torso",
            "time": [0.0, 0.0167, 0.0333, 0.05, 0.0667, 0.0833, 0.1, 0.1167, 0.1333, 0.15, 0.1667, 0.1833, 0.2, 0.2167, 0.2333, 0.25, 0.2667, 0.2833, 0.3, 0.3167, 0.3333],
            "transform": [
                [0.893613, 0.0, -0.448838, 0.0, 0.0, 1.0, 0.0, 0.05, 0.448838, 0.0, 0.893613, 0.0, 0.0, 0.0, 0.0, 1.0],
                [0.900184, 0.0, -0.435509, 0.0, 0.0, 1.0, 0.0, 0.05, 0.435509, 0.0, 0.900184, 0.0, 0.0, 0.0, 0.0, 1.0],
                [0.917645, 0.0, -0.397402, 0.0, 0.0, 1.0, 0.0, 0.05, 0.397402, 0.0, 0.917645, 0.0, 0.0, 0.0, 0.0, 1.0],
                [0.941589, 0.0, -0.336764, 0.0, 0.0, 1.0, 0.0, 0.05, 0.336764, 0.0, 0.941589, 0.0, 0.0, 0.0, 0.0, 1.0],
                [0.966703, 0.0, -0.255902, 0.0, 0.0, 1.0, 0.0, 0.05, 0.255902, 0.0, 0.966703, 0.0, 0.0, 0.0, 0.0, 1.0],
                [0.987428, 0.0, -0.158069, 0.0, 0.0, 1.0, 0.0, 0.05, 0.158069, 0.0, 0.987428, 0.0, 0.0, 0.0, 0.0, 1.0],
                [0.998848, 0.0, -0.047988, 0.0, 0.0, 1.0, 0.0, 0.05, 0.047988, 0.0, 0.998848, 0.0, 0.0, 0.0, 0.0, 1.0],
                [0.997674, 0.0, 0.068168, 0.0, 0.0, 1.0, 0.0, 0.05, -0.068168, 0.0, 0.997674, 0.0, 0.0, 0.0, 0.0, 1.0],
                [0.983038, 0.0, 0.183404, 0.0, 0.0, 1.0, 0.0, 0.05, -0.183404, 0.0, 0.983038, 0.0, 0.0, 0.0, 0.0, 1.0],
                [0.956751, 0.0, 0.290908, 0.0, 0.0, 1.0, 0.0, 0.05, -0.290908, 0.0, 0.956751, 0.0, 0.0, 0.0, 0.0, 1.0],
                [0.922911, 0.0, 0.385014, 0.0, 0.0, 1.0, 0.0, 0.05, -0.385014, 0.0, 0.922911, 0.0, 0.0, 0.0, 0.0, 1.0],
                [0.887032, 0.0, 0.461708, 0.0, 0.0, 1.0, 0.0, 0.05, -0.461708, 0.0, 0.887032, 0.0, 0.0, 0.0, 0.0, 1.0],
                [0.855062, 0.0, 0.518525, 0.0, 0.0, 1.0, 0.0, 0.05, -0.518525, 0.0, 0.855062, 0.0, 0.0, 0.0, 0.0, 1.0],
                [0.832581, 0.0, 0.553903, 0.0, 0.0, 1.0, 0.0, 0.05, -0.553903, 0.0, 0.832581, 0.0, 0.0, 0.0, 0.0, 1.0],
                [0.824258, 0.0, 0.566215, 0.0, 0.0, 1.0, 0.0, 0.05, -0.566215, 0.0, 0.824258, 0.0, 0.0, 0.0, 0.0, 1.0],
                [0.824258, 0.0, 0.566215, 0.0, 0.0, 1.0, 0.0, 0.05, -0.566215, 0.0, 0.824258, 0.0, 0.0, 0.0, 0.0, 1.0],
                [0.824258, 0.0, 0.566215, 0.0, 0.0, 1.0, 0.0, 0.05, -0.566215, 0.0, 0.824258, 0.0, 0.0, 0.0, 0.0, 1.0],
                [0.824258, 0.0, 0.566215, 0.0, 0.0, 1.0, 0.0, 0.05, -0.566215, 0.0, 0.824258, 0.0, 0.0, 0.0, 0.0, 1.0],
                [0.824258, 0.0, 0.566215, 0.0, 0.0, 1.0, 0.0, 0.05, -0.566215, 0.0, 0.824258, 0.0, 0.0, 0.0, 0.0, 1.0],
                [0.824258, 0.0, 0.566215, 0.0, 0.0, 1.0, 0.0, 0.05, -0.566215, 0.0, 0.824258, 0.0, 0.0, 0.0, 0.0, 1.0],
                [0.824258, 0.0, 0.566215, 0.0, 0.0, 1.0, 0.0, 0.05, -0.566215, 0.0, 0.824258, 0.0, 0.0, 0.0, 0.0, 1.0]
            ]
        },
        {
            "name": "Chest",
            "time": [0.0, 0.0167, 0.0333, 0.05, 0.0667, 0.0833, 0.1, 0.1167, 0.1333, 0.15, 0.1667, 0.1833, 0.2, 0.2167, 0.2333, 0.25, 0.2667, 0.2833, 0.3, 0.3167, 0.3333],
            "transform": [
                [0.870339, 0.0, -0.492452, 0.0, 0.0, 1.0, 0.0, 0.3, 0.492452, 0.0, 0.870339, 0.0, 0.0, 0.0, 0.0, 1.0],
                [0.873973, 0.0, -0.485975, -0.0, 0.0, 1.0, 0.0, 0.3, 0.485975, 0.0, 0.873973, -0.0, 0.0, 0.0, 0.0, 1.0],
                [0.883906, 0.0, -0.467665, -0.0, 0.0, 1.0, 0.0, 0.3, 0.467665, 0.0, 0.883906, -0.0, 0.0, 0.0, 0.0, 1.0],
                [0.898454, 0.0, -0.439067, 0.0, 0.0, 1.0, 0.0, 0.3, 0.439067, 0.0, 0.898454, -0.0, 0.0, 0.0, 0.0, 1.0],
                [0.915771, 0.0, -0.4017, 0.0, 0.0, 1.0, 0.0, 0.3, 0.4017, 0.0, 0.915771, 0.0, 0.0, 0.0, 0.0, 1.0],
                [0.934024, 0.0, -0.35721, -0.0, 0.0, 1.0, 0.0, 0.3, 0.35721, 0.0, 0.934024, 0.0, 0.0, 0.0, 0.0, 1.0],
                [0.951557, 0.0, -0.307473, -0.0, 0.0, 1.0, 0.0, 0.3, 0.307473, 0.0, 0.951557, 0.0, 0.0, 0.0, 0.0, 1.0],
                [0.967042, 0.0, -0.254618, -0.0, 0.0, 1.0, 0.0, 0.3, 0.254618, 0.0, 0.967042, -0.0, 0.0, 0.0, 0.0, 1.0],
                [0.979593, 0.0, -0.20099, 0.0, 0.0, 1.0, 0.0, 0.3, 0.20099, 0.0, 0.979593, -0.0, 0.0, 0.0, 0.0, 1.0],
                [0.988827, 0.0, -0.149068, 0.0, 0.0, 1.0, 0.0, 0.3, 0.149068, 0.0, 0.988827, 0.0, 0.0, 0.0, 0.0, 1.0],
                [0.99485, 0.0, -0.101359, 0.0, 0.0, 1.0, 0.0, 0.3, 0.101359, 0.0, 0.99485, 0.0, 0.0, 0.0, 0.0, 1.0],
                [0.99818, 0.0, -0.060308, -0.0, 0.0, 1.0, 0.0, 0.3, 0.060308, 0.0, 0.99818, 0.0, 0.0, 0.0, 0.0, 1.0],
                [0.999601, 0.0, -0.028254, -0.0, 0.0, 1.0, 0.0, 0.3, 0.028254, 0.0, 0.999601, -0.0, 0.0, 0.0, 0.0, 1.0],
                [0.999972, 0.0, -0.007427, -0.0, 0.0, 1.0, 0.0, 0.3, 0.007427, 0.0, 0.999972, -0.0, 0.0, 0.0, 0.0, 1.0],
                [1.0, 0.0, 0.0, 0.0, 0.0, 1.0, 0.0, 0.3, -0.0, 0.0, 1.0, -0.0, 0.0, 0.0, 0.0, 1.0],
                [1.0, 0.0, 0.0, 0.0, 0.0, 1.0, 0.0, 0.3, -0.0, 0.0, 1.0, -0.0, 0.0, 0.0, 0.0, 1.0],
                [1.0, 0.0, 0.0, 0.0, 0.0, 1.0, 0.0, 0.3, -0.0, 0.0, 1.0, -0.0, 0.0, 0.0, 0.0, 1.0],
                [1.0, 0.0, 0.0, 0.0, 0.0, 1.0, 0.0, 0.3, -0.0, 0.0, 1.0, -0.0, 0.0, 0.0, 0.0, 1.0],
                [1.0, 0.0, 0.0, 0.0, 0.0, 1.0, 0.0, 0.3, -0.0, 0.0, 1.0, 0.0, 0.0, 0.0, 0.0, 1.0],
                [1.0, 0.0, 0.0, 0.0, 0.0, 1.0, 0.0, 0.3, 0.0, 0.0, 1.0, 0.0, 0.0, 0.0, 0.0, 1.0],
                [1.0, 0.0, 0.0, 0.0, 0.0, 1.0, 0.0, 0.3, -0.0, 0.0, 1.0, -0.0, 0.0, 0.0, 0.0, 1.0]
            ]
        },
        {
            "name": "Head",
            "time": [0.0, 0.0167, 0.0333, 0.05, 0.0667, 0.0833, 0.1, 0.1167, 0.1333, 0.15, 0.1667, 0.1833, 0.2, 0.2167, 0.2333, 0.25, 0.2667, 0.2833, 0.3, 0.3167, 0.3333],
            "transform": [
                [0.699685, 0.0, 0.714452, -0.0, 0.0, 1.0, 0.0, 0.4, -0.714452, 0.0, 0.699685, -0.0, 0.0, 0.0, 0.0, 1.0],
                [0.71234, 0.0, 0.701834, -0.0, 0.0, 1.0, 0.0, 0.4, -0.701834, 0.0, 0.71234, -0.0, 0.0, 0.0, 0.0, 1.0],
                [0.746926, 0.0, 0.664908, 0.0, 0.0, 1.0, 0.0, 0.4, -0.664908, 0.0, 0.746926, -0.0, 0.0, 0.0, 0.0, 1.0],
                [0.797204, 0.0, 0.60371, -0.0, 0.0, 1.0, 0.0, 0.4, -0.60371, 0.0, 0.797204, 0.0, 0.0, 0.0, 0.0, 1.0],
                [0.855433, 0.0, 0.517914, 0.0, 0.0, 1.0, 0.0, 0.4, -0.517914, 0.0, 0.855433, 0.0, 0.0, 0.0, 0.0, 1.0],
                [0.912726, 0.0, 0.408572, 0.0, 0.0, 1.0, 0.0, 0.4, -0.408572, 0.0, 0.912726, 0.0, 0.0, 0.0, 0.0, 1.0],
                [0.96014, 0.0, 0.27952, -0.0, 0.0, 1.0, 0.0, 0.4, -0.27952, 0.0, 0.96014, -0.0, 0.0, 0.0, 0.0, 1.0],
                [0.990445, 0.0, 0.137906, 0.0, 0.0, 1.0, 0.0, 0.4, -0.137906, 0.0, 0.990445, 0.0, 0.0, 0.0, 0.0, 1.0],
                [0.999979, 0.0, -0.006601, -0.0, 0.0, 1.0, 0.0, 0.4, 0.006601, 0.0, 0.999978, 0.0, 0.0, 0.0, 0.0, 1.0],
                [0.989622, 0.0, -0.143696, -0.0, 0.0, 1.0, 0.0, 0.4, 0.143696, 0.0, 0.989622, -0.0, 0.0, 0.0, 0.0, 1.0],
                [0.964378, 0.0, -0.264531, 0.0, 0.0, 1.0, 0.0, 0.4, 0.264531, 0.0, 0.964377, -0.0, 0.0, 0.0, 0.0, 1.0],
                [0.931801, 0.0, -0.36297, -0.0, 0.0, 1.0, 0.0, 0.4, 0.36297, 0.0, 0.931801, -0.0, 0.0, 0.0, 0.0, 1.0],
                [0.900153, 0.0, -0.435575, -0.0, 0.0, 1.0, 0.0, 0.4, 0.435575, 0.0, 0.900153, -0.0, 0.0, 0.0, 0.0, 1.0],
                [0.87697, 0.0, -0.480544, -0.0, 0.0, 1.0, 0.0, 0.4, 0.480544, 0.0, 0.87697, 0.0, 0.0, 0.0, 0.0, 1.0],
                [0.868243, 0.0, -0.496139, 0.0, 0.0, 1.0, 0.0, 0.4, 0.496139, 0.0, 0.868243, 0.0, 0.0, 0.0, 0.0, 1.0],
                [0.868243, 0.0, -0.496139, 0.0, 0.0, 1.0, 0.0, 0.4, 0.496139, 0.0, 0.868243, 0.0, 0.0, 0.0, 0.0, 1.0],
                [0.868243, 0.0, -0.496139, 0.0, 0.0, 1.0, 0.0, 0.4, 0.496139, 0.0, 0.868243, 0.0, 0.0, 0.0, 0.0, 1.0],
                [0.868243, 0.0, -0.496139, 0.0, 0.0, 1.0, 0.0, 0.4, 0.496139, 0.0, 0.868243, 0.0, 0.0, 0.0, 0.0, 1.0],
                [0.868243, 0.0, -0.496139, 0.0, 0.0, 1.0, 0.0, 0.4, 0.49614, 0.0, 0.868243, 0.0, 0.0, 0.0, 0.0, 1.0],
                [0.868243, 0.0, -0.496139, 0.0, 0.0, 1.0, 0.0, 0.4, 0.496139, 0.0, 0.868243, 0.0, 0.0, 0.0, 0.0, 1.0],
                [0.868243, 0.0, -0.496139, 0.0, 0.0, 1.0, 0.0, 0.4, 0.496139, 0.0, 0.868243, 0.0, 0.0, 0.0, 0.0, 1.0]
            ]
        },
        {
            "name": "Shoulder_R",
            "time": [0.0, 0.0167, 0.0333, 0.05, 0.0667, 0.0833, 0.1, 0.1167, 0.1333, 0.15, 0.1667, 0.1833, 0.2, 0.2167, 0.2333, 0.25, 0.2667, 0.2833, 0.3, 0.3167, 0.3333],
            "transform": [
                [0.0, 0.952114, 0.305743, -0.0, 0.0, -0.305743, 0.952114, 0.4, 1.0, 0.0, -0.0, -0.0, 0.0, 0.0, 0.0, 1.0],
                [0.0, 0.952114, 0.305743, -0.0, 0.0, -0.305743, 0.952114, 0.4, 1.0, 0.0, -0.0, 0.0, 0.0, 0.0, 0.0, 1.0],
                [0.0, 0.952114, 0.305743, -0.0, 0.0, -0.305743, 0.952114, 0.4, 1.0, 0.0, 0.0, -0.0, 0.0, 0.0, 0.0, 1.0],
                [0.0, 0.952114, 0.305743, -0.0, -0.0, -0.305743, 0.952114, 0.4, 1.0, -0.0, -0.0, 0.0, 0.0, 0.0, 0.0, 1.0],
                [0.0, 0.952114, 0.305743, -0.0, 0.0, -0.305743, 0.952114, 0.4, 1.0, -0.0, -0.0, -0.0, 0.0, 0.0, 0.0, 1.0],
                [0.0, 0.952114, 0.305743, -0.0, 0.0, -0.305743, 0.952114, 0.4, 1.0, 0.0, -0.0, -0.0, 0.0, 0.0, 0.0, 1.0],
                [0.0, 0.952114, 0.305743, -0.0, 0.0, -0.305743, 0.952114, 0.4, 1.0, 0.0, -0.0, 0.0, 0.0, 0.0, 0.0, 1.0],
                [0.0, 0.952114, 0.305743, 0.0, 0.0, -0.305743, 0.952114, 0.4, 1.0, 0.0, -0.0, 0.0, 0.0, 0.0, 0.0, 1.0],
                [0.0, 0.952114, 0.305743, 0.0, 0.0, -0.305743, 0.952114, 0.4, 1.0, 0.0, -0.0, -0.0, 0.0, 0.0, 0.0, 1.0],
                [0.0, 0.952114, 0.305743, 0.0, 0.0, -0.305743, 0.952114, 0.4, 1.0, 0.0, -0.0, -0.0, 0.0, 0.0, 0.0, 1.0],
                [0.0, 0.952114, 0.305743, 0.0, 0.0, -0.305743, 0.952114, 0.4, 1.0, 0.0, -0.0, -0.0, 0.0, 0.0, 0.0, 1.0],
                [0.0, 0.952114, 0.305743, -0.0, 0.0, -0.305743, 0.952114, 0.4, 1.0, 0.0, -0.0, -0.0, 0.0, 0.0, 0.0, 1.0],
                [0.0, 0.952114, 0.305743, -0.0, 0.0, -0.305743, 0.952114, 0.4, 1.0, 0.0, -0.0, -0.0, 0.0, 0.0, 0.0, 1.0],
                [0.0, 0.952114, 0.305743, -0.0, 0.0, -0.305743, 0.952114, 0.4, 1.0, 0.0, -0.0, -0.0, 0.0, 0.0, 0.0, 1.0],
                [0.0, 0.952114, 0.305743, -0.0, 0.0, -0.305743, 0.952114, 0.4, 1.0, 0.0, -0.0, 0.0, 0.0, 0.0, 0.0, 1.0],
                [0.0, 0.952114, 0.305743, -0.0, 0.0, -0.305743, 0.952114, 0.4, 1.0, 0.0, -0.0, 0.0, 0.0, 0.0, 0.0, 1.0],
                [0.0, 0.952114, 0.305743, -0.0, 0.0, -0.305743, 0.952114, 0.4, 1.0, 0.0, -0.0, 0.0, 0.0, 0.0, 0.0, 1.0],
                [0.0, 0.952114, 0.305743, -0.0, 0.0, -0.305743, 0.952114, 0.4, 1.0, 0.0, -0.0, 0.0, 0.0, 0.0, 0.0, 1.0],
                [0.0, 0.952114, 0.305743, -0.0, 0.0, -0.305743, 0.952114, 0.4, 1.0, 0.0, -0.0, 0.0, 0.0, 0.0, 0.0, 1.0],
                [0.0, 0.952114, 0.305743, -0.0, 0.0, -0.305743, 0.952114, 0.4, 1.0, 0.0, -0.0, 0.0, 0.0, 0.0, 0.0, 1.0],
                [0.0, 0.952114, 0.305743, -0.0, 0.0, -0.305743, 0.952114, 0.4, 1.0, 0.0, -0.0, 0.0, 0.0, 0.0, 0.0, 1.0]
            ]
        },
        {
            "name": "Arm_R",
            "time": [0.0, 0.0167, 0.0333, 0.05, 0.0667, 0.0833, 0.1, 0.1167, 0.1333, 0.15, 0.1667, 0.1833, 0.2, 0.2167, 0.2333, 0.25, 0.2667, 0.2833, 0.3, 0.3167, 0.3333],
            "transform": [
                [-0.156503, -0.747372, -0.64571, 0.0, -0.245085, 0.662705, -0.707641, 0.39386, 0.956786, 0.047506, -0.286886, 0.0, 0.0, 0.0, 0.0, 1.0],
                [-0.139307, -0.744092, -0.653392, 0.0, -0.222935, 0.666453, -0.711436, 0.39386, 0.964828, 0.046556, -0.258726, 0.0, 0.0, 0.0, 0.0, 1.0],
                [-0.084751, -0.736469, -0.671141, 0.0, -0.15545, 0.67509, -0.721173, 0.39386, 0.984201, 0.043209, -0.171699, 0.0, 0.0, 0.0, 0.0, 1.0],
                [0.017681, -0.728727, -0.684577, 0.0, -0.034941, 0.683815, -0.728819, 0.39386, 0.999232, 0.036806, -0.013373, 0.0, 0.0, 0.0, 0.0, 1.0],
                [0.174462, -0.559679, -0.810137, -0.0, 0.145247, 0.828382, -0.541005, 0.39386, 0.973892, -0.023285, 0.225813, 0.0, 0.0, 0.0, 0.0, 1.0],
                [0.354898, -0.485048, -0.799234, -0.0, 0.358401, 0.860157, -0.362875, 0.39386, 0.863478, -0.157663, 0.47911, 0.0, 0.0, 0.0, 0.0, 1.0],
                [0.488337, -0.522047, -0.699281, 0.0, 0.531875, 0.813341, -0.235766, 0.39386, 0.691834, -0.256797, 0.674849, 0.0, 0.0, 0.0, 0.0, 1.0],
                [0.549767, -0.621764, -0.557823, -0.0, 0.625935, 0.748848, -0.217789, 0.39386, 0.553138, -0.229428, 0.800876, 0.0, 0.0, 0.0, 0.0, 1.0],
                [0.571057, -0.763455, -0.301714, 0.0, 0.656851, 0.645398, -0.389883, 0.393861, 0.492383, 0.024465, 0.870035, 0.0, 0.0, 0.0, 0.0, 1.0],
                [0.473927, -0.812378, -0.339759, -0.0, 0.647226, 0.58299, -0.491143, 0.39386, 0.597069, 0.012866, 0.802087, 0.0, 0.0, 0.0, 0.0, 1.0],
                [0.235689, -0.903901, -0.356951, 0.0, 0.569307, 0.426095, -0.703089, 0.39386, 0.787617, -0.037504, 0.615023, -0.0, 0.0, 0.0, 0.0, 1.0],
                [-0.018136, -0.972829, -0.230816, 0.0, 0.445487, 0.19881, -0.872936, 0.39386, 0.895104, -0.118657, 0.429777, 0.0, 0.0, 0.0, 0.0, 1.0],
                [-0.229129, -0.962925, -0.14239, 0.0, 0.331113, 0.060455, -0.941653, 0.393861, 0.915349, -0.262908, 0.304985, 0.0, 0.0, 0.0, 0.0, 1.0],
                [-0.353199, -0.916838, 0.186168, -0.0, 0.262914, -0.288247, -0.920756, 0.39386, 0.897845, -0.276265, 0.342858, 0.0, 0.0, 0.0, 0.0, 1.0],
                [-0.395738, -0.883197, 0.251702, -0.0, 0.240106, -0.364048, -0.8999, 0.393861, 0.88642, -0.29569, 0.356128, 0.0, 0.0, 0.0, 0.0, 1.0],
                [-0.395738, -0.883197, 0.251702, -0.0, 0.240106, -0.364047, -0.8999, 0.39386, 0.88642, -0.29569, 0.356128, -0.0, 0.0, 0.0, 0.0, 1.0],
                [-0.395738, -0.883197, 0.251702, -0.0, 0.240106, -0.364047, -0.8999, 0.39386, 0.88642, -0.29569, 0.356128, -0.0, 0.0, 0.0, 0.0, 1.0],
                [-0.395738, -0.883197, 0.251702, -0.0, 0.240106, -0.364047, -0.8999, 0.39386, 0.88642, -0.29569, 0.356128, -0.0, 0.0, 0.0, 0.0, 1.0],
                [-0.395738, -0.883197, 0.251702, 0.0, 0.240106, -0.364048, -0.8999, 0.393861, 0.88642, -0.29569, 0.356128, 0.0, 0.0, 0.0, 0.0, 1.0],
                [-0.395738, -0.883197, 0.251702, 0.0, 0.240106, -0.364048, -0.8999, 0.39386, 0.88642, -0.29569, 0.356128, 0.0, 0.0, 0.0, 0.0, 1.0],
                [-0.395738, -0.883197, 0.251702, -0.0, 0.240106, -0.364047, -0.8999, 0.39386, 0.88642, -0.29569, 0.356128, -0.0, 0.0, 0.0, 0.0, 1.0]
            ]
        },
        {
            "name": "Hand_R",
            "time": [0.0, 0.0167, 0.0333, 0.05, 0.0667, 0.0833, 0.1, 0.1167, 0.1333, 0.15, 0.1667, 0.1833, 0.2, 0.2167, 0.2333, 0.25, 0.2667, 0.2833, 0.3, 0.3167, 0.3333],
            "transform": [
                [1.0, -0.0, 0.0, 0.0, 0.0, 1.0, -0.000998, 0.300003, -0.0, 0.000998, 1.0, -0.0, 0.0, 0.0, 0.0, 1.0],
                [1.0, 0.0, -0.0, 0.0, -0.0, 0.999999, -0.000997, 0.300002, -0.0, 0.000997, 1.0, 0.0, 0.0, 0.0, 0.0, 1.0],
                [1.0, -0.0, -0.0, 0.0, 0.0, 0.999999, -0.000996, 0.300003, -0.0, 0.000996, 0.999999, 0.0, 0.0, 0.0, 0.0, 1.0],
                [1.0, -0.0, 0.0, -0.0, 0.0, 1.0, -0.000993, 0.300003, -0.0, 0.000993, 0.999999, -0.0, 0.0, 0.0, 0.0, 1.0],
                [1.0, -2e-06, 0.0, -0.0, 2e-06, 0.889973, -0.456016, 0.300003, 0.0, 0.456015, 0.889972, -0.0, 0.0, 0.0, 0.0, 1.0],
                [1.0, -3e-06, 1e-06, -0.0, 2e-06, 0.735297, -0.677746, 0.300003, 1e-06, 0.677745, 0.735296, -0.0, 0.0, 0.0, 0.0, 1.0],
                [1.0, -3e-06, 1e-06, -0.0, 3e-06, 0.696583, -0.717476, 0.300003, 1e-06, 0.717476, 0.696583, -0.0, 0.0, 0.0, 0.0, 1.0],
                [1.0, -2e-06, 1e-06, 0.0, 2e-06, 0.813301, -0.581844, 0.300003, 1e-06, 0.581844, 0.813301, -0.0, 0.0, 0.0, 0.0, 1.0],
                [1.0, 0.0, 0.0, -0.0, -0.0, 1.0, -0.000993, 0.300003, -0.0, 0.000993, 1.0, 0.0, 0.0, 0.0, 0.0, 1.0],
                [1.0, 0.0, 0.0, -0.0, 0.0, 1.0, -0.000996, 0.300003, -0.0, 0.000996, 1.0, 0.0, 0.0, 0.0, 0.0, 1.0],
                [1.0, 0.0, 0.0, 0.0, -0.0, 1.0, -0.000996, 0.300002, -0.0, 0.000996, 0.999999, -0.0, 0.0, 0.0, 0.0, 1.0],
                [1.0, 0.0, 0.0, -0.0, 0.0, 1.0, -0.000993, 0.300003, -0.0, 0.000993, 1.0, -0.0, 0.0, 0.0, 0.0, 1.0],
                [1.0, -1e-06, 0.0, -0.0, 1e-06, 0.95206, -0.305914, 0.300003, 0.0, 0.305913, 0.952059, -0.0, 0.0, 0.0, 0.0, 1.0],
                [1.0, 0.0, 0.0, 0.0, 0.0, 1.0, -0.000993, 0.300003, -0.0, 0.000993, 1.0, -0.0, 0.0, 0.0, 0.0, 1.0],
                [1.0, 0.0, -0.0, 0.0, -0.0, 1.0, -0.000994, 0.300003, -0.0, 0.000994, 1.0, 0.0, 0.0, 0.0, 0.0, 1.0],
                [1.0, -0.0, 0.0, -0.0, 0.0, 1.0, -0.000994, 0.300003, -0.0, 0.000994, 1.0, 0.0, 0.0, 0.0, 0.0, 1.0],
                [1.0, -0.0, 0.0, -0.0, 0.0, 1.0, -0.000994, 0.300003, -0.0, 0.000994, 1.0, 0.0, 0.0, 0.0, 0.0, 1.0],
                [1.0, -0.0, 0.0, -0.0, 0.0, 1.0, -0.000994, 0.300003, -0.0, 0.000994, 1.0, 0.0, 0.0, 0.0, 0.0, 1.0],
                [1.0, 0.0, 0.0, 0.0, 0.0, 0.999999, -0.000994, 0.300003, -0.0, 0.000994, 1.0, -0.0, 0.0, 0.0, 0.0, 1.0],
                [1.0, 0.0, 0.0, 0.0, 0.0, 0.999999, -0.000994, 0.300003, -0.0, 0.000994, 1.0, -0.0, 0.0, 0.0, 0.0, 1.0],
                [1.0, -0.0, 0.0, -0.0, 0.0, 1.0, -0.000994, 0.300003, -0.0, 0.000994, 1.0, 0.0, 0.0, 0.0, 0.0, 1.0]
            ]
        },
        {
            "name": "Tool_R",
            "time": [0.0, 0.0167, 0.0333, 0.05, 0.0667, 0.0833, 0.1, 0.1167, 0.1333, 0.15, 0.1667, 0.1833, 0.2, 0.2167, 0.2333, 0.25, 0.2667, 0.2833, 0.3, 0.3167, 0.3333],
            "transform": [
                [-0.975268, 0.122612, -0.183903, -0.006602, 0.204568, 0.185636, -0.961089, 0.426289, -0.083702, -0.974939, -0.206127, 0.071259, 0.0, 0.0, 0.0, 1.0],
                [-0.969847, 0.162512, -0.181624, -0.004848, 0.209651, 0.176313, -0.961749, 0.418332, -0.124273, -0.970827, -0.205067, 0.066454, 0.0, 0.0, 0.0, 1.0],
                [-0.947242, 0.26803, -0.175763, -0.000224, 0.221334, 0.150368, -0.963536, 0.397355, -0.231828, -0.951604, -0.201759, 0.053786, 0.0, 0.0, 0.0, 1.0],
                [-0.894281, 0.414758, -0.168044, 0.006313, 0.232996, 0.110937, -0.96613, 0.367698, -0.382067, -0.903145, -0.195845, 0.035876, 0.0, 0.0, 0.0, 1.0],
                [-0.804132, 0.572396, -0.160419, 0.013808, 0.238449, 0.063392, -0.969084, 0.3337, -0.544531, -0.817524, -0.187463, 0.015346, 0.0, 0.0, 0.0, 1.0],
                [-0.686336, 0.710685, -0.154506, 0.021301, 0.234991, 0.015651, -0.971872, 0.299703, -0.688276, -0.703338, -0.177746, -0.005185, 0.0, 0.0, 0.0, 1.0],
                [-0.566149, 0.810364, -0.150951, 0.027839, 0.224989, -0.024259, -0.97406, 0.270046, -0.793005, -0.585425, -0.168589, -0.023094, 0.0, 0.0, 0.0, 1.0],
                [-0.474443, 0.867521, -0.14937, 0.032463, 0.214402, -0.050695, -0.975429, 0.249069, -0.853777, -0.494811, -0.161947, -0.035762, 0.0, 0.0, 0.0, 1.0],
                [-0.438701, 0.8862, -0.148969, 0.034217, 0.209714, -0.060233, -0.975906, 0.241112, -0.873821, -0.459372, -0.159424, -0.040567, 0.0, 0.0, 0.0, 1.0],
                [-0.438701, 0.8862, -0.148969, -0.00694, 0.209714, -0.060233, -0.975906, 0.276998, -0.873821, -0.459372, -0.159424, 0.001165, 0.0, 0.0, 0.0, 1.0],
                [-0.438701, 0.8862, -0.14897, -0.048096, 0.209714, -0.060233, -0.975906, 0.34388, -0.873821, -0.459372, -0.159424, 0.049111, 0.0, 0.0, 0.0, 1.0],
                [-0.438701, 0.8862, -0.14897, -0.041698, 0.209714, -0.060233, -0.975906, 0.393291, -0.873821, -0.459372, -0.159424, 0.058645, 0.0, 0.0, 0.0, 1.0],
                [-0.438701, 0.8862, -0.148969, -0.027623, 0.209714, -0.060233, -0.975906, 0.421405, -0.873821, -0.459372, -0.159424, 0.063459, 0.0, 0.0, 0.0, 1.0],
                [-0.438701, 0.8862, -0.148969, -0.013548, 0.209714, -0.060233, -0.975906, 0.43402, -0.873821, -0.459372, -0.159424, 0.065166, 0.0, 0.0, 0.0, 1.0],
                [-0.438701, 0.8862, -0.148969, -0.007149, 0.209714, -0.060233, -0.975906, 0.436936, -0.873821, -0.459372, -0.159424, 0.065377, 0.0, 0.0, 0.0, 1.0],
                [-0.438701, 0.8862, -0.148969, -0.00715, 0.209714, -0.060233, -0.975906, 0.436936, -0.873821, -0.459372, -0.159424, 0.065377, 0.0, 0.0, 0.0, 1.0],
                [-0.438701, 0.8862, -0.148969, -0.00715, 0.209714, -0.060233, -0.975906, 0.436936, -0.873821, -0.459372, -0.159424, 0.065377, 0.0, 0.0, 0.0, 1.0],
                [-0.438701, 0.8862, -0.148969, -0.00715, 0.209714, -0.060233, -0.975906, 0.436936, -0.873821, -0.459372, -0.159424, 0.065377, 0.0, 0.0, 0.0, 1.0],
                [-0.438701, 0.8862, -0.148969, -0.007149, 0.209714, -0.060233, -0.975906, 0.436936, -0.873821, -0.459372, -0.159424, 0.065377, 0.0, 0.0, 0.0, 1.0],
                [-0.438701, 0.8862, -0.148969, -0.00715, 0.209714, -0.060233, -0.975906, 0.436936, -0.873821, -0.459372, -0.159424, 0.065377, 0.0, 0.0, 0.0, 1.0],
                [-0.438701, 0.8862, -0.148969, -0.00715, 0.209714, -0.060233, -0.975906, 0.436936, -0.873821, -0.459372, -0.159424, 0.065377, 0.0, 0.0, 0.0, 1.0]
            ]
        },
        {
            "name": "Elbow_R",
            "time": [0.0, 0.3333],
            "transform": [
                [-1.0, 0.0, -0.0, 0.0, 0.0, 0.003946, -0.999992, 0.300007, -0.0, -0.999992, -0.003946, -0.001252, 0.0, 0.0, 0.0, 1.0],
                [-1.0, 0.0, -0.0, 0.0, -0.0, 0.003946, -0.999992, 0.300008, -0.0, -0.999992, -0.003946, -0.001252, 0.0, 0.0, 0.0, 1.0]
            ]
        },
        {
            "name": "Shoulder_L",
            "time": [0.0, 0.0167, 0.0333, 0.05, 0.0667, 0.0833, 0.1, 0.1167, 0.1333, 0.15, 0.1667, 0.1833, 0.2, 0.2167, 0.2333, 0.25, 0.2667, 0.2833, 0.3, 0.3167, 0.3333],
            "transform": [
                [0.0, -0.952114, -0.305743, -0.0, 0.0, -0.305743, 0.952114, 0.4, -1.0, -0.0, 0.0, 0.0, 0.0, 0.0, 0.0, 1.0],
                [0.0, -0.952114, -0.305743, 0.0, 0.0, -0.305743, 0.952114, 0.4, -1.0, -0.0, 0.0, 0.0, 0.0, 0.0, 0.0, 1.0],
                [0.0, -0.952114, -0.305743, 0.0, 0.0, -0.305743, 0.952114, 0.4, -1.0, -0.0, 0.0, 0.0, 0.0, 0.0, 0.0, 1.0],
                [-0.0, -0.952114, -0.305743, -0.0, 0.0, -0.305743, 0.952114, 0.4, -1.0, 0.0, 0.0, 0.0, 0.0, 0.0, 0.0, 1.0],
                [0.0, -0.952114, -0.305743, 0.0, 0.0, -0.305743, 0.952114, 0.4, -1.0, 0.0, 0.0, -0.0, 0.0, 0.0, 0.0, 1.0],
                [-0.0, -0.952114, -0.305743, -0.0, 0.0, -0.305743, 0.952114, 0.4, -1.0, 0.0, 0.0, 0.0, 0.0, 0.0, 0.0, 1.0],
                [-0.0, -0.952114, -0.305743, -0.0, 0.0, -0.305743, 0.952114, 0.4, -1.0, 0.0, 0.0, -0.0, 0.0, 0.0, 0.0, 1.0],
                [-0.0, -0.952114, -0.305743, -0.0, 0.0, -0.305743, 0.952114, 0.4, -1.0, -0.0, 0.0, 0.0, 0.0, 0.0, 0.0, 1.0],
                [-0.0, -0.952114, -0.305743, -0.0, 0.0, -0.305743, 0.952114, 0.4, -1.0, -0.0, 0.0, 0.0, 0.0, 0.0, 0.0, 1.0],
                [-0.0, -0.952114, -0.305743, -0.0, 0.0, -0.305743, 0.952114, 0.4, -1.0, 0.0, 0.0, -0.0, 0.0, 0.0, 0.0, 1.0],
                [-0.0, -0.952114, -0.305743, 0.0, 0.0, -0.305743, 0.952114, 0.4, -1.0, 0.0, 0.0, -0.0, 0.0, 0.0, 0.0, 1.0],
