{
    "animation": [
        {
            "name": "Root",
            "time": [0.0, 0.0167, 0.0333, 0.05, 0.0667, 0.0833, 0.1, 0.1167, 0.1333, 0.15, 0.1667, 0.1833, 0.2, 0.2167, 0.2333, 0.25, 0.2667, 0.2833, 0.3, 0.3167, 0.3333],
            "transform": [
                [1.0, 0.0, 0.0, -5e-06, 0.0, 0.0, -1.0, 0.092841, 0.0, 1.0, 0.0, 0.763972, 0.0, 0.0, 0.0, 1.0],
                [1.0, 0.0, 0.0, -5e-06, 0.0, 0.0, -1.0, 0.117477, 0.0, 1.0, 0.0, 0.763972, 0.0, 0.0, 0.0, 1.0],
                [1.0, 0.0, 0.0, -5e-06, 0.0, 0.0, -1.0, 0.184345, 0.0, 1.0, 0.0, 0.763972, 0.0, 0.0, 0.0, 1.0],
                [1.0, 0.0, 0.0, -5e-06, 0.0, 0.0, -1.0, 0.282888, 0.0, 1.0, 0.0, 0.763972, 0.0, 0.0, 0.0, 1.0],
                [1.0, 0.0, 0.0, -5e-06, 0.0, 0.0, -1.0, 0.402548, 0.0, 1.0, 0.0, 0.763972, 0.0, 0.0, 0.0, 1.0],
                [1.0, 0.0, 0.0, -5e-06, 0.0, 0.0, -1.0, 0.532765, 0.0, 1.0, 0.0, 0.763972, 0.0, 0.0, 0.0, 1.0],
                [1.0, 0.0, 0.0, -5e-06, 0.0, 0.0, -1.0, 0.662983, 0.0, 1.0, 0.0, 0.763972, 0.0, 0.0, 0.0, 1.0],
                [1.0, 0.0, 0.0, -5e-06, 0.0, 0.0, -1.0, 0.782642, 0.0, 1.0, 0.0, 0.763972, 0.0, 0.0, 0.0, 1.0],
                [1.0, 0.0, 0.0, -5e-06, 0.0, 0.0, -1.0, 0.881186, 0.0, 1.0, 0.0, 0.763972, 0.0, 0.0, 0.0, 1.0],
                [1.0, 0.0, 0.0, -5e-06, 0.0, 0.0, -1.0, 0.948054, 0.0, 1.0, 0.0, 0.763972, 0.0, 0.0, 0.0, 1.0],
                [1.0, 0.0, 0.0, -5e-06, 0.0, 0.0, -1.0, 0.97269, 0.0, 1.0, 0.0, 0.763972, 0.0, 0.0, 0.0, 1.0],
                [1.0, 0.0, 0.0, -5e-06, 0.0, 0.0, -1.0, 0.97269, 0.0, 1.0, 0.0, 0.763972, 0.0, 0.0, 0.0, 1.0],
                [1.0, 0.0, 0.0, -5e-06, 0.0, 0.0, -1.0, 0.97269, 0.0, 1.0, 0.0, 0.763972, 0.0, 0.0, 0.0, 1.0],
                [1.0, 0.0, 0.0, -5e-06, 0.0, 0.0, -1.0, 0.97269, 0.0, 1.0, 0.0, 0.763972, 0.0, 0.0, 0.0, 1.0],
                [1.0, 0.0, 0.0, -5e-06, 0.0, 0.0, -1.0, 0.97269, 0.0, 1.0, 0.0, 0.763972, 0.0, 0.0, 0.0, 1.0],
                [1.0, 0.0, 0.0, -5e-06, 0.0, 0.0, -1.0, 0.97269, 0.0, 1.0, 0.0, 0.763972, 0.0, 0.0, 0.0, 1.0],
                [1.0, 0.0, 0.0, -5e-06, 0.0, 0.0, -1.0, 0.97269, 0.0, 1.0, 0.0, 0.763972, 0.0, 0.0, 0.0, 1.0],
                [1.0, 0.0, 0.0, -5e-06, 0.0, 0.0, -1.0, 0.97269, 0.0, 1.0, 0.0, 0.763972, 0.0, 0.0, 0.0, 1.0],
                [1.0, 0.0, 0.0, -5e-06, 0.0, 0.0, -1.0, 0.97269, 0.0, 1.0, 0.0, 0.763972, 0.0, 0.0, 0.0, 1.0],
                [1.0, 0.0, 0.0, -5e-06, 0.0, 0.0, -1.0, 0.97269, 0.0, 1.0, 0.0, 0.763972, 0.0, 0.0, 0.0, 1.0],
                [1.0, 0.0, 0.0, -5e-06, 0.0, 0.0, -1.0, 0.97269, 0.0, 1.0, 0.0, 0.763972, 0.0, 0.0, 0.0, 1.0]
            ]
        },
        {
            "name": "Thigh_R",
            "time": [0.0, 0.0167, 0.0333, 0.05, 0.0667, 0.0833, 0.1, 0.1167, 0.1333, 0.15, 0.1667, 0.1833, 0.2, 0.2167, 0.2333, 0.25, 0.2667, 0.2833, 0.3, 0.3167, 0.3333],
            "transform": [
                [0.991212, 0.109297, 0.074523, 0.124994, 0.128434, -0.930065, -0.344217, -0.051028, 0.031689, 0.350763, -0.935928, 0.097227, 0.0, 0.0, 0.0, 1.0],
                [0.991285, 0.115093, 0.064093, 0.124994, 0.127763, -0.958521, -0.254784, -0.051028, 0.032111, 0.260752, -0.964872, 0.091869, 0.0, 0.0, 0.0, 1.0],
                [0.99149, 0.122487, 0.044099, 0.124994, 0.12585, -0.988494, -0.08392, -0.051028, 0.033312, 0.088756, -0.995497, 0.077326, 0.0, 0.0, 0.0, 1.0],
                [0.991811, 0.125829, 0.021876, 0.124994, 0.122755, -0.98647, 0.10867, -0.051028, 0.035254, -0.105095, -0.993837, 0.055894, 0.0, 0.0, 0.0, 1.0],
                [0.992232, 0.124394, 0.001266, 0.124994, 0.118474, -0.948018, 0.295344, -0.051028, 0.037939, -0.292899, -0.95539, 0.02987, 0.0, 0.0, 0.0, 1.0],
                [0.992733, 0.119475, -0.014371, 0.124994, 0.113003, -0.884508, 0.452634, -0.051028, 0.041367, -0.450968, -0.891581, 0.00155, 0.0, 0.0, 0.0, 1.0],
                [0.993279, 0.113501, -0.022688, 0.124994, 0.10644, -0.818684, 0.564295, -0.051028, 0.045474, -0.562917, -0.825262, -0.026771, 0.0, 0.0, 0.0, 1.0],
                [0.993815, 0.108602, -0.023184, 0.124994, 0.099138, -0.7736, 0.625872, -0.051028, 0.050036, -0.6243, -0.779581, -0.052795, 0.0, 0.0, 0.0, 1.0],
                [0.994272, 0.105475, -0.017287, 0.124994, 0.09192, -0.761292, 0.641861, -0.051028, 0.05454, -0.639774, -0.766626, -0.074227, 0.0, 0.0, 0.0, 1.0],
                [0.994581, 0.103616, -0.008547, 0.124994, 0.086229, -0.776167, 0.624604, -0.051028, 0.058085, -0.621956, -0.780895, -0.08877, 0.0, 0.0, 0.0, 1.0],
                [0.994692, 0.10283, -0.003654, 0.124994, 0.08394, -0.790404, 0.606808, -0.051028, 0.059509, -0.603894, -0.79484, -0.094128, 0.0, 0.0, 0.0, 1.0],
                [0.994692, 0.10283, -0.003655, 0.124994, 0.08394, -0.790404, 0.606809, -0.051028, 0.05951, -0.603894, -0.79484, -0.094128, 0.0, 0.0, 0.0, 1.0],
                [0.994692, 0.10283, -0.003654, 0.124994, 0.08394, -0.790404, 0.606809, -0.051028, 0.059509, -0.603894, -0.79484, -0.094128, 0.0, 0.0, 0.0, 1.0],
                [0.994692, 0.10283, -0.003655, 0.124994, 0.08394, -0.790404, 0.606809, -0.051028, 0.05951, -0.603894, -0.79484, -0.094128, 0.0, 0.0, 0.0, 1.0],
                [0.994692, 0.10283, -0.003654, 0.124994, 0.08394, -0.790404, 0.606809, -0.051028, 0.059509, -0.603894, -0.79484, -0.094128, 0.0, 0.0, 0.0, 1.0],
                [0.994692, 0.10283, -0.003655, 0.124994, 0.08394, -0.790404, 0.606809, -0.051028, 0.05951, -0.603894, -0.79484, -0.094128, 0.0, 0.0, 0.0, 1.0],
                [0.994692, 0.10283, -0.003654, 0.124994, 0.08394, -0.790404, 0.606809, -0.051028, 0.059509, -0.603894, -0.79484, -0.094128, 0.0, 0.0, 0.0, 1.0],
                [0.994692, 0.10283, -0.003655, 0.124994, 0.08394, -0.790404, 0.606809, -0.051028, 0.05951, -0.603894, -0.79484, -0.094128, 0.0, 0.0, 0.0, 1.0],
                [0.994692, 0.10283, -0.003654, 0.124994, 0.08394, -0.790404, 0.606809, -0.051028, 0.059509, -0.603894, -0.79484, -0.094128, 0.0, 0.0, 0.0, 1.0],
                [0.994692, 0.10283, -0.003655, 0.124994, 0.08394, -0.790404, 0.606809, -0.051028, 0.05951, -0.603894, -0.79484, -0.094128, 0.0, 0.0, 0.0, 1.0],
                [0.994692, 0.10283, -0.003654, 0.124994, 0.08394, -0.790404, 0.606809, -0.051028, 0.059509, -0.603894, -0.79484, -0.094128, 0.0, 0.0, 0.0, 1.0]
            ]
        },
        {
            "name": "Leg_R",
            "time": [0.0, 0.0167, 0.0333, 0.05, 0.0667, 0.0833, 0.1, 0.1167, 0.1333, 0.15, 0.1667, 0.1833, 0.2, 0.2167, 0.2333, 0.25, 0.2667, 0.2833, 0.3, 0.3167, 0.3333],
            "transform": [
                [1.0, 5e-06, 1e-06, -0.0, -5e-06, 0.973526, 0.228576, 0.374726, -0.0, -0.228576, 0.973526, -0.0, 0.0, 0.0, 0.0, 1.0],
                [1.0, 8e-06, 2e-06, -0.0, -8e-06, 0.930341, 0.366695, 0.374726, 1e-06, -0.366695, 0.930341, 0.0, 0.0, 0.0, 0.0, 1.0],
                [1.0, 1.2e-05, 5e-06, -0.0, -1.3e-05, 0.825281, 0.564722, 0.374726, 3e-06, -0.564722, 0.825281, 0.0, 0.0, 0.0, 0.0, 1.0],
                [1.0, 1.5e-05, 7e-06, -0.0, -1.6e-05, 0.702608, 0.711577, 0.374726, 6e-06, -0.711577, 0.702608, 0.0, 0.0, 0.0, 0.0, 1.0],
                [1.0, 1.6e-05, 9e-06, 0.0, -1.7e-05, 0.605219, 0.796058, 0.374726, 8e-06, -0.796059, 0.60522, 0.0, 0.0, 0.0, 0.0, 1.0],
                [1.0, 1.7e-05, 1e-05, 0.0, -1.8e-05, 0.56343, 0.826164, 0.374726, 9e-06, -0.826164, 0.56343, -0.0, 0.0, 0.0, 0.0, 1.0],
                [1.0, 1.6e-05, 9e-06, -0.0, -1.7e-05, 0.588755, 0.808311, 0.374726, 8e-06, -0.808312, 0.588756, 0.0, 0.0, 0.0, 0.0, 1.0],
                [1.0, 1.6e-05, 8e-06, 0.0, -1.6e-05, 0.670907, 0.741541, 0.374726, 6e-06, -0.741542, 0.670907, 0.0, 0.0, 0.0, 0.0, 1.0],
                [1.0, 1.3e-05, 5e-06, -0.0, -1.3e-05, 0.781125, 0.624374, 0.374726, 4e-06, -0.624375, 0.781125, -0.0, 0.0, 0.0, 0.0, 1.0],
                [1.0, 1e-05, 3e-06, -0.0, -1e-05, 0.877728, 0.479158, 0.374726, 2e-06, -0.479158, 0.877729, -0.0, 0.0, 0.0, 0.0, 1.0],
                [1.0, 8e-06, 2e-06, 0.0, -9e-06, 0.917829, 0.396975, 0.374726, 1e-06, -0.396975, 0.91783, -0.0, 0.0, 0.0, 0.0, 1.0],
                [1.0, 8e-06, 2e-06, 0.0, -8e-06, 0.917829, 0.396976, 0.374726, 1e-06, -0.396976, 0.917829, 0.0, 0.0, 0.0, 0.0, 1.0],
                [1.0, 8e-06, 2e-06, -0.0, -9e-06, 0.917829, 0.396976, 0.374726, 1e-06, -0.396976, 0.917829, -0.0, 0.0, 0.0, 0.0, 1.0],
                [1.0, 8e-06, 2e-06, 0.0, -8e-06, 0.917829, 0.396976, 0.374726, 1e-06, -0.396976, 0.917829, 0.0, 0.0, 0.0, 0.0, 1.0],
                [1.0, 8e-06, 2e-06, -0.0, -9e-06, 0.917829, 0.396976, 0.374726, 1e-06, -0.396976, 0.917829, -0.0, 0.0, 0.0, 0.0, 1.0],
                [1.0, 8e-06, 2e-06, 0.0, -8e-06, 0.917829, 0.396976, 0.374726, 1e-06, -0.396976, 0.917829, 0.0, 0.0, 0.0, 0.0, 1.0],
                [1.0, 8e-06, 2e-06, -0.0, -9e-06, 0.917829, 0.396976, 0.374726, 1e-06, -0.396976, 0.917829, -0.0, 0.0, 0.0, 0.0, 1.0],
                [1.0, 8e-06, 2e-06, 0.0, -8e-06, 0.917829, 0.396976, 0.374726, 1e-06, -0.396976, 0.917829, 0.0, 0.0, 0.0, 0.0, 1.0],
                [1.0, 8e-06, 2e-06, -0.0, -9e-06, 0.917829, 0.396976, 0.374726, 1e-06, -0.396976, 0.917829, -0.0, 0.0, 0.0, 0.0, 1.0],
                [1.0, 8e-06, 2e-06, 0.0, -8e-06, 0.917829, 0.396976, 0.374726, 1e-06, -0.396976, 0.917829, 0.0, 0.0, 0.0, 0.0, 1.0],
                [1.0, 8e-06, 2e-06, -0.0, -9e-06, 0.917829, 0.396976, 0.374726, 1e-06, -0.396976, 0.917829, -0.0, 0.0, 0.0, 0.0, 1.0]
            ]
        },
        {
            "name": "Knee_R",
            "time": [0.0, 0.3333],
            "transform": [
                [1.0, 0.0, -0.0, 0.0, -0.0, 0.00567, -0.999984, 0.374726, -0.0, 0.999984, 0.00567, -0.0, 0.0, 0.0, 0.0, 1.0],
                [1.0, 0.0, -0.0, 0.0, -0.0, 0.00567, -0.999984, 0.374726, -0.0, 0.999984, 0.00567, -0.0, 0.0, 0.0, 0.0, 1.0]
            ]
        },
        {
            "name": "Thigh_L",
            "time": [0.0, 0.0167, 0.0333, 0.05, 0.0667, 0.0833, 0.1, 0.1167, 0.1333, 0.15, 0.1667, 0.1833, 0.2, 0.2167, 0.2333, 0.25, 0.2667, 0.2833, 0.3, 0.3167, 0.3333],
            "transform": [
                [0.998465, -0.025809, -0.049014, -0.125006, -0.004857, -0.922211, 0.386658, -0.048936, -0.05518, -0.385826, -0.92092, -0.093296, 0.0, 0.0, 0.0, 1.0],
                [0.998467, -0.026028, -0.04885, -0.125006, -0.006531, -0.931778, 0.362972, -0.047645, -0.054964, -0.362096, -0.930519, -0.088383, 0.0, 0.0, 0.0, 1.0],
                [0.998461, -0.032377, -0.045037, -0.125006, -0.010987, -0.911322, 0.411549, -0.044141, -0.054368, -0.410421, -0.910274, -0.075047, 0.0, 0.0, 0.0, 1.0],
                [0.99842, -0.037779, -0.041598, -0.125006, -0.017309, -0.91104, 0.411956, -0.038977, -0.053461, -0.410585, -0.910254, -0.055394, 0.0, 0.0, 0.0, 1.0],
                [0.998328, -0.039696, -0.042024, -0.125006, -0.024585, -0.949482, 0.312858, -0.032707, -0.052321, -0.311301, -0.94887, -0.031529, 0.0, 0.0, 0.0, 1.0],
                [0.998184, -0.037713, -0.046982, -0.125006, -0.032, -0.992628, 0.116906, -0.025883, -0.051044, -0.11519, -0.992031, -0.005559, 0.0, 0.0, 0.0, 1.0],
                [0.998004, -0.026073, -0.057508, -0.125006, -0.038892, -0.971322, -0.23457, -0.01906, -0.049742, 0.236338, -0.970397, 0.020411, 0.0, 0.0, 0.0, 1.0],
                [0.997817, -0.024913, -0.061153, -0.125006, -0.044777, -0.935935, -0.349315, -0.012789, -0.048532, 0.351291, -0.935008, 0.044275, 0.0, 0.0, 0.0, 1.0],
                [0.997652, -0.023806, -0.064213, -0.125006, -0.049304, -0.900432, -0.432194, -0.007626, -0.047531, 0.434345, -0.899492, 0.063928, 0.0, 0.0, 0.0, 1.0],
                [0.997536, -0.023013, -0.066271, -0.125006, -0.052215, -0.874445, -0.482308, -0.004122, -0.046851, 0.48458, -0.873492, 0.077264, 0.0, 0.0, 0.0, 1.0],
                [0.997493, -0.022717, -0.067021, -0.125006, -0.053256, -0.864646, -0.499552, -0.002831, -0.046601, 0.501869, -0.863688, 0.082178, 0.0, 0.0, 0.0, 1.0],
                [0.997493, -0.022717, -0.067021, -0.125006, -0.053256, -0.864646, -0.499552, -0.002831, -0.046601, 0.501869, -0.863688, 0.082178, 0.0, 0.0, 0.0, 1.0],
                [0.997493, -0.022717, -0.067021, -0.125006, -0.053256, -0.864646, -0.499552, -0.002831, -0.046601, 0.501869, -0.863688, 0.082178, 0.0, 0.0, 0.0, 1.0],
                [0.997493, -0.022717, -0.067021, -0.125006, -0.053256, -0.864646, -0.499552, -0.002831, -0.046601, 0.501869, -0.863688, 0.082178, 0.0, 0.0, 0.0, 1.0],
                [0.997493, -0.022717, -0.067021, -0.125006, -0.053256, -0.864646, -0.499552, -0.002831, -0.046601, 0.501869, -0.863688, 0.082178, 0.0, 0.0, 0.0, 1.0],
                [0.997493, -0.022717, -0.067021, -0.125006, -0.053256, -0.864646, -0.499552, -0.002831, -0.046601, 0.501869, -0.863688, 0.082178, 0.0, 0.0, 0.0, 1.0],
                [0.997493, -0.022717, -0.067021, -0.125006, -0.053256, -0.864646, -0.499552, -0.002831, -0.046601, 0.501869, -0.863688, 0.082178, 0.0, 0.0, 0.0, 1.0],
                [0.997493, -0.022717, -0.067021, -0.125006, -0.053256, -0.864646, -0.499552, -0.002831, -0.046601, 0.501869, -0.863688, 0.082178, 0.0, 0.0, 0.0, 1.0],
                [0.997493, -0.022717, -0.067021, -0.125006, -0.053256, -0.864646, -0.499552, -0.002831, -0.046601, 0.501869, -0.863688, 0.082178, 0.0, 0.0, 0.0, 1.0],
                [0.997493, -0.022717, -0.067021, -0.125006, -0.053256, -0.864646, -0.499552, -0.002831, -0.046601, 0.501869, -0.863688, 0.082178, 0.0, 0.0, 0.0, 1.0],
                [0.997493, -0.022717, -0.067021, -0.125006, -0.053256, -0.864646, -0.499552, -0.002831, -0.046601, 0.501869, -0.863688, 0.082178, 0.0, 0.0, 0.0, 1.0]
            ]
        },
        {
            "name": "Leg_L",
            "time": [0.0, 0.0167, 0.0333, 0.05, 0.0667, 0.0833, 0.1, 0.1167, 0.1333, 0.15, 0.1667, 0.1833, 0.2, 0.2167, 0.2333, 0.25, 0.2667, 0.2833, 0.3, 0.3167, 0.3333],
            "transform": [
                [1.0, 0.0, 1e-06, 0.0, -0.0, 0.999999, 0.001461, 0.374726, -1e-06, -0.001461, 0.999999, 0.0, 0.0, 0.0, 0.0, 1.0],
                [1.0, 0.0, 1e-06, 0.0, -0.0, 0.999999, 0.001461, 0.374726, -1e-06, -0.00146, 0.999999, 0.0, 0.0, 0.0, 0.0, 1.0],
                [1.0, 5e-06, 1e-06, 0.0, -5e-06, 0.969015, 0.247002, 0.374726, -0.0, -0.247002, 0.969015, 0.0, 0.0, 0.0, 0.0, 1.0],
                [1.0, 1e-05, 3e-06, -0.0, -1e-05, 0.89168, 0.452666, 0.374726, 2e-06, -0.452666, 0.891681, -0.0, 0.0, 0.0, 0.0, 1.0],
                [1.0, 1e-05, 4e-06, 0.0, -1.1e-05, 0.862226, 0.506525, 0.374726, 2e-06, -0.506525, 0.862225, -0.0, 0.0, 0.0, 0.0, 1.0],
                [1.0, 9e-06, 3e-06, -0.0, -9e-06, 0.910574, 0.413345, 0.374726, 1e-06, -0.413345, 0.910574, -0.0, 0.0, 0.0, 0.0, 1.0],
                [1.0, 0.0, 1e-06, 0.0, -0.0, 0.999999, 0.00146, 0.374726, -1e-06, -0.00146, 0.999999, 0.0, 0.0, 0.0, 0.0, 1.0],
                [1.0, 0.0, 1e-06, 0.0, -0.0, 0.999999, 0.001464, 0.374726, -1e-06, -0.001464, 0.999999, 0.0, 0.0, 0.0, 0.0, 1.0],
                [1.0, 0.0, 1e-06, -0.0, -0.0, 0.999999, 0.001467, 0.374726, -1e-06, -0.001467, 0.999999, 0.0, 0.0, 0.0, 0.0, 1.0],
                [1.0, 0.0, 1e-06, -0.0, -0.0, 0.999998, 0.001469, 0.374726, -1e-06, -0.001469, 0.999999, 0.0, 0.0, 0.0, 0.0, 1.0],
                [1.0, 0.0, 1e-06, 0.0, -0.0, 0.999999, 0.00147, 0.374726, -1e-06, -0.00147, 0.999999, -0.0, 0.0, 0.0, 0.0, 1.0],
                [1.0, 0.0, 1e-06, 0.0, -0.0, 0.999999, 0.00147, 0.374726, -1e-06, -0.00147, 0.999999, -0.0, 0.0, 0.0, 0.0, 1.0],
                [1.0, 0.0, 1e-06, 0.0, -0.0, 0.999999, 0.00147, 0.374726, -1e-06, -0.00147, 0.999999, -0.0, 0.0, 0.0, 0.0, 1.0],
                [1.0, 0.0, 1e-06, 0.0, -0.0, 0.999999, 0.00147, 0.374726, -1e-06, -0.00147, 0.999999, -0.0, 0.0, 0.0, 0.0, 1.0],
                [1.0, 0.0, 1e-06, 0.0, -0.0, 0.999999, 0.00147, 0.374726, -1e-06, -0.00147, 0.999999, -0.0, 0.0, 0.0, 0.0, 1.0],
                [1.0, 0.0, 1e-06, 0.0, -0.0, 0.999999, 0.00147, 0.374726, -1e-06, -0.00147, 0.999999, -0.0, 0.0, 0.0, 0.0, 1.0],
                [1.0, 0.0, 1e-06, 0.0, -0.0, 0.999999, 0.00147, 0.374726, -1e-06, -0.00147, 0.999999, -0.0, 0.0, 0.0, 0.0, 1.0],
                [1.0, 0.0, 1e-06, 0.0, -0.0, 0.999999, 0.00147, 0.374726, -1e-06, -0.00147, 0.999999, -0.0, 0.0, 0.0, 0.0, 1.0],
                [1.0, 0.0, 1e-06, 0.0, -0.0, 0.999999, 0.00147, 0.374726, -1e-06, -0.00147, 0.999999, -0.0, 0.0, 0.0, 0.0, 1.0],
                [1.0, 0.0, 1e-06, 0.0, -0.0, 0.999999, 0.00147, 0.374726, -1e-06, -0.00147, 0.999999, -0.0, 0.0, 0.0, 0.0, 1.0],
                [1.0, 0.0, 1e-06, 0.0, -0.0, 0.999999, 0.00147, 0.374726, -1e-06, -0.00147, 0.999999, -0.0, 0.0, 0.0, 0.0, 1.0]
            ]
        },
        {
            "name": "Knee_L",
            "time": [0.0, 0.3333],
            "transform": [
                [1.0, 0.0, -0.0, 0.0, -0.0, 0.00567, -0.999984, 0.374726, -0.0, 0.999984, 0.00567, 0.0, 0.0, 0.0, 0.0, 1.0],
                [1.0, 0.0, -0.0, 0.0, -0.0, 0.00567, -0.999984, 0.374726, -0.0, 0.999984, 0.00567, 0.0, 0.0, 0.0, 0.0, 1.0]
            ]
        },
        {
            "name": "Torso",
            "time": [0.0, 0.0167, 0.0333, 0.05, 0.0667, 0.0833, 0.1, 0.1167, 0.1333, 0.15, 0.1667, 0.1833, 0.2, 0.2167, 0.2333, 0.25, 0.2667, 0.2833, 0.3, 0.3167, 0.3333],
            "transform": [
                [0.827689, 0.0, -0.561188, 0.0, 0.0, 1.0, 0.0, 0.05, 0.561188, 0.0, 0.827689, 0.0, 0.0, 0.0, 0.0, 1.0],
                [0.84507, 0.0, -0.534656, 0.0, 0.0, 1.0, 0.0, 0.05, 0.534656, 0.0, 0.84507, 0.0, 0.0, 0.0, 0.0, 1.0],
                [0.888583, 0.0, -0.458716, 0.0, 0.0, 1.0, 0.0, 0.05, 0.458716, 0.0, 0.888583, 0.0, 0.0, 0.0, 0.0, 1.0],
                [0.941371, 0.0, -0.337374, 0.0, 0.0, 1.0, 0.0, 0.05, 0.337374, 0.0, 0.941371, 0.0, 0.0, 0.0, 0.0, 1.0],
                [0.983985, 0.0, -0.178251, 0.0, 0.0, 1.0, 0.0, 0.05, 0.178251, 0.0, 0.983985, 0.0, 0.0, 0.0, 0.0, 1.0],
                [0.999995, 0.0, 0.003043, 0.0, 0.0, 1.0, 0.0, 0.05, -0.003043, 0.0, 0.999995, 0.0, 0.0, 0.0, 0.0, 1.0],
                [0.982882, 0.0, 0.184237, 0.0, 0.0, 1.0, 0.0, 0.05, -0.184237, 0.0, 0.982882, 0.0, 0.0, 0.0, 0.0, 1.0],
                [0.9393, 0.0, 0.343097, 0.0, 0.0, 1.0, 0.0, 0.05, -0.343097, 0.0, 0.9393, 0.0, 0.0, 0.0, 0.0, 1.0],
                [0.885774, 0.0, 0.464116, 0.0, 0.0, 1.0, 0.0, 0.05, -0.464116, 0.0, 0.885774, 0.0, 0.0, 0.0, 0.0, 1.0],
                [0.8418, 0.0, 0.539789, 0.0, 0.0, 1.0, 0.0, 0.05, -0.539789, 0.0, 0.8418, 0.0, 0.0, 0.0, 0.0, 1.0],
                [0.824258, 0.0, 0.566215, 0.0, 0.0, 1.0, 0.0, 0.05, -0.566215, 0.0, 0.824258, 0.0, 0.0, 0.0, 0.0, 1.0],
                [0.824258, 0.0, 0.566215, 0.0, 0.0, 1.0, 0.0, 0.05, -0.566215, 0.0, 0.824258, 0.0, 0.0, 0.0, 0.0, 1.0],
                [0.824258, 0.0, 0.566215, 0.0, 0.0, 1.0, 0.0, 0.05, -0.566215, 0.0, 0.824258, 0.0, 0.0, 0.0, 0.0, 1.0],
                [0.824258, 0.0, 0.566215, 0.0, 0.0, 1.0, 0.0, 0.05, -0.566215, 0.0, 0.824258, 0.0, 0.0, 0.0, 0.0, 1.0],
                [0.824258, 0.0, 0.566215, 0.0, 0.0, 1.0, 0.0, 0.05, -0.566215, 0.0, 0.824258, 0.0, 0.0, 0.0, 0.0, 1.0],
                [0.824258, 0.0, 0.566215, 0.0, 0.0, 1.0, 0.0, 0.05, -0.566215, 0.0, 0.824258, 0.0, 0.0, 0.0, 0.0, 1.0],
                [0.824258, 0.0, 0.566215, 0.0, 0.0, 1.0, 0.0, 0.05, -0.566215, 0.0, 0.824258, 0.0, 0.0, 0.0, 0.0, 1.0],
                [0.824258, 0.0, 0.566215, 0.0, 0.0, 1.0, 0.0, 0.05, -0.566215, 0.0, 0.824258, 0.0, 0.0, 0.0, 0.0, 1.0],
                [0.824258, 0.0, 0.566215, 0.0, 0.0, 1.0, 0.0, 0.05, -0.566215, 0.0, 0.824258, 0.0, 0.0, 0.0, 0.0, 1.0],
                [0.824258, 0.0, 0.566215, 0.0, 0.0, 1.0, 0.0, 0.05, -0.566215, 0.0, 0.824258, 0.0, 0.0, 0.0, 0.0, 1.0],
                [0.824258, 0.0, 0.566215, 0.0, 0.0, 1.0, 0.0, 0.05, -0.566215, 0.0, 0.824258, 0.0, 0.0, 0.0, 0.0, 1.0]
            ]
        },
        {
            "name": "Chest",
            "time": [0.0, 0.0167, 0.0333, 0.05, 0.0667, 0.0833, 0.1, 0.1167, 0.1333, 0.15, 0.1667, 0.1833, 0.2, 0.2167, 0.2333, 0.25, 0.2667, 0.2833, 0.3, 0.3167, 0.3333],
            "transform": [
                [1.0, 0.0, -0.0, -0.0, 0.0, 1.0, 0.0, 0.3, 0.0, 0.0, 1.0, -0.0, 0.0, 0.0, 0.0, 1.0],
                [1.0, 0.0, 0.0, -0.0, 0.0, 1.0, 0.0, 0.3, 0.0, 0.0, 1.0, -0.0, 0.0, 0.0, 0.0, 1.0],
                [1.0, 0.0, 0.0, -0.0, 0.0, 1.0, 0.0, 0.3, 0.0, 0.0, 1.0, -0.0, 0.0, 0.0, 0.0, 1.0],
                [1.0, 0.0, -0.0, 0.0, 0.0, 1.0, 0.0, 0.3, 0.0, 0.0, 1.0, 0.0, 0.0, 0.0, 0.0, 1.0],
                [1.0, 0.0, -0.0, -0.0, 0.0, 1.0, 0.0, 0.3, 0.0, 0.0, 1.0, 0.0, 0.0, 0.0, 0.0, 1.0],
                [1.0, 0.0, -0.0, 0.0, 0.0, 1.0, 0.0, 0.3, 0.0, 0.0, 1.0, -0.0, 0.0, 0.0, 0.0, 1.0],
                [1.0, 0.0, 0.0, -0.0, 0.0, 1.0, 0.0, 0.3, 0.0, 0.0, 1.0, -0.0, 0.0, 0.0, 0.0, 1.0],
                [1.0, 0.0, -0.0, -0.0, 0.0, 1.0, 0.0, 0.3, 0.0, 0.0, 1.0, 0.0, 0.0, 0.0, 0.0, 1.0],
                [1.0, 0.0, -0.0, 0.0, 0.0, 1.0, 0.0, 0.3, 0.0, 0.0, 1.0, -0.0, 0.0, 0.0, 0.0, 1.0],
                [1.0, 0.0, 0.0, -0.0, 0.0, 1.0, 0.0, 0.3, 0.0, 0.0, 1.0, -0.0, 0.0, 0.0, 0.0, 1.0],
                [1.0, 0.0, 0.0, 0.0, 0.0, 1.0, 0.0, 0.3, 0.0, 0.0, 1.0, -0.0, 0.0, 0.0, 0.0, 1.0],
                [1.0, 0.0, 0.0, 0.0, 0.0, 1.0, 0.0, 0.3, 0.0, 0.0, 1.0, -0.0, 0.0, 0.0, 0.0, 1.0],
                [1.0, 0.0, 0.0, 0.0, 0.0, 1.0, 0.0, 0.3, -0.0, 0.0, 1.0, -0.0, 0.0, 0.0, 0.0, 1.0],
                [1.0, 0.0, 0.0, 0.0, 0.0, 1.0, 0.0, 0.3, 0.0, 0.0, 1.0, -0.0, 0.0, 0.0, 0.0, 1.0],
                [1.0, 0.0, 0.0, 0.0, 0.0, 1.0, 0.0, 0.3, 0.0, 0.0, 1.0, -0.0, 0.0, 0.0, 0.0, 1.0],
                [1.0, 0.0, 0.0, 0.0, 0.0, 1.0, 0.0, 0.3, 0.0, 0.0, 1.0, -0.0, 0.0, 0.0, 0.0, 1.0],
                [1.0, 0.0, 0.0, 0.0, 0.0, 1.0, 0.0, 0.3, 0.0, 0.0, 1.0, -0.0, 0.0, 0.0, 0.0, 1.0],
                [1.0, 0.0, 0.0, 0.0, 0.0, 1.0, 0.0, 0.3, 0.0, 0.0, 1.0, -0.0, 0.0, 0.0, 0.0, 1.0],
                [1.0, 0.0, 0.0, 0.0, 0.0, 1.0, 0.0, 0.3, 0.0, 0.0, 1.0, -0.0, 0.0, 0.0, 0.0, 1.0],
                [1.0, 0.0, 0.0, 0.0, 0.0, 1.0, 0.0, 0.3, 0.0, 0.0, 1.0, -0.0, 0.0, 0.0, 0.0, 1.0],
                [1.0, 0.0, 0.0, 0.0, 0.0, 1.0, 0.0, 0.3, 0.0, 0.0, 1.0, -0.0, 0.0, 0.0, 0.0, 1.0]
            ]
        },
        {
            "name": "Head",
            "time": [0.0, 0.0167, 0.0333, 0.05, 0.0667, 0.0833, 0.1, 0.1167, 0.1333, 0.15, 0.1667, 0.1833, 0.2, 0.2167, 0.2333, 0.25, 0.2667, 0.2833, 0.3, 0.3167, 0.3333],
            "transform": [
                [0.922929, 0.0, 0.384971, -0.0, 0.0, 1.0, 0.0, 0.4, -0.384971, 0.0, 0.922929, -0.0, 0.0, 0.0, 0.0, 1.0],
                [0.932187, 0.0, 0.361977, -0.0, 0.0, 1.0, 0.0, 0.4, -0.361977, 0.0, 0.932187, -0.0, 0.0, 0.0, 0.0, 1.0],
                [0.954613, 0.0, 0.29785, 0.0, 0.0, 1.0, 0.0, 0.4, -0.29785, 0.0, 0.954612, -0.0, 0.0, 0.0, 0.0, 1.0],
                [0.979912, 0.0, 0.199433, -0.0, 0.0, 1.0, 0.0, 0.4, -0.199433, 0.0, 0.979911, 0.0, 0.0, 0.0, 0.0, 1.0],
                [0.99715, 0.0, 0.075453, -0.0, 0.0, 1.0, 0.0, 0.4, -0.075453, 0.0, 0.997149, -0.0, 0.0, 0.0, 0.0, 1.0],
                [0.99808, 0.0, -0.061945, -0.0, 0.0, 1.0, 0.0, 0.4, 0.061945, 0.0, 0.99808, -0.0, 0.0, 0.0, 0.0, 1.0],
                [0.980167, 0.0, -0.198174, -0.0, 0.0, 1.0, 0.0, 0.4, 0.198174, 0.0, 0.980167, -0.0, 0.0, 0.0, 0.0, 1.0],
                [0.947731, 0.0, -0.319071, -0.0, 0.0, 1.0, 0.0, 0.4, 0.319071, 0.0, 0.947731, 0.0, 0.0, 0.0, 0.0, 1.0],
                [0.910456, 0.0, -0.413605, 0.0, 0.0, 1.0, 0.0, 0.4, 0.413605, 0.0, 0.910456, -0.0, 0.0, 0.0, 0.0, 1.0],
                [0.880274, 0.0, -0.474467, -0.0, 0.0, 1.0, 0.0, 0.4, 0.474467, 0.0, 0.880273, 0.0, 0.0, 0.0, 0.0, 1.0],
                [0.868243, 0.0, -0.496139, 0.0, 0.0, 1.0, 0.0, 0.4, 0.49614, 0.0, 0.868243, 0.0, 0.0, 0.0, 0.0, 1.0],
                [0.868243, 0.0, -0.496139, 0.0, 0.0, 1.0, 0.0, 0.4, 0.49614, 0.0, 0.868243, 0.0, 0.0, 0.0, 0.0, 1.0],
                [0.868243, 0.0, -0.496139, 0.0, 0.0, 1.0, 0.0, 0.4, 0.49614, 0.0, 0.868243, 0.0, 0.0, 0.0, 0.0, 1.0],
                [0.868243, 0.0, -0.496139, 0.0, 0.0, 1.0, 0.0, 0.4, 0.49614, 0.0, 0.868243, 0.0, 0.0, 0.0, 0.0, 1.0],
                [0.868243, 0.0, -0.496139, 0.0, 0.0, 1.0, 0.0, 0.4, 0.49614, 0.0, 0.868243, 0.0, 0.0, 0.0, 0.0, 1.0],
                [0.868243, 0.0, -0.496139, 0.0, 0.0, 1.0, 0.0, 0.4, 0.49614, 0.0, 0.868243, 0.0, 0.0, 0.0, 0.0, 1.0],
                [0.868243, 0.0, -0.496139, 0.0, 0.0, 1.0, 0.0, 0.4, 0.496139, 0.0, 0.868243, 0.0, 0.0, 0.0, 0.0, 1.0],
                [0.868243, 0.0, -0.496139, 0.0, 0.0, 1.0, 0.0, 0.4, 0.49614, 0.0, 0.868243, 0.0, 0.0, 0.0, 0.0, 1.0],
                [0.868243, 0.0, -0.496139, 0.0, 0.0, 1.0, 0.0, 0.4, 0.49614, 0.0, 0.868243, 0.0, 0.0, 0.0, 0.0, 1.0],
                [0.868243, 0.0, -0.496139, 0.0, 0.0, 1.0, 0.0, 0.4, 0.49614, 0.0, 0.868243, 0.0, 0.0, 0.0, 0.0, 1.0],
                [0.868243, 0.0, -0.496139, 0.0, 0.0, 1.0, 0.0, 0.4, 0.496139, 0.0, 0.868243, 0.0, 0.0, 0.0, 0.0, 1.0]
            ]
        },
        {
            "name": "Shoulder_R",
            "time": [0.0, 0.0167, 0.0333, 0.05, 0.0667, 0.0833, 0.1, 0.1167, 0.1333, 0.15, 0.1667, 0.1833, 0.2, 0.2167, 0.2333, 0.25, 0.2667, 0.2833, 0.3, 0.3167, 0.3333],
            "transform": [
                [0.0, 0.952114, 0.305743, -0.0, 0.0, -0.305743, 0.952114, 0.4, 1.0, 0.0, -0.0, -0.0, 0.0, 0.0, 0.0, 1.0],
                [0.0, 0.952114, 0.305743, -0.0, 0.0, -0.305743, 0.952114, 0.4, 1.0, 0.0, -0.0, -0.0, 0.0, 0.0, 0.0, 1.0],
                [0.0, 0.952114, 0.305743, -0.0, 0.0, -0.305743, 0.952114, 0.4, 1.0, 0.0, -0.0, -0.0, 0.0, 0.0, 0.0, 1.0],
                [0.0, 0.952114, 0.305743, -0.0, 0.0, -0.305743, 0.952114, 0.4, 1.0, -0.0, -0.0, -0.0, 0.0, 0.0, 0.0, 1.0],
                [0.0, 0.952114, 0.305743, -0.0, 0.0, -0.305743, 0.952114, 0.4, 1.0, 0.0, -0.0, -0.0, 0.0, 0.0, 0.0, 1.0],
                [0.0, 0.952114, 0.305743, -0.0, 0.0, -0.305743, 0.952114, 0.4, 1.0, 0.0, -0.0, -0.0, 0.0, 0.0, 0.0, 1.0],
                [0.0, 0.952114, 0.305743, -0.0, 0.0, -0.305743, 0.952114, 0.4, 1.0, 0.0, -0.0, -0.0, 0.0, 0.0, 0.0, 1.0],
                [0.0, 0.952114, 0.305743, -0.0, 0.0, -0.305743, 0.952114, 0.4, 1.0, 0.0, -0.0, -0.0, 0.0, 0.0, 0.0, 1.0],
                [0.0, 0.952114, 0.305743, -0.0, 0.0, -0.305743, 0.952114, 0.4, 1.0, 0.0, -0.0, -0.0, 0.0, 0.0, 0.0, 1.0],
                [0.0, 0.952114, 0.305743, -0.0, 0.0, -0.305743, 0.952114, 0.4, 1.0, 0.0, -0.0, -0.0, 0.0, 0.0, 0.0, 1.0],
                [0.0, 0.952114, 0.305743, -0.0, 0.0, -0.305743, 0.952114, 0.4, 1.0, 0.0, -0.0, -0.0, 0.0, 0.0, 0.0, 1.0],
                [0.0, 0.952114, 0.305743, -0.0, 0.0, -0.305743, 0.952114, 0.4, 1.0, 0.0, -0.0, -0.0, 0.0, 0.0, 0.0, 1.0],
                [0.0, 0.952114, 0.305743, -0.0, 0.0, -0.305743, 0.952114, 0.4, 1.0, 0.0, -0.0, -0.0, 0.0, 0.0, 0.0, 1.0],
                [0.0, 0.952114, 0.305743, -0.0, 0.0, -0.305743, 0.952114, 0.4, 1.0, 0.0, -0.0, -0.0, 0.0, 0.0, 0.0, 1.0],
                [0.0, 0.952114, 0.305743, -0.0, 0.0, -0.305743, 0.952114, 0.4, 1.0, 0.0, -0.0, -0.0, 0.0, 0.0, 0.0, 1.0],
                [0.0, 0.952114, 0.305743, -0.0, 0.0, -0.305743, 0.952114, 0.4, 1.0, 0.0, -0.0, -0.0, 0.0, 0.0, 0.0, 1.0],
                [0.0, 0.952114, 0.305743, -0.0, 0.0, -0.305743, 0.952114, 0.4, 1.0, 0.0, -0.0, -0.0, 0.0, 0.0, 0.0, 1.0],
                [0.0, 0.952114, 0.305743, -0.0, 0.0, -0.305743, 0.952114, 0.4, 1.0, 0.0, -0.0, -0.0, 0.0, 0.0, 0.0, 1.0],
                [0.0, 0.952114, 0.305743, -0.0, 0.0, -0.305743, 0.952114, 0.4, 1.0, 0.0, -0.0, -0.0, 0.0, 0.0, 0.0, 1.0],
                [0.0, 0.952114, 0.305743, -0.0, 0.0, -0.305743, 0.952114, 0.4, 1.0, 0.0, -0.0, -0.0, 0.0, 0.0, 0.0, 1.0],
                [0.0, 0.952114, 0.305743, -0.0, 0.0, -0.305743, 0.952114, 0.4, 1.0, 0.0, -0.0, -0.0, 0.0, 0.0, 0.0, 1.0]
            ]
        },
        {
            "name": "Arm_R",
            "time": [0.0, 0.0167, 0.0333, 0.05, 0.0667, 0.0833, 0.1, 0.1167, 0.1333, 0.15, 0.1667, 0.1833, 0.2, 0.2167, 0.2333, 0.25, 0.2667, 0.2833, 0.3, 0.3167, 0.3333],
            "transform": [
                [-0.062279, -0.525029, -0.848803, 0.0, -0.124312, 0.847912, -0.515357, 0.39386, 0.990287, 0.07342, -0.118075, 0.0, 0.0, 0.0, 0.0, 1.0],
                [-0.070455, -0.522983, -0.849426, 0.0, -0.11372, 0.850202, -0.514028, 0.39386, 0.991011, 0.06038, -0.119375, 0.0, 0.0, 0.0, 0.0, 1.0],
                [-0.087155, -0.676751, -0.731035, -0.0, -0.080326, 0.736212, -0.671967, 0.393861, 0.992951, 0.000156, -0.118526, -0.0, 0.0, 0.0, 0.0, 1.0],
                [-0.10686, -0.906979, -0.407394, 0.0, -0.014195, 0.41109, -0.911484, 0.39386, 0.994173, -0.091619, -0.056804, 0.0, 0.0, 0.0, 0.0, 1.0],
                [-0.136764, -0.982821, -0.123931, -0.0, 0.110555, 0.109181, -0.987856, 0.393861, 0.984415, -0.148804, 0.093724, -0.0, 0.0, 0.0, 0.0, 1.0],
                [-0.184707, -0.982143, -0.035782, 0.0, 0.296322, -0.02094, -0.954859, 0.393861, 0.937058, -0.186972, 0.294898, 0.0, 0.0, 0.0, 0.0, 1.0],
                [-0.242127, -0.97024, -0.002941, -0.0, 0.46209, -0.11265, -0.87965, 0.393861, 0.853139, -0.214347, 0.475614, -0.0, 0.0, 0.0, 0.0, 1.0],
                [-0.30429, -0.951169, 0.051823, -0.0, 0.455009, -0.192928, -0.869337, 0.39386, 0.836883, -0.240951, 0.491497, -0.0, 0.0, 0.0, 0.0, 1.0],
                [-0.373844, -0.915513, 0.148582, 0.0, 0.362524, -0.291689, -0.885153, 0.393861, 0.853708, -0.277045, 0.440941, -0.0, 0.0, 0.0, 0.0, 1.0],
                [-0.44331, -0.860393, 0.251396, -0.0, 0.281535, -0.399916, -0.872242, 0.39386, 0.851008, -0.315897, 0.419518, -0.0, 0.0, 0.0, 0.0, 1.0],
                [-0.473962, -0.842819, 0.254983, -0.0, 0.249577, -0.40628, -0.879004, 0.393861, 0.844436, -0.352977, 0.402909, -0.0, 0.0, 0.0, 0.0, 1.0],
                [-0.473962, -0.842819, 0.254983, -0.0, 0.249577, -0.40628, -0.879004, 0.393861, 0.844436, -0.352977, 0.402909, -0.0, 0.0, 0.0, 0.0, 1.0],
                [-0.473962, -0.84282, 0.254981, 0.0, 0.249577, -0.406279, -0.879005, 0.393861, 0.844436, -0.352977, 0.402909, -0.0, 0.0, 0.0, 0.0, 1.0],
                [-0.473962, -0.842819, 0.254983, -0.0, 0.249577, -0.40628, -0.879004, 0.393861, 0.844436, -0.352977, 0.402909, -0.0, 0.0, 0.0, 0.0, 1.0],
                [-0.473962, -0.842819, 0.254983, -0.0, 0.249577, -0.40628, -0.879004, 0.393861, 0.844436, -0.352977, 0.402909, -0.0, 0.0, 0.0, 0.0, 1.0],
                [-0.473962, -0.842819, 0.254983, -0.0, 0.249577, -0.40628, -0.879004, 0.393861, 0.844436, -0.352977, 0.402909, -0.0, 0.0, 0.0, 0.0, 1.0],
                [-0.473962, -0.84282, 0.254983, 0.0, 0.249577, -0.40628, -0.879005, 0.393861, 0.844436, -0.352977, 0.402909, 0.0, 0.0, 0.0, 0.0, 1.0],
                [-0.473962, -0.842819, 0.254984, 0.0, 0.249577, -0.406282, -0.879004, 0.393861, 0.844436, -0.352976, 0.40291, -0.0, 0.0, 0.0, 0.0, 1.0],
                [-0.473962, -0.842819, 0.254983, -0.0, 0.249577, -0.40628, -0.879004, 0.393861, 0.844436, -0.352977, 0.402909, -0.0, 0.0, 0.0, 0.0, 1.0],
                [-0.473962, -0.842819, 0.254983, -0.0, 0.249577, -0.40628, -0.879004, 0.393861, 0.844436, -0.352977, 0.402909, -0.0, 0.0, 0.0, 0.0, 1.0],
                [-0.473962, -0.84282, 0.254983, 0.0, 0.249577, -0.40628, -0.879005, 0.393861, 0.844436, -0.352977, 0.402909, 0.0, 0.0, 0.0, 0.0, 1.0]
            ]
        },
        {
            "name": "Hand_R",
            "time": [0.0, 0.0167, 0.0333, 0.05, 0.0667, 0.0833, 0.1, 0.1167, 0.1333, 0.15, 0.1667, 0.1833, 0.2, 0.2167, 0.2333, 0.25, 0.2667, 0.2833, 0.3, 0.3167, 0.3333],
            "transform": [
                [1.0, -1e-06, 0.0, 0.0, 1e-06, 0.953443, -0.301575, 0.300003, 0.0, 0.301575, 0.953443, 0.0, 0.0, 0.0, 0.0, 1.0],
                [1.0, -2e-06, 1e-06, -0.0, 2e-06, 0.861769, -0.507301, 0.300003, 0.0, 0.507301, 0.861769, 0.0, 0.0, 0.0, 0.0, 1.0],
                [1.0, -2e-06, 1e-06, -0.0, 2e-06, 0.808935, -0.587898, 0.300003, 1e-06, 0.587897, 0.808935, -0.0, 0.0, 0.0, 0.0, 1.0],
                [1.0, -1e-06, 0.0, -0.0, 1e-06, 0.959298, -0.282396, 0.300003, 0.0, 0.282396, 0.959298, 0.0, 0.0, 0.0, 0.0, 1.0],
                [1.0, -0.0, 0.0, 0.0, 0.0, 1.0, -0.000993, 0.300003, -0.0, 0.000993, 1.0, 0.0, 0.0, 0.0, 0.0, 1.0],
                [1.0, 0.0, 0.0, 0.0, 0.0, 0.999999, -0.000994, 0.300003, -0.0, 0.000994, 1.0, -0.0, 0.0, 0.0, 0.0, 1.0],
                [1.0, 0.0, 0.0, 0.0, -0.0, 1.0, -0.000995, 0.300003, -0.0, 0.000995, 1.0, 0.0, 0.0, 0.0, 0.0, 1.0],
                [1.0, -0.0, 0.0, 0.0, -0.0, 1.0, -0.000994, 0.300003, -0.0, 0.000994, 1.0, 0.0, 0.0, 0.0, 0.0, 1.0],
                [1.0, 0.0, 0.0, 0.0, 0.0, 1.0, -0.000993, 0.300003, -0.0, 0.000993, 1.0, 0.0, 0.0, 0.0, 0.0, 1.0],
                [1.0, -0.0, 0.0, 0.0, -0.0, 1.0, -0.000992, 0.300003, -0.0, 0.000992, 1.0, 0.0, 0.0, 0.0, 0.0, 1.0],
                [1.0, -0.0, 0.0, -0.0, 0.0, 0.994443, -0.105279, 0.300003, -0.0, 0.105279, 0.994444, -0.0, 0.0, 0.0, 0.0, 1.0],
                [1.0, -0.0, 0.0, -0.0, 0.0, 0.994443, -0.105279, 0.300003, -0.0, 0.105279, 0.994444, -0.0, 0.0, 0.0, 0.0, 1.0],
                [1.0, -0.0, 0.0, 0.0, 0.0, 0.994443, -0.105282, 0.300003, -0.0, 0.105282, 0.994443, -0.0, 0.0, 0.0, 0.0, 1.0],
                [1.0, -0.0, 0.0, -0.0, 0.0, 0.994443, -0.105279, 0.300003, -0.0, 0.105279, 0.994444, -0.0, 0.0, 0.0, 0.0, 1.0],
                [1.0, -0.0, 0.0, -0.0, 0.0, 0.994443, -0.105279, 0.300003, -0.0, 0.105279, 0.994444, -0.0, 0.0, 0.0, 0.0, 1.0],
                [1.0, -0.0, 0.0, -0.0, 0.0, 0.994443, -0.105279, 0.300003, -0.0, 0.105279, 0.994444, -0.0, 0.0, 0.0, 0.0, 1.0],
                [1.0, -0.0, 0.0, -0.0, 0.0, 0.994443, -0.105279, 0.300003, -0.0, 0.105279, 0.994443, -0.0, 0.0, 0.0, 0.0, 1.0],
                [1.0, -0.0, 0.0, 0.0, 0.0, 0.994443, -0.105276, 0.300003, -0.0, 0.105276, 0.994443, -0.0, 0.0, 0.0, 0.0, 1.0],
                [1.0, -0.0, 0.0, -0.0, 0.0, 0.994443, -0.105279, 0.300003, -0.0, 0.105279, 0.994444, -0.0, 0.0, 0.0, 0.0, 1.0],
                [1.0, -0.0, 0.0, -0.0, 0.0, 0.994443, -0.105279, 0.300003, -0.0, 0.105279, 0.994444, -0.0, 0.0, 0.0, 0.0, 1.0],
                [1.0, -0.0, 0.0, -0.0, 0.0, 0.994443, -0.105279, 0.300003, -0.0, 0.105279, 0.994443, -0.0, 0.0, 0.0, 0.0, 1.0]
            ]
        },
        {
            "name": "Tool_R",
            "time": [0.0, 0.0167, 0.0333, 0.05, 0.0667, 0.0833, 0.1, 0.1167, 0.1333, 0.15, 0.1667, 0.1833, 0.2, 0.2167, 0.2333, 0.25, 0.2667, 0.2833, 0.3, 0.3167, 0.3333],
            "transform": [
                [-0.70779, 0.665858, -0.235938, -0.045532, 0.236467, -0.091402, -0.967331, 0.232583, -0.665671, -0.740459, -0.09276, -0.067931, 0.0, 0.0, 0.0, 1.0],
                [-0.70779, 0.665858, -0.235938, -0.045532, 0.236467, -0.091402, -0.967331, 0.232583, -0.665671, -0.740459, -0.09276, -0.067931, 0.0, 0.0, 0.0, 1.0],
                [-0.70779, 0.665858, -0.235938, -0.045532, 0.236467, -0.091402, -0.967331, 0.232583, -0.66567, -0.740459, -0.09276, -0.067931, 0.0, 0.0, 0.0, 1.0],
                [-0.70779, 0.665858, -0.235938, -0.045532, 0.236467, -0.091402, -0.967331, 0.232583, -0.665671, -0.740459, -0.09276, -0.067931, 0.0, 0.0, 0.0, 1.0],
                [-0.70779, 0.665858, -0.235938, -0.045532, 0.236467, -0.091402, -0.967331, 0.232583, -0.66567, -0.740459, -0.09276, -0.067931, 0.0, 0.0, 0.0, 1.0],
                [-0.70779, 0.665858, -0.235938, -0.045532, 0.236467, -0.091402, -0.967331, 0.232583, -0.66567, -0.740459, -0.09276, -0.067931, 0.0, 0.0, 0.0, 1.0],
                [-0.70779, 0.665858, -0.235938, -0.045532, 0.236467, -0.091402, -0.967331, 0.232583, -0.66567, -0.740459, -0.09276, -0.067931, 0.0, 0.0, 0.0, 1.0],
                [-0.70779, 0.665858, -0.235938, -0.045532, 0.236467, -0.091402, -0.967331, 0.232583, -0.66567, -0.740459, -0.09276, -0.067931, 0.0, 0.0, 0.0, 1.0],
                [-0.70779, 0.665858, -0.235938, -0.045532, 0.236467, -0.091402, -0.967331, 0.232583, -0.665671, -0.740459, -0.09276, -0.067931, 0.0, 0.0, 0.0, 1.0],
                [-0.70779, 0.665858, -0.235938, -0.045532, 0.236467, -0.091402, -0.967331, 0.232583, -0.665671, -0.740459, -0.09276, -0.067931, 0.0, 0.0, 0.0, 1.0],
                [-0.70779, 0.665858, -0.235938, -0.045532, 0.236467, -0.091402, -0.967331, 0.232583, -0.665671, -0.740459, -0.09276, -0.06793, 0.0, 0.0, 0.0, 1.0],
                [-0.70779, 0.665858, -0.235938, -0.045532, 0.236467, -0.091402, -0.967331, 0.232583, -0.66567, -0.740459, -0.09276, -0.06793, 0.0, 0.0, 0.0, 1.0],
                [-0.70779, 0.665858, -0.235938, -0.045532, 0.236467, -0.091402, -0.967331, 0.232583, -0.665671, -0.740459, -0.09276, -0.06793, 0.0, 0.0, 0.0, 1.0],
                [-0.70779, 0.665858, -0.235938, -0.045532, 0.236467, -0.091402, -0.967331, 0.232583, -0.665671, -0.740459, -0.09276, -0.06793, 0.0, 0.0, 0.0, 1.0],
                [-0.70779, 0.665858, -0.235938, -0.045532, 0.236467, -0.091402, -0.967331, 0.232583, -0.665671, -0.740459, -0.09276, -0.06793, 0.0, 0.0, 0.0, 1.0],
                [-0.70779, 0.665858, -0.235938, -0.045532, 0.236467, -0.091402, -0.967331, 0.232583, -0.66567, -0.740459, -0.09276, -0.06793, 0.0, 0.0, 0.0, 1.0],
                [-0.70779, 0.665858, -0.235938, -0.045532, 0.236467, -0.091402, -0.967331, 0.232583, -0.66567, -0.740459, -0.09276, -0.067931, 0.0, 0.0, 0.0, 1.0],
                [-0.70779, 0.665858, -0.235938, -0.045532, 0.236467, -0.091402, -0.967331, 0.232583, -0.66567, -0.740459, -0.09276, -0.067931, 0.0, 0.0, 0.0, 1.0],
                [-0.70779, 0.665858, -0.235938, -0.045532, 0.236467, -0.091402, -0.967331, 0.232583, -0.66567, -0.740459, -0.09276, -0.06793, 0.0, 0.0, 0.0, 1.0],
                [-0.70779, 0.665858, -0.235938, -0.045532, 0.236467, -0.091402, -0.967331, 0.232583, -0.66567, -0.740459, -0.09276, -0.06793, 0.0, 0.0, 0.0, 1.0],
                [-0.70779, 0.665858, -0.235938, -0.045532, 0.236467, -0.091402, -0.967331, 0.232583, -0.66567, -0.740459, -0.09276, -0.067931, 0.0, 0.0, 0.0, 1.0]
            ]
        },
        {
            "name": "Elbow_R",
            "time": [0.0, 0.3333],
            "transform": [
                [-1.0, 0.0, 0.0, -0.0, 0.0, 0.003946, -0.999992, 0.327906, -0.0, -0.999992, -0.003946, -0.001142, 0.0, 0.0, 0.0, 1.0],
                [-1.0, 0.0, -0.0, -0.0, 0.0, 0.003946, -0.999992, 0.309082, -0.0, -0.999992, -0.003946, -0.001216, 0.0, 0.0, 0.0, 1.0]
            ]
        },
        {
            "name": "Shoulder_L",
            "time": [0.0, 0.0167, 0.0333, 0.05, 0.0667, 0.0833, 0.1, 0.1167, 0.1333, 0.15, 0.1667, 0.1833, 0.2, 0.2167, 0.2333, 0.25, 0.2667, 0.2833, 0.3, 0.3167, 0.3333],
            "transform": [
                [-0.0, -0.952114, -0.305743, -0.0, 0.0, -0.305743, 0.952114, 0.4, -1.0, -0.0, 0.0, -0.0, 0.0, 0.0, 0.0, 1.0],
                [0.0, -0.952114, -0.305743, -0.0, 0.0, -0.305743, 0.952114, 0.4, -1.0, -0.0, 0.0, -0.0, 0.0, 0.0, 0.0, 1.0],
                [-0.0, -0.952114, -0.305743, -0.0, 0.0, -0.305743, 0.952114, 0.4, -1.0, 0.0, 0.0, -0.0, 0.0, 0.0, 0.0, 1.0],
                [-0.0, -0.952114, -0.305743, -0.0, 0.0, -0.305743, 0.952114, 0.4, -1.0, 0.0, 0.0, -0.0, 0.0, 0.0, 0.0, 1.0],
                [-0.0, -0.952114, -0.305743, -0.0, 0.0, -0.305743, 0.952114, 0.4, -1.0, -0.0, 0.0, -0.0, 0.0, 0.0, 0.0, 1.0],
                [-0.0, -0.952114, -0.305743, -0.0, 0.0, -0.305743, 0.952114, 0.4, -1.0, -0.0, 0.0, -0.0, 0.0, 0.0, 0.0, 1.0],
                [-0.0, -0.952114, -0.305743, -0.0, 0.0, -0.305743, 0.952114, 0.4, -1.0, -0.0, 0.0, -0.0, 0.0, 0.0, 0.0, 1.0],
                [-0.0, -0.952114, -0.305743, -0.0, 0.0, -0.305743, 0.952114, 0.4, -1.0, 0.0, 0.0, -0.0, 0.0, 0.0, 0.0, 1.0],
                [-0.0, -0.952114, -0.305743, -0.0, 0.0, -0.305743, 0.952114, 0.4, -1.0, 0.0, 0.0, -0.0, 0.0, 0.0, 0.0, 1.0],
                [0.0, -0.952114, -0.305743, -0.0, 0.0, -0.305743, 0.952114, 0.4, -1.0, 0.0, 0.0, -0.0, 0.0, 0.0, 0.0, 1.0],
                [-0.0, -0.952114, -0.305743, -0.0, 0.0, -0.305743, 0.952114, 0.4, -1.0, 0.0, 0.0, -0.0, 0.0, 0.0, 0.0, 1.0],
                [-0.0, -0.952114, -0.305743, -0.0, 0.0, -0.305743, 0.952114, 0.4, -1.0, 0.0, 0.0, -0.0, 0.0, 0.0, 0.0, 1.0],
                [0.0, -0.952114, -0.305743, -0.0, 0.0, -0.305743, 0.952114, 0.4, -1.0, -0.0, 0.0, -0.0, 0.0, 0.0, 0.0, 1.0],
