{
    "animation": [
        {
            "name": "Root",
            "time": [0.0, 0.0167, 0.0333, 0.05, 0.0667, 0.0833, 0.1, 0.1167, 0.1333, 0.15, 0.1667, 0.1833, 0.2, 0.2167, 0.2333, 0.25, 0.2667, 0.2833, 0.3, 0.3167, 0.3333],
            "transform": [
                [1.0, 0.0, 0.0, -5e-06, 0.0, 0.0, -1.0, 0.092841, 0.0, 1.0, 0.0, 0.763972, 0.0, 0.0, 0.0, 1.0],
                [1.0, 0.0, 0.0, -5e-06, 0.0, 0.0, -1.0, 0.120024, 0.0, 1.0, 0.0, 0.763972, 0.0, 0.0, 0.0, 1.0],
                [1.0, 0.0, 0.0, -5e-06, 0.0, 0.0, -1.0, 0.193806, 0.0, 1.0, 0.0, 0.763972, 0.0, 0.0, 0.0, 1.0],
                [1.0, 0.0, 0.0, -5e-06, 0.0, 0.0, -1.0, 0.302538, 0.0, 1.0, 0.0, 0.763972, 0.0, 0.0, 0.0, 1.0],
                [1.0, 0.0, 0.0, -5e-06, 0.0, 0.0, -1.0, 0.43457, 0.0, 1.0, 0.0, 0.763972, 0.0, 0.0, 0.0, 1.0],
                [1.0, 0.0, 0.0, -5e-06, 0.0, 0.0, -1.0, 0.578251, 0.0, 1.0, 0.0, 0.763972, 0.0, 0.0, 0.0, 1.0],
                [1.0, 0.0, 0.0, -5e-06, 0.0, 0.0, -1.0, 0.721933, 0.0, 1.0, 0.0, 0.763972, 0.0, 0.0, 0.0, 1.0],
                [1.0, 0.0, 0.0, -5e-06, 0.0, 0.0, -1.0, 0.853964, 0.0, 1.0, 0.0, 0.763972, 0.0, 0.0, 0.0, 1.0],
                [1.0, 0.0, 0.0, -5e-06, 0.0, 0.0, -1.0, 0.962696, 0.0, 1.0, 0.0, 0.763972, 0.0, 0.0, 0.0, 1.0],
                [1.0, 0.0, 0.0, -5e-06, 0.0, 0.0, -1.0, 1.036479, 0.0, 1.0, 0.0, 0.763972, 0.0, 0.0, 0.0, 1.0],
                [1.0, 0.0, 0.0, -5e-06, 0.0, 0.0, -1.0, 1.063662, 0.0, 1.0, 0.0, 0.763972, 0.0, 0.0, 0.0, 1.0],
                [1.0, 0.0, 0.0, -5e-06, 0.0, 0.0, -1.0, 1.063662, 0.0, 1.0, 0.0, 0.763972, 0.0, 0.0, 0.0, 1.0],
                [1.0, 0.0, 0.0, -5e-06, 0.0, 0.0, -1.0, 1.063662, 0.0, 1.0, 0.0, 0.763972, 0.0, 0.0, 0.0, 1.0],
                [1.0, 0.0, 0.0, -5e-06, 0.0, 0.0, -1.0, 1.063662, 0.0, 1.0, 0.0, 0.763972, 0.0, 0.0, 0.0, 1.0],
                [1.0, 0.0, 0.0, -5e-06, 0.0, 0.0, -1.0, 1.063662, 0.0, 1.0, 0.0, 0.763972, 0.0, 0.0, 0.0, 1.0],
                [1.0, 0.0, 0.0, -5e-06, 0.0, 0.0, -1.0, 1.063662, 0.0, 1.0, 0.0, 0.763972, 0.0, 0.0, 0.0, 1.0],
                [1.0, 0.0, 0.0, -5e-06, 0.0, 0.0, -1.0, 1.063662, 0.0, 1.0, 0.0, 0.763972, 0.0, 0.0, 0.0, 1.0],
                [1.0, 0.0, 0.0, -5e-06, 0.0, 0.0, -1.0, 1.063662, 0.0, 1.0, 0.0, 0.763972, 0.0, 0.0, 0.0, 1.0],
                [1.0, 0.0, 0.0, -5e-06, 0.0, 0.0, -1.0, 1.063662, 0.0, 1.0, 0.0, 0.763972, 0.0, 0.0, 0.0, 1.0],
                [1.0, 0.0, 0.0, -5e-06, 0.0, 0.0, -1.0, 1.063662, 0.0, 1.0, 0.0, 0.763972, 0.0, 0.0, 0.0, 1.0],
                [1.0, 0.0, 0.0, -5e-06, 0.0, 0.0, -1.0, 1.063662, 0.0, 1.0, 0.0, 0.763972, 0.0, 0.0, 0.0, 1.0]
            ]
        },
        {
            "name": "Thigh_R",
            "time": [0.0, 0.0167, 0.0333, 0.05, 0.0667, 0.0833, 0.1, 0.1167, 0.1333, 0.15, 0.1667, 0.1833, 0.2, 0.2167, 0.2333, 0.25, 0.2667, 0.2833, 0.3, 0.3167, 0.3333],
            "transform": [
                [0.991212, 0.109297, 0.074523, 0.124994, 0.128434, -0.930065, -0.344217, -0.051028, 0.031689, 0.350763, -0.935928, 0.097227, 0.0, 0.0, 0.0, 1.0],
                [0.991289, 0.115297, 0.063661, 0.124994, 0.127727, -0.959482, -0.251159, -0.051028, 0.032123, 0.257102, -0.96585, 0.091869, 0.0, 0.0, 0.0, 1.0],
                [0.991506, 0.122762, 0.042951, 0.124994, 0.125707, -0.989277, -0.074358, -0.051028, 0.033362, 0.079125, -0.996306, 0.077326, 0.0, 0.0, 0.0, 1.0],
                [0.991847, 0.125855, 0.020024, 0.124994, 0.122431, -0.984653, 0.124379, -0.051028, 0.035371, -0.120913, -0.992033, 0.055894, 0.0, 0.0, 0.0, 1.0],
                [0.992295, 0.123897, -0.000988, 0.124994, 0.117878, -0.941575, 0.315502, -0.051028, 0.038159, -0.313188, -0.948925, 0.02987, 0.0, 0.0, 0.0, 1.0],
                [0.992828, 0.118416, -0.016432, 0.124994, 0.112028, -0.873532, 0.473701, -0.051028, 0.04174, -0.472144, -0.880533, 0.00155, 0.0, 0.0, 0.0, 1.0],
                [0.993409, 0.112128, -0.023782, 0.124994, 0.104961, -0.806506, 0.581836, -0.051028, 0.04606, -0.580497, -0.812959, -0.026771, 0.0, 0.0, 0.0, 1.0],
                [0.993979, 0.107243, -0.02247, 0.124994, 0.097033, -0.766266, 0.635156, -0.051028, 0.050898, -0.633511, -0.772058, -0.052795, 0.0, 0.0, 0.0, 1.0],
                [0.994461, 0.104199, -0.013795, 0.124994, 0.089128, -0.766401, 0.63615, -0.051028, 0.055714, -0.633855, -0.771443, -0.074227, 0.0, 0.0, 0.0, 1.0],
                [0.994782, 0.102019, -0.000587, 0.124994, 0.082849, -0.804476, 0.58818, -0.051028, 0.059533, -0.585159, -0.80873, -0.088769, 0.0, 0.0, 0.0, 1.0],
                [0.994897, 0.100401, 0.010002, 0.124994, 0.080313, -0.848025, 0.523836, -0.051028, 0.061076, -0.520359, -0.851761, -0.094127, 0.0, 0.0, 0.0, 1.0],
                [0.994897, 0.100401, 0.010002, 0.124994, 0.080313, -0.848025, 0.523836, -0.051028, 0.061076, -0.520359, -0.851761, -0.094127, 0.0, 0.0, 0.0, 1.0],
                [0.994897, 0.100401, 0.010002, 0.124994, 0.080313, -0.848025, 0.523836, -0.051028, 0.061076, -0.520359, -0.851761, -0.094127, 0.0, 0.0, 0.0, 1.0],
                [0.994897, 0.100401, 0.010002, 0.124994, 0.080313, -0.848025, 0.523836, -0.051028, 0.061076, -0.520359, -0.851761, -0.094127, 0.0, 0.0, 0.0, 1.0],
                [0.994897, 0.100401, 0.010002, 0.124994, 0.080313, -0.848025, 0.523836, -0.051028, 0.061076, -0.520359, -0.851761, -0.094127, 0.0, 0.0, 0.0, 1.0],
                [0.994897, 0.100401, 0.010002, 0.124994, 0.080313, -0.848024, 0.523837, -0.051028, 0.061076, -0.520361, -0.85176, -0.094127, 0.0, 0.0, 0.0, 1.0],
                [0.994897, 0.100401, 0.010002, 0.124994, 0.080313, -0.848024, 0.523837, -0.051028, 0.061076, -0.52036, -0.85176, -0.094127, 0.0, 0.0, 0.0, 1.0],
                [0.994897, 0.100401, 0.010002, 0.124994, 0.080313, -0.848025, 0.523836, -0.051028, 0.061076, -0.520359, -0.851761, -0.094127, 0.0, 0.0, 0.0, 1.0],
                [0.994897, 0.100401, 0.010002, 0.124994, 0.080313, -0.848024, 0.523837, -0.051028, 0.061076, -0.520361, -0.85176, -0.094127, 0.0, 0.0, 0.0, 1.0],
                [0.994897, 0.100401, 0.010002, 0.124994, 0.080313, -0.848024, 0.523837, -0.051028, 0.061076, -0.52036, -0.85176, -0.094127, 0.0, 0.0, 0.0, 1.0],
                [0.994897, 0.100401, 0.010002, 0.124994, 0.080313, -0.848025, 0.523836, -0.051028, 0.061076, -0.520359, -0.851761, -0.094127, 0.0, 0.0, 0.0, 1.0]
            ]
        },
        {
            "name": "Leg_R",
            "time": [0.0, 0.0167, 0.0333, 0.05, 0.0667, 0.0833, 0.1, 0.1167, 0.1333, 0.15, 0.1667, 0.1833, 0.2, 0.2167, 0.2333, 0.25, 0.2667, 0.2833, 0.3, 0.3167, 0.3333],
            "transform": [
                [1.0, 5e-06, 1e-06, -0.0, -5e-06, 0.973526, 0.228576, 0.374726, -0.0, -0.228576, 0.973526, -0.0, 0.0, 0.0, 0.0, 1.0],
                [1.0, 9e-06, 2e-06, 0.0, -9e-06, 0.92834, 0.37173, 0.374726, 1e-06, -0.37173, 0.928341, -0.0, 0.0, 0.0, 0.0, 1.0],
                [1.0, 1.2e-05, 5e-06, -0.0, -1.3e-05, 0.819072, 0.57369, 0.374726, 3e-06, -0.573691, 0.819072, -0.0, 0.0, 0.0, 0.0, 1.0],
                [1.0, 1.5e-05, 7e-06, 0.0, -1.5e-05, 0.693248, 0.720699, 0.374726, 6e-06, -0.7207, 0.693248, 0.0, 0.0, 0.0, 0.0, 1.0],
                [1.0, 1.7e-05, 9e-06, -0.0, -1.8e-05, 0.597114, 0.802156, 0.374726, 8e-06, -0.802156, 0.597114, 0.0, 0.0, 0.0, 0.0, 1.0],
                [1.0, 1.8e-05, 1.1e-05, 0.0, -1.9e-05, 0.562971, 0.826477, 0.374726, 9e-06, -0.826477, 0.562971, -0.0, 0.0, 0.0, 0.0, 1.0],
                [1.0, 1.7e-05, 9e-06, -0.0, -1.7e-05, 0.602459, 0.79815, 0.374726, 8e-06, -0.798149, 0.602459, -0.0, 0.0, 0.0, 0.0, 1.0],
                [1.0, 1.4e-05, 7e-06, 0.0, -1.5e-05, 0.703502, 0.710693, 0.374726, 6e-06, -0.710693, 0.703503, -0.0, 0.0, 0.0, 0.0, 1.0],
                [1.0, 1.1e-05, 4e-06, -0.0, -1.2e-05, 0.833325, 0.552783, 0.374726, 3e-06, -0.552783, 0.833325, -0.0, 0.0, 0.0, 0.0, 1.0],
                [1.0, 7e-06, 2e-06, -0.0, -7e-06, 0.945394, 0.325929, 0.374726, 0.0, -0.325929, 0.945394, -0.0, 0.0, 0.0, 0.0, 1.0],
                [1.0, 3e-06, 1e-06, 0.0, -3e-06, 0.991576, 0.129527, 0.374726, -1e-06, -0.129527, 0.991576, -0.0, 0.0, 0.0, 0.0, 1.0],
                [1.0, 3e-06, 1e-06, 0.0, -3e-06, 0.991576, 0.129527, 0.374726, -1e-06, -0.129526, 0.991576, -0.0, 0.0, 0.0, 0.0, 1.0],
                [1.0, 3e-06, 1e-06, 0.0, -3e-06, 0.991576, 0.129527, 0.374726, -1e-06, -0.129527, 0.991576, -0.0, 0.0, 0.0, 0.0, 1.0],
                [1.0, 3e-06, 1e-06, 0.0, -3e-06, 0.991576, 0.129527, 0.374726, -1e-06, -0.129526, 0.991576, -0.0, 0.0, 0.0, 0.0, 1.0],
                [1.0, 3e-06, 1e-06, 0.0, -3e-06, 0.991576, 0.129527, 0.374726, -1e-06, -0.129527, 0.991576, -0.0, 0.0, 0.0, 0.0, 1.0],
                [1.0, 3e-06, 1e-06, -0.0, -3e-06, 0.991576, 0.129529, 0.374726, -1e-06, -0.129529, 0.991576, 0.0, 0.0, 0.0, 0.0, 1.0],
                [1.0, 3e-06, 1e-06, -0.0, -3e-06, 0.991576, 0.129528, 0.374726, -1e-06, -0.129528, 0.991576, -0.0, 0.0, 0.0, 0.0, 1.0],
                [1.0, 3e-06, 1e-06, 0.0, -3e-06, 0.991576, 0.129527, 0.374726, -1e-06, -0.129527, 0.991576, -0.0, 0.0, 0.0, 0.0, 1.0],
                [1.0, 3e-06, 1e-06, -0.0, -3e-06, 0.991576, 0.129529, 0.374726, -1e-06, -0.129529, 0.991576, 0.0, 0.0, 0.0, 0.0, 1.0],
                [1.0, 3e-06, 1e-06, -0.0, -3e-06, 0.991576, 0.129528, 0.374726, -1e-06, -0.129528, 0.991576, -0.0, 0.0, 0.0, 0.0, 1.0],
                [1.0, 3e-06, 1e-06, 0.0, -3e-06, 0.991576, 0.129527, 0.374726, -1e-06, -0.129527, 0.991576, -0.0, 0.0, 0.0, 0.0, 1.0]
            ]
        },
        {
            "name": "Knee_R",
            "time": [0.0, 0.3333],
            "transform": [
                [1.0, 0.0, -0.0, 0.0, -0.0, 0.00567, -0.999984, 0.374726, -0.0, 0.999984, 0.00567, -0.0, 0.0, 0.0, 0.0, 1.0],
                [1.0, 0.0, -0.0, 0.0, -0.0, 0.00567, -0.999984, 0.374726, -0.0, 0.999984, 0.00567, -0.0, 0.0, 0.0, 0.0, 1.0]
            ]
        },
        {
            "name": "Thigh_L",
            "time": [0.0, 0.0167, 0.0333, 0.05, 0.0667, 0.0833, 0.1, 0.1167, 0.1333, 0.15, 0.1667, 0.1833, 0.2, 0.2167, 0.2333, 0.25, 0.2667, 0.2833, 0.3, 0.3167, 0.3333],
            "transform": [
                [0.998465, -0.025809, -0.049014, -0.125006, -0.004857, -0.922211, 0.386658, -0.048936, -0.05518, -0.385826, -0.92092, -0.093296, 0.0, 0.0, 0.0, 1.0],
                [0.998467, -0.026028, -0.04885, -0.125006, -0.006531, -0.931778, 0.362972, -0.047645, -0.054964, -0.362096, -0.930519, -0.088383, 0.0, 0.0, 0.0, 1.0],
                [0.998461, -0.032377, -0.045037, -0.125006, -0.010987, -0.911322, 0.411549, -0.044141, -0.054368, -0.410421, -0.910274, -0.075047, 0.0, 0.0, 0.0, 1.0],
                [0.99842, -0.037779, -0.041598, -0.125006, -0.017309, -0.91104, 0.411956, -0.038977, -0.053461, -0.410585, -0.910254, -0.055394, 0.0, 0.0, 0.0, 1.0],
                [0.998328, -0.039696, -0.042024, -0.125006, -0.024585, -0.949482, 0.312858, -0.032707, -0.052321, -0.311301, -0.94887, -0.031529, 0.0, 0.0, 0.0, 1.0],
                [0.998184, -0.037713, -0.046982, -0.125006, -0.032, -0.992628, 0.116906, -0.025883, -0.051044, -0.11519, -0.992031, -0.005559, 0.0, 0.0, 0.0, 1.0],
                [0.998004, -0.026073, -0.057508, -0.125006, -0.038892, -0.971322, -0.23457, -0.01906, -0.049742, 0.236338, -0.970397, 0.020411, 0.0, 0.0, 0.0, 1.0],
                [0.997817, -0.024913, -0.061153, -0.125006, -0.044777, -0.935935, -0.349315, -0.012789, -0.048532, 0.351291, -0.935008, 0.044275, 0.0, 0.0, 0.0, 1.0],
                [0.997652, -0.023806, -0.064213, -0.125006, -0.049304, -0.900432, -0.432194, -0.007626, -0.047531, 0.434346, -0.899492, 0.063928, 0.0, 0.0, 0.0, 1.0],
                [0.997536, -0.023013, -0.066271, -0.125006, -0.052215, -0.874445, -0.482308, -0.004122, -0.046851, 0.48458, -0.873492, 0.077265, 0.0, 0.0, 0.0, 1.0],
                [0.997493, -0.022717, -0.067021, -0.125006, -0.053256, -0.864646, -0.499552, -0.002831, -0.046601, 0.501869, -0.863688, 0.082178, 0.0, 0.0, 0.0, 1.0],
                [0.997493, -0.022717, -0.067021, -0.125006, -0.053256, -0.864646, -0.499552, -0.002831, -0.046601, 0.501869, -0.863688, 0.082178, 0.0, 0.0, 0.0, 1.0],
                [0.997493, -0.022717, -0.067021, -0.125006, -0.053256, -0.864646, -0.499552, -0.002831, -0.046601, 0.501869, -0.863688, 0.082178, 0.0, 0.0, 0.0, 1.0],
                [0.997493, -0.022717, -0.067021, -0.125006, -0.053256, -0.864646, -0.499552, -0.002831, -0.046601, 0.501869, -0.863688, 0.082178, 0.0, 0.0, 0.0, 1.0],
                [0.997493, -0.022717, -0.067021, -0.125006, -0.053256, -0.864646, -0.499552, -0.002831, -0.046601, 0.501869, -0.863688, 0.082178, 0.0, 0.0, 0.0, 1.0],
                [0.997493, -0.022717, -0.067021, -0.125006, -0.053256, -0.864646, -0.499552, -0.002831, -0.046601, 0.501869, -0.863688, 0.082178, 0.0, 0.0, 0.0, 1.0],
                [0.997493, -0.022717, -0.067021, -0.125006, -0.053256, -0.864646, -0.499552, -0.002831, -0.046601, 0.501869, -0.863688, 0.082178, 0.0, 0.0, 0.0, 1.0],
                [0.997493, -0.022717, -0.067021, -0.125006, -0.053256, -0.864646, -0.499552, -0.002831, -0.046601, 0.501869, -0.863688, 0.082178, 0.0, 0.0, 0.0, 1.0],
                [0.997493, -0.022717, -0.067021, -0.125006, -0.053256, -0.864646, -0.499552, -0.002831, -0.046601, 0.501869, -0.863688, 0.082178, 0.0, 0.0, 0.0, 1.0],
                [0.997493, -0.022717, -0.067021, -0.125006, -0.053256, -0.864646, -0.499552, -0.002831, -0.046601, 0.501869, -0.863688, 0.082178, 0.0, 0.0, 0.0, 1.0],
                [0.997493, -0.022717, -0.067021, -0.125006, -0.053256, -0.864646, -0.499552, -0.002831, -0.046601, 0.501869, -0.863688, 0.082178, 0.0, 0.0, 0.0, 1.0]
            ]
        },
        {
            "name": "Leg_L",
            "time": [0.0, 0.0167, 0.0333, 0.05, 0.0667, 0.0833, 0.1, 0.1167, 0.1333, 0.15, 0.1667, 0.1833, 0.2, 0.2167, 0.2333, 0.25, 0.2667, 0.2833, 0.3, 0.3167, 0.3333],
            "transform": [
                [1.0, 0.0, 1e-06, 0.0, -0.0, 0.999999, 0.001461, 0.374726, -1e-06, -0.001461, 0.999999, 0.0, 0.0, 0.0, 0.0, 1.0],
                [1.0, 0.0, 1e-06, 0.0, -0.0, 0.999999, 0.001461, 0.374726, -1e-06, -0.00146, 0.999999, 0.0, 0.0, 0.0, 0.0, 1.0],
                [1.0, 5e-06, 1e-06, 0.0, -5e-06, 0.969015, 0.247002, 0.374726, -0.0, -0.247002, 0.969015, -0.0, 0.0, 0.0, 0.0, 1.0],
                [1.0, 1e-05, 3e-06, -0.0, -1e-05, 0.89168, 0.452666, 0.374726, 2e-06, -0.452666, 0.891681, -0.0, 0.0, 0.0, 0.0, 1.0],
                [1.0, 1e-05, 4e-06, 0.0, -1.1e-05, 0.862226, 0.506525, 0.374726, 2e-06, -0.506525, 0.862226, 0.0, 0.0, 0.0, 0.0, 1.0],
                [1.0, 9e-06, 3e-06, -0.0, -9e-06, 0.910574, 0.413346, 0.374726, 1e-06, -0.413346, 0.910574, -0.0, 0.0, 0.0, 0.0, 1.0],
                [1.0, 0.0, 1e-06, 0.0, -0.0, 0.999998, 0.00146, 0.374726, -1e-06, -0.00146, 0.999999, -0.0, 0.0, 0.0, 0.0, 1.0],
                [1.0, 0.0, 1e-06, 0.0, -0.0, 0.999999, 0.001464, 0.374726, -1e-06, -0.001464, 0.999999, 0.0, 0.0, 0.0, 0.0, 1.0],
                [1.0, 0.0, 1e-06, 0.0, -0.0, 0.999999, 0.001467, 0.374726, -1e-06, -0.001467, 0.999999, -0.0, 0.0, 0.0, 0.0, 1.0],
                [1.0, 0.0, 1e-06, 0.0, -0.0, 0.999998, 0.001469, 0.374726, -1e-06, -0.001469, 0.999999, -0.0, 0.0, 0.0, 0.0, 1.0],
                [1.0, 0.0, 1e-06, 0.0, -0.0, 0.999998, 0.00147, 0.374726, -1e-06, -0.00147, 0.999999, 0.0, 0.0, 0.0, 0.0, 1.0],
                [1.0, 0.0, 1e-06, 0.0, -0.0, 0.999999, 0.00147, 0.374726, -1e-06, -0.00147, 0.999999, 0.0, 0.0, 0.0, 0.0, 1.0],
                [1.0, 0.0, 1e-06, 0.0, -0.0, 0.999998, 0.00147, 0.374726, -1e-06, -0.00147, 0.999999, 0.0, 0.0, 0.0, 0.0, 1.0],
                [1.0, 0.0, 1e-06, 0.0, -0.0, 0.999998, 0.00147, 0.374726, -1e-06, -0.00147, 0.999999, 0.0, 0.0, 0.0, 0.0, 1.0],
                [1.0, 0.0, 1e-06, 0.0, -0.0, 0.999998, 0.00147, 0.374726, -1e-06, -0.00147, 0.999999, 0.0, 0.0, 0.0, 0.0, 1.0],
                [1.0, 0.0, 1e-06, 0.0, -0.0, 0.999998, 0.00147, 0.374726, -1e-06, -0.00147, 0.999999, 0.0, 0.0, 0.0, 0.0, 1.0],
                [1.0, 0.0, 1e-06, 0.0, -0.0, 0.999998, 0.00147, 0.374726, -1e-06, -0.00147, 0.999999, 0.0, 0.0, 0.0, 0.0, 1.0],
                [1.0, 0.0, 1e-06, 0.0, -0.0, 0.999998, 0.00147, 0.374726, -1e-06, -0.00147, 0.999999, 0.0, 0.0, 0.0, 0.0, 1.0],
                [1.0, 0.0, 1e-06, 0.0, -0.0, 0.999998, 0.00147, 0.374726, -1e-06, -0.00147, 0.999999, 0.0, 0.0, 0.0, 0.0, 1.0],
                [1.0, 0.0, 1e-06, 0.0, -0.0, 0.999998, 0.00147, 0.374726, -1e-06, -0.00147, 0.999999, 0.0, 0.0, 0.0, 0.0, 1.0],
                [1.0, 0.0, 1e-06, 0.0, -0.0, 0.999998, 0.00147, 0.374726, -1e-06, -0.00147, 0.999999, 0.0, 0.0, 0.0, 0.0, 1.0]
            ]
        },
        {
            "name": "Knee_L",
            "time": [0.0, 0.3333],
            "transform": [
                [1.0, 0.0, -0.0, 0.0, -0.0, 0.00567, -0.999984, 0.374726, -0.0, 0.999984, 0.00567, 0.0, 0.0, 0.0, 0.0, 1.0],
                [1.0, 0.0, -0.0, 0.0, -0.0, 0.00567, -0.999984, 0.374726, -0.0, 0.999984, 0.00567, 0.0, 0.0, 0.0, 0.0, 1.0]
            ]
        },
        {
            "name": "Torso",
            "time": [0.0, 0.0167, 0.0333, 0.05, 0.0667, 0.0833, 0.1, 0.1167, 0.1333, 0.15, 0.1667, 0.1833, 0.2, 0.2167, 0.2333, 0.25, 0.2667, 0.2833, 0.3, 0.3167, 0.3333],
            "transform": [
                [0.827689, 0.0, -0.561188, 0.0, 0.0, 1.0, 0.0, 0.05, 0.561188, 0.0, 0.827689, 0.0, 0.0, 0.0, 0.0, 1.0],
                [0.84507, 0.0, -0.534656, 0.0, 0.0, 1.0, 0.0, 0.05, 0.534656, 0.0, 0.84507, 0.0, 0.0, 0.0, 0.0, 1.0],
                [0.888583, 0.0, -0.458716, 0.0, 0.0, 1.0, 0.0, 0.05, 0.458716, 0.0, 0.888583, 0.0, 0.0, 0.0, 0.0, 1.0],
                [0.941371, 0.0, -0.337374, 0.0, 0.0, 1.0, 0.0, 0.05, 0.337374, 0.0, 0.941371, 0.0, 0.0, 0.0, 0.0, 1.0],
                [0.983985, 0.0, -0.178251, 0.0, 0.0, 1.0, 0.0, 0.05, 0.178251, 0.0, 0.983985, 0.0, 0.0, 0.0, 0.0, 1.0],
                [0.999995, 0.0, 0.003043, 0.0, 0.0, 1.0, 0.0, 0.05, -0.003043, 0.0, 0.999995, 0.0, 0.0, 0.0, 0.0, 1.0],
                [0.982882, 0.0, 0.184237, 0.0, 0.0, 1.0, 0.0, 0.05, -0.184237, 0.0, 0.982882, 0.0, 0.0, 0.0, 0.0, 1.0],
                [0.9393, 0.0, 0.343097, 0.0, 0.0, 1.0, 0.0, 0.05, -0.343097, 0.0, 0.9393, 0.0, 0.0, 0.0, 0.0, 1.0],
                [0.885774, 0.0, 0.464116, 0.0, 0.0, 1.0, 0.0, 0.05, -0.464116, 0.0, 0.885774, 0.0, 0.0, 0.0, 0.0, 1.0],
                [0.8418, 0.0, 0.539789, 0.0, 0.0, 1.0, 0.0, 0.05, -0.539789, 0.0, 0.8418, 0.0, 0.0, 0.0, 0.0, 1.0],
                [0.824258, 0.0, 0.566215, 0.0, 0.0, 1.0, 0.0, 0.05, -0.566215, 0.0, 0.824258, 0.0, 0.0, 0.0, 0.0, 1.0],
                [0.824258, 0.0, 0.566215, 0.0, 0.0, 1.0, 0.0, 0.05, -0.566215, 0.0, 0.824258, 0.0, 0.0, 0.0, 0.0, 1.0],
                [0.824258, 0.0, 0.566215, 0.0, 0.0, 1.0, 0.0, 0.05, -0.566215, 0.0, 0.824258, 0.0, 0.0, 0.0, 0.0, 1.0],
                [0.824258, 0.0, 0.566215, 0.0, 0.0, 1.0, 0.0, 0.05, -0.566215, 0.0, 0.824258, 0.0, 0.0, 0.0, 0.0, 1.0],
                [0.824258, 0.0, 0.566215, 0.0, 0.0, 1.0, 0.0, 0.05, -0.566215, 0.0, 0.824258, 0.0, 0.0, 0.0, 0.0, 1.0],
                [0.824258, 0.0, 0.566215, 0.0, 0.0, 1.0, 0.0, 0.05, -0.566215, 0.0, 0.824258, 0.0, 0.0, 0.0, 0.0, 1.0],
                [0.824258, 0.0, 0.566215, 0.0, 0.0, 1.0, 0.0, 0.05, -0.566215, 0.0, 0.824258, 0.0, 0.0, 0.0, 0.0, 1.0],
                [0.824258, 0.0, 0.566215, 0.0, 0.0, 1.0, 0.0, 0.05, -0.566215, 0.0, 0.824258, 0.0, 0.0, 0.0, 0.0, 1.0],
                [0.824258, 0.0, 0.566215, 0.0, 0.0, 1.0, 0.0, 0.05, -0.566215, 0.0, 0.824258, 0.0, 0.0, 0.0, 0.0, 1.0],
                [0.824258, 0.0, 0.566215, 0.0, 0.0, 1.0, 0.0, 0.05, -0.566215, 0.0, 0.824258, 0.0, 0.0, 0.0, 0.0, 1.0],
                [0.824258, 0.0, 0.566215, 0.0, 0.0, 1.0, 0.0, 0.05, -0.566215, 0.0, 0.824258, 0.0, 0.0, 0.0, 0.0, 1.0]
            ]
        },
        {
            "name": "Chest",
            "time": [0.0, 0.0167, 0.0333, 0.05, 0.0667, 0.0833, 0.1, 0.1167, 0.1333, 0.15, 0.1667, 0.1833, 0.2, 0.2167, 0.2333, 0.25, 0.2667, 0.2833, 0.3, 0.3167, 0.3333],
            "transform": [
                [1.0, 0.0, -0.0, -0.0, 0.0, 0.999999, 0.0, 0.3, 0.0, 0.0, 1.0, -0.0, 0.0, 0.0, 0.0, 1.0],
                [1.0, 0.0, 0.0, -0.0, 0.0, 1.0, 0.0, 0.3, 0.0, 0.0, 1.0, 0.0, 0.0, 0.0, 0.0, 1.0],
                [1.0, 0.0, 0.0, -0.0, 0.0, 1.0, 0.0, 0.3, 0.0, 0.0, 1.0, 0.0, 0.0, 0.0, 0.0, 1.0],
                [1.0, 0.0, -0.0, 0.0, 0.0, 1.0, 0.0, 0.3, 0.0, 0.0, 1.0, 0.0, 0.0, 0.0, 0.0, 1.0],
                [1.0, 0.0, -0.0, -0.0, 0.0, 1.0, 0.0, 0.3, 0.0, 0.0, 1.0, 0.0, 0.0, 0.0, 0.0, 1.0],
                [1.0, 0.0, -0.0, 0.0, 0.0, 1.0, 0.0, 0.3, 0.0, 0.0, 1.0, -0.0, 0.0, 0.0, 0.0, 1.0],
                [1.0, 0.0, 0.0, 0.0, 0.0, 1.0, 0.0, 0.3, 0.0, 0.0, 1.0, -0.0, 0.0, 0.0, 0.0, 1.0],
                [1.0, 0.0, -0.0, -0.0, 0.0, 1.0, 0.0, 0.3, 0.0, 0.0, 1.0, -0.0, 0.0, 0.0, 0.0, 1.0],
                [1.0, 0.0, -0.0, 0.0, 0.0, 1.0, 0.0, 0.3, 0.0, 0.0, 1.0, 0.0, 0.0, 0.0, 0.0, 1.0],
                [1.0, 0.0, 0.0, -0.0, 0.0, 1.0, 0.0, 0.3, 0.0, 0.0, 1.0, -0.0, 0.0, 0.0, 0.0, 1.0],
                [1.0, 0.0, 0.0, 0.0, 0.0, 0.999999, 0.0, 0.3, 0.0, 0.0, 1.0, -0.0, 0.0, 0.0, 0.0, 1.0],
                [1.0, 0.0, 0.0, 0.0, 0.0, 0.999999, 0.0, 0.3, 0.0, 0.0, 1.0, -0.0, 0.0, 0.0, 0.0, 1.0],
                [1.0, 0.0, 0.0, 0.0, 0.0, 0.999999, 0.0, 0.3, -0.0, 0.0, 1.0, -0.0, 0.0, 0.0, 0.0, 1.0],
                [1.0, 0.0, 0.0, 0.0, 0.0, 0.999999, 0.0, 0.3, 0.0, 0.0, 1.0, -0.0, 0.0, 0.0, 0.0, 1.0],
                [1.0, 0.0, 0.0, 0.0, 0.0, 0.999999, 0.0, 0.3, 0.0, 0.0, 1.0, -0.0, 0.0, 0.0, 0.0, 1.0],
                [1.0, 0.0, 0.0, 0.0, 0.0, 0.999999, 0.0, 0.3, 0.0, 0.0, 1.0, -0.0, 0.0, 0.0, 0.0, 1.0],
                [1.0, 0.0, 0.0, 0.0, 0.0, 0.999999, 0.0, 0.3, 0.0, 0.0, 1.0, 0.0, 0.0, 0.0, 0.0, 1.0],
                [1.0, 0.0, 0.0, 0.0, 0.0, 1.0, 0.0, 0.3, 0.0, 0.0, 1.0, 0.0, 0.0, 0.0, 0.0, 1.0],
                [1.0, 0.0, 0.0, 0.0, 0.0, 0.999999, 0.0, 0.3, 0.0, 0.0, 1.0, -0.0, 0.0, 0.0, 0.0, 1.0],
                [1.0, 0.0, 0.0, 0.0, 0.0, 0.999999, 0.0, 0.3, 0.0, 0.0, 1.0, -0.0, 0.0, 0.0, 0.0, 1.0],
                [1.0, 0.0, 0.0, 0.0, 0.0, 0.999999, 0.0, 0.3, 0.0, 0.0, 1.0, 0.0, 0.0, 0.0, 0.0, 1.0]
            ]
        },
        {
            "name": "Head",
            "time": [0.0, 0.0167, 0.0333, 0.05, 0.0667, 0.0833, 0.1, 0.1167, 0.1333, 0.15, 0.1667, 0.1833, 0.2, 0.2167, 0.2333, 0.25, 0.2667, 0.2833, 0.3, 0.3167, 0.3333],
            "transform": [
                [0.922929, 0.0, 0.384971, -0.0, 0.0, 1.0, 0.0, 0.4, -0.384971, 0.0, 0.922929, -0.0, 0.0, 0.0, 0.0, 1.0],
                [0.932187, 0.0, 0.361977, -0.0, 0.0, 1.0, 0.0, 0.4, -0.361977, 0.0, 0.932187, 0.0, 0.0, 0.0, 0.0, 1.0],
                [0.954613, 0.0, 0.29785, -0.0, 0.0, 1.0, 0.0, 0.4, -0.29785, 0.0, 0.954612, -0.0, 0.0, 0.0, 0.0, 1.0],
                [0.979912, 0.0, 0.199433, 0.0, 0.0, 1.0, 0.0, 0.4, -0.199433, 0.0, 0.979911, 0.0, 0.0, 0.0, 0.0, 1.0],
                [0.99715, 0.0, 0.075453, 0.0, 0.0, 1.0, 0.0, 0.4, -0.075453, 0.0, 0.997149, 0.0, 0.0, 0.0, 0.0, 1.0],
                [0.99808, 0.0, -0.061945, 0.0, 0.0, 1.0, 0.0, 0.4, 0.061945, 0.0, 0.99808, -0.0, 0.0, 0.0, 0.0, 1.0],
                [0.980167, 0.0, -0.198174, 0.0, 0.0, 1.0, 0.0, 0.4, 0.198174, 0.0, 0.980167, 0.0, 0.0, 0.0, 0.0, 1.0],
                [0.947731, 0.0, -0.319071, -0.0, 0.0, 1.0, 0.0, 0.4, 0.319071, 0.0, 0.947731, 0.0, 0.0, 0.0, 0.0, 1.0],
                [0.910456, 0.0, -0.413605, 0.0, 0.0, 1.0, 0.0, 0.4, 0.413605, 0.0, 0.910456, 0.0, 0.0, 0.0, 0.0, 1.0],
                [0.880274, 0.0, -0.474467, -0.0, 0.0, 1.0, 0.0, 0.4, 0.474467, 0.0, 0.880273, -0.0, 0.0, 0.0, 0.0, 1.0],
                [0.868243, 0.0, -0.496139, 0.0, 0.0, 1.0, 0.0, 0.4, 0.496139, 0.0, 0.868243, 0.0, 0.0, 0.0, 0.0, 1.0],
                [0.868243, 0.0, -0.496139, 0.0, 0.0, 1.0, 0.0, 0.4, 0.496139, 0.0, 0.868243, 0.0, 0.0, 0.0, 0.0, 1.0],
                [0.868243, 0.0, -0.496139, 0.0, 0.0, 1.0, 0.0, 0.4, 0.496139, 0.0, 0.868243, 0.0, 0.0, 0.0, 0.0, 1.0],
                [0.868243, 0.0, -0.496139, 0.0, 0.0, 1.0, 0.0, 0.4, 0.496139, 0.0, 0.868243, 0.0, 0.0, 0.0, 0.0, 1.0],
                [0.868243, 0.0, -0.496139, 0.0, 0.0, 1.0, 0.0, 0.4, 0.496139, 0.0, 0.868243, 0.0, 0.0, 0.0, 0.0, 1.0],
                [0.868243, 0.0, -0.496139, 0.0, 0.0, 1.0, 0.0, 0.4, 0.496139, 0.0, 0.868243, 0.0, 0.0, 0.0, 0.0, 1.0],
                [0.868243, 0.0, -0.496139, 0.0, 0.0, 1.0, 0.0, 0.4, 0.496139, 0.0, 0.868243, 0.0, 0.0, 0.0, 0.0, 1.0],
                [0.868243, 0.0, -0.496139, 0.0, 0.0, 1.0, 0.0, 0.4, 0.496139, 0.0, 0.868243, 0.0, 0.0, 0.0, 0.0, 1.0],
                [0.868243, 0.0, -0.496139, 0.0, 0.0, 1.0, 0.0, 0.4, 0.496139, 0.0, 0.868243, 0.0, 0.0, 0.0, 0.0, 1.0],
                [0.868243, 0.0, -0.496139, 0.0, 0.0, 1.0, 0.0, 0.4, 0.496139, 0.0, 0.868243, 0.0, 0.0, 0.0, 0.0, 1.0],
                [0.868243, 0.0, -0.496139, 0.0, 0.0, 1.0, 0.0, 0.4, 0.496139, 0.0, 0.868243, 0.0, 0.0, 0.0, 0.0, 1.0]
            ]
        },
        {
            "name": "Shoulder_R",
            "time": [0.0, 0.0167, 0.0333, 0.05, 0.0667, 0.0833, 0.1, 0.1167, 0.1333, 0.15, 0.1667, 0.1833, 0.2, 0.2167, 0.2333, 0.25, 0.2667, 0.2833, 0.3, 0.3167, 0.3333],
            "transform": [
                [0.0, 0.952114, 0.305743, 0.0, 0.0, -0.305743, 0.952114, 0.4, 1.0, -0.0, -0.0, 0.0, 0.0, 0.0, 0.0, 1.0],
                [0.0, 0.952114, 0.305743, 0.0, -0.0, -0.305743, 0.952114, 0.4, 1.0, 0.0, -0.0, 0.0, 0.0, 0.0, 0.0, 1.0],
                [0.0, 0.952114, 0.305743, 0.0, 0.0, -0.305743, 0.952114, 0.4, 1.0, 0.0, -0.0, 0.0, 0.0, 0.0, 0.0, 1.0],
                [0.0, 0.952114, 0.305743, 0.0, 0.0, -0.305743, 0.952114, 0.4, 1.0, 0.0, -0.0, 0.0, 0.0, 0.0, 0.0, 1.0],
                [0.0, 0.952114, 0.305743, 0.0, 0.0, -0.305743, 0.952114, 0.4, 1.0, 0.0, -0.0, 0.0, 0.0, 0.0, 0.0, 1.0],
                [0.0, 0.952114, 0.305743, 0.0, 0.0, -0.305743, 0.952114, 0.4, 1.0, 0.0, -0.0, 0.0, 0.0, 0.0, 0.0, 1.0],
                [0.0, 0.952114, 0.305743, 0.0, 0.0, -0.305743, 0.952114, 0.4, 1.0, 0.0, -0.0, 0.0, 0.0, 0.0, 0.0, 1.0],
                [0.0, 0.952114, 0.305743, 0.0, 0.0, -0.305743, 0.952114, 0.4, 1.0, -0.0, -0.0, 0.0, 0.0, 0.0, 0.0, 1.0],
                [0.0, 0.952114, 0.305743, 0.0, 0.0, -0.305743, 0.952114, 0.4, 1.0, 0.0, -0.0, 0.0, 0.0, 0.0, 0.0, 1.0],
                [0.0, 0.952114, 0.305743, 0.0, 0.0, -0.305743, 0.952114, 0.4, 1.0, 0.0, -0.0, 0.0, 0.0, 0.0, 0.0, 1.0],
                [0.0, 0.952114, 0.305743, 0.0, 0.0, -0.305743, 0.952114, 0.4, 1.0, 0.0, -0.0, 0.0, 0.0, 0.0, 0.0, 1.0],
                [0.0, 0.952114, 0.305743, 0.0, 0.0, -0.305743, 0.952114, 0.4, 1.0, 0.0, -0.0, 0.0, 0.0, 0.0, 0.0, 1.0],
                [0.0, 0.952114, 0.305743, 0.0, 0.0, -0.305743, 0.952114, 0.4, 1.0, 0.0, -0.0, 0.0, 0.0, 0.0, 0.0, 1.0],
                [0.0, 0.952114, 0.305743, 0.0, 0.0, -0.305743, 0.952114, 0.4, 1.0, 0.0, -0.0, 0.0, 0.0, 0.0, 0.0, 1.0],
                [0.0, 0.952114, 0.305743, 0.0, 0.0, -0.305743, 0.952114, 0.4, 1.0, 0.0, -0.0, 0.0, 0.0, 0.0, 0.0, 1.0],
                [0.0, 0.952114, 0.305743, 0.0, 0.0, -0.305743, 0.952114, 0.4, 1.0, 0.0, -0.0, 0.0, 0.0, 0.0, 0.0, 1.0],
                [0.0, 0.952114, 0.305743, 0.0, 0.0, -0.305743, 0.952114, 0.4, 1.0, 0.0, -0.0, 0.0, 0.0, 0.0, 0.0, 1.0],
                [0.0, 0.952114, 0.305743, 0.0, 0.0, -0.305743, 0.952114, 0.4, 1.0, 0.0, -0.0, 0.0, 0.0, 0.0, 0.0, 1.0],
                [0.0, 0.952114, 0.305743, 0.0, 0.0, -0.305743, 0.952114, 0.4, 1.0, 0.0, -0.0, 0.0, 0.0, 0.0, 0.0, 1.0],
                [0.0, 0.952114, 0.305743, 0.0, 0.0, -0.305743, 0.952114, 0.4, 1.0, 0.0, -0.0, 0.0, 0.0, 0.0, 0.0, 1.0],
                [0.0, 0.952114, 0.305743, 0.0, 0.0, -0.305743, 0.952114, 0.4, 1.0, 0.0, -0.0, 0.0, 0.0, 0.0, 0.0, 1.0]
            ]
        },
        {
            "name": "Arm_R",
            "time": [0.0, 0.0167, 0.0333, 0.05, 0.0667, 0.0833, 0.1, 0.1167, 0.1333, 0.15, 0.1667, 0.1833, 0.2, 0.2167, 0.2333, 0.25, 0.2667, 0.2833, 0.3, 0.3167, 0.3333],
            "transform": [
                [-0.062279, -0.525027, -0.848804, 0.0, -0.124312, 0.847913, -0.515355, 0.39386, 0.990287, 0.07342, -0.118075, -0.0, 0.0, 0.0, 0.0, 1.0],
                [-0.074783, -0.454912, -0.887391, 0.0, -0.111567, 0.888113, -0.44588, 0.39386, 0.990939, 0.065659, -0.117169, 0.0, 0.0, 0.0, 0.0, 1.0],
                [-0.096928, -0.580738, -0.8083, 0.0, -0.07379, 0.814082, -0.576044, 0.39386, 0.992552, 0.00381, -0.121761, 0.0, 0.0, 0.0, 0.0, 1.0],
                [-0.106902, -0.837153, -0.53642, 0.0, -0.014023, 0.540727, -0.841082, 0.39386, 0.99417, -0.082391, -0.069545, 0.0, 0.0, 0.0, 0.0, 1.0],
                [-0.091913, -0.964145, -0.24895, 0.0, 0.055107, 0.244699, -0.968032, 0.39386, 0.994241, -0.102694, 0.03064, 0.0, 0.0, 0.0, 0.0, 1.0],
                [-0.07903, -0.968822, -0.234813, -0.0, 0.148373, 0.221494, -0.963809, 0.393861, 0.985768, -0.11101, 0.126242, -0.0, 0.0, 0.0, 0.0, 1.0],
                [-0.117009, -0.933345, -0.339376, -0.0, 0.367767, 0.276708, -0.887796, 0.39386, 0.922527, -0.228692, 0.310875, 0.0, 0.0, 0.0, 0.0, 1.0],
                [-0.260734, -0.938826, -0.224996, -0.0, 0.47741, 0.077179, -0.875285, 0.39386, 0.839105, -0.335632, 0.428082, 0.0, 0.0, 0.0, 0.0, 1.0],
                [-0.396163, -0.904753, 0.156449, 0.0, 0.371198, -0.313662, -0.873973, 0.39386, 0.839801, -0.288163, 0.460104, 0.0, 0.0, 0.0, 0.0, 1.0],
                [-0.458488, -0.84808, 0.265612, -0.0, 0.278458, -0.42092, -0.863301, 0.39386, 0.843949, -0.321852, 0.429141, -0.0, 0.0, 0.0, 0.0, 1.0],
                [-0.473962, -0.842814, 0.254997, 0.0, 0.249576, -0.406295, -0.878998, 0.393861, 0.844436, -0.35297, 0.402915, 0.0, 0.0, 0.0, 0.0, 1.0],
                [-0.473962, -0.842814, 0.254997, 0.0, 0.249576, -0.406295, -0.878998, 0.393861, 0.844436, -0.35297, 0.402915, 0.0, 0.0, 0.0, 0.0, 1.0],
                [-0.473961, -0.842816, 0.254992, -0.0, 0.249577, -0.406291, -0.879, 0.39386, 0.844436, -0.352973, 0.402914, 0.0, 0.0, 0.0, 0.0, 1.0],
                [-0.473962, -0.842814, 0.254997, 0.0, 0.249576, -0.406295, -0.878998, 0.393861, 0.844436, -0.35297, 0.402915, 0.0, 0.0, 0.0, 0.0, 1.0],
                [-0.473962, -0.842814, 0.254997, 0.0, 0.249576, -0.406295, -0.878998, 0.393861, 0.844436, -0.35297, 0.402915, 0.0, 0.0, 0.0, 0.0, 1.0],
                [-0.473962, -0.842814, 0.254997, 0.0, 0.249576, -0.406295, -0.878998, 0.393861, 0.844436, -0.35297, 0.402915, 0.0, 0.0, 0.0, 0.0, 1.0],
                [-0.473962, -0.842814, 0.254998, 0.0, 0.249576, -0.406297, -0.878998, 0.39386, 0.844436, -0.35297, 0.402916, -0.0, 0.0, 0.0, 0.0, 1.0],
                [-0.473961, -0.842816, 0.254991, 0.0, 0.249577, -0.406289, -0.879001, 0.393861, 0.844436, -0.352973, 0.402913, 0.0, 0.0, 0.0, 0.0, 1.0],
                [-0.473962, -0.842814, 0.254997, 0.0, 0.249576, -0.406295, -0.878998, 0.393861, 0.844436, -0.35297, 0.402915, 0.0, 0.0, 0.0, 0.0, 1.0],
                [-0.473962, -0.842814, 0.254997, 0.0, 0.249576, -0.406295, -0.878998, 0.393861, 0.844436, -0.35297, 0.402915, 0.0, 0.0, 0.0, 0.0, 1.0],
                [-0.473962, -0.842814, 0.254998, 0.0, 0.249576, -0.406297, -0.878998, 0.39386, 0.844436, -0.35297, 0.402916, -0.0, 0.0, 0.0, 0.0, 1.0]
            ]
        },
        {
            "name": "Hand_R",
            "time": [0.0, 0.0167, 0.0333, 0.05, 0.0667, 0.0833, 0.1, 0.1167, 0.1333, 0.15, 0.1667, 0.1833, 0.2, 0.2167, 0.2333, 0.25, 0.2667, 0.2833, 0.3, 0.3167, 0.3333],
            "transform": [
                [1.0, -1e-06, 0.0, 0.0, 1e-06, 0.953441, -0.30158, 0.300003, 0.0, 0.30158, 0.953441, 0.0, 0.0, 0.0, 0.0, 1.0],
                [1.0, -2e-06, 1e-06, -0.0, 2e-06, 0.769985, -0.638063, 0.300003, 1e-06, 0.638062, 0.769985, -0.0, 0.0, 0.0, 0.0, 1.0],
                [1.0, -3e-06, 1e-06, -0.0, 3e-06, 0.620661, -0.784079, 0.300003, 1e-06, 0.784078, 0.620661, -0.0, 0.0, 0.0, 0.0, 1.0],
                [1.0, -2e-06, 1e-06, -0.0, 2e-06, 0.850148, -0.526544, 0.300003, 0.0, 0.526543, 0.850149, -0.0, 0.0, 0.0, 0.0, 1.0],
                [1.0, -0.0, 0.0, -0.0, -0.0, 1.0, -0.000994, 0.300002, 0.0, 0.000994, 1.0, 0.0, 0.0, 0.0, 0.0, 1.0],
                [1.0, 0.0, 0.0, -0.0, 0.0, 1.0, -0.000993, 0.300003, -0.0, 0.000993, 1.0, -0.0, 0.0, 0.0, 0.0, 1.0],
                [1.0, -2e-06, 0.0, 0.0, 2e-06, 0.911313, -0.411714, 0.300003, 0.0, 0.411714, 0.911313, 0.0, 0.0, 0.0, 0.0, 1.0],
                [1.0, -2e-06, 0.0, 0.0, 2e-06, 0.889525, -0.456888, 0.300002, 0.0, 0.456888, 0.889524, -0.0, 0.0, 0.0, 0.0, 1.0],
                [1.0, 0.0, 0.0, 0.0, 0.0, 0.999999, -0.000992, 0.300003, 0.0, 0.000992, 1.0, 0.0, 0.0, 0.0, 0.0, 1.0],
                [1.0, -0.0, 0.0, -0.0, -0.0, 1.0, -0.000992, 0.300002, -0.0, 0.000992, 0.999999, -0.0, 0.0, 0.0, 0.0, 1.0],
                [1.0, -0.0, 0.0, 0.0, 0.0, 0.994446, -0.105242, 0.300003, -0.0, 0.105242, 0.994447, -0.0, 0.0, 0.0, 0.0, 1.0],
                [1.0, -0.0, 0.0, 0.0, 0.0, 0.994446, -0.105242, 0.300003, -0.0, 0.105242, 0.994447, -0.0, 0.0, 0.0, 0.0, 1.0],
                [1.0, -0.0, 0.0, 0.0, 0.0, 0.994445, -0.105254, 0.300003, -0.0, 0.105254, 0.994446, -0.0, 0.0, 0.0, 0.0, 1.0],
                [1.0, -0.0, 0.0, 0.0, 0.0, 0.994446, -0.105242, 0.300003, -0.0, 0.105242, 0.994447, -0.0, 0.0, 0.0, 0.0, 1.0],
                [1.0, -0.0, 0.0, 0.0, 0.0, 0.994446, -0.105242, 0.300003, -0.0, 0.105242, 0.994447, -0.0, 0.0, 0.0, 0.0, 1.0],
                [1.0, -0.0, 0.0, 0.0, 0.0, 0.994446, -0.105242, 0.300003, -0.0, 0.105242, 0.994447, -0.0, 0.0, 0.0, 0.0, 1.0],
                [1.0, -0.0, 0.0, -0.0, 0.0, 0.994447, -0.10524, 0.300003, -0.0, 0.105239, 0.994447, -0.0, 0.0, 0.0, 0.0, 1.0],
                [1.0, -0.0, 0.0, -0.0, 0.0, 0.994445, -0.105257, 0.300003, -0.0, 0.105257, 0.994445, 0.0, 0.0, 0.0, 0.0, 1.0],
                [1.0, -0.0, 0.0, 0.0, 0.0, 0.994446, -0.105242, 0.300003, -0.0, 0.105242, 0.994447, -0.0, 0.0, 0.0, 0.0, 1.0],
                [1.0, -0.0, 0.0, 0.0, 0.0, 0.994446, -0.105242, 0.300003, -0.0, 0.105242, 0.994447, -0.0, 0.0, 0.0, 0.0, 1.0],
                [1.0, -0.0, 0.0, -0.0, 0.0, 0.994447, -0.10524, 0.300003, -0.0, 0.105239, 0.994447, -0.0, 0.0, 0.0, 0.0, 1.0]
            ]
        },
        {
            "name": "Tool_R",
            "time": [0.0, 0.0167, 0.0333, 0.05, 0.0667, 0.0833, 0.1, 0.1167, 0.1333, 0.15, 0.1667, 0.1833, 0.2, 0.2167, 0.2333, 0.25, 0.2667, 0.2833, 0.3, 0.3167, 0.3333],
            "transform": [
                [-0.70779, 0.665858, -0.235938, -0.025448, 0.236467, -0.091402, -0.967331, 0.376372, -0.665671, -0.740459, -0.09276, 0.061083, 0.0, 0.0, 0.0, 1.0],
                [-0.70779, 0.665858, -0.235938, -0.02547, 0.236467, -0.091402, -0.967331, 0.37459, -0.66567, -0.740459, -0.09276, 0.060375, 0.0, 0.0, 0.0, 1.0],
                [-0.70779, 0.665858, -0.235938, -0.025531, 0.236467, -0.091402, -0.967331, 0.369754, -0.66567, -0.740459, -0.09276, 0.058454, 0.0, 0.0, 0.0, 1.0],
                [-0.70779, 0.665858, -0.235938, -0.025621, 0.236467, -0.091402, -0.967331, 0.362628, -0.66567, -0.740459, -0.09276, 0.055623, 0.0, 0.0, 0.0, 1.0],
                [-0.70779, 0.665858, -0.235938, -0.02573, 0.236467, -0.091402, -0.967331, 0.353974, -0.665671, -0.740459, -0.092759, 0.052184, 0.0, 0.0, 0.0, 1.0],
                [-0.70779, 0.665858, -0.235938, -0.025849, 0.236467, -0.091402, -0.967331, 0.344558, -0.665671, -0.740459, -0.09276, 0.048443, 0.0, 0.0, 0.0, 1.0],
                [-0.70779, 0.665858, -0.235938, -0.025967, 0.236467, -0.091402, -0.967331, 0.335141, -0.665671, -0.740459, -0.09276, 0.044701, 0.0, 0.0, 0.0, 1.0],
                [-0.70779, 0.665858, -0.235937, -0.026076, 0.236467, -0.091402, -0.967331, 0.326487, -0.66567, -0.740459, -0.09276, 0.041263, 0.0, 0.0, 0.0, 1.0],
                [-0.70779, 0.665858, -0.235938, -0.026166, 0.236467, -0.091402, -0.967331, 0.319361, -0.66567, -0.740459, -0.09276, 0.038431, 0.0, 0.0, 0.0, 1.0],
                [-0.70779, 0.665859, -0.235938, -0.026227, 0.236467, -0.091402, -0.967332, 0.314526, -0.665671, -0.740459, -0.09276, 0.03651, 0.0, 0.0, 0.0, 1.0],
                [-0.70779, 0.665858, -0.235938, -0.02625, 0.236467, -0.091402, -0.967331, 0.312744, -0.665671, -0.740459, -0.09276, 0.035802, 0.0, 0.0, 0.0, 1.0],
                [-0.70779, 0.665858, -0.235938, -0.02625, 0.236467, -0.091402, -0.967331, 0.312744, -0.665671, -0.740459, -0.09276, 0.035802, 0.0, 0.0, 0.0, 1.0],
                [-0.70779, 0.665858, -0.235938, -0.02625, 0.236467, -0.091402, -0.967331, 0.312744, -0.665671, -0.740459, -0.09276, 0.035802, 0.0, 0.0, 0.0, 1.0],
                [-0.70779, 0.665858, -0.235938, -0.02625, 0.236467, -0.091402, -0.967331, 0.312744, -0.665671, -0.740459, -0.09276, 0.035802, 0.0, 0.0, 0.0, 1.0],
                [-0.70779, 0.665858, -0.235938, -0.02625, 0.236467, -0.091402, -0.967331, 0.312744, -0.665671, -0.740459, -0.09276, 0.035802, 0.0, 0.0, 0.0, 1.0],
                [-0.70779, 0.665858, -0.235938, -0.02625, 0.236467, -0.091402, -0.967331, 0.312744, -0.665671, -0.740459, -0.09276, 0.035802, 0.0, 0.0, 0.0, 1.0],
                [-0.70779, 0.665858, -0.235938, -0.02625, 0.236467, -0.091402, -0.967331, 0.312744, -0.66567, -0.740459, -0.09276, 0.035802, 0.0, 0.0, 0.0, 1.0],
                [-0.70779, 0.665858, -0.235938, -0.02625, 0.236467, -0.091402, -0.967331, 0.312744, -0.66567, -0.740459, -0.09276, 0.035802, 0.0, 0.0, 0.0, 1.0],
                [-0.70779, 0.665858, -0.235938, -0.02625, 0.236467, -0.091402, -0.967331, 0.312744, -0.665671, -0.740459, -0.09276, 0.035802, 0.0, 0.0, 0.0, 1.0],
                [-0.70779, 0.665858, -0.235938, -0.02625, 0.236467, -0.091402, -0.967331, 0.312744, -0.665671, -0.740459, -0.09276, 0.035802, 0.0, 0.0, 0.0, 1.0],
                [-0.70779, 0.665858, -0.235938, -0.02625, 0.236467, -0.091402, -0.967331, 0.312744, -0.66567, -0.740459, -0.09276, 0.035802, 0.0, 0.0, 0.0, 1.0]
            ]
        },
        {
            "name": "Elbow_R",
            "time": [0.0, 0.3333],
            "transform": [
                [-1.0, 0.0, -0.0, 0.0, 0.0, 0.003946, -0.999992, 0.327906, -0.0, -0.999992, -0.003946, -0.001142, 0.0, 0.0, 0.0, 1.0],
                [-1.0, 0.0, -0.0, -0.0, 0.0, 0.003946, -0.999992, 0.309079, -0.0, -0.999992, -0.003946, -0.001217, 0.0, 0.0, 0.0, 1.0]
            ]
        },
        {
            "name": "Shoulder_L",
            "time": [0.0, 0.0167, 0.0333, 0.05, 0.0667, 0.0833, 0.1, 0.1167, 0.1333, 0.15, 0.1667, 0.1833, 0.2, 0.2167, 0.2333, 0.25, 0.2667, 0.2833, 0.3, 0.3167, 0.3333],
            "transform": [
                [0.0, -0.952114, -0.305743, -0.0, 0.0, -0.305743, 0.952114, 0.4, -1.0, -0.0, 0.0, 0.0, 0.0, 0.0, 0.0, 1.0],
                [0.0, -0.952114, -0.305743, -0.0, 0.0, -0.305743, 0.952114, 0.4, -1.0, -0.0, 0.0, 0.0, 0.0, 0.0, 0.0, 1.0],
                [0.0, -0.952114, -0.305743, -0.0, 0.0, -0.305743, 0.952114, 0.4, -1.0, -0.0, 0.0, 0.0, 0.0, 0.0, 0.0, 1.0],
                [0.0, -0.952114, -0.305743, -0.0, 0.0, -0.305743, 0.952114, 0.4, -1.0, -0.0, 0.0, -0.0, 0.0, 0.0, 0.0, 1.0],
                [0.0, -0.952114, -0.305743, -0.0, 0.0, -0.305743, 0.952114, 0.4, -1.0, -0.0, 0.0, 0.0, 0.0, 0.0, 0.0, 1.0],
                [0.0, -0.952114, -0.305743, -0.0, 0.0, -0.305743, 0.952114, 0.4, -1.0, -0.0, 0.0, -0.0, 0.0, 0.0, 0.0, 1.0],
                [0.0, -0.952114, -0.305743, -0.0, 0.0, -0.305743, 0.952114, 0.4, -1.0, -0.0, 0.0, 0.0, 0.0, 0.0, 0.0, 1.0],
                [0.0, -0.952114, -0.305743, -0.0, 0.0, -0.305743, 0.952114, 0.4, -1.0, -0.0, 0.0, -0.0, 0.0, 0.0, 0.0, 1.0],
                [0.0, -0.952114, -0.305743, -0.0, 0.0, -0.305743, 0.952114, 0.4, -1.0, -0.0, 0.0, 0.0, 0.0, 0.0, 0.0, 1.0],
                [0.0, -0.952114, -0.305743, -0.0, 0.0, -0.305743, 0.952114, 0.4, -1.0, -0.0, 0.0, -0.0, 0.0, 0.0, 0.0, 1.0],
                [0.0, -0.952114, -0.305743, 0.0, 0.0, -0.305743, 0.952114, 0.4, -1.0, -0.0, 0.0, 0.0, 0.0, 0.0, 0.0, 1.0],
                [0.0, -0.952114, -0.305743, 0.0, 0.0, -0.305743, 0.952114, 0.4, -1.0, -0.0, 0.0, 0.0, 0.0, 0.0, 0.0, 1.0],
                [0.0, -0.952114, -0.305743, 0.0, 0.0, -0.305743, 0.952114, 0.4, -1.0, 0.0, 0.0, 0.0, 0.0, 0.0, 0.0, 1.0],
