{
    "animation": [
        {
            "name": "Root",
            "time": [0.0, 0.0167, 0.0333, 0.05, 0.0667, 0.0833, 0.1, 0.1167, 0.1333, 0.15, 0.1667, 0.1833, 0.2, 0.2167, 0.2333, 0.25, 0.2667, 0.2833, 0.3, 0.3167, 0.3333],
            "transform": [
                [1.0, 0.0, 0.0, -5e-06, 0.0, 0.0, -1.0, 0.000946, 0.0, 1.0, 0.0, 0.763972, 0.0, 0.0, 0.0, 1.0],
                [1.0, 0.0, 0.0, -5e-06, 0.0, 0.0, -1.0, 0.000946, 0.0, 1.0, 0.0, 0.763972, 0.0, 0.0, 0.0, 1.0],
                [1.0, 0.0, 0.0, -5e-06, 0.0, 0.0, -1.0, 0.000946, 0.0, 1.0, 0.0, 0.763972, 0.0, 0.0, 0.0, 1.0],
                [1.0, 0.0, 0.0, -5e-06, 0.0, 0.0, -1.0, 0.000946, 0.0, 1.0, 0.0, 0.763972, 0.0, 0.0, 0.0, 1.0],
                [1.0, 0.0, 0.0, -5e-06, 0.0, 0.0, -1.0, 0.000946, 0.0, 1.0, 0.0, 0.763972, 0.0, 0.0, 0.0, 1.0],
                [1.0, 0.0, 0.0, -5e-06, 0.0, 0.0, -1.0, 0.000946, 0.0, 1.0, 0.0, 0.763972, 0.0, 0.0, 0.0, 1.0],
                [1.0, 0.0, 0.0, -5e-06, 0.0, 0.0, -1.0, 0.000946, 0.0, 1.0, 0.0, 0.763972, 0.0, 0.0, 0.0, 1.0],
                [1.0, 0.0, 0.0, -5e-06, 0.0, 0.0, -1.0, 0.000946, 0.0, 1.0, 0.0, 0.763972, 0.0, 0.0, 0.0, 1.0],
                [1.0, 0.0, 0.0, -5e-06, 0.0, 0.0, -1.0, 0.000946, 0.0, 1.0, 0.0, 0.763972, 0.0, 0.0, 0.0, 1.0],
                [1.0, 0.0, 0.0, -5e-06, 0.0, 0.0, -1.0, 0.000946, 0.0, 1.0, 0.0, 0.763972, 0.0, 0.0, 0.0, 1.0],
                [1.0, 0.0, 0.0, -5e-06, 0.0, 0.0, -1.0, 0.000946, 0.0, 1.0, 0.0, 0.763972, 0.0, 0.0, 0.0, 1.0],
                [1.0, 0.0, 0.0, -5e-06, 0.0, 0.0, -1.0, 0.000946, 0.0, 1.0, 0.0, 0.763972, 0.0, 0.0, 0.0, 1.0],
                [1.0, 0.0, 0.0, -5e-06, 0.0, 0.0, -1.0, 0.000946, 0.0, 1.0, 0.0, 0.763972, 0.0, 0.0, 0.0, 1.0],
                [1.0, 0.0, 0.0, -5e-06, 0.0, 0.0, -1.0, 0.000946, 0.0, 1.0, 0.0, 0.763972, 0.0, 0.0, 0.0, 1.0],
                [1.0, 0.0, 0.0, -5e-06, 0.0, 0.0, -1.0, 0.000946, 0.0, 1.0, 0.0, 0.763972, 0.0, 0.0, 0.0, 1.0],
                [1.0, 0.0, 0.0, -5e-06, 0.0, 0.0, -1.0, 0.000946, 0.0, 1.0, 0.0, 0.763972, 0.0, 0.0, 0.0, 1.0],
                [1.0, 0.0, 0.0, -5e-06, 0.0, 0.0, -1.0, 0.000946, 0.0, 1.0, 0.0, 0.763972, 0.0, 0.0, 0.0, 1.0],
                [1.0, 0.0, 0.0, -5e-06, 0.0, 0.0, -1.0, 0.000946, 0.0, 1.0, 0.0, 0.763972, 0.0, 0.0, 0.0, 1.0],
                [1.0, 0.0, 0.0, -5e-06, 0.0, 0.0, -1.0, 0.000946, 0.0, 1.0, 0.0, 0.763972, 0.0, 0.0, 0.0, 1.0],
                [1.0, 0.0, 0.0, -5e-06, 0.0, 0.0, -1.0, 0.000946, 0.0, 1.0, 0.0, 0.763972, 0.0, 0.0, 0.0, 1.0],
                [1.0, 0.0, 0.0, -5e-06, 0.0, 0.0, -1.0, 0.000946, 0.0, 1.0, 0.0, 0.763972, 0.0, 0.0, 0.0, 1.0]
            ]
        },
        {
            "name": "Thigh_R",
            "time": [0.0, 0.0167, 0.0333, 0.05, 0.0667, 0.0833, 0.1, 0.1167, 0.1333, 0.15, 0.1667, 0.1833, 0.2, 0.2167, 0.2333, 0.25, 0.2667, 0.2833, 0.3, 0.3167, 0.3333],
            "transform": [
                [1.0, -1.4e-05, 6e-06, 0.124994, -1.2e-05, -0.470323, 0.882495, -0.002831, -9e-06, -0.882495, -0.470323, -1.2e-05, 0.0, 0.0, 0.0, 1.0],
                [1.0, -1.4e-05, 6e-06, 0.124994, -1.2e-05, -0.470829, 0.882225, -0.002831, -9e-06, -0.882225, -0.470829, -1.2e-05, 0.0, 0.0, 0.0, 1.0],
                [1.0, -1.3e-05, 5e-06, 0.124994, -1.1e-05, -0.48232, 0.875996, -0.002831, -9e-06, -0.875996, -0.48232, -1.2e-05, 0.0, 0.0, 0.0, 1.0],
                [1.0, -1.1e-05, 4e-06, 0.124994, -1e-05, -0.518528, 0.855061, -0.002831, -8e-06, -0.855061, -0.518528, -1.2e-05, 0.0, 0.0, 0.0, 1.0],
                [1.0, -1e-05, 3e-06, 0.124994, -8e-06, -0.582404, 0.8129, -0.002831, -6e-06, -0.8129, -0.582404, -1.2e-05, 0.0, 0.0, 0.0, 1.0],
                [1.0, -8e-06, 2e-06, 0.124994, -7e-06, -0.661931, 0.749565, -0.002831, -4e-06, -0.749565, -0.661931, -1.2e-05, 0.0, 0.0, 0.0, 1.0],
                [1.0, -6e-06, 2e-06, 0.124994, -6e-06, -0.734552, 0.678553, -0.002831, -3e-06, -0.678553, -0.734552, -1.2e-05, 0.0, 0.0, 0.0, 1.0],
                [1.0, -6e-06, 1e-06, 0.124994, -5e-06, -0.791641, 0.610987, -0.002831, -3e-06, -0.610987, -0.791641, -1.2e-05, 0.0, 0.0, 0.0, 1.0],
                [1.0, -6e-06, 1e-06, 0.124994, -5e-06, -0.837966, 0.545723, -0.002831, -2e-06, -0.545723, -0.837966, -1.2e-05, 0.0, 0.0, 0.0, 1.0],
                [1.0, -6e-06, 1e-06, 0.124994, -5e-06, -0.878255, 0.478195, -0.002831, -2e-06, -0.478195, -0.878254, -1.2e-05, 0.0, 0.0, 0.0, 1.0],
                [1.0, -6e-06, 1e-06, 0.124994, -5e-06, -0.911748, 0.410751, -0.002831, -1e-06, -0.410751, -0.911748, -1.2e-05, 0.0, 0.0, 0.0, 1.0],
                [1.0, -5e-06, 1e-06, 0.124994, -5e-06, -0.934428, 0.356156, -0.002831, -1e-06, -0.356156, -0.934427, -1.2e-05, 0.0, 0.0, 0.0, 1.0],
                [1.0, -5e-06, 1e-06, 0.124994, -5e-06, -0.942618, 0.333874, -0.002831, -1e-06, -0.333874, -0.942618, -1.2e-05, 0.0, 0.0, 0.0, 1.0],
                [1.0, -5e-06, 1e-06, 0.124994, -5e-06, -0.942618, 0.333874, -0.002831, -1e-06, -0.333874, -0.942618, -1.2e-05, 0.0, 0.0, 0.0, 1.0],
                [1.0, -5e-06, 1e-06, 0.124994, -5e-06, -0.942618, 0.333874, -0.002831, -1e-06, -0.333874, -0.942618, -1.2e-05, 0.0, 0.0, 0.0, 1.0],
                [1.0, -5e-06, 1e-06, 0.124994, -5e-06, -0.942618, 0.333874, -0.002831, -1e-06, -0.333874, -0.942618, -1.2e-05, 0.0, 0.0, 0.0, 1.0],
                [1.0, -5e-06, 1e-06, 0.124994, -5e-06, -0.942618, 0.333874, -0.002831, -1e-06, -0.333874, -0.942618, -1.2e-05, 0.0, 0.0, 0.0, 1.0],
                [1.0, -5e-06, 1e-06, 0.124994, -5e-06, -0.942618, 0.333874, -0.002831, -1e-06, -0.333874, -0.942618, -1.2e-05, 0.0, 0.0, 0.0, 1.0],
                [1.0, -5e-06, 1e-06, 0.124994, -5e-06, -0.942618, 0.333874, -0.002831, -1e-06, -0.333874, -0.942618, -1.2e-05, 0.0, 0.0, 0.0, 1.0],
                [1.0, -5e-06, 1e-06, 0.124994, -5e-06, -0.942618, 0.333874, -0.002831, -1e-06, -0.333874, -0.942618, -1.2e-05, 0.0, 0.0, 0.0, 1.0],
                [1.0, -5e-06, 1e-06, 0.124994, -5e-06, -0.942618, 0.333874, -0.002831, -1e-06, -0.333874, -0.942618, -1.2e-05, 0.0, 0.0, 0.0, 1.0]
            ]
        },
        {
            "name": "Leg_R",
            "time": [0.0, 0.0167, 0.0333, 0.05, 0.0667, 0.0833, 0.1, 0.1167, 0.1333, 0.15, 0.1667, 0.1833, 0.2, 0.2167, 0.2333, 0.25, 0.2667, 0.2833, 0.3, 0.3167, 0.3333],
            "transform": [
                [1.0, 2.1e-05, 2e-05, 0.0, -2.2e-05, 0.069259, 0.997598, 0.374726, 1.9e-05, -0.997599, 0.069259, -0.0, 0.0, 0.0, 0.0, 1.0],
                [1.0, 2.1e-05, 1.9e-05, -0.0, -2.2e-05, 0.111763, 0.993734, 0.374726, 1.9e-05, -0.993735, 0.111763, -0.0, 0.0, 0.0, 0.0, 1.0],
                [1.0, 2e-05, 1.7e-05, -0.0, -2.1e-05, 0.226674, 0.97397, 0.374726, 1.6e-05, -0.973971, 0.226674, 0.0, 0.0, 0.0, 0.0, 1.0],
                [1.0, 1.9e-05, 1.3e-05, 0.0, -2e-05, 0.393115, 0.919489, 0.374726, 1.2e-05, -0.91949, 0.393115, -0.0, 0.0, 0.0, 0.0, 1.0],
                [1.0, 1.7e-05, 1e-05, 0.0, -1.8e-05, 0.576969, 0.816766, 0.374726, 8e-06, -0.816766, 0.576969, 0.0, 0.0, 0.0, 0.0, 1.0],
                [1.0, 1.4e-05, 6e-06, -0.0, -1.5e-05, 0.730242, 0.683189, 0.374726, 5e-06, -0.683189, 0.730242, 0.0, 0.0, 0.0, 0.0, 1.0],
                [1.0, 1.2e-05, 5e-06, 0.0, -1.3e-05, 0.816625, 0.577168, 0.374726, 3e-06, -0.577169, 0.816625, 0.0, 0.0, 0.0, 0.0, 1.0],
                [1.0, 1.1e-05, 4e-06, -0.0, -1.1e-05, 0.851395, 0.524524, 0.374726, 2e-06, -0.524525, 0.851395, 0.0, 0.0, 0.0, 0.0, 1.0],
                [1.0, 1.1e-05, 4e-06, -0.0, -1.1e-05, 0.860871, 0.508823, 0.374726, 2e-06, -0.508823, 0.860871, 0.0, 0.0, 0.0, 0.0, 1.0],
                [1.0, 1.1e-05, 4e-06, 0.0, -1.1e-05, 0.864913, 0.501921, 0.374726, 2e-06, -0.501921, 0.864913, 0.0, 0.0, 0.0, 0.0, 1.0],
                [1.0, 1e-05, 3e-06, -0.0, -1.1e-05, 0.872757, 0.488154, 0.374726, 2e-06, -0.488155, 0.872757, 0.0, 0.0, 0.0, 0.0, 1.0],
                [1.0, 1e-05, 3e-06, 0.0, -1e-05, 0.882702, 0.469933, 0.374726, 2e-06, -0.469934, 0.882702, -0.0, 0.0, 0.0, 0.0, 1.0],
                [1.0, 1e-05, 3e-06, 0.0, -1e-05, 0.887328, 0.461137, 0.374726, 2e-06, -0.461138, 0.887328, 0.0, 0.0, 0.0, 0.0, 1.0],
                [1.0, 1e-05, 3e-06, -0.0, -1e-05, 0.887328, 0.461137, 0.374726, 2e-06, -0.461138, 0.887328, 0.0, 0.0, 0.0, 0.0, 1.0],
                [1.0, 1e-05, 3e-06, -0.0, -1e-05, 0.887328, 0.461137, 0.374726, 2e-06, -0.461138, 0.887328, 0.0, 0.0, 0.0, 0.0, 1.0],
                [1.0, 1e-05, 3e-06, -0.0, -1e-05, 0.887328, 0.461138, 0.374726, 2e-06, -0.461138, 0.887328, 0.0, 0.0, 0.0, 0.0, 1.0],
                [1.0, 1e-05, 3e-06, -0.0, -1e-05, 0.887328, 0.461137, 0.374726, 2e-06, -0.461138, 0.887328, 0.0, 0.0, 0.0, 0.0, 1.0],
                [1.0, 1e-05, 3e-06, -0.0, -1e-05, 0.887328, 0.461137, 0.374726, 2e-06, -0.461138, 0.887328, 0.0, 0.0, 0.0, 0.0, 1.0],
                [1.0, 1e-05, 3e-06, -0.0, -1e-05, 0.887328, 0.461138, 0.374726, 2e-06, -0.461138, 0.887328, 0.0, 0.0, 0.0, 0.0, 1.0],
                [1.0, 1e-05, 3e-06, -0.0, -1e-05, 0.887328, 0.461137, 0.374726, 2e-06, -0.461138, 0.887328, 0.0, 0.0, 0.0, 0.0, 1.0],
                [1.0, 1e-05, 3e-06, -0.0, -1e-05, 0.887328, 0.461137, 0.374726, 2e-06, -0.461138, 0.887328, 0.0, 0.0, 0.0, 0.0, 1.0]
            ]
        },
        {
            "name": "Knee_R",
            "time": [0.0, 0.3333],
            "transform": [
                [1.0, 0.0, -0.0, 0.0, -0.0, 0.00567, -0.999984, 0.476253, -0.0, 0.999984, 0.00567, -0.000576, 0.0, 0.0, 0.0, 1.0],
                [1.0, 0.0, -0.0, -0.0, -0.0, 0.00567, -0.999984, 0.374726, -0.0, 0.999984, 0.00567, 0.0, 0.0, 0.0, 0.0, 1.0]
            ]
        },
        {
            "name": "Thigh_L",
            "time": [0.0, 0.0167, 0.0333, 0.05, 0.0667, 0.0833, 0.1, 0.1167, 0.1333, 0.15, 0.1667, 0.1833, 0.2, 0.2167, 0.2333, 0.25, 0.2667, 0.2833, 0.3, 0.3167, 0.3333],
            "transform": [
                [0.999112, -0.027302, 0.032101, -0.125006, -0.026742, -0.999485, -0.017743, -0.002831, 0.032569, 0.016869, -0.999327, -1.2e-05, 0.0, 0.0, 0.0, 1.0],
                [0.999095, -0.026265, 0.033455, -0.125006, -0.026992, -0.999406, 0.021469, -0.002831, 0.032871, -0.022353, -0.99921, -1.2e-05, 0.0, 0.0, 0.0, 1.0],
                [0.999054, -0.024241, 0.036117, -0.125006, -0.027605, -0.995023, 0.095748, -0.002831, 0.033616, -0.096655, -0.99475, -1.2e-05, 0.0, 0.0, 0.0, 1.0],
                [0.999, -0.02228, 0.038761, -0.125006, -0.028374, -0.98596, 0.164556, -0.002831, 0.034551, -0.165491, -0.985606, -1.2e-05, 0.0, 0.0, 0.0, 1.0],
                [0.998952, -0.020858, 0.040747, -0.125006, -0.029052, -0.976789, 0.212229, -0.002831, 0.035375, -0.213191, -0.97637, -1.2e-05, 0.0, 0.0, 0.0, 1.0],
                [0.99893, -0.020305, 0.04154, -0.125006, -0.029345, -0.9727, 0.230205, -0.002831, 0.035732, -0.231178, -0.972255, -1.2e-05, 0.0, 0.0, 0.0, 1.0],
                [0.998943, -0.020616, 0.041092, -0.125006, -0.029178, -0.975035, 0.220128, -0.002831, 0.035528, -0.221094, -0.974605, -1.2e-05, 0.0, 0.0, 0.0, 1.0],
                [0.998973, -0.021452, 0.039907, -0.125006, -0.028754, -0.980871, 0.192524, -0.002831, 0.035013, -0.193474, -0.980481, -1.2e-05, 0.0, 0.0, 0.0, 1.0],
                [0.999013, -0.022697, 0.038191, -0.125006, -0.028195, -0.988253, 0.150207, -0.002831, 0.034333, -0.151136, -0.987917, -1.2e-05, 0.0, 0.0, 0.0, 1.0],
                [0.999053, -0.024229, 0.036133, -0.125006, -0.027609, -0.994981, 0.09618, -0.002831, 0.033621, -0.097087, -0.994708, -1.2e-05, 0.0, 0.0, 0.0, 1.0],
                [0.999088, -0.025891, 0.033945, -0.125006, -0.027092, -0.999005, 0.03543, -0.002831, 0.032994, -0.036317, -0.998796, -1.2e-05, 0.0, 0.0, 0.0, 1.0],
                [0.999113, -0.027376, 0.032004, -0.125006, -0.026726, -0.999432, -0.020565, -0.002831, 0.032549, 0.019691, -0.999276, -1.2e-05, 0.0, 0.0, 0.0, 1.0],
                [0.999122, -0.028061, 0.031111, -0.125006, -0.026587, -0.998549, -0.046835, -0.002831, 0.03238, 0.045967, -0.998418, -1.2e-05, 0.0, 0.0, 0.0, 1.0],
                [0.999122, -0.028061, 0.031111, -0.125006, -0.026587, -0.998549, -0.046835, -0.002831, 0.03238, 0.045967, -0.998418, -1.2e-05, 0.0, 0.0, 0.0, 1.0],
                [0.999122, -0.028061, 0.031111, -0.125006, -0.026587, -0.998549, -0.046835, -0.002831, 0.03238, 0.045967, -0.998418, -1.2e-05, 0.0, 0.0, 0.0, 1.0],
                [0.999122, -0.028061, 0.031111, -0.125006, -0.026587, -0.998549, -0.046835, -0.002831, 0.03238, 0.045967, -0.998418, -1.2e-05, 0.0, 0.0, 0.0, 1.0],
                [0.999122, -0.028061, 0.031111, -0.125006, -0.026587, -0.998549, -0.046835, -0.002831, 0.03238, 0.045967, -0.998418, -1.2e-05, 0.0, 0.0, 0.0, 1.0],
                [0.999122, -0.028061, 0.031111, -0.125006, -0.026587, -0.998549, -0.046835, -0.002831, 0.03238, 0.045967, -0.998418, -1.2e-05, 0.0, 0.0, 0.0, 1.0],
                [0.999122, -0.028061, 0.031111, -0.125006, -0.026587, -0.998549, -0.046835, -0.002831, 0.03238, 0.045967, -0.998418, -1.2e-05, 0.0, 0.0, 0.0, 1.0],
                [0.999122, -0.028061, 0.031111, -0.125006, -0.026587, -0.998549, -0.046835, -0.002831, 0.03238, 0.045967, -0.998418, -1.2e-05, 0.0, 0.0, 0.0, 1.0],
                [0.999122, -0.028061, 0.031111, -0.125006, -0.026587, -0.998549, -0.046835, -0.002831, 0.03238, 0.045967, -0.998418, -1.2e-05, 0.0, 0.0, 0.0, 1.0]
            ]
        },
        {
            "name": "Leg_L",
            "time": [0.0, 0.0167, 0.0333, 0.05, 0.0667, 0.0833, 0.1, 0.1167, 0.1333, 0.15, 0.1667, 0.1833, 0.2, 0.2167, 0.2333, 0.25, 0.2667, 0.2833, 0.3, 0.3167, 0.3333],
            "transform": [
                [1.0, 1e-05, 3e-06, -0.0, -1e-05, 0.884016, 0.467455, 0.374726, 2e-06, -0.467456, 0.884017, 0.0, 0.0, 0.0, 0.0, 1.0],
                [1.0, 1.1e-05, 4e-06, 0.0, -1.2e-05, 0.841356, 0.540481, 0.374726, 3e-06, -0.540482, 0.841356, -0.0, 0.0, 0.0, 0.0, 1.0],
                [1.0, 1.4e-05, 6e-06, 0.0, -1.4e-05, 0.741721, 0.670708, 0.374726, 5e-06, -0.670708, 0.741722, 0.0, 0.0, 0.0, 0.0, 1.0],
                [1.0, 1.6e-05, 9e-06, -0.0, -1.7e-05, 0.626741, 0.779227, 0.374726, 7e-06, -0.779228, 0.626741, 0.0, 0.0, 0.0, 0.0, 1.0],
                [1.0, 1.8e-05, 1.1e-05, 0.0, -1.9e-05, 0.533643, 0.845709, 0.374726, 1e-05, -0.84571, 0.533644, 0.0, 0.0, 0.0, 0.0, 1.0],
                [1.0, 1.8e-05, 1.1e-05, 0.0, -1.9e-05, 0.495523, 0.868594, 0.374726, 1e-05, -0.868595, 0.495523, 0.0, 0.0, 0.0, 0.0, 1.0],
                [1.0, 1.8e-05, 1.1e-05, 0.0, -1.9e-05, 0.517101, 0.855924, 0.374726, 1e-05, -0.855924, 0.517101, -0.0, 0.0, 0.0, 0.0, 1.0],
                [1.0, 1.7e-05, 1e-05, 0.0, -1.8e-05, 0.573515, 0.819194, 0.374726, 9e-06, -0.819195, 0.573515, 0.0, 0.0, 0.0, 0.0, 1.0],
                [1.0, 1.6e-05, 8e-06, -0.0, -1.7e-05, 0.652574, 0.757724, 0.374726, 7e-06, -0.757725, 0.652575, 0.0, 0.0, 0.0, 0.0, 1.0],
                [1.0, 1.4e-05, 6e-06, -0.0, -1.5e-05, 0.741069, 0.671429, 0.374726, 5e-06, -0.671429, 0.741069, -0.0, 0.0, 0.0, 0.0, 1.0],
                [1.0, 1.2e-05, 4e-06, -0.0, -1.2e-05, 0.82452, 0.565833, 0.374726, 3e-06, -0.565833, 0.82452, -0.0, 0.0, 0.0, 0.0, 1.0],
                [1.0, 1e-05, 3e-06, 0.0, -1e-05, 0.886826, 0.462103, 0.374726, 2e-06, -0.462104, 0.886826, -0.0, 0.0, 0.0, 0.0, 1.0],
                [1.0, 9e-06, 3e-06, -0.0, -9e-06, 0.911302, 0.411738, 0.374726, 1e-06, -0.411738, 0.911302, -0.0, 0.0, 0.0, 0.0, 1.0],
                [1.0, 9e-06, 3e-06, -0.0, -9e-06, 0.911302, 0.411738, 0.374726, 1e-06, -0.411738, 0.911302, -0.0, 0.0, 0.0, 0.0, 1.0],
                [1.0, 9e-06, 3e-06, -0.0, -9e-06, 0.911302, 0.411738, 0.374726, 1e-06, -0.411738, 0.911302, -0.0, 0.0, 0.0, 0.0, 1.0],
                [1.0, 9e-06, 3e-06, -0.0, -9e-06, 0.911302, 0.411738, 0.374726, 1e-06, -0.411738, 0.911302, -0.0, 0.0, 0.0, 0.0, 1.0],
                [1.0, 9e-06, 3e-06, -0.0, -9e-06, 0.911302, 0.411738, 0.374726, 1e-06, -0.411738, 0.911302, -0.0, 0.0, 0.0, 0.0, 1.0],
                [1.0, 9e-06, 3e-06, -0.0, -9e-06, 0.911302, 0.411738, 0.374726, 1e-06, -0.411738, 0.911302, -0.0, 0.0, 0.0, 0.0, 1.0],
                [1.0, 9e-06, 3e-06, -0.0, -9e-06, 0.911302, 0.411738, 0.374726, 1e-06, -0.411738, 0.911302, -0.0, 0.0, 0.0, 0.0, 1.0],
                [1.0, 9e-06, 3e-06, -0.0, -9e-06, 0.911302, 0.411738, 0.374726, 1e-06, -0.411738, 0.911302, -0.0, 0.0, 0.0, 0.0, 1.0],
                [1.0, 9e-06, 3e-06, -0.0, -9e-06, 0.911302, 0.411738, 0.374726, 1e-06, -0.411738, 0.911302, -0.0, 0.0, 0.0, 0.0, 1.0]
            ]
        },
        {
            "name": "Knee_L",
            "time": [0.0, 0.3333],
            "transform": [
                [1.0, 0.0, -0.0, -0.0, -0.0, 0.00567, -0.999984, 0.374726, -0.0, 0.999984, 0.00567, 0.0, 0.0, 0.0, 0.0, 1.0],
                [1.0, 0.0, -0.0, 0.0, -0.0, 0.00567, -0.999984, 0.374726, -0.0, 0.999984, 0.00567, -0.0, 0.0, 0.0, 0.0, 1.0]
            ]
        },
        {
            "name": "Torso",
            "time": [0.0, 0.0167, 0.0333, 0.05, 0.0667, 0.0833, 0.1, 0.1167, 0.1333, 0.15, 0.1667, 0.1833, 0.2, 0.2167, 0.2333, 0.25, 0.2667, 0.2833, 0.3, 0.3167, 0.3333],
            "transform": [
                [1.0, 0.0, 0.0, 0.0, 0.0, 1.0, 0.0, 0.05, 0.0, 0.0, 1.0, 0.0, 0.0, 0.0, 0.0, 1.0],
                [0.996126, 0.0, 0.087939, 0.0, 0.0, 1.0, 0.0, 0.05, -0.087939, 0.0, 0.996126, 0.0, 0.0, 0.0, 0.0, 1.0],
                [0.954466, 0.0, 0.298318, 0.0, 0.0, 1.0, 0.0, 0.05, -0.298318, 0.0, 0.954466, 0.0, 0.0, 0.0, 0.0, 1.0],
                [0.845689, 0.0, 0.533676, 0.0, 0.0, 1.0, 0.0, 0.05, -0.533676, 0.0, 0.845689, 0.0, 0.0, 0.0, 0.0, 1.0],
                [0.712446, 0.0, 0.701727, 0.0, 0.0, 1.0, 0.0, 0.05, -0.701727, 0.0, 0.712446, 0.0, 0.0, 0.0, 0.0, 1.0],
                [0.647977, 0.0, 0.76166, 0.0, 0.0, 1.0, 0.0, 0.05, -0.76166, 0.0, 0.647977, 0.0, 0.0, 0.0, 0.0, 1.0],
                [0.697304, 0.0, 0.716775, 0.0, 0.0, 1.0, 0.0, 0.05, -0.716775, 0.0, 0.697304, 0.0, 0.0, 0.0, 0.0, 1.0],
                [0.813128, 0.0, 0.582085, 0.0, 0.0, 1.0, 0.0, 0.05, -0.582085, 0.0, 0.813128, 0.0, 0.0, 0.0, 0.0, 1.0],
                [0.933022, 0.0, 0.359818, 0.0, 0.0, 1.0, 0.0, 0.05, -0.359818, 0.0, 0.933022, 0.0, 0.0, 0.0, 0.0, 1.0],
                [0.996194, 0.0, 0.087159, 0.0, 0.0, 1.0, 0.0, 0.05, -0.087159, 0.0, 0.996194, 0.0, 0.0, 0.0, 0.0, 1.0],
                [0.986262, 0.0, -0.165187, 0.0, 0.0, 1.0, 0.0, 0.05, 0.165187, 0.0, 0.986262, 0.0, 0.0, 0.0, 0.0, 1.0],
                [0.941472, 0.0, -0.337091, 0.0, 0.0, 1.0, 0.0, 0.05, 0.337091, 0.0, 0.941472, 0.0, 0.0, 0.0, 0.0, 1.0],
                [0.91691, 0.0, -0.399095, 0.0, 0.0, 1.0, 0.0, 0.05, 0.399095, 0.0, 0.91691, 0.0, 0.0, 0.0, 0.0, 1.0],
                [0.91691, 0.0, -0.399095, 0.0, 0.0, 1.0, 0.0, 0.05, 0.399095, 0.0, 0.91691, 0.0, 0.0, 0.0, 0.0, 1.0],
                [0.91691, 0.0, -0.399095, 0.0, 0.0, 1.0, 0.0, 0.05, 0.399095, 0.0, 0.91691, 0.0, 0.0, 0.0, 0.0, 1.0],
                [0.91691, 0.0, -0.399095, 0.0, 0.0, 1.0, 0.0, 0.05, 0.399095, 0.0, 0.91691, 0.0, 0.0, 0.0, 0.0, 1.0],
                [0.91691, 0.0, -0.399095, 0.0, 0.0, 1.0, 0.0, 0.05, 0.399095, 0.0, 0.91691, 0.0, 0.0, 0.0, 0.0, 1.0],
                [0.91691, 0.0, -0.399095, 0.0, 0.0, 1.0, 0.0, 0.05, 0.399095, 0.0, 0.91691, 0.0, 0.0, 0.0, 0.0, 1.0],
                [0.91691, 0.0, -0.399095, 0.0, 0.0, 1.0, 0.0, 0.05, 0.399095, 0.0, 0.91691, 0.0, 0.0, 0.0, 0.0, 1.0],
                [0.91691, 0.0, -0.399095, 0.0, 0.0, 1.0, 0.0, 0.05, 0.399095, 0.0, 0.91691, 0.0, 0.0, 0.0, 0.0, 1.0],
                [0.91691, 0.0, -0.399095, 0.0, 0.0, 1.0, 0.0, 0.05, 0.399095, 0.0, 0.91691, 0.0, 0.0, 0.0, 0.0, 1.0]
            ]
        },
        {
            "name": "Chest",
            "time": [0.0, 0.0167, 0.0333, 0.05, 0.0667, 0.0833, 0.1, 0.1167, 0.1333, 0.15, 0.1667, 0.1833, 0.2, 0.2167, 0.2333, 0.25, 0.2667, 0.2833, 0.3, 0.3167, 0.3333],
            "transform": [
                [1.0, 0.0, 0.0, 0.0, 0.0, 1.0, 0.0, 0.3, 0.0, 0.0, 1.0, 0.0, 0.0, 0.0, 0.0, 1.0],
                [1.0, 0.0, -0.0, -0.0, 0.0, 1.0, 0.0, 0.3, 0.0, 0.0, 1.0, -0.0, 0.0, 0.0, 0.0, 1.0],
                [1.0, 0.0, 0.0, -0.0, 0.0, 1.0, 0.0, 0.3, 0.0, 0.0, 1.0, -0.0, 0.0, 0.0, 0.0, 1.0],
                [1.0, 0.0, -0.0, -0.0, 0.0, 1.0, 0.0, 0.3, 0.0, 0.0, 1.0, -0.0, 0.0, 0.0, 0.0, 1.0],
                [1.0, 0.0, 0.0, -0.0, 0.0, 1.0, 0.0, 0.3, 0.0, 0.0, 1.0, -0.0, 0.0, 0.0, 0.0, 1.0],
                [1.0, 0.0, -0.0, 0.0, 0.0, 1.0, 0.0, 0.3, 0.0, 0.0, 1.0, -0.0, 0.0, 0.0, 0.0, 1.0],
                [1.0, 0.0, 0.0, 0.0, 0.0, 1.0, 0.0, 0.3, 0.0, 0.0, 1.0, 0.0, 0.0, 0.0, 0.0, 1.0],
                [1.0, 0.0, -0.0, 0.0, 0.0, 1.0, 0.0, 0.3, -0.0, 0.0, 1.0, -0.0, 0.0, 0.0, 0.0, 1.0],
                [1.0, 0.0, 0.0, 0.0, 0.0, 1.0, 0.0, 0.3, -0.0, 0.0, 1.0, -0.0, 0.0, 0.0, 0.0, 1.0],
                [1.0, 0.0, 0.0, 0.0, 0.0, 1.0, 0.0, 0.3, 0.0, 0.0, 1.0, 0.0, 0.0, 0.0, 0.0, 1.0],
                [1.0, 0.0, -0.0, -0.0, 0.0, 1.0, 0.0, 0.3, 0.0, 0.0, 1.0, -0.0, 0.0, 0.0, 0.0, 1.0],
                [1.0, 0.0, 0.0, -0.0, 0.0, 1.0, 0.0, 0.3, 0.0, 0.0, 1.0, 0.0, 0.0, 0.0, 0.0, 1.0],
                [1.0, 0.0, 0.0, -0.0, 0.0, 1.0, 0.0, 0.3, 0.0, 0.0, 1.0, -0.0, 0.0, 0.0, 0.0, 1.0],
                [1.0, 0.0, 0.0, -0.0, 0.0, 1.0, 0.0, 0.3, -0.0, 0.0, 1.0, -0.0, 0.0, 0.0, 0.0, 1.0],
                [1.0, 0.0, 0.0, -0.0, 0.0, 1.0, 0.0, 0.3, 0.0, 0.0, 1.0, -0.0, 0.0, 0.0, 0.0, 1.0],
                [1.0, 0.0, 0.0, -0.0, 0.0, 1.0, 0.0, 0.3, 0.0, 0.0, 1.0, -0.0, 0.0, 0.0, 0.0, 1.0],
                [1.0, 0.0, 0.0, -0.0, 0.0, 1.0, 0.0, 0.3, -0.0, 0.0, 1.0, -0.0, 0.0, 0.0, 0.0, 1.0],
                [1.0, 0.0, 0.0, -0.0, 0.0, 1.0, 0.0, 0.3, 0.0, 0.0, 1.0, -0.0, 0.0, 0.0, 0.0, 1.0],
                [1.0, 0.0, 0.0, -0.0, 0.0, 1.0, 0.0, 0.3, -0.0, 0.0, 1.0, -0.0, 0.0, 0.0, 0.0, 1.0],
                [1.0, 0.0, 0.0, -0.0, 0.0, 1.0, 0.0, 0.3, 0.0, 0.0, 1.0, -0.0, 0.0, 0.0, 0.0, 1.0],
                [1.0, 0.0, 0.0, -0.0, 0.0, 1.0, 0.0, 0.3, 0.0, 0.0, 1.0, -0.0, 0.0, 0.0, 0.0, 1.0]
            ]
        },
        {
            "name": "Head",
            "time": [0.0, 0.0167, 0.0333, 0.05, 0.0667, 0.0833, 0.1, 0.1167, 0.1333, 0.15, 0.1667, 0.1833, 0.2, 0.2167, 0.2333, 0.25, 0.2667, 0.2833, 0.3, 0.3167, 0.3333],
            "transform": [
                [1.0, 0.0, 0.0, -0.0, 0.0, 1.0, 0.0, 0.4, 0.0, 0.0, 1.0, 0.0, 0.0, 0.0, 0.0, 1.0],
                [1.0, 0.0, 0.0, -0.0, 0.0, 1.0, 0.0, 0.4, 0.0, 0.0, 1.0, -0.0, 0.0, 0.0, 0.0, 1.0],
                [1.0, 0.0, 0.0, -0.0, 0.0, 1.0, 0.0, 0.4, -0.0, 0.0, 1.0, -0.0, 0.0, 0.0, 0.0, 1.0],
                [1.0, 0.0, -0.0, -0.0, 0.0, 1.0, 0.0, 0.4, 0.0, 0.0, 1.0, 0.0, 0.0, 0.0, 0.0, 1.0],
                [1.0, 0.0, 0.0, -0.0, 0.0, 1.0, 0.0, 0.4, 0.0, 0.0, 1.0, -0.0, 0.0, 0.0, 0.0, 1.0],
                [1.0, 0.0, 0.0, 0.0, 0.0, 1.0, 0.0, 0.4, 0.0, 0.0, 1.0, -0.0, 0.0, 0.0, 0.0, 1.0],
                [1.0, 0.0, 0.0, 0.0, 0.0, 1.0, 0.0, 0.4, 0.0, 0.0, 1.0, 0.0, 0.0, 0.0, 0.0, 1.0],
                [1.0, 0.0, 0.0, 0.0, 0.0, 1.0, 0.0, 0.4, 0.0, 0.0, 1.0, -0.0, 0.0, 0.0, 0.0, 1.0],
                [1.0, 0.0, -0.0, 0.0, 0.0, 1.0, 0.0, 0.4, 0.0, 0.0, 1.0, 0.0, 0.0, 0.0, 0.0, 1.0],
                [1.0, 0.0, 0.0, 0.0, 0.0, 1.0, 0.0, 0.4, 0.0, 0.0, 1.0, 0.0, 0.0, 0.0, 0.0, 1.0],
                [1.0, 0.0, 0.0, -0.0, 0.0, 1.0, 0.0, 0.4, -0.0, 0.0, 1.0, -0.0, 0.0, 0.0, 0.0, 1.0],
                [1.0, 0.0, 0.0, -0.0, 0.0, 1.0, 0.0, 0.4, -0.0, 0.0, 1.0, 0.0, 0.0, 0.0, 0.0, 1.0],
                [1.0, 0.0, 0.0, -0.0, 0.0, 1.0, 0.0, 0.4, 0.0, 0.0, 1.0, -0.0, 0.0, 0.0, 0.0, 1.0],
                [1.0, 0.0, 0.0, -0.0, 0.0, 1.0, 0.0, 0.4, 0.0, 0.0, 1.0, -0.0, 0.0, 0.0, 0.0, 1.0],
                [1.0, 0.0, 0.0, -0.0, 0.0, 1.0, 0.0, 0.4, 0.0, 0.0, 1.0, -0.0, 0.0, 0.0, 0.0, 1.0],
                [1.0, 0.0, 0.0, -0.0, 0.0, 1.0, 0.0, 0.4, 0.0, 0.0, 1.0, -0.0, 0.0, 0.0, 0.0, 1.0],
                [1.0, 0.0, 0.0, -0.0, 0.0, 1.0, 0.0, 0.4, 0.0, 0.0, 1.0, -0.0, 0.0, 0.0, 0.0, 1.0],
                [1.0, 0.0, 0.0, -0.0, 0.0, 1.0, 0.0, 0.4, 0.0, 0.0, 1.0, -0.0, 0.0, 0.0, 0.0, 1.0],
                [1.0, 0.0, 0.0, -0.0, 0.0, 1.0, 0.0, 0.4, 0.0, 0.0, 1.0, -0.0, 0.0, 0.0, 0.0, 1.0],
                [1.0, 0.0, 0.0, -0.0, 0.0, 1.0, 0.0, 0.4, 0.0, 0.0, 1.0, -0.0, 0.0, 0.0, 0.0, 1.0],
                [1.0, 0.0, 0.0, -0.0, 0.0, 1.0, 0.0, 0.4, 0.0, 0.0, 1.0, -0.0, 0.0, 0.0, 0.0, 1.0]
            ]
        },
        {
            "name": "Shoulder_R",
            "time": [0.0, 0.0167, 0.0333, 0.05, 0.0667, 0.0833, 0.1, 0.1167, 0.1333, 0.15, 0.1667, 0.1833, 0.2, 0.2167, 0.2333, 0.25, 0.2667, 0.2833, 0.3, 0.3167, 0.3333],
            "transform": [
                [0.0, 0.952114, 0.305743, 0.0, 0.0, -0.305743, 0.952114, 0.4, 1.0, -0.0, -0.0, 0.0, 0.0, 0.0, 0.0, 1.0],
                [0.0, 0.952114, 0.305743, -0.0, 0.0, -0.305743, 0.952114, 0.4, 1.0, -0.0, -0.0, 0.0, 0.0, 0.0, 0.0, 1.0],
                [0.0, 0.952114, 0.305743, 0.0, 0.0, -0.305743, 0.952114, 0.4, 1.0, -0.0, -0.0, 0.0, 0.0, 0.0, 0.0, 1.0],
                [0.0, 0.952114, 0.305743, 0.0, 0.0, -0.305743, 0.952114, 0.4, 1.0, 0.0, -0.0, -0.0, 0.0, 0.0, 0.0, 1.0],
                [0.0, 0.952114, 0.305743, -0.0, 0.0, -0.305743, 0.952114, 0.4, 1.0, 0.0, -0.0, 0.0, 0.0, 0.0, 0.0, 1.0],
                [0.0, 0.952114, 0.305743, 0.0, 0.0, -0.305743, 0.952114, 0.4, 1.0, 0.0, -0.0, 0.0, 0.0, 0.0, 0.0, 1.0],
                [0.0, 0.952114, 0.305743, 0.0, 0.0, -0.305743, 0.952114, 0.4, 1.0, 0.0, -0.0, -0.0, 0.0, 0.0, 0.0, 1.0],
                [0.0, 0.952114, 0.305743, 0.0, 0.0, -0.305743, 0.952114, 0.4, 1.0, 0.0, -0.0, -0.0, 0.0, 0.0, 0.0, 1.0],
                [0.0, 0.952114, 0.305743, 0.0, 0.0, -0.305743, 0.952114, 0.4, 1.0, 0.0, -0.0, 0.0, 0.0, 0.0, 0.0, 1.0],
                [0.0, 0.952114, 0.305743, 0.0, 0.0, -0.305743, 0.952114, 0.4, 1.0, 0.0, -0.0, 0.0, 0.0, 0.0, 0.0, 1.0],
                [0.0, 0.952114, 0.305743, 0.0, 0.0, -0.305743, 0.952114, 0.4, 1.0, 0.0, -0.0, -0.0, 0.0, 0.0, 0.0, 1.0],
                [0.0, 0.952114, 0.305743, 0.0, 0.0, -0.305743, 0.952114, 0.4, 1.0, 0.0, -0.0, -0.0, 0.0, 0.0, 0.0, 1.0],
                [0.0, 0.952114, 0.305743, 0.0, 0.0, -0.305743, 0.952114, 0.4, 1.0, 0.0, -0.0, 0.0, 0.0, 0.0, 0.0, 1.0],
                [0.0, 0.952114, 0.305743, 0.0, 0.0, -0.305743, 0.952114, 0.4, 1.0, 0.0, -0.0, 0.0, 0.0, 0.0, 0.0, 1.0],
                [0.0, 0.952114, 0.305743, 0.0, 0.0, -0.305743, 0.952114, 0.4, 1.0, -0.0, -0.0, 0.0, 0.0, 0.0, 0.0, 1.0],
                [0.0, 0.952114, 0.305743, 0.0, 0.0, -0.305743, 0.952114, 0.4, 1.0, -0.0, -0.0, 0.0, 0.0, 0.0, 0.0, 1.0],
                [0.0, 0.952114, 0.305743, 0.0, 0.0, -0.305743, 0.952114, 0.4, 1.0, 0.0, -0.0, 0.0, 0.0, 0.0, 0.0, 1.0],
                [0.0, 0.952114, 0.305743, 0.0, 0.0, -0.305743, 0.952114, 0.4, 1.0, -0.0, -0.0, 0.0, 0.0, 0.0, 0.0, 1.0],
                [0.0, 0.952114, 0.305743, 0.0, 0.0, -0.305743, 0.952114, 0.4, 1.0, 0.0, -0.0, 0.0, 0.0, 0.0, 0.0, 1.0],
                [0.0, 0.952114, 0.305743, 0.0, 0.0, -0.305743, 0.952114, 0.4, 1.0, -0.0, -0.0, 0.0, 0.0, 0.0, 0.0, 1.0],
                [0.0, 0.952114, 0.305743, 0.0, 0.0, -0.305743, 0.952114, 0.4, 1.0, -0.0, -0.0, 0.0, 0.0, 0.0, 0.0, 1.0]
            ]
        },
        {
            "name": "Arm_R",
            "time": [0.0, 0.0167, 0.0333, 0.05, 0.0667, 0.0833, 0.1, 0.1167, 0.1333, 0.15, 0.1667, 0.1833, 0.2, 0.2167, 0.2333, 0.25, 0.2667, 0.2833, 0.3, 0.3167, 0.3333],
            "transform": [
                [0.576874, 0.13371, -0.805815, -0.0, 0.701037, 0.425286, 0.572433, 0.393861, 0.419242, -0.895128, 0.151601, 0.0, 0.0, 0.0, 0.0, 1.0],
                [0.252665, 0.191129, -0.948489, 0.0, 0.902218, 0.307578, 0.30232, 0.39386, 0.349517, -0.93213, -0.094726, 0.0, 0.0, 0.0, 0.0, 1.0],
                [-0.499206, -0.325891, -0.802863, 0.0, 0.679532, 0.427654, -0.596111, 0.393861, 0.537614, -0.843153, 0.007965, -0.0, 0.0, 0.0, 0.0, 1.0],
                [-0.511767, -0.855232, -0.081692, 0.0, 0.01704, 0.084965, -0.996239, 0.39386, 0.858955, -0.511235, -0.028909, 0.0, 0.0, 0.0, 0.0, 1.0],
                [-0.324027, -0.877523, 0.353498, 0.0, -0.270757, -0.272009, -0.923419, 0.39386, 0.906475, -0.394925, -0.149458, 0.0, 0.0, 0.0, 0.0, 1.0],
                [-0.233982, -0.736881, 0.63424, -0.0, -0.307453, -0.562791, -0.767294, 0.39386, 0.922347, -0.374532, -0.094874, 0.0, 0.0, 0.0, 0.0, 1.0],
                [-0.213361, -0.734389, 0.644321, -0.0, -0.332693, -0.565474, -0.754689, 0.39386, 0.918581, -0.375383, -0.123677, 0.0, 0.0, 0.0, 0.0, 1.0],
                [-0.203841, -0.865429, 0.457691, 0.0, -0.353677, -0.370837, -0.858717, 0.39386, 0.912886, -0.336917, -0.230491, -0.0, 0.0, 0.0, 0.0, 1.0],
                [-0.132101, -0.990794, -0.029596, -0.0, -0.238943, 0.060807, -0.969128, 0.39386, 0.962006, -0.120951, -0.244777, -0.0, 0.0, 0.0, 0.0, 1.0],
                [0.00722, -0.987693, -0.156241, -0.0, -0.172352, 0.152678, -0.973132, 0.39386, 0.985008, 0.033954, -0.169129, 0.0, 0.0, 0.0, 0.0, 1.0],
                [-0.010846, -0.880071, -0.474719, 0.0, -0.166895, 0.469681, -0.866918, 0.39386, 0.985915, 0.069825, -0.151974, -0.0, 0.0, 0.0, 0.0, 1.0],
                [-0.05418, -0.652521, -0.755832, 0.0, -0.124022, 0.75548, -0.643327, 0.393861, 0.990799, 0.058884, -0.121859, 0.0, 0.0, 0.0, 0.0, 1.0],
                [-0.072681, -0.720542, -0.689592, -0.0, -0.10652, 0.693074, -0.712953, 0.39386, 0.99165, 0.021637, -0.127126, -0.0, 0.0, 0.0, 0.0, 1.0],
                [-0.072681, -0.720542, -0.689592, -0.0, -0.10652, 0.693075, -0.712953, 0.393861, 0.99165, 0.021637, -0.127126, -0.0, 0.0, 0.0, 0.0, 1.0],
                [-0.072681, -0.720542, -0.689592, -0.0, -0.10652, 0.693074, -0.712953, 0.393861, 0.99165, 0.021637, -0.127127, 0.0, 0.0, 0.0, 0.0, 1.0],
                [-0.072681, -0.720542, -0.689592, -0.0, -0.10652, 0.693074, -0.712953, 0.393861, 0.99165, 0.021637, -0.127127, 0.0, 0.0, 0.0, 0.0, 1.0],
                [-0.072681, -0.720542, -0.689592, -0.0, -0.10652, 0.693075, -0.712953, 0.393861, 0.99165, 0.021637, -0.127126, -0.0, 0.0, 0.0, 0.0, 1.0],
                [-0.072681, -0.720542, -0.689592, -0.0, -0.10652, 0.693074, -0.712953, 0.393861, 0.99165, 0.021637, -0.127127, 0.0, 0.0, 0.0, 0.0, 1.0],
                [-0.072681, -0.720542, -0.689592, -0.0, -0.10652, 0.693075, -0.712953, 0.393861, 0.99165, 0.021637, -0.127126, -0.0, 0.0, 0.0, 0.0, 1.0],
                [-0.072681, -0.720542, -0.689592, -0.0, -0.10652, 0.693074, -0.712953, 0.393861, 0.99165, 0.021637, -0.127127, 0.0, 0.0, 0.0, 0.0, 1.0],
                [-0.072681, -0.720542, -0.689592, -0.0, -0.10652, 0.693074, -0.712953, 0.393861, 0.99165, 0.021637, -0.127127, 0.0, 0.0, 0.0, 0.0, 1.0]
            ]
        },
        {
            "name": "Hand_R",
            "time": [0.0, 0.0167, 0.0333, 0.05, 0.0667, 0.0833, 0.1, 0.1167, 0.1333, 0.15, 0.1667, 0.1833, 0.2, 0.2167, 0.2333, 0.25, 0.2667, 0.2833, 0.3, 0.3167, 0.3333],
            "transform": [
                [1.0, -1e-06, 0.0, 0.0, 2e-06, 0.914503, -0.404579, 0.300003, 0.0, 0.404579, 0.914503, 0.0, 0.0, 0.0, 0.0, 1.0],
                [1.0, -3e-06, 1e-06, -0.0, 3e-06, 0.612668, -0.79034, 0.300003, 1e-06, 0.79034, 0.612668, 0.0, 0.0, 0.0, 0.0, 1.0],
                [1.0, -3e-06, 2e-06, -0.0, 3e-06, 0.596217, -0.802824, 0.300003, 1e-06, 0.802823, 0.596218, -0.0, 0.0, 0.0, 0.0, 1.0],
                [1.0, -1e-06, 0.0, -0.0, 1e-06, 0.950151, -0.31179, 0.300003, 0.0, 0.31179, 0.950151, -0.0, 0.0, 0.0, 0.0, 1.0],
                [1.0, -1e-06, 0.0, -0.0, 1e-06, 0.973313, -0.229483, 0.300003, -0.0, 0.229483, 0.973313, -0.0, 0.0, 0.0, 0.0, 1.0],
                [1.0, 0.0, 0.0, 0.0, -0.0, 1.0, -0.000994, 0.300003, -0.0, 0.000994, 1.0, 0.0, 0.0, 0.0, 0.0, 1.0],
                [1.0, 0.0, -0.0, 0.0, 0.0, 1.0, -0.000994, 0.300002, -0.0, 0.000994, 0.999999, 0.0, 0.0, 0.0, 0.0, 1.0],
                [1.0, -1e-06, 0.0, -0.0, 1e-06, 0.929138, -0.369734, 0.300003, 0.0, 0.369733, 0.929138, 0.0, 0.0, 0.0, 0.0, 1.0],
                [1.0, -3e-06, 1e-06, -0.0, 3e-06, 0.620715, -0.784036, 0.300003, 1e-06, 0.784036, 0.620715, 0.0, 0.0, 0.0, 0.0, 1.0],
                [1.0, -2e-06, 1e-06, 0.0, 2e-06, 0.861902, -0.507076, 0.300003, 0.0, 0.507076, 0.861901, -0.0, 0.0, 0.0, 0.0, 1.0],
                [1.0, -2e-06, 1e-06, 0.0, 2e-06, 0.803553, -0.595234, 0.300003, 1e-06, 0.595234, 0.803553, 0.0, 0.0, 0.0, 0.0, 1.0],
                [1.0, -2e-06, 1e-06, 0.0, 2e-06, 0.824949, -0.565208, 0.300003, 1e-06, 0.565208, 0.824949, 0.0, 0.0, 0.0, 0.0, 1.0],
                [1.0, -0.0, 0.0, -0.0, 0.0, 1.0, -0.000993, 0.300003, -0.0, 0.000993, 1.0, 0.0, 0.0, 0.0, 0.0, 1.0],
                [1.0, -0.0, 0.0, 0.0, -0.0, 0.999999, -0.000993, 0.300002, -0.0, 0.000993, 0.999999, -0.0, 0.0, 0.0, 0.0, 1.0],
                [1.0, -0.0, 0.0, 0.0, 0.0, 0.999999, -0.000993, 0.300003, -0.0, 0.000993, 0.999999, -0.0, 0.0, 0.0, 0.0, 1.0],
                [1.0, -0.0, 0.0, 0.0, 0.0, 0.999999, -0.000993, 0.300003, -0.0, 0.000993, 0.999999, -0.0, 0.0, 0.0, 0.0, 1.0],
                [1.0, -0.0, 0.0, 0.0, -0.0, 0.999999, -0.000993, 0.300002, -0.0, 0.000993, 0.999999, -0.0, 0.0, 0.0, 0.0, 1.0],
                [1.0, -0.0, 0.0, 0.0, 0.0, 0.999999, -0.000993, 0.300003, -0.0, 0.000993, 0.999999, -0.0, 0.0, 0.0, 0.0, 1.0],
                [1.0, -0.0, 0.0, 0.0, -0.0, 0.999999, -0.000993, 0.300002, -0.0, 0.000993, 0.999999, -0.0, 0.0, 0.0, 0.0, 1.0],
                [1.0, -0.0, 0.0, 0.0, 0.0, 0.999999, -0.000993, 0.300003, -0.0, 0.000993, 0.999999, -0.0, 0.0, 0.0, 0.0, 1.0],
                [1.0, -0.0, 0.0, 0.0, 0.0, 0.999999, -0.000993, 0.300003, -0.0, 0.000993, 0.999999, -0.0, 0.0, 0.0, 0.0, 1.0]
            ]
        },
        {
            "name": "Tool_R",
            "time": [0.0, 0.0167, 0.0333, 0.05, 0.0667, 0.0833, 0.1, 0.1167, 0.1333, 0.15, 0.1667, 0.1833, 0.2, 0.2167, 0.2333, 0.25, 0.2667, 0.2833, 0.3, 0.3167, 0.3333],
            "transform": [
                [0.99369, -0.057044, 0.096575, 0.026352, 0.005213, -0.836598, -0.547793, 0.295641, 0.112043, 0.54484, -0.831022, -0.080202, 0.0, 0.0, 0.0, 1.0],
                [0.99369, -0.057044, 0.096575, 0.026352, 0.005213, -0.836598, -0.547793, 0.295641, 0.112043, 0.54484, -0.831022, -0.080202, 0.0, 0.0, 0.0, 1.0],
                [0.99369, -0.057044, 0.096575, 0.026352, 0.005213, -0.836598, -0.547793, 0.295641, 0.112043, 0.54484, -0.831022, -0.080202, 0.0, 0.0, 0.0, 1.0],
                [0.99369, -0.057044, 0.096575, 0.026351, 0.005213, -0.836598, -0.547793, 0.295641, 0.112043, 0.54484, -0.831022, -0.080202, 0.0, 0.0, 0.0, 1.0],
                [0.99369, -0.057044, 0.096575, 0.026352, 0.005213, -0.836598, -0.547793, 0.295641, 0.112043, 0.54484, -0.831022, -0.080202, 0.0, 0.0, 0.0, 1.0],
                [0.99369, -0.057044, 0.096575, 0.026351, 0.005213, -0.836598, -0.547793, 0.295641, 0.112043, 0.54484, -0.831022, -0.080202, 0.0, 0.0, 0.0, 1.0],
                [0.99369, -0.057044, 0.096575, 0.026352, 0.005213, -0.836598, -0.547793, 0.295641, 0.112043, 0.54484, -0.831022, -0.080202, 0.0, 0.0, 0.0, 1.0],
                [0.99369, -0.057044, 0.096575, 0.026352, 0.005213, -0.836598, -0.547793, 0.295641, 0.112043, 0.54484, -0.831022, -0.080202, 0.0, 0.0, 0.0, 1.0],
                [0.99369, -0.057044, 0.096575, 0.026352, 0.005213, -0.836598, -0.547793, 0.295641, 0.112043, 0.54484, -0.831022, -0.080202, 0.0, 0.0, 0.0, 1.0],
                [0.99369, -0.057044, 0.096575, 0.026352, 0.005213, -0.836598, -0.547793, 0.295641, 0.112043, 0.54484, -0.831022, -0.080202, 0.0, 0.0, 0.0, 1.0],
                [0.99369, -0.057044, 0.096575, 0.026352, 0.005213, -0.836598, -0.547793, 0.295641, 0.112043, 0.54484, -0.831022, -0.080202, 0.0, 0.0, 0.0, 1.0],
                [0.99369, -0.057044, 0.096575, 0.026352, 0.005213, -0.836598, -0.547793, 0.295641, 0.112043, 0.54484, -0.831021, -0.080202, 0.0, 0.0, 0.0, 1.0],
                [0.99369, -0.057044, 0.096575, 0.026352, 0.005213, -0.836598, -0.547793, 0.295641, 0.112043, 0.54484, -0.831022, -0.080202, 0.0, 0.0, 0.0, 1.0],
                [0.99369, -0.057044, 0.096575, 0.026351, 0.005213, -0.836598, -0.547793, 0.295641, 0.112043, 0.54484, -0.831022, -0.080202, 0.0, 0.0, 0.0, 1.0],
                [0.99369, -0.057044, 0.096575, 0.026352, 0.005213, -0.836598, -0.547793, 0.295641, 0.112043, 0.54484, -0.831022, -0.080202, 0.0, 0.0, 0.0, 1.0],
                [0.99369, -0.057044, 0.096575, 0.026352, 0.005213, -0.836598, -0.547793, 0.295641, 0.112043, 0.54484, -0.831022, -0.080202, 0.0, 0.0, 0.0, 1.0],
                [0.99369, -0.057044, 0.096575, 0.026351, 0.005213, -0.836598, -0.547793, 0.295641, 0.112043, 0.54484, -0.831022, -0.080202, 0.0, 0.0, 0.0, 1.0],
                [0.99369, -0.057044, 0.096575, 0.026352, 0.005213, -0.836598, -0.547793, 0.295641, 0.112043, 0.54484, -0.831022, -0.080202, 0.0, 0.0, 0.0, 1.0],
                [0.99369, -0.057044, 0.096575, 0.026351, 0.005213, -0.836598, -0.547793, 0.295641, 0.112043, 0.54484, -0.831022, -0.080202, 0.0, 0.0, 0.0, 1.0],
                [0.99369, -0.057044, 0.096575, 0.026352, 0.005213, -0.836598, -0.547793, 0.295641, 0.112043, 0.54484, -0.831022, -0.080202, 0.0, 0.0, 0.0, 1.0],
                [0.99369, -0.057044, 0.096575, 0.026352, 0.005213, -0.836598, -0.547793, 0.295641, 0.112043, 0.54484, -0.831022, -0.080202, 0.0, 0.0, 0.0, 1.0]
            ]
        },
        {
            "name": "Elbow_R",
            "time": [0.0, 0.3333],
            "transform": [
                [-1.0, 0.0, -0.0, -0.0, 0.0, 0.003946, -0.999992, 0.33823, -0.0, -0.999992, -0.003946, -0.001101, 0.0, 0.0, 0.0, 1.0],
                [-1.0, 0.0, -0.0, -0.0, -0.0, 0.003946, -0.999992, 0.300008, -0.0, -0.999992, -0.003946, -0.001252, 0.0, 0.0, 0.0, 1.0]
            ]
        },
        {
            "name": "Shoulder_L",
            "time": [0.0, 0.0167, 0.0333, 0.05, 0.0667, 0.0833, 0.1, 0.1167, 0.1333, 0.15, 0.1667, 0.1833, 0.2, 0.2167, 0.2333, 0.25, 0.2667, 0.2833, 0.3, 0.3167, 0.3333],
            "transform": [
                [-0.0, -0.952114, -0.305743, 0.0, 0.0, -0.305743, 0.952114, 0.4, -1.0, 0.0, 0.0, 0.0, 0.0, 0.0, 0.0, 1.0],
                [-0.0, -0.952114, -0.305743, 0.0, 0.0, -0.305743, 0.952114, 0.4, -1.0, -0.0, 0.0, 0.0, 0.0, 0.0, 0.0, 1.0],
                [-0.0, -0.952114, -0.305743, 0.0, 0.0, -0.305743, 0.952114, 0.4, -1.0, 0.0, 0.0, 0.0, 0.0, 0.0, 0.0, 1.0],
                [0.0, -0.952114, -0.305743, 0.0, 0.0, -0.305743, 0.952114, 0.4, -1.0, -0.0, 0.0, 0.0, 0.0, 0.0, 0.0, 1.0],
                [0.0, -0.952114, -0.305743, -0.0, 0.0, -0.305743, 0.952114, 0.4, -1.0, 0.0, 0.0, -0.0, 0.0, 0.0, 0.0, 1.0],
                [0.0, -0.952114, -0.305743, 0.0, 0.0, -0.305743, 0.952114, 0.4, -1.0, -0.0, 0.0, 0.0, 0.0, 0.0, 0.0, 1.0],
                [0.0, -0.952114, -0.305743, 0.0, 0.0, -0.305743, 0.952114, 0.399999, -1.0, -0.0, 0.0, 0.0, 0.0, 0.0, 0.0, 1.0],
                [0.0, -0.952114, -0.305743, 0.0, 0.0, -0.305743, 0.952114, 0.4, -1.0, -0.0, 0.0, -0.0, 0.0, 0.0, 0.0, 1.0],
                [0.0, -0.952114, -0.305743, 0.0, 0.0, -0.305743, 0.952114, 0.4, -1.0, -0.0, 0.0, 0.0, 0.0, 0.0, 0.0, 1.0],
                [-0.0, -0.952114, -0.305743, 0.0, 0.0, -0.305743, 0.952114, 0.4, -1.0, 0.0, 0.0, -0.0, 0.0, 0.0, 0.0, 1.0],
                [-0.0, -0.952114, -0.305743, 0.0, 0.0, -0.305743, 0.952114, 0.4, -1.0, 0.0, 0.0, 0.0, 0.0, 0.0, 0.0, 1.0],
                [-0.0, -0.952114, -0.305743, 0.0, 0.0, -0.305743, 0.952114, 0.4, -1.0, 0.0, 0.0, 0.0, 0.0, 0.0, 0.0, 1.0],
                [0.0, -0.952114, -0.305743, 0.0, 0.0, -0.305743, 0.952114, 0.399999, -1.0, 0.0, 0.0, -0.0, 0.0, 0.0, 0.0, 1.0],
                [0.0, -0.952114, -0.305743, 0.0, 0.0, -0.305743, 0.952114, 0.4, -1.0, 0.0, 0.0, -0.0, 0.0, 0.0, 0.0, 1.0],
                [0.0, -0.952114, -0.305743, 0.0, 0.0, -0.305743, 0.952114, 0.4, -1.0, 0.0, 0.0, -0.0, 0.0, 0.0, 0.0, 1.0],
                [0.0, -0.952114, -0.305743, 0.0, 0.0, -0.305743, 0.952114, 0.4, -1.0, 0.0, 0.0, -0.0, 0.0, 0.0, 0.0, 1.0],
                [0.0, -0.952114, -0.305743, 0.0, 0.0, -0.305743, 0.952114, 0.4, -1.0, 0.0, 0.0, -0.0, 0.0, 0.0, 0.0, 1.0],
                [0.0, -0.952114, -0.305743, 0.0, 0.0, -0.305743, 0.952114, 0.4, -1.0, 0.0, 0.0, -0.0, 0.0, 0.0, 0.0, 1.0],
