{
    "animation": [
        {
            "name": "Root",
            "time": [0.0, 0.0167, 0.0333, 0.05, 0.0667, 0.0833, 0.1, 0.1167, 0.1333, 0.15, 0.1667, 0.1833, 0.2, 0.2167, 0.2333, 0.25, 0.2667, 0.2833, 0.3, 0.3167, 0.3333],
            "transform": [
                [1.0, 0.0, 0.0, -5e-06, 0.0, 0.0, -1.0, 0.058053, 0.0, 1.0, 0.0, 0.763972, 0.0, 0.0, 0.0, 1.0],
                [1.0, 0.0, 0.0, -5e-06, 0.0, 0.0, -1.0, 0.09182, 0.0, 1.0, 0.0, 0.763972, 0.0, 0.0, 0.0, 1.0],
                [1.0, 0.0, 0.0, -5e-06, 0.0, 0.0, -1.0, 0.183476, 0.0, 1.0, 0.0, 0.763972, 0.0, 0.0, 0.0, 1.0],
                [1.0, 0.0, 0.0, -5e-06, 0.0, 0.0, -1.0, 0.318546, 0.0, 1.0, 0.0, 0.763972, 0.0, 0.0, 0.0, 1.0],
                [1.0, 0.0, 0.0, -5e-06, 0.0, 0.0, -1.0, 0.482561, 0.0, 1.0, 0.0, 0.763972, 0.0, 0.0, 0.0, 1.0],
                [1.0, 0.0, 0.0, -5e-06, 0.0, 0.0, -1.0, 0.661047, 0.0, 1.0, 0.0, 0.763972, 0.0, 0.0, 0.0, 1.0],
                [1.0, 0.0, 0.0, -5e-06, 0.0, 0.0, -1.0, 0.839533, 0.0, 1.0, 0.0, 0.763972, 0.0, 0.0, 0.0, 1.0],
                [1.0, 0.0, 0.0, -5e-06, 0.0, 0.0, -1.0, 1.003548, 0.0, 1.0, 0.0, 0.763972, 0.0, 0.0, 0.0, 1.0],
                [1.0, 0.0, 0.0, -5e-06, 0.0, 0.0, -1.0, 1.138619, 0.0, 1.0, 0.0, 0.763972, 0.0, 0.0, 0.0, 1.0],
                [1.0, 0.0, 0.0, -5e-06, 0.0, 0.0, -1.0, 1.230274, 0.0, 1.0, 0.0, 0.763972, 0.0, 0.0, 0.0, 1.0],
                [1.0, 0.0, 0.0, -5e-06, 0.0, 0.0, -1.0, 1.264042, 0.0, 1.0, 0.0, 0.763972, 0.0, 0.0, 0.0, 1.0],
                [1.0, 0.0, 0.0, -5e-06, 0.0, 0.0, -1.0, 1.264042, 0.0, 1.0, 0.0, 0.763972, 0.0, 0.0, 0.0, 1.0],
                [1.0, 0.0, 0.0, -5e-06, 0.0, 0.0, -1.0, 1.264042, 0.0, 1.0, 0.0, 0.763972, 0.0, 0.0, 0.0, 1.0],
                [1.0, 0.0, 0.0, -5e-06, 0.0, 0.0, -1.0, 1.264042, 0.0, 1.0, 0.0, 0.763972, 0.0, 0.0, 0.0, 1.0],
                [1.0, 0.0, 0.0, -5e-06, 0.0, 0.0, -1.0, 1.264042, 0.0, 1.0, 0.0, 0.763972, 0.0, 0.0, 0.0, 1.0],
                [1.0, 0.0, 0.0, -5e-06, 0.0, 0.0, -1.0, 1.264042, 0.0, 1.0, 0.0, 0.763972, 0.0, 0.0, 0.0, 1.0],
                [1.0, 0.0, 0.0, -5e-06, 0.0, 0.0, -1.0, 1.264042, 0.0, 1.0, 0.0, 0.763972, 0.0, 0.0, 0.0, 1.0],
                [1.0, 0.0, 0.0, -5e-06, 0.0, 0.0, -1.0, 1.264042, 0.0, 1.0, 0.0, 0.763972, 0.0, 0.0, 0.0, 1.0],
                [1.0, 0.0, 0.0, -5e-06, 0.0, 0.0, -1.0, 1.264042, 0.0, 1.0, 0.0, 0.763972, 0.0, 0.0, 0.0, 1.0],
                [1.0, 0.0, 0.0, -5e-06, 0.0, 0.0, -1.0, 1.264042, 0.0, 1.0, 0.0, 0.763972, 0.0, 0.0, 0.0, 1.0],
                [1.0, 0.0, 0.0, -5e-06, 0.0, 0.0, -1.0, 1.264042, 0.0, 1.0, 0.0, 0.763972, 0.0, 0.0, 0.0, 1.0]
            ]
        },
        {
            "name": "Thigh_R",
            "time": [0.0, 0.0167, 0.0333, 0.05, 0.0667, 0.0833, 0.1, 0.1167, 0.1333, 0.15, 0.1667, 0.1833, 0.2, 0.2167, 0.2333, 0.25, 0.2667, 0.2833, 0.3, 0.3167, 0.3333],
            "transform": [
                [0.994692, 0.10283, -0.003654, 0.124994, 0.08394, -0.790404, 0.606808, -0.051028, 0.059509, -0.603894, -0.79484, -0.094127, 0.0, 0.0, 0.0, 1.0],
                [0.994548, 0.103807, -0.00988, 0.124994, 0.086744, -0.771032, 0.630862, -0.051028, 0.05787, -0.62828, -0.775832, -0.08885, 0.0, 0.0, 0.0, 1.0],
                [0.994144, 0.106088, -0.02055, 0.124994, 0.09371, -0.751702, 0.652812, -0.051028, 0.053808, -0.650915, -0.757241, -0.074527, 0.0, 0.0, 0.0, 1.0],
                [0.993537, 0.110207, -0.027184, 0.124994, 0.102541, -0.768699, 0.631338, -0.051028, 0.048682, -0.630045, -0.775032, -0.053418, 0.0, 0.0, 0.0, 1.0],
                [0.992812, 0.116997, -0.025207, 0.124994, 0.111486, -0.827482, 0.550313, -0.051028, 0.043527, -0.549168, -0.834578, -0.027787, 0.0, 0.0, 0.0, 1.0],
                [0.992064, 0.125115, -0.012481, 0.124994, 0.119561, -0.907956, 0.401649, -0.051028, 0.03892, -0.399954, -0.915709, 0.000107, 0.0, 0.0, 0.0, 1.0],
                [0.991366, 0.130716, 0.010335, 0.124994, 0.126339, -0.973318, 0.191551, -0.051028, 0.035098, -0.188591, -0.981429, 0.028, 0.0, 0.0, 0.0, 1.0],
                [0.99077, 0.12946, 0.040185, 0.124994, 0.131693, -0.98953, -0.059067, -0.051028, 0.032117, 0.063814, -0.997445, 0.053632, 0.0, 0.0, 0.0, 1.0],
                [0.99031, 0.116805, 0.075113, 0.124994, 0.1356, -0.930043, -0.341517, -0.051028, 0.029968, 0.348393, -0.93687, 0.07474, 0.0, 0.0, 0.0, 1.0],
                [0.990013, 0.09719, 0.102116, 0.124994, 0.138034, -0.815461, -0.562113, -0.051028, 0.02864, 0.570595, -0.820732, 0.089064, 0.0, 0.0, 0.0, 1.0],
                [0.989907, 0.095716, 0.104511, 0.124994, 0.13889, -0.80185, -0.58116, -0.051028, 0.028176, 0.58981, -0.807051, 0.094341, 0.0, 0.0, 0.0, 1.0],
                [0.989907, 0.095716, 0.104511, 0.124994, 0.13889, -0.80185, -0.58116, -0.051028, 0.028176, 0.58981, -0.807051, 0.094341, 0.0, 0.0, 0.0, 1.0],
                [0.989907, 0.095716, 0.104511, 0.124994, 0.13889, -0.80185, -0.58116, -0.051028, 0.028176, 0.58981, -0.807051, 0.094341, 0.0, 0.0, 0.0, 1.0],
                [0.989907, 0.095716, 0.104511, 0.124994, 0.13889, -0.80185, -0.58116, -0.051028, 0.028176, 0.58981, -0.807051, 0.094341, 0.0, 0.0, 0.0, 1.0],
                [0.989907, 0.095716, 0.104511, 0.124994, 0.13889, -0.80185, -0.58116, -0.051028, 0.028176, 0.58981, -0.807051, 0.094341, 0.0, 0.0, 0.0, 1.0],
                [0.989907, 0.095716, 0.104511, 0.124994, 0.13889, -0.80185, -0.58116, -0.051028, 0.028176, 0.58981, -0.807051, 0.094341, 0.0, 0.0, 0.0, 1.0],
                [0.989907, 0.095716, 0.104511, 0.124994, 0.13889, -0.80185, -0.58116, -0.051028, 0.028176, 0.58981, -0.807051, 0.094341, 0.0, 0.0, 0.0, 1.0],
                [0.989907, 0.095716, 0.104511, 0.124994, 0.13889, -0.80185, -0.58116, -0.051028, 0.028176, 0.58981, -0.807051, 0.094341, 0.0, 0.0, 0.0, 1.0],
                [0.989907, 0.095716, 0.104511, 0.124994, 0.13889, -0.80185, -0.58116, -0.051028, 0.028176, 0.58981, -0.807051, 0.094341, 0.0, 0.0, 0.0, 1.0],
                [0.989907, 0.095716, 0.104511, 0.124994, 0.13889, -0.80185, -0.58116, -0.051028, 0.028176, 0.58981, -0.807051, 0.094341, 0.0, 0.0, 0.0, 1.0],
                [0.989907, 0.095716, 0.104511, 0.124994, 0.13889, -0.80185, -0.58116, -0.051028, 0.028176, 0.58981, -0.807051, 0.094341, 0.0, 0.0, 0.0, 1.0]
            ]
        },
        {
            "name": "Leg_R",
            "time": [0.0, 0.0167, 0.0333, 0.05, 0.0667, 0.0833, 0.1, 0.1167, 0.1333, 0.15, 0.1667, 0.1833, 0.2, 0.2167, 0.2333, 0.25, 0.2667, 0.2833, 0.3, 0.3167, 0.3333],
            "transform": [
                [1.0, 8e-06, 2e-06, -0.0, -9e-06, 0.917829, 0.396975, 0.374726, 1e-06, -0.396975, 0.917829, 0.0, 0.0, 0.0, 0.0, 1.0],
                [1.0, 1.1e-05, 4e-06, 0.0, -1.1e-05, 0.866164, 0.49976, 0.374726, 2e-06, -0.499761, 0.866164, 0.0, 0.0, 0.0, 0.0, 1.0],
                [1.0, 1.4e-05, 6e-06, -0.0, -1.4e-05, 0.742898, 0.669405, 0.374726, 5e-06, -0.669405, 0.742898, -0.0, 0.0, 0.0, 0.0, 1.0],
                [1.0, 1.7e-05, 9e-06, -0.0, -1.8e-05, 0.606485, 0.795095, 0.374726, 8e-06, -0.795095, 0.606485, -0.0, 0.0, 0.0, 0.0, 1.0],
                [1.0, 1.9e-05, 1.1e-05, -0.0, -1.9e-05, 0.513097, 0.85833, 0.374726, 1e-05, -0.85833, 0.513097, -0.0, 0.0, 0.0, 0.0, 1.0],
                [1.0, 1.9e-05, 1.2e-05, -0.0, -1.9e-05, 0.501606, 0.865097, 0.374726, 1e-05, -0.865096, 0.501606, -0.0, 0.0, 0.0, 0.0, 1.0],
                [1.0, 1.8e-05, 1e-05, 0.0, -1.9e-05, 0.584098, 0.811683, 0.374726, 9e-06, -0.811682, 0.584098, 0.0, 0.0, 0.0, 0.0, 1.0],
                [1.0, 1.4e-05, 6e-06, -0.0, -1.5e-05, 0.742544, 0.669797, 0.374726, 5e-06, -0.669797, 0.742544, -0.0, 0.0, 0.0, 0.0, 1.0],
                [1.0, 8e-06, 2e-06, 0.0, -8e-06, 0.932741, 0.360546, 0.374726, 1e-06, -0.360547, 0.932741, 0.0, 0.0, 0.0, 0.0, 1.0],
                [1.0, 0.0, 1e-06, 0.0, 0.0, 0.999999, 0.001461, 0.374726, -1e-06, -0.001461, 0.999999, 0.0, 0.0, 0.0, 0.0, 1.0],
                [1.0, 0.0, 1e-06, 0.0, 0.0, 0.999999, 0.001462, 0.374726, -1e-06, -0.001462, 0.999999, -0.0, 0.0, 0.0, 0.0, 1.0],
                [1.0, 0.0, 1e-06, -0.0, 0.0, 0.999998, 0.001462, 0.374726, -1e-06, -0.001462, 0.999999, -0.0, 0.0, 0.0, 0.0, 1.0],
                [1.0, 0.0, 1e-06, -0.0, 0.0, 0.999999, 0.001462, 0.374726, -1e-06, -0.001462, 0.999999, -0.0, 0.0, 0.0, 0.0, 1.0],
                [1.0, 0.0, 1e-06, -0.0, -0.0, 0.999999, 0.001462, 0.374726, -1e-06, -0.001462, 0.999999, -0.0, 0.0, 0.0, 0.0, 1.0],
                [1.0, 0.0, 1e-06, -0.0, -0.0, 0.999999, 0.001462, 0.374726, -1e-06, -0.001462, 0.999999, -0.0, 0.0, 0.0, 0.0, 1.0],
                [1.0, 0.0, 1e-06, -0.0, -0.0, 0.999999, 0.001462, 0.374726, -1e-06, -0.001462, 0.999999, -0.0, 0.0, 0.0, 0.0, 1.0],
                [1.0, 0.0, 1e-06, -0.0, -0.0, 0.999999, 0.001462, 0.374726, -1e-06, -0.001462, 0.999999, -0.0, 0.0, 0.0, 0.0, 1.0],
                [1.0, 0.0, 1e-06, -0.0, -0.0, 0.999999, 0.001462, 0.374726, -1e-06, -0.001462, 0.999999, -0.0, 0.0, 0.0, 0.0, 1.0],
                [1.0, 0.0, 1e-06, -0.0, -0.0, 0.999999, 0.001462, 0.374726, -1e-06, -0.001462, 0.999999, -0.0, 0.0, 0.0, 0.0, 1.0],
                [1.0, 0.0, 1e-06, -0.0, -0.0, 0.999999, 0.001462, 0.374726, -1e-06, -0.001462, 0.999999, -0.0, 0.0, 0.0, 0.0, 1.0],
                [1.0, 0.0, 1e-06, -0.0, -0.0, 0.999999, 0.001462, 0.374726, -1e-06, -0.001462, 0.999999, -0.0, 0.0, 0.0, 0.0, 1.0]
            ]
        },
        {
            "name": "Knee_R",
            "time": [0.0, 0.3333],
            "transform": [
                [1.0, 0.0, -0.0, -0.0, -0.0, 0.00567, -0.999984, 0.374726, -0.0, 0.999984, 0.00567, 0.0, 0.0, 0.0, 0.0, 1.0],
                [1.0, 0.0, -0.0, 0.0, -0.0, 0.00567, -0.999984, 0.374726, -0.0, 0.999984, 0.00567, 0.0, 0.0, 0.0, 0.0, 1.0]
            ]
        },
        {
            "name": "Thigh_L",
            "time": [0.0, 0.0167, 0.0333, 0.05, 0.0667, 0.0833, 0.1, 0.1167, 0.1333, 0.15, 0.1667, 0.1833, 0.2, 0.2167, 0.2333, 0.25, 0.2667, 0.2833, 0.3, 0.3167, 0.3333],
            "transform": [
                [0.997493, -0.022717, -0.067021, -0.125006, -0.053256, -0.864646, -0.499552, -0.002831, -0.046601, 0.501869, -0.863688, 0.082178, 0.0, 0.0, 0.0, 1.0],
                [0.997538, -0.023286, -0.06615, -0.125373, -0.053422, -0.863411, -0.501666, -0.004122, -0.045433, 0.503965, -0.862529, 0.076616, 0.0, 0.0, 0.0, 1.0],
                [0.997685, -0.024374, -0.06349, -0.126369, -0.052455, -0.869973, -0.490302, -0.007626, -0.043284, 0.492497, -0.869237, 0.061519, 0.0, 0.0, 0.0, 1.0],
                [0.99797, -0.046085, -0.043967, -0.127836, -0.047535, -0.99834, -0.032525, -0.012789, -0.042395, 0.034549, -0.998503, 0.039271, 0.0, 0.0, 0.0, 1.0],
                [0.998338, -0.046323, -0.034292, -0.129618, -0.038184, -0.977278, 0.208496, -0.01906, -0.043171, -0.20684, -0.977422, 0.012256, 0.0, 0.0, 0.0, 1.0],
                [0.998656, -0.042668, -0.029423, -0.131557, -0.027008, -0.912931, 0.407221, -0.025883, -0.044237, -0.405879, -0.912856, -0.017143, 0.0, 0.0, 0.0, 1.0],
                [0.998861, -0.037315, -0.029738, -0.133496, -0.015478, -0.842923, 0.537813, -0.032707, -0.045135, -0.53674, -0.84254, -0.046542, 0.0, 0.0, 0.0, 1.0],
                [0.998947, -0.030929, -0.033895, -0.135278, -0.005046, -0.808256, 0.588811, -0.038977, -0.045608, -0.588019, -0.80756, -0.073557, 0.0, 0.0, 0.0, 1.0],
                [0.998952, -0.022717, -0.03973, -0.136745, 0.003157, -0.831845, 0.555, -0.044141, -0.045657, -0.554544, -0.830901, -0.095805, 0.0, 0.0, 0.0, 1.0],
                [0.998929, -0.009283, -0.045327, -0.137741, 0.008425, -0.926795, 0.375476, -0.047645, -0.045494, -0.375455, -0.925723, -0.110902, 0.0, 0.0, 0.0, 1.0],
                [0.998916, -0.008641, -0.045737, -0.138108, 0.010291, -0.917302, 0.39806, -0.048936, -0.045394, -0.398099, -0.916219, -0.116464, 0.0, 0.0, 0.0, 1.0],
                [0.998916, -0.008641, -0.045737, -0.138108, 0.010291, -0.917302, 0.39806, -0.048936, -0.045394, -0.398099, -0.916219, -0.116464, 0.0, 0.0, 0.0, 1.0],
                [0.998916, -0.008641, -0.045737, -0.138108, 0.010291, -0.917302, 0.39806, -0.048936, -0.045394, -0.398099, -0.916219, -0.116464, 0.0, 0.0, 0.0, 1.0],
                [0.998916, -0.008641, -0.045737, -0.138108, 0.010291, -0.917302, 0.39806, -0.048936, -0.045394, -0.398099, -0.916219, -0.116464, 0.0, 0.0, 0.0, 1.0],
                [0.998916, -0.008641, -0.045737, -0.138108, 0.010291, -0.917302, 0.39806, -0.048936, -0.045394, -0.398099, -0.916219, -0.116464, 0.0, 0.0, 0.0, 1.0],
                [0.998916, -0.008641, -0.045737, -0.138108, 0.010291, -0.917302, 0.39806, -0.048936, -0.045394, -0.398099, -0.916219, -0.116464, 0.0, 0.0, 0.0, 1.0],
                [0.998916, -0.008641, -0.045737, -0.138108, 0.010291, -0.917302, 0.39806, -0.048936, -0.045394, -0.398099, -0.916219, -0.116464, 0.0, 0.0, 0.0, 1.0],
                [0.998916, -0.008641, -0.045737, -0.138108, 0.010291, -0.917302, 0.39806, -0.048936, -0.045394, -0.398099, -0.916219, -0.116464, 0.0, 0.0, 0.0, 1.0],
                [0.998916, -0.008641, -0.045737, -0.138108, 0.010291, -0.917302, 0.39806, -0.048936, -0.045394, -0.398099, -0.916219, -0.116464, 0.0, 0.0, 0.0, 1.0],
                [0.998916, -0.008641, -0.045737, -0.138108, 0.010291, -0.917302, 0.39806, -0.048936, -0.045394, -0.398099, -0.916219, -0.116464, 0.0, 0.0, 0.0, 1.0],
                [0.998916, -0.008641, -0.045737, -0.138108, 0.010291, -0.917302, 0.39806, -0.048936, -0.045394, -0.398099, -0.916219, -0.116464, 0.0, 0.0, 0.0, 1.0]
            ]
        },
        {
            "name": "Leg_L",
            "time": [0.0, 0.0167, 0.0333, 0.05, 0.0667, 0.0833, 0.1, 0.1167, 0.1333, 0.15, 0.1667, 0.1833, 0.2, 0.2167, 0.2333, 0.25, 0.2667, 0.2833, 0.3, 0.3167, 0.3333],
            "transform": [
                [1.0, 0.0, 1e-06, 0.0, -0.0, 0.999999, 0.001469, 0.374726, -1e-06, -0.00147, 0.999999, 0.0, 0.0, 0.0, 0.0, 1.0],
                [1.0, 0.0, 1e-06, -0.0, -0.0, 0.999998, 0.001467, 0.374726, -1e-06, -0.001467, 0.999999, -0.0, 0.0, 0.0, 0.0, 1.0],
                [1.0, 0.0, 1e-06, 0.0, -0.0, 0.999999, 0.00146, 0.374726, -1e-06, -0.00146, 0.999999, -0.0, 0.0, 0.0, 0.0, 1.0],
                [1.0, 1.5e-05, 7e-06, 0.0, -1.6e-05, 0.679001, 0.734136, 0.374726, 6e-06, -0.734137, 0.679002, 0.0, 0.0, 0.0, 0.0, 1.0],
                [1.0, 1.8e-05, 1.1e-05, -0.0, -1.9e-05, 0.508534, 0.861042, 0.374726, 1e-05, -0.861042, 0.508535, -0.0, 0.0, 0.0, 0.0, 1.0],
                [1.0, 1.9e-05, 1.2e-05, 0.0, -2e-05, 0.442771, 0.896634, 0.374726, 1.1e-05, -0.896635, 0.442771, 0.0, 0.0, 0.0, 0.0, 1.0],
                [1.0, 1.8e-05, 1.1e-05, 0.0, -1.9e-05, 0.496036, 0.868302, 0.374726, 1e-05, -0.868302, 0.496036, -0.0, 0.0, 0.0, 0.0, 1.0],
                [1.0, 1.6e-05, 8e-06, 0.0, -1.7e-05, 0.649495, 0.760365, 0.374726, 7e-06, -0.760365, 0.649495, -0.0, 0.0, 0.0, 0.0, 1.0],
                [1.0, 1.1e-05, 4e-06, -0.0, -1.1e-05, 0.852556, 0.522636, 0.374726, 2e-06, -0.522636, 0.852556, -0.0, 0.0, 0.0, 0.0, 1.0],
                [1.0, 0.0, 1e-06, 0.0, -0.0, 0.999999, 0.00146, 0.374726, -1e-06, -0.00146, 0.999999, 0.0, 0.0, 0.0, 0.0, 1.0],
                [1.0, 0.0, 1e-06, 0.0, -0.0, 0.999998, 0.001461, 0.374726, -1e-06, -0.001462, 0.999999, 0.0, 0.0, 0.0, 0.0, 1.0],
                [1.0, 0.0, 1e-06, 0.0, -0.0, 0.999998, 0.001461, 0.374726, -1e-06, -0.001462, 0.999999, 0.0, 0.0, 0.0, 0.0, 1.0],
                [1.0, 0.0, 1e-06, 0.0, -0.0, 0.999998, 0.001461, 0.374726, -1e-06, -0.001462, 0.999999, 0.0, 0.0, 0.0, 0.0, 1.0],
                [1.0, 0.0, 1e-06, 0.0, -0.0, 0.999998, 0.001461, 0.374726, -1e-06, -0.001462, 0.999999, 0.0, 0.0, 0.0, 0.0, 1.0],
                [1.0, 0.0, 1e-06, 0.0, -0.0, 0.999998, 0.001461, 0.374726, -1e-06, -0.001462, 0.999999, 0.0, 0.0, 0.0, 0.0, 1.0],
                [1.0, 0.0, 1e-06, 0.0, -0.0, 0.999998, 0.001461, 0.374726, -1e-06, -0.001462, 0.999999, 0.0, 0.0, 0.0, 0.0, 1.0],
                [1.0, 0.0, 1e-06, 0.0, -0.0, 0.999998, 0.001461, 0.374726, -1e-06, -0.001462, 0.999999, 0.0, 0.0, 0.0, 0.0, 1.0],
                [1.0, 0.0, 1e-06, 0.0, -0.0, 0.999998, 0.001461, 0.374726, -1e-06, -0.001462, 0.999999, 0.0, 0.0, 0.0, 0.0, 1.0],
                [1.0, 0.0, 1e-06, 0.0, -0.0, 0.999998, 0.001461, 0.374726, -1e-06, -0.001462, 0.999999, 0.0, 0.0, 0.0, 0.0, 1.0],
                [1.0, 0.0, 1e-06, 0.0, -0.0, 0.999998, 0.001461, 0.374726, -1e-06, -0.001462, 0.999999, 0.0, 0.0, 0.0, 0.0, 1.0],
                [1.0, 0.0, 1e-06, 0.0, -0.0, 0.999998, 0.001461, 0.374726, -1e-06, -0.001462, 0.999999, 0.0, 0.0, 0.0, 0.0, 1.0]
            ]
        },
        {
            "name": "Knee_L",
            "time": [0.0, 0.3333],
            "transform": [
                [1.0, 0.0, -0.0, 0.0, -0.0, 0.00567, -0.999984, 0.374726, -0.0, 0.999984, 0.00567, 0.0, 0.0, 0.0, 0.0, 1.0],
                [1.0, 0.0, -0.0, 0.0, -0.0, 0.00567, -0.999984, 0.374726, -0.0, 0.999984, 0.00567, -0.0, 0.0, 0.0, 0.0, 1.0]
            ]
        },
        {
            "name": "Torso",
            "time": [0.0, 0.0167, 0.0333, 0.05, 0.0667, 0.0833, 0.1, 0.1167, 0.1333, 0.15, 0.1667, 0.1833, 0.2, 0.2167, 0.2333, 0.25, 0.2667, 0.2833, 0.3, 0.3167, 0.3333],
            "transform": [
                [0.824258, 0.0, 0.566215, 0.0, 0.0, 1.0, 0.0, 0.05, -0.566215, 0.0, 0.824258, 0.0, 0.0, 0.0, 0.0, 1.0],
                [0.8418, 0.0, 0.539789, 0.0, 0.0, 1.0, 0.0, 0.05, -0.539789, 0.0, 0.8418, 0.0, 0.0, 0.0, 0.0, 1.0],
                [0.885774, 0.0, 0.464116, 0.0, 0.0, 1.0, 0.0, 0.05, -0.464116, 0.0, 0.885774, 0.0, 0.0, 0.0, 0.0, 1.0],
                [0.9393, 0.0, 0.343097, 0.0, 0.0, 1.0, 0.0, 0.05, -0.343097, 0.0, 0.9393, 0.0, 0.0, 0.0, 0.0, 1.0],
                [0.982882, 0.0, 0.184237, 0.0, 0.0, 1.0, 0.0, 0.05, -0.184237, 0.0, 0.982882, 0.0, 0.0, 0.0, 0.0, 1.0],
                [0.999995, 0.0, 0.003043, 0.0, 0.0, 1.0, 0.0, 0.05, -0.003043, 0.0, 0.999995, 0.0, 0.0, 0.0, 0.0, 1.0],
                [0.983985, 0.0, -0.178251, 0.0, 0.0, 1.0, 0.0, 0.05, 0.178251, 0.0, 0.983985, 0.0, 0.0, 0.0, 0.0, 1.0],
                [0.941371, 0.0, -0.337374, 0.0, 0.0, 1.0, 0.0, 0.05, 0.337374, 0.0, 0.941371, 0.0, 0.0, 0.0, 0.0, 1.0],
                [0.888583, 0.0, -0.458717, 0.0, 0.0, 1.0, 0.0, 0.05, 0.458717, 0.0, 0.888583, 0.0, 0.0, 0.0, 0.0, 1.0],
                [0.84507, 0.0, -0.534656, 0.0, 0.0, 1.0, 0.0, 0.05, 0.534656, 0.0, 0.84507, 0.0, 0.0, 0.0, 0.0, 1.0],
                [0.827689, 0.0, -0.561188, 0.0, 0.0, 1.0, 0.0, 0.05, 0.561188, 0.0, 0.827689, 0.0, 0.0, 0.0, 0.0, 1.0],
                [0.827689, 0.0, -0.561188, 0.0, 0.0, 1.0, 0.0, 0.05, 0.561188, 0.0, 0.827689, 0.0, 0.0, 0.0, 0.0, 1.0],
                [0.827689, 0.0, -0.561188, 0.0, 0.0, 1.0, 0.0, 0.05, 0.561188, 0.0, 0.827689, 0.0, 0.0, 0.0, 0.0, 1.0],
                [0.827689, 0.0, -0.561188, 0.0, 0.0, 1.0, 0.0, 0.05, 0.561188, 0.0, 0.827689, 0.0, 0.0, 0.0, 0.0, 1.0],
                [0.827689, 0.0, -0.561188, 0.0, 0.0, 1.0, 0.0, 0.05, 0.561188, 0.0, 0.827689, 0.0, 0.0, 0.0, 0.0, 1.0],
                [0.827689, 0.0, -0.561188, 0.0, 0.0, 1.0, 0.0, 0.05, 0.561188, 0.0, 0.827689, 0.0, 0.0, 0.0, 0.0, 1.0],
                [0.827689, 0.0, -0.561188, 0.0, 0.0, 1.0, 0.0, 0.05, 0.561188, 0.0, 0.827689, 0.0, 0.0, 0.0, 0.0, 1.0],
                [0.827689, 0.0, -0.561188, 0.0, 0.0, 1.0, 0.0, 0.05, 0.561188, 0.0, 0.827689, 0.0, 0.0, 0.0, 0.0, 1.0],
                [0.827689, 0.0, -0.561188, 0.0, 0.0, 1.0, 0.0, 0.05, 0.561188, 0.0, 0.827689, 0.0, 0.0, 0.0, 0.0, 1.0],
                [0.827689, 0.0, -0.561188, 0.0, 0.0, 1.0, 0.0, 0.05, 0.561188, 0.0, 0.827689, 0.0, 0.0, 0.0, 0.0, 1.0],
                [0.827689, 0.0, -0.561188, 0.0, 0.0, 1.0, 0.0, 0.05, 0.561188, 0.0, 0.827689, 0.0, 0.0, 0.0, 0.0, 1.0]
            ]
        },
        {
            "name": "Chest",
            "time": [0.0, 0.0167, 0.0333, 0.05, 0.0667, 0.0833, 0.1, 0.1167, 0.1333, 0.15, 0.1667, 0.1833, 0.2, 0.2167, 0.2333, 0.25, 0.2667, 0.2833, 0.3, 0.3167, 0.3333],
            "transform": [
                [1.0, 0.0, 0.0, 0.0, 0.0, 1.0, 0.0, 0.3, 0.0, 0.0, 1.0, -0.0, 0.0, 0.0, 0.0, 1.0],
                [1.0, 0.0, 0.0, -0.0, 0.0, 1.0, 0.0, 0.3, -0.0, 0.0, 1.0, 0.0, 0.0, 0.0, 0.0, 1.0],
                [1.0, 0.0, 0.0, -0.0, 0.0, 1.0, 0.0, 0.3, 0.0, 0.0, 1.0, -0.0, 0.0, 0.0, 0.0, 1.0],
                [1.0, 0.0, 0.0, -0.0, 0.0, 1.0, 0.0, 0.3, 0.0, 0.0, 1.0, -0.0, 0.0, 0.0, 0.0, 1.0],
                [1.0, 0.0, 0.0, -0.0, 0.0, 1.0, 0.0, 0.3, -0.0, 0.0, 1.0, -0.0, 0.0, 0.0, 0.0, 1.0],
                [1.0, 0.0, -0.0, 0.0, 0.0, 1.0, 0.0, 0.3, 0.0, 0.0, 1.0, -0.0, 0.0, 0.0, 0.0, 1.0],
                [1.0, 0.0, 0.0, -0.0, 0.0, 1.0, 0.0, 0.3, 0.0, 0.0, 1.0, 0.0, 0.0, 0.0, 0.0, 1.0],
                [1.0, 0.0, 0.0, -0.0, 0.0, 1.0, 0.0, 0.3, 0.0, 0.0, 1.0, 0.0, 0.0, 0.0, 0.0, 1.0],
                [1.0, 0.0, 0.0, 0.0, 0.0, 1.0, 0.0, 0.3, 0.0, 0.0, 1.0, -0.0, 0.0, 0.0, 0.0, 1.0],
                [1.0, 0.0, 0.0, -0.0, 0.0, 1.0, 0.0, 0.3, 0.0, 0.0, 1.0, -0.0, 0.0, 0.0, 0.0, 1.0],
                [1.0, 0.0, 0.0, 0.0, 0.0, 1.0, 0.0, 0.3, 0.0, 0.0, 1.0, -0.0, 0.0, 0.0, 0.0, 1.0],
                [1.0, 0.0, -0.0, 0.0, 0.0, 1.0, 0.0, 0.3, 0.0, 0.0, 1.0, -0.0, 0.0, 0.0, 0.0, 1.0],
                [1.0, 0.0, -0.0, 0.0, 0.0, 1.0, 0.0, 0.3, 0.0, 0.0, 1.0, -0.0, 0.0, 0.0, 0.0, 1.0],
                [1.0, 0.0, -0.0, 0.0, 0.0, 1.0, 0.0, 0.3, 0.0, 0.0, 1.0, -0.0, 0.0, 0.0, 0.0, 1.0],
                [1.0, 0.0, -0.0, 0.0, 0.0, 1.0, 0.0, 0.3, 0.0, 0.0, 1.0, -0.0, 0.0, 0.0, 0.0, 1.0],
                [1.0, 0.0, -0.0, 0.0, 0.0, 1.0, 0.0, 0.3, 0.0, 0.0, 1.0, -0.0, 0.0, 0.0, 0.0, 1.0],
                [1.0, 0.0, -0.0, 0.0, 0.0, 1.0, 0.0, 0.3, 0.0, 0.0, 1.0, -0.0, 0.0, 0.0, 0.0, 1.0],
                [1.0, 0.0, -0.0, 0.0, 0.0, 1.0, 0.0, 0.3, 0.0, 0.0, 1.0, -0.0, 0.0, 0.0, 0.0, 1.0],
                [1.0, 0.0, -0.0, 0.0, 0.0, 1.0, 0.0, 0.3, 0.0, 0.0, 1.0, -0.0, 0.0, 0.0, 0.0, 1.0],
                [1.0, 0.0, -0.0, 0.0, 0.0, 1.0, 0.0, 0.3, 0.0, 0.0, 1.0, -0.0, 0.0, 0.0, 0.0, 1.0],
                [1.0, 0.0, -0.0, 0.0, 0.0, 1.0, 0.0, 0.3, 0.0, 0.0, 1.0, -0.0, 0.0, 0.0, 0.0, 1.0]
            ]
        },
        {
            "name": "Head",
            "time": [0.0, 0.0167, 0.0333, 0.05, 0.0667, 0.0833, 0.1, 0.1167, 0.1333, 0.15, 0.1667, 0.1833, 0.2, 0.2167, 0.2333, 0.25, 0.2667, 0.2833, 0.3, 0.3167, 0.3333],
            "transform": [
                [0.868243, 0.0, -0.496139, 0.0, 0.0, 1.0, 0.0, 0.4, 0.49614, 0.0, 0.868243, 0.0, 0.0, 0.0, 0.0, 1.0],
                [0.880273, 0.0, -0.474467, -0.0, 0.0, 1.0, 0.0, 0.4, 0.474467, 0.0, 0.880273, 0.0, 0.0, 0.0, 0.0, 1.0],
                [0.910456, 0.0, -0.413605, -0.0, 0.0, 1.0, 0.0, 0.4, 0.413605, 0.0, 0.910456, 0.0, 0.0, 0.0, 0.0, 1.0],
                [0.947731, 0.0, -0.319071, -0.0, 0.0, 1.0, 0.0, 0.4, 0.319071, 0.0, 0.947731, -0.0, 0.0, 0.0, 0.0, 1.0],
                [0.980167, 0.0, -0.198174, -0.0, 0.0, 1.0, 0.0, 0.4, 0.198174, 0.0, 0.980167, -0.0, 0.0, 0.0, 0.0, 1.0],
                [0.99808, 0.0, -0.061945, 0.0, 0.0, 1.0, 0.0, 0.4, 0.061945, 0.0, 0.99808, -0.0, 0.0, 0.0, 0.0, 1.0],
                [0.99715, 0.0, 0.075453, -0.0, 0.0, 1.0, 0.0, 0.4, -0.075453, 0.0, 0.997149, -0.0, 0.0, 0.0, 0.0, 1.0],
                [0.979912, 0.0, 0.199433, -0.0, 0.0, 1.0, 0.0, 0.4, -0.199433, 0.0, 0.979911, 0.0, 0.0, 0.0, 0.0, 1.0],
                [0.954613, 0.0, 0.29785, 0.0, 0.0, 1.0, 0.0, 0.4, -0.29785, 0.0, 0.954612, -0.0, 0.0, 0.0, 0.0, 1.0],
                [0.932187, 0.0, 0.361977, 0.0, 0.0, 1.0, 0.0, 0.4, -0.361977, 0.0, 0.932187, 0.0, 0.0, 0.0, 0.0, 1.0],
                [0.922929, 0.0, 0.384971, 0.0, 0.0, 1.0, 0.0, 0.4, -0.384971, 0.0, 0.922929, -0.0, 0.0, 0.0, 0.0, 1.0],
                [0.922929, 0.0, 0.384971, 0.0, 0.0, 1.0, 0.0, 0.4, -0.384971, 0.0, 0.922929, -0.0, 0.0, 0.0, 0.0, 1.0],
                [0.922929, 0.0, 0.384971, 0.0, 0.0, 1.0, 0.0, 0.4, -0.384971, 0.0, 0.922929, -0.0, 0.0, 0.0, 0.0, 1.0],
                [0.922929, 0.0, 0.384971, 0.0, 0.0, 1.0, 0.0, 0.4, -0.384971, 0.0, 0.922929, -0.0, 0.0, 0.0, 0.0, 1.0],
                [0.922929, 0.0, 0.384971, 0.0, 0.0, 1.0, 0.0, 0.4, -0.384971, 0.0, 0.922929, -0.0, 0.0, 0.0, 0.0, 1.0],
                [0.922929, 0.0, 0.384971, 0.0, 0.0, 1.0, 0.0, 0.4, -0.384971, 0.0, 0.922929, -0.0, 0.0, 0.0, 0.0, 1.0],
                [0.922929, 0.0, 0.384971, 0.0, 0.0, 1.0, 0.0, 0.4, -0.384971, 0.0, 0.922929, -0.0, 0.0, 0.0, 0.0, 1.0],
                [0.922929, 0.0, 0.384971, 0.0, 0.0, 1.0, 0.0, 0.4, -0.384971, 0.0, 0.922929, -0.0, 0.0, 0.0, 0.0, 1.0],
                [0.922929, 0.0, 0.384971, 0.0, 0.0, 1.0, 0.0, 0.4, -0.384971, 0.0, 0.922929, -0.0, 0.0, 0.0, 0.0, 1.0],
                [0.922929, 0.0, 0.384971, 0.0, 0.0, 1.0, 0.0, 0.4, -0.384971, 0.0, 0.922929, -0.0, 0.0, 0.0, 0.0, 1.0],
                [0.922929, 0.0, 0.384971, 0.0, 0.0, 1.0, 0.0, 0.4, -0.384971, 0.0, 0.922929, -0.0, 0.0, 0.0, 0.0, 1.0]
            ]
        },
        {
            "name": "Shoulder_R",
            "time": [0.0, 0.0167, 0.0333, 0.05, 0.0667, 0.0833, 0.1, 0.1167, 0.1333, 0.15, 0.1667, 0.1833, 0.2, 0.2167, 0.2333, 0.25, 0.2667, 0.2833, 0.3, 0.3167, 0.3333],
            "transform": [
                [0.0, 0.952114, 0.305743, 0.0, 0.0, -0.305743, 0.952114, 0.4, 1.0, 0.0, -0.0, -0.0, 0.0, 0.0, 0.0, 1.0],
                [0.0, 0.952114, 0.305743, -0.0, 0.0, -0.305743, 0.952114, 0.4, 1.0, 0.0, -0.0, -0.0, 0.0, 0.0, 0.0, 1.0],
                [0.0, 0.952114, 0.305743, 0.0, 0.0, -0.305743, 0.952114, 0.4, 1.0, -0.0, -0.0, 0.0, 0.0, 0.0, 0.0, 1.0],
                [0.0, 0.952114, 0.305743, 0.0, 0.0, -0.305743, 0.952114, 0.4, 1.0, -0.0, -0.0, -0.0, 0.0, 0.0, 0.0, 1.0],
                [0.0, 0.952114, 0.305743, 0.0, 0.0, -0.305743, 0.952114, 0.4, 1.0, -0.0, -0.0, -0.0, 0.0, 0.0, 0.0, 1.0],
                [0.0, 0.952114, 0.305743, 0.0, 0.0, -0.305743, 0.952114, 0.4, 1.0, 0.0, -0.0, 0.0, 0.0, 0.0, 0.0, 1.0],
                [0.0, 0.952114, 0.305743, -0.0, 0.0, -0.305743, 0.952114, 0.4, 1.0, 0.0, -0.0, -0.0, 0.0, 0.0, 0.0, 1.0],
                [0.0, 0.952114, 0.305743, 0.0, 0.0, -0.305743, 0.952114, 0.4, 1.0, 0.0, -0.0, 0.0, 0.0, 0.0, 0.0, 1.0],
                [0.0, 0.952114, 0.305743, 0.0, 0.0, -0.305743, 0.952114, 0.4, 1.0, 0.0, -0.0, 0.0, 0.0, 0.0, 0.0, 1.0],
                [0.0, 0.952114, 0.305743, 0.0, 0.0, -0.305743, 0.952114, 0.4, 1.0, -0.0, -0.0, 0.0, 0.0, 0.0, 0.0, 1.0],
                [0.0, 0.952114, 0.305743, 0.0, 0.0, -0.305743, 0.952114, 0.4, 1.0, -0.0, -0.0, 0.0, 0.0, 0.0, 0.0, 1.0],
                [0.0, 0.952114, 0.305743, 0.0, 0.0, -0.305743, 0.952114, 0.4, 1.0, -0.0, -0.0, -0.0, 0.0, 0.0, 0.0, 1.0],
                [0.0, 0.952114, 0.305743, 0.0, 0.0, -0.305743, 0.952114, 0.4, 1.0, -0.0, -0.0, -0.0, 0.0, 0.0, 0.0, 1.0],
                [0.0, 0.952114, 0.305743, 0.0, 0.0, -0.305743, 0.952114, 0.4, 1.0, -0.0, -0.0, -0.0, 0.0, 0.0, 0.0, 1.0],
                [0.0, 0.952114, 0.305743, 0.0, 0.0, -0.305743, 0.952114, 0.4, 1.0, -0.0, -0.0, -0.0, 0.0, 0.0, 0.0, 1.0],
                [0.0, 0.952114, 0.305743, 0.0, 0.0, -0.305743, 0.952114, 0.4, 1.0, -0.0, -0.0, -0.0, 0.0, 0.0, 0.0, 1.0],
                [0.0, 0.952114, 0.305743, 0.0, 0.0, -0.305743, 0.952114, 0.4, 1.0, -0.0, -0.0, -0.0, 0.0, 0.0, 0.0, 1.0],
                [0.0, 0.952114, 0.305743, 0.0, 0.0, -0.305743, 0.952114, 0.4, 1.0, -0.0, -0.0, -0.0, 0.0, 0.0, 0.0, 1.0],
                [0.0, 0.952114, 0.305743, 0.0, 0.0, -0.305743, 0.952114, 0.4, 1.0, -0.0, -0.0, -0.0, 0.0, 0.0, 0.0, 1.0],
                [0.0, 0.952114, 0.305743, 0.0, 0.0, -0.305743, 0.952114, 0.4, 1.0, -0.0, -0.0, -0.0, 0.0, 0.0, 0.0, 1.0],
                [0.0, 0.952114, 0.305743, 0.0, 0.0, -0.305743, 0.952114, 0.4, 1.0, -0.0, -0.0, -0.0, 0.0, 0.0, 0.0, 1.0]
            ]
        },
        {
            "name": "Arm_R",
            "time": [0.0, 0.0167, 0.0333, 0.05, 0.0667, 0.0833, 0.1, 0.1167, 0.1333, 0.15, 0.1667, 0.1833, 0.2, 0.2167, 0.2333, 0.25, 0.2667, 0.2833, 0.3, 0.3167, 0.3333],
            "transform": [
                [-0.473962, -0.842818, 0.254986, -0.0, 0.249577, -0.406284, -0.879003, 0.39386, 0.844435, -0.352976, 0.402911, 0.0, 0.0, 0.0, 0.0, 1.0],
                [-0.462124, -0.877883, 0.125547, -0.0, 0.241054, -0.26059, -0.934873, 0.39386, 0.853424, -0.401764, 0.332042, 0.0, 0.0, 0.0, 0.0, 1.0],
                [-0.427043, -0.903321, -0.040572, 0.0, 0.229489, -0.064873, -0.971148, 0.39386, 0.874625, -0.424033, 0.235004, 0.0, 0.0, 0.0, 0.0, 1.0],
                [-0.362345, -0.91331, -0.185932, -0.0, 0.225378, 0.10771, -0.9683, 0.39386, 0.904384, -0.392764, 0.166812, 0.0, 0.0, 0.0, 0.0, 1.0],
                [-0.27387, -0.930515, -0.243182, -0.0, 0.174752, 0.200495, -0.963984, 0.39386, 0.945757, -0.306503, 0.107699, 0.0, 0.0, 0.0, 0.0, 1.0],
                [-0.214564, -0.902255, -0.37403, 0.0, 0.107929, 0.358701, -0.927192, 0.39386, 0.970728, -0.239311, 0.020415, -0.0, 0.0, 0.0, 0.0, 1.0],
                [-0.156239, -0.735941, -0.658772, 0.0, 0.10814, 0.650208, -0.752021, 0.39386, 0.981781, -0.188734, -0.022004, 0.0, 0.0, 0.0, 0.0, 1.0],
                [-0.104201, -0.560507, -0.821568, 0.0, 0.005808, 0.825708, -0.564069, 0.393861, 0.994539, -0.063548, -0.082784, 0.0, 0.0, 0.0, 0.0, 1.0],
                [-0.08597, -0.466422, -0.880375, 0.0, -0.082076, 0.883959, -0.460306, 0.39386, 0.992911, 0.032685, -0.114277, 0.0, 0.0, 0.0, 0.0, 1.0],
                [-0.070394, -0.485796, -0.871234, 0.0, -0.118012, 0.871323, -0.47631, 0.393861, 0.990514, 0.069287, -0.118666, -0.0, 0.0, 0.0, 0.0, 1.0],
                [-0.059786, -0.641193, -0.765047, -0.0, -0.125563, 0.765161, -0.631477, 0.39386, 0.990282, 0.058308, -0.126257, 0.0, 0.0, 0.0, 0.0, 1.0],
                [-0.059786, -0.641194, -0.765047, 0.0, -0.125563, 0.765161, -0.631477, 0.39386, 0.990283, 0.058308, -0.126257, 0.0, 0.0, 0.0, 0.0, 1.0],
                [-0.059786, -0.641194, -0.765047, 0.0, -0.125563, 0.765161, -0.631477, 0.39386, 0.990283, 0.058308, -0.126257, 0.0, 0.0, 0.0, 0.0, 1.0],
                [-0.059786, -0.641194, -0.765047, 0.0, -0.125563, 0.765161, -0.631477, 0.39386, 0.990283, 0.058308, -0.126257, 0.0, 0.0, 0.0, 0.0, 1.0],
                [-0.059786, -0.641194, -0.765047, 0.0, -0.125563, 0.765161, -0.631477, 0.39386, 0.990283, 0.058308, -0.126257, 0.0, 0.0, 0.0, 0.0, 1.0],
                [-0.059786, -0.641194, -0.765047, 0.0, -0.125563, 0.765161, -0.631477, 0.39386, 0.990283, 0.058308, -0.126257, 0.0, 0.0, 0.0, 0.0, 1.0],
                [-0.059786, -0.641194, -0.765047, 0.0, -0.125563, 0.765161, -0.631477, 0.39386, 0.990283, 0.058308, -0.126257, 0.0, 0.0, 0.0, 0.0, 1.0],
                [-0.059786, -0.641194, -0.765047, 0.0, -0.125563, 0.765161, -0.631477, 0.39386, 0.990283, 0.058308, -0.126257, 0.0, 0.0, 0.0, 0.0, 1.0],
                [-0.059786, -0.641194, -0.765047, 0.0, -0.125563, 0.765161, -0.631477, 0.39386, 0.990283, 0.058308, -0.126257, 0.0, 0.0, 0.0, 0.0, 1.0],
                [-0.059786, -0.641194, -0.765047, 0.0, -0.125563, 0.765161, -0.631477, 0.39386, 0.990283, 0.058308, -0.126257, 0.0, 0.0, 0.0, 0.0, 1.0],
                [-0.059786, -0.641194, -0.765047, 0.0, -0.125563, 0.765161, -0.631477, 0.39386, 0.990283, 0.058308, -0.126257, 0.0, 0.0, 0.0, 0.0, 1.0]
            ]
        },
        {
            "name": "Hand_R",
            "time": [0.0, 0.0167, 0.0333, 0.05, 0.0667, 0.0833, 0.1, 0.1167, 0.1333, 0.15, 0.1667, 0.1833, 0.2, 0.2167, 0.2333, 0.25, 0.2667, 0.2833, 0.3, 0.3167, 0.3333],
            "transform": [
                [1.0, -0.0, 0.0, -0.0, 0.0, 0.994444, -0.105269, 0.300003, -0.0, 0.105269, 0.994444, -0.0, 0.0, 0.0, 0.0, 1.0],
                [1.0, -1e-06, 0.0, 0.0, 1e-06, 0.919208, -0.393772, 0.300003, 0.0, 0.393772, 0.919208, -0.0, 0.0, 0.0, 0.0, 1.0],
                [1.0, -2e-06, 1e-06, 0.0, 2e-06, 0.758323, -0.65188, 0.300003, 1e-06, 0.65188, 0.758323, 0.0, 0.0, 0.0, 0.0, 1.0],
                [1.0, -3e-06, 1e-06, 0.0, 3e-06, 0.65932, -0.751863, 0.300003, 1e-06, 0.751863, 0.65932, -0.0, 0.0, 0.0, 0.0, 1.0],
                [1.0, -2e-06, 1e-06, 0.0, 3e-06, 0.729319, -0.684174, 0.300003, 1e-06, 0.684174, 0.729319, 0.0, 0.0, 0.0, 0.0, 1.0],
                [1.0, -3e-06, 1e-06, 0.0, 3e-06, 0.672834, -0.739794, 0.300002, 1e-06, 0.739794, 0.672834, 0.0, 0.0, 0.0, 0.0, 1.0],
                [1.0, -3e-06, 2e-06, 0.0, 3e-06, 0.395338, -0.918537, 0.300002, 2e-06, 0.918536, 0.395338, -0.0, 0.0, 0.0, 0.0, 1.0],
                [1.0, -3e-06, 2e-06, 0.0, 3e-06, 0.373929, -0.927458, 0.300003, 2e-06, 0.927457, 0.373929, 0.0, 0.0, 0.0, 0.0, 1.0],
                [1.0, -3e-06, 2e-06, 0.0, 3e-06, 0.57667, -0.816978, 0.300003, 2e-06, 0.816977, 0.57667, 0.0, 0.0, 0.0, 0.0, 1.0],
                [1.0, -2e-06, 1e-06, 0.0, 2e-06, 0.855779, -0.517342, 0.300003, 1e-06, 0.517341, 0.855779, -0.0, 0.0, 0.0, 0.0, 1.0],
                [1.0, -0.0, 0.0, 0.0, -0.0, 0.999999, -0.000992, 0.300003, -0.0, 0.000992, 1.0, -0.0, 0.0, 0.0, 0.0, 1.0],
                [1.0, -0.0, 0.0, 0.0, 0.0, 0.999999, -0.000992, 0.300003, -0.0, 0.000992, 1.0, 0.0, 0.0, 0.0, 0.0, 1.0],
                [1.0, -0.0, 0.0, 0.0, 0.0, 0.999999, -0.000992, 0.300003, -0.0, 0.000992, 1.0, 0.0, 0.0, 0.0, 0.0, 1.0],
                [1.0, -0.0, 0.0, 0.0, 0.0, 0.999999, -0.000992, 0.300003, -0.0, 0.000992, 1.0, 0.0, 0.0, 0.0, 0.0, 1.0],
                [1.0, -0.0, 0.0, 0.0, 0.0, 0.999999, -0.000992, 0.300003, -0.0, 0.000992, 1.0, 0.0, 0.0, 0.0, 0.0, 1.0],
                [1.0, -0.0, 0.0, 0.0, 0.0, 0.999999, -0.000992, 0.300003, -0.0, 0.000992, 1.0, 0.0, 0.0, 0.0, 0.0, 1.0],
                [1.0, -0.0, 0.0, 0.0, 0.0, 0.999999, -0.000992, 0.300003, -0.0, 0.000992, 1.0, 0.0, 0.0, 0.0, 0.0, 1.0],
                [1.0, -0.0, 0.0, 0.0, 0.0, 0.999999, -0.000992, 0.300003, -0.0, 0.000992, 1.0, 0.0, 0.0, 0.0, 0.0, 1.0],
                [1.0, -0.0, 0.0, 0.0, 0.0, 0.999999, -0.000992, 0.300003, -0.0, 0.000992, 1.0, 0.0, 0.0, 0.0, 0.0, 1.0],
                [1.0, -0.0, 0.0, 0.0, 0.0, 0.999999, -0.000992, 0.300003, -0.0, 0.000992, 1.0, 0.0, 0.0, 0.0, 0.0, 1.0],
                [1.0, -0.0, 0.0, 0.0, 0.0, 0.999999, -0.000992, 0.300003, -0.0, 0.000992, 1.0, 0.0, 0.0, 0.0, 0.0, 1.0]
            ]
        },
        {
            "name": "Tool_R",
            "time": [0.0, 0.0167, 0.0333, 0.05, 0.0667, 0.0833, 0.1, 0.1167, 0.1333, 0.15, 0.1667, 0.1833, 0.2, 0.2167, 0.2333, 0.25, 0.2667, 0.2833, 0.3, 0.3167, 0.3333],
            "transform": [
                [0.977277, -0.180157, -0.111685, -0.044524, -0.17096, -0.358437, -0.917767, 0.36058, 0.125311, 0.916006, -0.381092, -0.069157, 0.0, 0.0, 0.0, 1.0],
                [0.977277, -0.180158, -0.111685, -0.041941, -0.17096, -0.358437, -0.917767, 0.360111, 0.125311, 0.916006, -0.381092, -0.068965, 0.0, 0.0, 0.0, 1.0],
                [0.977277, -0.180157, -0.111685, -0.03493, -0.17096, -0.358437, -0.917767, 0.358836, 0.125311, 0.916006, -0.381092, -0.068443, 0.0, 0.0, 0.0, 1.0],
                [0.977277, -0.180157, -0.111685, -0.024598, -0.17096, -0.358437, -0.917767, 0.356958, 0.125311, 0.916006, -0.381092, -0.067674, 0.0, 0.0, 0.0, 1.0],
                [0.977277, -0.180157, -0.111685, -0.012053, -0.17096, -0.358437, -0.917767, 0.354678, 0.125311, 0.916006, -0.381092, -0.066741, 0.0, 0.0, 0.0, 1.0],
                [0.977277, -0.180157, -0.111685, 0.0016, -0.17096, -0.358437, -0.917767, 0.352196, 0.125311, 0.916006, -0.381092, -0.065724, 0.0, 0.0, 0.0, 1.0],
                [0.977277, -0.180157, -0.111685, 0.015252, -0.17096, -0.358437, -0.917767, 0.349715, 0.125311, 0.916006, -0.381092, -0.064708, 0.0, 0.0, 0.0, 1.0],
                [0.977277, -0.180157, -0.111685, 0.027798, -0.17096, -0.358437, -0.917767, 0.347435, 0.125311, 0.916006, -0.381092, -0.063774, 0.0, 0.0, 0.0, 1.0],
                [0.977277, -0.180157, -0.111685, 0.038129, -0.17096, -0.358437, -0.917767, 0.345557, 0.125311, 0.916006, -0.381092, -0.063005, 0.0, 0.0, 0.0, 1.0],
                [0.977277, -0.180157, -0.111685, 0.04514, -0.17096, -0.358437, -0.917767, 0.344283, 0.125311, 0.916006, -0.381092, -0.062483, 0.0, 0.0, 0.0, 1.0],
                [0.977277, -0.180157, -0.111685, 0.047723, -0.17096, -0.358437, -0.917767, 0.343813, 0.125311, 0.916006, -0.381092, -0.062291, 0.0, 0.0, 0.0, 1.0],
                [0.977277, -0.180157, -0.111685, 0.047723, -0.17096, -0.358437, -0.917767, 0.343813, 0.125311, 0.916006, -0.381092, -0.062291, 0.0, 0.0, 0.0, 1.0],
                [0.977277, -0.180157, -0.111685, 0.047723, -0.17096, -0.358437, -0.917767, 0.343813, 0.125311, 0.916006, -0.381092, -0.062291, 0.0, 0.0, 0.0, 1.0],
                [0.977277, -0.180157, -0.111685, 0.047723, -0.17096, -0.358437, -0.917767, 0.343813, 0.125311, 0.916006, -0.381092, -0.062291, 0.0, 0.0, 0.0, 1.0],
                [0.977277, -0.180157, -0.111685, 0.047723, -0.17096, -0.358437, -0.917767, 0.343813, 0.125311, 0.916006, -0.381092, -0.062291, 0.0, 0.0, 0.0, 1.0],
                [0.977277, -0.180157, -0.111685, 0.047723, -0.17096, -0.358437, -0.917767, 0.343813, 0.125311, 0.916006, -0.381092, -0.062291, 0.0, 0.0, 0.0, 1.0],
                [0.977277, -0.180157, -0.111685, 0.047723, -0.17096, -0.358437, -0.917767, 0.343813, 0.125311, 0.916006, -0.381092, -0.062291, 0.0, 0.0, 0.0, 1.0],
                [0.977277, -0.180157, -0.111685, 0.047723, -0.17096, -0.358437, -0.917767, 0.343813, 0.125311, 0.916006, -0.381092, -0.062291, 0.0, 0.0, 0.0, 1.0],
                [0.977277, -0.180157, -0.111685, 0.047723, -0.17096, -0.358437, -0.917767, 0.343813, 0.125311, 0.916006, -0.381092, -0.062291, 0.0, 0.0, 0.0, 1.0],
                [0.977277, -0.180157, -0.111685, 0.047723, -0.17096, -0.358437, -0.917767, 0.343813, 0.125311, 0.916006, -0.381092, -0.062291, 0.0, 0.0, 0.0, 1.0],
                [0.977277, -0.180157, -0.111685, 0.047723, -0.17096, -0.358437, -0.917767, 0.343813, 0.125311, 0.916006, -0.381092, -0.062291, 0.0, 0.0, 0.0, 1.0]
            ]
        },
        {
            "name": "Elbow_R",
            "time": [0.0, 0.3333],
            "transform": [
                [-1.0, 0.0, -0.0, -0.0, 0.0, 0.003946, -0.999992, 0.309082, -0.0, -0.999992, -0.003946, -0.001217, 0.0, 0.0, 0.0, 1.0],
                [-1.0, 0.0, -0.0, 0.0, 0.0, 0.003946, -0.999992, 0.300008, -0.0, -0.999992, -0.003946, -0.001252, 0.0, 0.0, 0.0, 1.0]
            ]
        },
        {
            "name": "Shoulder_L",
            "time": [0.0, 0.0167, 0.0333, 0.05, 0.0667, 0.0833, 0.1, 0.1167, 0.1333, 0.15, 0.1667, 0.1833, 0.2, 0.2167, 0.2333, 0.25, 0.2667, 0.2833, 0.3, 0.3167, 0.3333],
            "transform": [
                [-0.0, -0.952114, -0.305743, -0.0, 0.0, -0.305743, 0.952114, 0.4, -1.0, 0.0, 0.0, 0.0, 0.0, 0.0, 0.0, 1.0],
                [0.0, -0.952114, -0.305743, 0.0, 0.0, -0.305743, 0.952114, 0.4, -1.0, -0.0, 0.0, 0.0, 0.0, 0.0, 0.0, 1.0],
                [-0.0, -0.952114, -0.305743, -0.0, 0.0, -0.305743, 0.952114, 0.4, -1.0, 0.0, 0.0, 0.0, 0.0, 0.0, 0.0, 1.0],
                [-0.0, -0.952114, -0.305743, -0.0, 0.0, -0.305743, 0.952114, 0.4, -1.0, 0.0, 0.0, -0.0, 0.0, 0.0, 0.0, 1.0],
                [-0.0, -0.952114, -0.305743, -0.0, 0.0, -0.305743, 0.952114, 0.4, -1.0, 0.0, 0.0, 0.0, 0.0, 0.0, 0.0, 1.0],
                [-0.0, -0.952114, -0.305743, -0.0, 0.0, -0.305743, 0.952114, 0.4, -1.0, 0.0, 0.0, -0.0, 0.0, 0.0, 0.0, 1.0],
                [-0.0, -0.952114, -0.305743, -0.0, 0.0, -0.305743, 0.952114, 0.4, -1.0, 0.0, 0.0, -0.0, 0.0, 0.0, 0.0, 1.0],
                [-0.0, -0.952114, -0.305743, -0.0, 0.0, -0.305743, 0.952114, 0.4, -1.0, 0.0, 0.0, 0.0, 0.0, 0.0, 0.0, 1.0],
                [0.0, -0.952114, -0.305743, 0.0, 0.0, -0.305743, 0.952114, 0.4, -1.0, 0.0, 0.0, 0.0, 0.0, 0.0, 0.0, 1.0],
                [0.0, -0.952114, -0.305743, 0.0, 0.0, -0.305743, 0.952114, 0.4, -1.0, -0.0, 0.0, 0.0, 0.0, 0.0, 0.0, 1.0],
                [0.0, -0.952114, -0.305743, -0.0, 0.0, -0.305743, 0.952114, 0.4, -1.0, -0.0, 0.0, -0.0, 0.0, 0.0, 0.0, 1.0],
                [0.0, -0.952114, -0.305743, -0.0, 0.0, -0.305743, 0.952114, 0.4, -1.0, -0.0, 0.0, -0.0, 0.0, 0.0, 0.0, 1.0],
                [0.0, -0.952114, -0.305743, -0.0, 0.0, -0.305743, 0.952114, 0.4, -1.0, -0.0, 0.0, -0.0, 0.0, 0.0, 0.0, 1.0],
