{
    "animation": [
        {
            "name": "Root",
            "time": [0.0, 0.0167, 0.0333, 0.05, 0.0667, 0.0833, 0.1, 0.1167, 0.1333, 0.15, 0.1667, 0.1833, 0.2, 0.2167, 0.2333, 0.25, 0.2667, 0.2833, 0.3, 0.3167, 0.3333],
            "transform": [
                [1.0, 0.0, 0.0, -5e-06, 0.0, 0.0, -1.0, -0.017228, 0.0, 1.0, 0.0, 0.763972, 0.0, 0.0, 0.0, 1.0],
                [1.0, 0.0, 0.0, -5e-06, 0.0, 0.0, -1.0, -0.00272, 0.0, 1.0, 0.0, 0.763972, 0.0, 0.0, 0.0, 1.0],
                [1.0, 0.0, 0.0, -5e-06, 0.0, 0.0, -1.0, 0.0382, 0.0, 1.0, 0.0, 0.763972, 0.0, 0.0, 0.0, 1.0],
                [1.0, 0.0, 0.0, -5e-06, 0.0, 0.0, -1.0, 0.101625, 0.0, 1.0, 0.0, 0.763972, 0.0, 0.0, 0.0, 1.0],
                [1.0, 0.0, 0.0, -5e-06, 0.0, 0.0, -1.0, 0.183648, 0.0, 1.0, 0.0, 0.763972, 0.0, 0.0, 0.0, 1.0],
                [1.0, 0.0, 0.0, -5e-06, 0.0, 0.0, -1.0, 0.280364, 0.0, 1.0, 0.0, 0.763972, 0.0, 0.0, 0.0, 1.0],
                [1.0, 0.0, 0.0, -5e-06, 0.0, 0.0, -1.0, 0.387864, 0.0, 1.0, 0.0, 0.763972, 0.0, 0.0, 0.0, 1.0],
                [1.0, 0.0, 0.0, -5e-06, 0.0, 0.0, -1.0, 0.502244, 0.0, 1.0, 0.0, 0.763972, 0.0, 0.0, 0.0, 1.0],
                [1.0, 0.0, 0.0, -5e-06, 0.0, 0.0, -1.0, 0.619595, 0.0, 1.0, 0.0, 0.763972, 0.0, 0.0, 0.0, 1.0],
                [1.0, 0.0, 0.0, -5e-06, 0.0, 0.0, -1.0, 0.736012, 0.0, 1.0, 0.0, 0.763972, 0.0, 0.0, 0.0, 1.0],
                [1.0, 0.0, 0.0, -5e-06, 0.0, 0.0, -1.0, 0.847033, 0.0, 1.0, 0.0, 0.763972, 0.0, 0.0, 0.0, 1.0],
                [1.0, 0.0, 0.0, -5e-06, 0.0, 0.0, -1.0, 0.945978, 0.0, 1.0, 0.0, 0.763972, 0.0, 0.0, 0.0, 1.0],
                [1.0, 0.0, 0.0, -5e-06, 0.0, 0.0, -1.0, 1.02561, 0.0, 1.0, 0.0, 0.763972, 0.0, 0.0, 0.0, 1.0],
                [1.0, 0.0, 0.0, -5e-06, 0.0, 0.0, -1.0, 1.078696, 0.0, 1.0, 0.0, 0.763972, 0.0, 0.0, 0.0, 1.0],
                [1.0, 0.0, 0.0, -5e-06, 0.0, 0.0, -1.0, 1.097999, 0.0, 1.0, 0.0, 0.763972, 0.0, 0.0, 0.0, 1.0],
                [1.0, 0.0, 0.0, -5e-06, 0.0, 0.0, -1.0, 1.097999, 0.0, 1.0, 0.0, 0.763972, 0.0, 0.0, 0.0, 1.0],
                [1.0, 0.0, 0.0, -5e-06, 0.0, 0.0, -1.0, 1.097999, 0.0, 1.0, 0.0, 0.763972, 0.0, 0.0, 0.0, 1.0],
                [1.0, 0.0, 0.0, -5e-06, 0.0, 0.0, -1.0, 1.097999, 0.0, 1.0, 0.0, 0.763972, 0.0, 0.0, 0.0, 1.0],
                [1.0, 0.0, 0.0, -5e-06, 0.0, 0.0, -1.0, 1.097999, 0.0, 1.0, 0.0, 0.763972, 0.0, 0.0, 0.0, 1.0],
                [1.0, 0.0, 0.0, -5e-06, 0.0, 0.0, -1.0, 1.097999, 0.0, 1.0, 0.0, 0.763972, 0.0, 0.0, 0.0, 1.0],
                [1.0, 0.0, 0.0, -5e-06, 0.0, 0.0, -1.0, 1.097999, 0.0, 1.0, 0.0, 0.763972, 0.0, 0.0, 0.0, 1.0]
            ]
        },
        {
            "name": "Thigh_R",
            "time": [0.0, 0.0167, 0.0333, 0.05, 0.0667, 0.0833, 0.1, 0.1167, 0.1333, 0.15, 0.1667, 0.1833, 0.2, 0.2167, 0.2333, 0.25, 0.2667, 0.2833, 0.3, 0.3167, 0.3333],
            "transform": [
                [0.994692, 0.10283, -0.003654, 0.124994, 0.08394, -0.790404, 0.606808, -0.051028, 0.059509, -0.603894, -0.79484, -0.094127, 0.0, 0.0, 0.0, 1.0],
                [0.994825, 0.101397, -0.006492, 0.126195, 0.083911, -0.783877, 0.615221, -0.050277, 0.057293, -0.612582, -0.788328, -0.088341, 0.0, 0.0, 0.0, 1.0],
                [0.995164, 0.097415, -0.012601, 0.129415, 0.083561, -0.772144, 0.62993, -0.048265, 0.051635, -0.627936, -0.77655, -0.072834, 0.0, 0.0, 0.0, 1.0],
                [0.995631, 0.091568, -0.01828, 0.134076, 0.082264, -0.767571, 0.635663, -0.045352, 0.044175, -0.63439, -0.77175, -0.050383, 0.0, 0.0, 0.0, 1.0],
                [0.996165, 0.084888, -0.021217, 0.139603, 0.079594, -0.7784, 0.622702, -0.041898, 0.036345, -0.622002, -0.782171, -0.023767, 0.0, 0.0, 0.0, 1.0],
                [0.99671, 0.078392, -0.020573, 0.145418, 0.075631, -0.808408, 0.583744, -0.038264, 0.029129, -0.583379, -0.811678, 0.004239, 0.0, 0.0, 0.0, 1.0],
                [0.997212, 0.072782, -0.016481, 0.150944, 0.070964, -0.85654, 0.511179, -0.034811, 0.023088, -0.510923, -0.859316, 0.030855, 0.0, 0.0, 0.0, 1.0],
                [0.997611, 0.06843, -0.009462, 0.155606, 0.066562, -0.915536, 0.396692, -0.031897, 0.018483, -0.396374, -0.917903, 0.053306, 0.0, 0.0, 0.0, 1.0],
                [0.997854, 0.065482, 0.000257, 0.158825, 0.063644, -0.970748, 0.231514, -0.029885, 0.01541, -0.231001, -0.972832, 0.068813, 0.0, 0.0, 0.0, 1.0],
                [0.997879, 0.063618, 0.013775, 0.160027, 0.063588, -0.997973, 0.002583, -0.029135, 0.013912, -0.001701, -0.999902, 0.074599, 0.0, 0.0, 0.0, 1.0],
                [0.997795, 0.05939, 0.029625, 0.160027, 0.065004, -0.964562, -0.255726, -0.029135, 0.013388, 0.257088, -0.966296, 0.074599, 0.0, 0.0, 0.0, 1.0],
                [0.997751, 0.052081, 0.04219, 0.160027, 0.065729, -0.883494, -0.463809, -0.029135, 0.013119, 0.465539, -0.88493, 0.074599, 0.0, 0.0, 0.0, 1.0],
                [0.997734, 0.051517, 0.043279, 0.160027, 0.066013, -0.873917, -0.481573, -0.029135, 0.013013, 0.483338, -0.875337, 0.074599, 0.0, 0.0, 0.0, 1.0],
                [0.997731, 0.051434, 0.043436, 0.160027, 0.066054, -0.872501, -0.484128, -0.029135, 0.012998, 0.485898, -0.873919, 0.074599, 0.0, 0.0, 0.0, 1.0],
                [0.997733, 0.051484, 0.043342, 0.160027, 0.06603, -0.873356, -0.482586, -0.029135, 0.013007, 0.484354, -0.874776, 0.074599, 0.0, 0.0, 0.0, 1.0],
                [0.997733, 0.051484, 0.043342, 0.160027, 0.06603, -0.873357, -0.482586, -0.029135, 0.013007, 0.484354, -0.874776, 0.074599, 0.0, 0.0, 0.0, 1.0],
                [0.997733, 0.051484, 0.043342, 0.160027, 0.06603, -0.873357, -0.482586, -0.029135, 0.013007, 0.484354, -0.874776, 0.074599, 0.0, 0.0, 0.0, 1.0],
                [0.997733, 0.051484, 0.043342, 0.160027, 0.06603, -0.873357, -0.482586, -0.029135, 0.013007, 0.484354, -0.874776, 0.074599, 0.0, 0.0, 0.0, 1.0],
                [0.997733, 0.051484, 0.043342, 0.160027, 0.06603, -0.873357, -0.482586, -0.029135, 0.013007, 0.484354, -0.874776, 0.074599, 0.0, 0.0, 0.0, 1.0],
                [0.997733, 0.051484, 0.043342, 0.160027, 0.06603, -0.873357, -0.482586, -0.029135, 0.013007, 0.484354, -0.874776, 0.074599, 0.0, 0.0, 0.0, 1.0],
                [0.997733, 0.051484, 0.043342, 0.160027, 0.06603, -0.873357, -0.482586, -0.029135, 0.013007, 0.484354, -0.874776, 0.074599, 0.0, 0.0, 0.0, 1.0]
            ]
        },
        {
            "name": "Leg_R",
            "time": [0.0, 0.0167, 0.0333, 0.05, 0.0667, 0.0833, 0.1, 0.1167, 0.1333, 0.15, 0.1667, 0.1833, 0.2, 0.2167, 0.2333, 0.25, 0.2667, 0.2833, 0.3, 0.3167, 0.3333],
            "transform": [
                [1.0, 8e-06, 2e-06, -0.0, -9e-06, 0.917829, 0.396975, 0.374726, 1e-06, -0.396975, 0.917829, -0.0, 0.0, 0.0, 0.0, 1.0],
                [1.0, 9e-06, 3e-06, 0.0, -1e-05, 0.899659, 0.436594, 0.374726, 1e-06, -0.436594, 0.899659, 0.0, 0.0, 0.0, 0.0, 1.0],
                [1.0, 1.1e-05, 4e-06, -0.0, -1.1e-05, 0.850074, 0.526664, 0.374726, 2e-06, -0.526663, 0.850074, 0.0, 0.0, 0.0, 0.0, 1.0],
                [1.0, 1.4e-05, 6e-06, -0.0, -1.4e-05, 0.779942, 0.625851, 0.374726, 4e-06, -0.625852, 0.779943, -0.0, 0.0, 0.0, 0.0, 1.0],
                [1.0, 1.5e-05, 7e-06, -0.0, -1.6e-05, 0.703462, 0.710733, 0.374726, 6e-06, -0.710732, 0.703463, 0.0, 0.0, 0.0, 0.0, 1.0],
                [1.0, 1.5e-05, 8e-06, 0.0, -1.6e-05, 0.636763, 0.771059, 0.374726, 7e-06, -0.771059, 0.636764, -0.0, 0.0, 0.0, 0.0, 1.0],
                [1.0, 1.7e-05, 9e-06, -0.0, -1.7e-05, 0.596601, 0.802538, 0.374726, 8e-06, -0.802538, 0.596602, 0.0, 0.0, 0.0, 0.0, 1.0],
                [1.0, 1.7e-05, 9e-06, -0.0, -1.8e-05, 0.599017, 0.800736, 0.374726, 8e-06, -0.800736, 0.599017, 0.0, 0.0, 0.0, 0.0, 1.0],
                [1.0, 1.5e-05, 8e-06, -0.0, -1.6e-05, 0.658498, 0.752583, 0.374726, 6e-06, -0.752583, 0.658498, -0.0, 0.0, 0.0, 0.0, 1.0],
                [1.0, 1.3e-05, 5e-06, 0.0, -1.4e-05, 0.787231, 0.616658, 0.374726, 4e-06, -0.616658, 0.787231, 0.0, 0.0, 0.0, 0.0, 1.0],
                [1.0, 7e-06, 2e-06, 0.0, -8e-06, 0.940699, 0.339242, 0.374726, 1e-06, -0.339242, 0.940699, -0.0, 0.0, 0.0, 0.0, 1.0],
                [1.0, 0.0, 1e-06, -0.0, -0.0, 0.999999, 0.00146, 0.374726, -1e-06, -0.00146, 0.999999, -0.0, 0.0, 0.0, 0.0, 1.0],
                [1.0, 0.0, 1e-06, -0.0, -0.0, 0.999999, 0.001461, 0.374726, -1e-06, -0.001461, 0.999999, 0.0, 0.0, 0.0, 0.0, 1.0],
                [1.0, 0.0, 1e-06, 0.0, -0.0, 0.999999, 0.001461, 0.374726, -1e-06, -0.001461, 0.999999, 0.0, 0.0, 0.0, 0.0, 1.0],
                [1.0, 0.0, 1e-06, -0.0, -0.0, 0.999999, 0.001461, 0.374726, -1e-06, -0.001461, 0.999999, -0.0, 0.0, 0.0, 0.0, 1.0],
                [1.0, 0.0, 1e-06, -0.0, -0.0, 0.999999, 0.001461, 0.374726, -1e-06, -0.001461, 0.999999, 0.0, 0.0, 0.0, 0.0, 1.0],
                [1.0, 0.0, 1e-06, -0.0, -0.0, 0.999999, 0.001461, 0.374726, -1e-06, -0.001461, 0.999999, 0.0, 0.0, 0.0, 0.0, 1.0],
                [1.0, 0.0, 1e-06, -0.0, -0.0, 0.999999, 0.001461, 0.374726, -1e-06, -0.001461, 0.999999, 0.0, 0.0, 0.0, 0.0, 1.0],
                [1.0, 0.0, 1e-06, -0.0, -0.0, 0.999999, 0.001461, 0.374726, -1e-06, -0.001461, 0.999999, 0.0, 0.0, 0.0, 0.0, 1.0],
                [1.0, 0.0, 1e-06, -0.0, -0.0, 0.999999, 0.001461, 0.374726, -1e-06, -0.001461, 0.999999, 0.0, 0.0, 0.0, 0.0, 1.0],
                [1.0, 0.0, 1e-06, -0.0, -0.0, 0.999999, 0.001461, 0.374726, -1e-06, -0.001461, 0.999999, 0.0, 0.0, 0.0, 0.0, 1.0]
            ]
        },
        {
            "name": "Knee_R",
            "time": [0.0, 0.3333],
            "transform": [
                [1.0, 0.0, -0.0, -0.0, -0.0, 0.00567, -0.999984, 0.374726, -0.0, 0.999984, 0.00567, -0.0, 0.0, 0.0, 0.0, 1.0],
                [1.0, 0.0, -0.0, -0.0, -0.0, 0.00567, -0.999984, 0.374726, -0.0, 0.999984, 0.00567, 0.0, 0.0, 0.0, 0.0, 1.0]
            ]
        },
        {
            "name": "Thigh_L",
            "time": [0.0, 0.0167, 0.0333, 0.05, 0.0667, 0.0833, 0.1, 0.1167, 0.1333, 0.15, 0.1667, 0.1833, 0.2, 0.2167, 0.2333, 0.25, 0.2667, 0.2833, 0.3, 0.3167, 0.3333],
            "transform": [
                [0.997493, -0.022717, -0.067021, -0.125006, -0.053256, -0.864646, -0.499552, -0.002831, -0.046601, 0.501869, -0.863688, 0.082178, 0.0, 0.0, 0.0, 1.0],
                [0.99753, -0.02301, -0.06637, -0.125006, -0.052529, -0.871653, -0.487301, -0.003522, -0.046639, 0.489583, -0.870709, 0.07732, 0.0, 0.0, 0.0, 1.0],
                [0.99763, -0.023827, -0.064546, -0.125006, -0.050465, -0.891059, -0.451074, -0.005374, -0.046766, 0.453262, -0.89015, 0.064301, 0.0, 0.0, 0.0, 1.0],
                [0.997778, -0.025066, -0.061725, -0.125006, -0.047202, -0.919823, -0.389484, -0.008055, -0.047014, 0.391532, -0.918963, 0.045453, 0.0, 0.0, 0.0, 1.0],
                [0.997956, -0.033821, -0.054223, -0.125006, -0.042843, -0.983638, -0.174989, -0.011234, -0.047417, 0.176954, -0.983076, 0.023108, 0.0, 0.0, 0.0, 1.0],
                [0.998143, -0.045064, -0.040984, -0.125006, -0.037486, -0.984757, 0.169851, -0.014579, -0.048013, -0.167999, -0.984617, -0.000403, 0.0, 0.0, 0.0, 1.0],
                [0.998318, -0.048072, -0.032397, -0.125006, -0.031251, -0.916994, 0.397677, -0.017758, -0.048825, -0.395995, -0.916954, -0.022749, 0.0, 0.0, 0.0, 1.0],
                [0.99846, -0.048001, -0.027821, -0.125006, -0.02435, -0.829708, 0.557668, -0.020439, -0.049851, -0.556131, -0.829598, -0.041597, 0.0, 0.0, 0.0, 1.0],
                [0.998549, -0.046308, -0.027498, -0.125006, -0.017138, -0.757248, 0.652904, -0.022291, -0.051057, -0.651485, -0.756942, -0.054615, 0.0, 0.0, 0.0, 1.0],
                [0.998576, -0.043355, -0.031075, -0.125006, -0.010171, -0.726637, 0.686946, -0.022982, -0.052363, -0.685652, -0.726044, -0.059473, 0.0, 0.0, 0.0, 1.0],
                [0.99854, -0.039485, -0.036858, -0.125006, -0.004425, -0.739879, 0.672726, -0.022982, -0.053833, -0.671581, -0.738973, -0.059473, 0.0, 0.0, 0.0, 1.0],
                [0.99846, -0.035202, -0.042871, -0.125006, -0.000252, -0.775711, 0.631088, -0.022982, -0.055471, -0.630106, -0.774526, -0.059473, 0.0, 0.0, 0.0, 1.0],
                [0.998369, -0.030028, -0.048553, -0.125006, 0.00252, -0.826478, 0.562965, -0.022982, -0.057033, -0.562169, -0.825054, -0.059473, 0.0, 0.0, 0.0, 1.0],
                [0.998296, -0.026253, -0.052118, -0.125006, 0.004042, -0.859839, 0.51055, -0.022982, -0.058217, -0.509891, -0.858267, -0.059473, 0.0, 0.0, 0.0, 1.0],
                [0.998266, -0.026219, -0.052695, -0.125006, 0.004497, -0.858705, 0.512452, -0.022982, -0.058686, -0.5118, -0.857098, -0.059473, 0.0, 0.0, 0.0, 1.0],
                [0.998266, -0.026219, -0.052695, -0.125006, 0.004497, -0.858705, 0.512452, -0.022982, -0.058686, -0.5118, -0.857098, -0.059473, 0.0, 0.0, 0.0, 1.0],
                [0.998266, -0.026219, -0.052695, -0.125006, 0.004497, -0.858705, 0.512452, -0.022982, -0.058686, -0.5118, -0.857098, -0.059473, 0.0, 0.0, 0.0, 1.0],
                [0.998266, -0.026219, -0.052695, -0.125006, 0.004497, -0.858705, 0.512452, -0.022982, -0.058686, -0.5118, -0.857098, -0.059473, 0.0, 0.0, 0.0, 1.0],
                [0.998266, -0.026219, -0.052695, -0.125006, 0.004497, -0.858705, 0.512452, -0.022982, -0.058686, -0.5118, -0.857098, -0.059473, 0.0, 0.0, 0.0, 1.0],
                [0.998266, -0.026219, -0.052695, -0.125006, 0.004497, -0.858705, 0.512452, -0.022982, -0.058686, -0.5118, -0.857098, -0.059473, 0.0, 0.0, 0.0, 1.0],
                [0.998266, -0.026219, -0.052695, -0.125006, 0.004497, -0.858705, 0.512452, -0.022982, -0.058686, -0.5118, -0.857098, -0.059473, 0.0, 0.0, 0.0, 1.0]
            ]
        },
        {
            "name": "Leg_L",
            "time": [0.0, 0.0167, 0.0333, 0.05, 0.0667, 0.0833, 0.1, 0.1167, 0.1333, 0.15, 0.1667, 0.1833, 0.2, 0.2167, 0.2333, 0.25, 0.2667, 0.2833, 0.3, 0.3167, 0.3333],
            "transform": [
                [1.0, 0.0, 1e-06, 0.0, -0.0, 0.999999, 0.00147, 0.374726, -1e-06, -0.00147, 0.999999, 0.0, 0.0, 0.0, 0.0, 1.0],
                [1.0, 0.0, 1e-06, -0.0, -0.0, 0.999999, 0.001469, 0.374726, -1e-06, -0.001469, 0.999999, 0.0, 0.0, 0.0, 0.0, 1.0],
                [1.0, 0.0, 1e-06, 0.0, -0.0, 0.999999, 0.001467, 0.374726, -1e-06, -0.001467, 0.999999, 0.0, 0.0, 0.0, 0.0, 1.0],
                [1.0, 0.0, 1e-06, -0.0, -0.0, 0.999999, 0.001463, 0.374726, -1e-06, -0.001463, 0.999999, -0.0, 0.0, 0.0, 0.0, 1.0],
                [1.0, 5e-06, 1e-06, 0.0, -6e-06, 0.966649, 0.256103, 0.374726, 0.0, -0.256104, 0.966649, 0.0, 0.0, 0.0, 0.0, 1.0],
                [1.0, 1.4e-05, 6e-06, 0.0, -1.4e-05, 0.75966, 0.65032, 0.374726, 5e-06, -0.65032, 0.75966, 0.0, 0.0, 0.0, 0.0, 1.0],
                [1.0, 1.6e-05, 9e-06, -0.0, -1.7e-05, 0.622597, 0.782543, 0.374726, 7e-06, -0.782543, 0.622597, 0.0, 0.0, 0.0, 0.0, 1.0],
                [1.0, 1.7e-05, 1e-05, 0.0, -1.8e-05, 0.572182, 0.820127, 0.374726, 8e-06, -0.820127, 0.572182, -0.0, 0.0, 0.0, 0.0, 1.0],
                [1.0, 1.7e-05, 9e-06, -0.0, -1.7e-05, 0.608251, 0.793745, 0.374726, 8e-06, -0.793745, 0.608251, 0.0, 0.0, 0.0, 0.0, 1.0],
                [1.0, 1.5e-05, 7e-06, 0.0, -1.5e-05, 0.715193, 0.698927, 0.374726, 5e-06, -0.698926, 0.715194, 0.0, 0.0, 0.0, 0.0, 1.0],
                [1.0, 1.1e-05, 4e-06, 0.0, -1.2e-05, 0.83983, 0.542849, 0.374726, 3e-06, -0.542849, 0.839831, -0.0, 0.0, 0.0, 0.0, 1.0],
                [1.0, 8e-06, 2e-06, -0.0, -8e-06, 0.933089, 0.359643, 0.374726, 1e-06, -0.359644, 0.933089, 0.0, 0.0, 0.0, 0.0, 1.0],
                [1.0, 3e-06, 1e-06, -0.0, -3e-06, 0.989218, 0.146449, 0.374726, -0.0, -0.146449, 0.989218, -0.0, 0.0, 0.0, 0.0, 1.0],
                [1.0, 0.0, 1e-06, -0.0, -0.0, 0.999999, 0.00146, 0.374726, -1e-06, -0.00146, 0.999999, 0.0, 0.0, 0.0, 0.0, 1.0],
                [1.0, 0.0, 1e-06, 0.0, -0.0, 0.999999, 0.00146, 0.374726, -1e-06, -0.00146, 0.999999, 0.0, 0.0, 0.0, 0.0, 1.0],
                [1.0, 0.0, 1e-06, -0.0, -0.0, 0.999999, 0.00146, 0.374726, -1e-06, -0.00146, 0.999999, 0.0, 0.0, 0.0, 0.0, 1.0],
                [1.0, 0.0, 1e-06, -0.0, -0.0, 0.999999, 0.00146, 0.374726, -1e-06, -0.00146, 0.999999, -0.0, 0.0, 0.0, 0.0, 1.0],
                [1.0, 0.0, 1e-06, -0.0, -0.0, 0.999999, 0.00146, 0.374726, -1e-06, -0.00146, 0.999999, -0.0, 0.0, 0.0, 0.0, 1.0],
                [1.0, 0.0, 1e-06, -0.0, -0.0, 0.999999, 0.00146, 0.374726, -1e-06, -0.00146, 0.999999, -0.0, 0.0, 0.0, 0.0, 1.0],
                [1.0, 0.0, 1e-06, -0.0, -0.0, 0.999999, 0.00146, 0.374726, -1e-06, -0.00146, 0.999999, -0.0, 0.0, 0.0, 0.0, 1.0],
                [1.0, 0.0, 1e-06, -0.0, -0.0, 0.999999, 0.00146, 0.374726, -1e-06, -0.00146, 0.999999, -0.0, 0.0, 0.0, 0.0, 1.0]
            ]
        },
        {
            "name": "Knee_L",
            "time": [0.0, 0.3333],
            "transform": [
                [1.0, 0.0, -0.0, 0.0, -0.0, 0.00567, -0.999984, 0.374726, -0.0, 0.999984, 0.00567, 0.0, 0.0, 0.0, 0.0, 1.0],
                [1.0, 0.0, -0.0, 0.0, -0.0, 0.00567, -0.999984, 0.374726, -0.0, 0.999984, 0.00567, 0.0, 0.0, 0.0, 0.0, 1.0]
            ]
        },
        {
            "name": "Torso",
            "time": [0.0, 0.0167, 0.0333, 0.05, 0.0667, 0.0833, 0.1, 0.1167, 0.1333, 0.15, 0.1667, 0.1833, 0.2, 0.2167, 0.2333, 0.25, 0.2667, 0.2833, 0.3, 0.3167, 0.3333],
            "transform": [
                [0.824258, 0.0, 0.566215, 0.0, 0.0, 1.0, 0.0, 0.05, -0.566215, 0.0, 0.824258, 0.0, 0.0, 0.0, 0.0, 1.0],
                [0.843596, 0.0, 0.536979, 0.0, 0.0, 1.0, 0.0, 0.05, -0.536979, 0.0, 0.843596, 0.0, 0.0, 0.0, 0.0, 1.0],
                [0.890934, 0.0, 0.454134, 0.0, 0.0, 1.0, 0.0, 0.05, -0.454134, 0.0, 0.890934, 0.0, 0.0, 0.0, 0.0, 1.0],
                [0.946057, 0.0, 0.323999, 0.0, 0.0, 1.0, 0.0, 0.05, -0.323999, 0.0, 0.946057, 0.0, 0.0, 0.0, 0.0, 1.0],
                [0.987401, 0.0, 0.158236, 0.0, 0.0, 1.0, 0.0, 0.05, -0.158236, 0.0, 0.987401, 0.0, 0.0, 0.0, 0.0, 1.0],
                [0.999748, 0.0, -0.022461, 0.0, 0.0, 1.0, 0.0, 0.05, 0.022461, 0.0, 0.999748, 0.0, 0.0, 0.0, 0.0, 1.0],
                [0.981335, 0.0, -0.192307, 0.0, 0.0, 1.0, 0.0, 0.05, 0.192307, 0.0, 0.981335, 0.0, 0.0, 0.0, 0.0, 1.0],
                [0.944424, 0.0, -0.328729, 0.0, 0.0, 1.0, 0.0, 0.05, 0.328729, 0.0, 0.944424, 0.0, 0.0, 0.0, 0.0, 1.0],
                [0.908795, 0.0, -0.417243, 0.0, 0.0, 1.0, 0.0, 0.05, 0.417243, 0.0, 0.908795, 0.0, 0.0, 0.0, 0.0, 1.0],
                [0.893613, 0.0, -0.448838, 0.0, 0.0, 1.0, 0.0, 0.05, 0.448838, 0.0, 0.893613, 0.0, 0.0, 0.0, 0.0, 1.0],
                [0.893613, 0.0, -0.448838, 0.0, 0.0, 1.0, 0.0, 0.05, 0.448838, 0.0, 0.893613, 0.0, 0.0, 0.0, 0.0, 1.0],
                [0.893613, 0.0, -0.448838, 0.0, 0.0, 1.0, 0.0, 0.05, 0.448838, 0.0, 0.893613, 0.0, 0.0, 0.0, 0.0, 1.0],
                [0.893613, 0.0, -0.448838, 0.0, 0.0, 1.0, 0.0, 0.05, 0.448838, 0.0, 0.893613, 0.0, 0.0, 0.0, 0.0, 1.0],
                [0.893613, 0.0, -0.448838, 0.0, 0.0, 1.0, 0.0, 0.05, 0.448838, 0.0, 0.893613, 0.0, 0.0, 0.0, 0.0, 1.0],
                [0.893613, 0.0, -0.448838, 0.0, 0.0, 1.0, 0.0, 0.05, 0.448838, 0.0, 0.893613, 0.0, 0.0, 0.0, 0.0, 1.0],
                [0.893613, 0.0, -0.448838, 0.0, 0.0, 1.0, 0.0, 0.05, 0.448838, 0.0, 0.893613, 0.0, 0.0, 0.0, 0.0, 1.0],
                [0.893613, 0.0, -0.448838, 0.0, 0.0, 1.0, 0.0, 0.05, 0.448838, 0.0, 0.893613, 0.0, 0.0, 0.0, 0.0, 1.0],
                [0.893613, 0.0, -0.448838, 0.0, 0.0, 1.0, 0.0, 0.05, 0.448838, 0.0, 0.893613, 0.0, 0.0, 0.0, 0.0, 1.0],
                [0.893613, 0.0, -0.448838, 0.0, 0.0, 1.0, 0.0, 0.05, 0.448838, 0.0, 0.893613, 0.0, 0.0, 0.0, 0.0, 1.0],
                [0.893613, 0.0, -0.448838, 0.0, 0.0, 1.0, 0.0, 0.05, 0.448838, 0.0, 0.893613, 0.0, 0.0, 0.0, 0.0, 1.0],
                [0.893613, 0.0, -0.448838, 0.0, 0.0, 1.0, 0.0, 0.05, 0.448838, 0.0, 0.893613, 0.0, 0.0, 0.0, 0.0, 1.0]
            ]
        },
        {
            "name": "Chest",
            "time": [0.0, 0.0167, 0.0333, 0.05, 0.0667, 0.0833, 0.1, 0.1167, 0.1333, 0.15, 0.1667, 0.1833, 0.2, 0.2167, 0.2333, 0.25, 0.2667, 0.2833, 0.3, 0.3167, 0.3333],
            "transform": [
                [1.0, 0.0, 0.0, -0.0, 0.0, 1.0, 0.0, 0.3, 0.0, 0.0, 1.0, 0.0, 0.0, 0.0, 0.0, 1.0],
                [0.999963, 0.0, -0.008581, 0.0, 0.0, 1.0, 0.0, 0.3, 0.008581, 0.0, 0.999963, -0.0, 0.0, 0.0, 0.0, 1.0],
                [0.999471, 0.0, -0.03251, -0.0, 0.0, 1.0, 0.0, 0.3, 0.03251, 0.0, 0.999471, -0.0, 0.0, 0.0, 0.0, 1.0],
                [0.997612, 0.0, -0.069066, -0.0, 0.0, 1.0, 0.0, 0.3, 0.069066, 0.0, 0.997612, -0.0, 0.0, 0.0, 0.0, 1.0],
                [0.993314, 0.0, -0.115441, 0.0, 0.0, 1.0, 0.0, 0.3, 0.115441, 0.0, 0.993314, 0.0, 0.0, 0.0, 0.0, 1.0],
                [0.985672, 0.0, -0.168676, 0.0, 0.0, 1.0, 0.0, 0.3, 0.168676, 0.0, 0.985672, 0.0, 0.0, 0.0, 0.0, 1.0],
                [0.974201, 0.0, -0.225681, -0.0, 0.0, 1.0, 0.0, 0.3, 0.225681, 0.0, 0.974201, -0.0, 0.0, 0.0, 0.0, 1.0],
                [0.959023, 0.0, -0.283328, 0.0, 0.0, 1.0, 0.0, 0.3, 0.283328, 0.0, 0.959023, -0.0, 0.0, 0.0, 0.0, 1.0],
                [0.940934, 0.0, -0.338591, -0.0, 0.0, 1.0, 0.0, 0.3, 0.338591, 0.0, 0.940934, 0.0, 0.0, 0.0, 0.0, 1.0],
                [0.92137, 0.0, -0.388687, -0.0, 0.0, 1.0, 0.0, 0.3, 0.388687, 0.0, 0.92137, -0.0, 0.0, 0.0, 0.0, 1.0],
                [0.902273, 0.0, -0.431166, 0.0, 0.0, 1.0, 0.0, 0.3, 0.431166, 0.0, 0.902273, 0.0, 0.0, 0.0, 0.0, 1.0],
                [0.885889, 0.0, -0.463897, 0.0, 0.0, 1.0, 0.0, 0.3, 0.463897, 0.0, 0.885889, 0.0, 0.0, 0.0, 0.0, 1.0],
                [0.874533, 0.0, -0.484966, -0.0, 0.0, 1.0, 0.0, 0.3, 0.484966, 0.0, 0.874533, -0.0, 0.0, 0.0, 0.0, 1.0],
                [0.870339, 0.0, -0.492452, -0.0, 0.0, 1.0, 0.0, 0.3, 0.492452, 0.0, 0.870339, -0.0, 0.0, 0.0, 0.0, 1.0],
                [0.870339, 0.0, -0.492452, -0.0, 0.0, 1.0, 0.0, 0.3, 0.492452, 0.0, 0.870339, -0.0, 0.0, 0.0, 0.0, 1.0],
                [0.870339, 0.0, -0.492452, -0.0, 0.0, 1.0, 0.0, 0.3, 0.492452, 0.0, 0.870339, -0.0, 0.0, 0.0, 0.0, 1.0],
                [0.870339, 0.0, -0.492452, -0.0, 0.0, 1.0, 0.0, 0.3, 0.492452, 0.0, 0.870339, -0.0, 0.0, 0.0, 0.0, 1.0],
                [0.870339, 0.0, -0.492452, -0.0, 0.0, 1.0, 0.0, 0.3, 0.492452, 0.0, 0.870339, -0.0, 0.0, 0.0, 0.0, 1.0],
                [0.870339, 0.0, -0.492452, -0.0, 0.0, 1.0, 0.0, 0.3, 0.492452, 0.0, 0.870339, -0.0, 0.0, 0.0, 0.0, 1.0],
                [0.870339, 0.0, -0.492452, -0.0, 0.0, 1.0, 0.0, 0.3, 0.492452, 0.0, 0.870339, -0.0, 0.0, 0.0, 0.0, 1.0],
                [0.870339, 0.0, -0.492452, -0.0, 0.0, 1.0, 0.0, 0.3, 0.492452, 0.0, 0.870339, -0.0, 0.0, 0.0, 0.0, 1.0]
            ]
        },
        {
            "name": "Head",
            "time": [0.0, 0.0167, 0.0333, 0.05, 0.0667, 0.0833, 0.1, 0.1167, 0.1333, 0.15, 0.1667, 0.1833, 0.2, 0.2167, 0.2333, 0.25, 0.2667, 0.2833, 0.3, 0.3167, 0.3333],
            "transform": [
                [0.868243, 0.0, -0.496139, -0.0, 0.0, 1.0, 0.0, 0.4, 0.49614, 0.0, 0.868243, -0.0, 0.0, 0.0, 0.0, 1.0],
                [0.87857, 0.0, -0.477614, -0.0, 0.0, 1.0, 0.0, 0.4, 0.477614, 0.0, 0.87857, 0.0, 0.0, 0.0, 0.0, 1.0],
                [0.90442, 0.0, -0.426644, 0.0, 0.0, 1.0, 0.0, 0.4, 0.426644, 0.0, 0.90442, -0.0, 0.0, 0.0, 0.0, 1.0],
                [0.936823, 0.0, -0.349805, -0.0, 0.0, 1.0, 0.0, 0.4, 0.349805, 0.0, 0.936822, -0.0, 0.0, 0.0, 0.0, 1.0],
                [0.966953, 0.0, -0.254955, -0.0, 0.0, 1.0, 0.0, 0.4, 0.254955, 0.0, 0.966953, -0.0, 0.0, 0.0, 0.0, 1.0],
                [0.988353, 0.0, -0.152178, -0.0, 0.0, 1.0, 0.0, 0.4, 0.152178, 0.0, 0.988353, 0.0, 0.0, 0.0, 0.0, 1.0],
                [0.998585, 0.0, -0.053184, 0.0, 0.0, 1.0, 0.0, 0.4, 0.053184, 0.0, 0.998585, 0.0, 0.0, 0.0, 0.0, 1.0],
                [0.999544, 0.0, 0.030202, 0.0, 0.0, 1.0, 0.0, 0.4, -0.030202, 0.0, 0.999544, 0.0, 0.0, 0.0, 0.0, 1.0],
                [0.996186, 0.0, 0.087253, -0.0, 0.0, 1.0, 0.0, 0.4, -0.087253, 0.0, 0.996186, -0.0, 0.0, 0.0, 0.0, 1.0],
                [0.994112, 0.0, 0.108361, -0.0, 0.0, 1.0, 0.0, 0.4, -0.108361, 0.0, 0.994112, -0.0, 0.0, 0.0, 0.0, 1.0],
                [0.994112, 0.0, 0.108361, -0.0, 0.0, 1.0, 0.0, 0.4, -0.108361, 0.0, 0.994112, -0.0, 0.0, 0.0, 0.0, 1.0],
                [0.994112, 0.0, 0.108361, -0.0, 0.0, 1.0, 0.0, 0.4, -0.108361, 0.0, 0.994112, -0.0, 0.0, 0.0, 0.0, 1.0],
                [0.994112, 0.0, 0.108361, 0.0, 0.0, 1.0, 0.0, 0.4, -0.108361, 0.0, 0.994112, -0.0, 0.0, 0.0, 0.0, 1.0],
                [0.994112, 0.0, 0.108361, -0.0, 0.0, 1.0, 0.0, 0.4, -0.108361, 0.0, 0.994112, 0.0, 0.0, 0.0, 0.0, 1.0],
                [0.994112, 0.0, 0.108361, 0.0, 0.0, 1.0, 0.0, 0.4, -0.108361, 0.0, 0.994112, 0.0, 0.0, 0.0, 0.0, 1.0],
                [0.994112, 0.0, 0.108361, 0.0, 0.0, 1.0, 0.0, 0.4, -0.108361, 0.0, 0.994112, 0.0, 0.0, 0.0, 0.0, 1.0],
                [0.994112, 0.0, 0.108361, 0.0, 0.0, 1.0, 0.0, 0.4, -0.108361, 0.0, 0.994112, 0.0, 0.0, 0.0, 0.0, 1.0],
                [0.994112, 0.0, 0.108361, 0.0, 0.0, 1.0, 0.0, 0.4, -0.108361, 0.0, 0.994112, 0.0, 0.0, 0.0, 0.0, 1.0],
                [0.994112, 0.0, 0.108361, 0.0, 0.0, 1.0, 0.0, 0.4, -0.108361, 0.0, 0.994112, 0.0, 0.0, 0.0, 0.0, 1.0],
                [0.994112, 0.0, 0.108361, 0.0, 0.0, 1.0, 0.0, 0.4, -0.108361, 0.0, 0.994112, 0.0, 0.0, 0.0, 0.0, 1.0],
                [0.994112, 0.0, 0.108361, 0.0, 0.0, 1.0, 0.0, 0.4, -0.108361, 0.0, 0.994112, 0.0, 0.0, 0.0, 0.0, 1.0]
            ]
        },
        {
            "name": "Shoulder_R",
            "time": [0.0, 0.0167, 0.0333, 0.05, 0.0667, 0.0833, 0.1, 0.1167, 0.1333, 0.15, 0.1667, 0.1833, 0.2, 0.2167, 0.2333, 0.25, 0.2667, 0.2833, 0.3, 0.3167, 0.3333],
            "transform": [
                [0.0, 0.952114, 0.305743, -0.0, 0.0, -0.305743, 0.952114, 0.4, 1.0, -0.0, -0.0, -0.0, 0.0, 0.0, 0.0, 1.0],
                [0.0, 0.952114, 0.305743, 0.0, 0.0, -0.305743, 0.952114, 0.4, 1.0, -0.0, -0.0, 0.0, 0.0, 0.0, 0.0, 1.0],
                [0.0, 0.952114, 0.305743, 0.0, 0.0, -0.305743, 0.952114, 0.4, 1.0, -0.0, -0.0, -0.0, 0.0, 0.0, 0.0, 1.0],
                [0.0, 0.952114, 0.305743, 0.0, 0.0, -0.305743, 0.952114, 0.4, 1.0, 0.0, -0.0, -0.0, 0.0, 0.0, 0.0, 1.0],
                [0.0, 0.952114, 0.305743, -0.0, 0.0, -0.305743, 0.952114, 0.4, 1.0, -0.0, -0.0, -0.0, 0.0, 0.0, 0.0, 1.0],
                [0.0, 0.952114, 0.305743, -0.0, 0.0, -0.305743, 0.952114, 0.4, 1.0, -0.0, -0.0, -0.0, 0.0, 0.0, 0.0, 1.0],
                [0.0, 0.952114, 0.305743, 0.0, 0.0, -0.305743, 0.952114, 0.4, 1.0, 0.0, -0.0, 0.0, 0.0, 0.0, 0.0, 1.0],
                [0.0, 0.952114, 0.305743, 0.0, 0.0, -0.305743, 0.952114, 0.4, 1.0, 0.0, -0.0, -0.0, 0.0, 0.0, 0.0, 1.0],
                [0.0, 0.952114, 0.305743, -0.0, 0.0, -0.305743, 0.952114, 0.4, 1.0, -0.0, -0.0, -0.0, 0.0, 0.0, 0.0, 1.0],
                [0.0, 0.952114, 0.305743, -0.0, 0.0, -0.305743, 0.952114, 0.4, 1.0, -0.0, -0.0, 0.0, 0.0, 0.0, 0.0, 1.0],
                [0.0, 0.952114, 0.305743, -0.0, 0.0, -0.305743, 0.952114, 0.4, 1.0, 0.0, -0.0, -0.0, 0.0, 0.0, 0.0, 1.0],
                [0.0, 0.952114, 0.305743, -0.0, 0.0, -0.305743, 0.952114, 0.4, 1.0, 0.0, -0.0, -0.0, 0.0, 0.0, 0.0, 1.0],
                [0.0, 0.952114, 0.305743, 0.0, 0.0, -0.305743, 0.952114, 0.4, 1.0, 0.0, -0.0, -0.0, 0.0, 0.0, 0.0, 1.0],
                [0.0, 0.952114, 0.305743, -0.0, 0.0, -0.305743, 0.952114, 0.4, 1.0, 0.0, -0.0, 0.0, 0.0, 0.0, 0.0, 1.0],
                [0.0, 0.952114, 0.305743, 0.0, 0.0, -0.305743, 0.952114, 0.4, 1.0, 0.0, -0.0, 0.0, 0.0, 0.0, 0.0, 1.0],
                [0.0, 0.952114, 0.305743, 0.0, 0.0, -0.305743, 0.952114, 0.4, 1.0, 0.0, -0.0, 0.0, 0.0, 0.0, 0.0, 1.0],
                [0.0, 0.952114, 0.305743, 0.0, 0.0, -0.305743, 0.952114, 0.4, 1.0, 0.0, -0.0, 0.0, 0.0, 0.0, 0.0, 1.0],
                [0.0, 0.952114, 0.305743, 0.0, 0.0, -0.305743, 0.952114, 0.4, 1.0, 0.0, -0.0, 0.0, 0.0, 0.0, 0.0, 1.0],
                [0.0, 0.952114, 0.305743, 0.0, 0.0, -0.305743, 0.952114, 0.4, 1.0, 0.0, -0.0, 0.0, 0.0, 0.0, 0.0, 1.0],
                [0.0, 0.952114, 0.305743, 0.0, 0.0, -0.305743, 0.952114, 0.4, 1.0, 0.0, -0.0, 0.0, 0.0, 0.0, 0.0, 1.0],
                [0.0, 0.952114, 0.305743, 0.0, 0.0, -0.305743, 0.952114, 0.4, 1.0, 0.0, -0.0, 0.0, 0.0, 0.0, 0.0, 1.0]
            ]
        },
        {
            "name": "Arm_R",
            "time": [0.0, 0.0167, 0.0333, 0.05, 0.0667, 0.0833, 0.1, 0.1167, 0.1333, 0.15, 0.1667, 0.1833, 0.2, 0.2167, 0.2333, 0.25, 0.2667, 0.2833, 0.3, 0.3167, 0.3333],
            "transform": [
                [-0.473961, -0.842818, 0.254985, -0.0, 0.249577, -0.406283, -0.879004, 0.393861, 0.844435, -0.352976, 0.40291, 0.0, 0.0, 0.0, 0.0, 1.0],
                [-0.432171, -0.853134, 0.292217, 0.0, 0.219649, -0.413866, -0.883442, 0.39386, 0.874632, -0.317613, 0.366251, -0.0, 0.0, 0.0, 0.0, 1.0],
                [-0.343987, -0.896423, 0.279461, -0.0, 0.128725, -0.339834, -0.931635, 0.393861, 0.930109, -0.284498, 0.23229, -0.0, 0.0, 0.0, 0.0, 1.0],
                [-0.25501, -0.930203, 0.263994, -0.0, -0.015849, -0.268963, -0.963021, 0.39386, 0.966808, -0.249765, 0.053845, 0.0, 0.0, 0.0, 0.0, 1.0],
                [-0.199103, -0.952996, 0.228379, 0.0, -0.122793, -0.206947, -0.970617, 0.39386, 0.972254, -0.221297, -0.075818, -0.0, 0.0, 0.0, 0.0, 1.0],
                [-0.174515, -0.974194, 0.143147, -0.0, -0.129979, -0.121314, -0.984068, 0.393861, 0.976038, -0.190342, -0.105454, 0.0, 0.0, 0.0, 0.0, 1.0],
                [-0.149429, -0.987332, 0.053359, 0.0, -0.144215, -0.031625, -0.989041, 0.393861, 0.978198, -0.155487, -0.137663, 0.0, 0.0, 0.0, 0.0, 1.0],
                [-0.13499, -0.990816, -0.007834, -0.0, -0.175185, 0.031647, -0.984028, 0.393861, 0.975237, -0.131462, -0.177849, 0.0, 0.0, 0.0, 0.0, 1.0],
                [-0.129787, -0.98784, -0.085606, 0.0, -0.201434, 0.110804, -0.973216, 0.393861, 0.970865, -0.109067, -0.213367, -0.0, 0.0, 0.0, 0.0, 1.0],
                [-0.131117, -0.970021, -0.204617, -0.0, -0.215265, 0.229332, -0.949247, 0.393861, 0.967713, -0.080416, -0.238882, 0.0, 0.0, 0.0, 0.0, 1.0],
                [-0.13597, -0.928362, -0.345914, -0.0, -0.222983, 0.368875, -0.902336, 0.39386, 0.965293, -0.045558, -0.257165, -0.0, 0.0, 0.0, 0.0, 1.0],
                [-0.141048, -0.871211, -0.47021, 0.0, -0.230667, 0.490807, -0.84018, 0.393861, 0.962755, -0.010044, -0.270187, 0.0, 0.0, 0.0, 0.0, 1.0],
                [-0.146909, -0.813293, -0.563003, 0.0, -0.237728, 0.581527, -0.778019, 0.393861, 0.960158, 0.019544, -0.278775, -0.0, 0.0, 0.0, 0.0, 1.0],
                [-0.153171, -0.766953, -0.623155, 0.0, -0.242986, 0.640467, -0.728534, 0.39386, 0.95786, 0.039828, -0.28446, 0.0, 0.0, 0.0, 0.0, 1.0],
                [-0.156503, -0.747372, -0.64571, 0.0, -0.245085, 0.662705, -0.707641, 0.393861, 0.956786, 0.047506, -0.286886, 0.0, 0.0, 0.0, 0.0, 1.0],
                [-0.156503, -0.747372, -0.64571, 0.0, -0.245085, 0.662705, -0.707641, 0.393861, 0.956786, 0.047506, -0.286886, 0.0, 0.0, 0.0, 0.0, 1.0],
                [-0.156503, -0.747372, -0.64571, 0.0, -0.245085, 0.662705, -0.707641, 0.393861, 0.956786, 0.047506, -0.286886, 0.0, 0.0, 0.0, 0.0, 1.0],
                [-0.156503, -0.747372, -0.64571, 0.0, -0.245085, 0.662705, -0.707641, 0.393861, 0.956786, 0.047506, -0.286886, 0.0, 0.0, 0.0, 0.0, 1.0],
                [-0.156503, -0.747372, -0.64571, 0.0, -0.245085, 0.662705, -0.707641, 0.393861, 0.956786, 0.047506, -0.286886, 0.0, 0.0, 0.0, 0.0, 1.0],
                [-0.156503, -0.747372, -0.64571, 0.0, -0.245085, 0.662705, -0.707641, 0.393861, 0.956786, 0.047506, -0.286886, 0.0, 0.0, 0.0, 0.0, 1.0],
                [-0.156503, -0.747372, -0.64571, 0.0, -0.245085, 0.662705, -0.707641, 0.393861, 0.956786, 0.047506, -0.286886, 0.0, 0.0, 0.0, 0.0, 1.0]
            ]
        },
        {
            "name": "Hand_R",
            "time": [0.0, 0.0167, 0.0333, 0.05, 0.0667, 0.0833, 0.1, 0.1167, 0.1333, 0.15, 0.1667, 0.1833, 0.2, 0.2167, 0.2333, 0.25, 0.2667, 0.2833, 0.3, 0.3167, 0.3333],
            "transform": [
                [1.0, -0.0, 0.0, 0.0, 0.0, 0.994444, -0.105272, 0.300003, -0.0, 0.105272, 0.994444, -0.0, 0.0, 0.0, 0.0, 1.0],
                [1.0, 0.0, -0.0, 0.0, -0.0, 1.0, -0.000993, 0.300002, -0.0, 0.000993, 1.0, -0.0, 0.0, 0.0, 0.0, 1.0],
                [1.0, -0.0, 0.0, -0.0, 0.0, 0.999999, -0.000995, 0.300003, -0.0, 0.000995, 0.999999, -0.0, 0.0, 0.0, 0.0, 1.0],
                [1.0, -0.0, 0.0, 0.0, 0.0, 1.0, -0.000999, 0.300003, -0.0, 0.000999, 1.0, 0.0, 0.0, 0.0, 0.0, 1.0],
                [1.0, -0.0, 0.0, 0.0, -0.0, 1.0, -0.001001, 0.300003, -0.0, 0.001001, 0.999999, 0.0, 0.0, 0.0, 0.0, 1.0],
                [1.0, -0.0, 0.0, 0.0, 0.0, 1.0, -0.001002, 0.300003, -0.0, 0.001002, 1.0, -0.0, 0.0, 0.0, 0.0, 1.0],
                [1.0, 0.0, -0.0, -0.0, 0.0, 1.0, -0.001003, 0.300003, -0.0, 0.001003, 1.0, 0.0, 0.0, 0.0, 0.0, 1.0],
                [1.0, 0.0, 0.0, -0.0, -0.0, 0.999999, -0.001004, 0.300003, -0.0, 0.001004, 0.999999, -0.0, 0.0, 0.0, 0.0, 1.0],
                [1.0, -0.0, -0.0, 0.0, 0.0, 1.0, -0.001004, 0.300003, -0.0, 0.001004, 1.0, -0.0, 0.0, 0.0, 0.0, 1.0],
                [1.0, 0.0, 0.0, 0.0, -0.0, 0.999999, -0.001001, 0.300003, -0.0, 0.001001, 0.999999, 0.0, 0.0, 0.0, 0.0, 1.0],
                [1.0, -0.0, 0.0, 0.0, -0.0, 1.0, -0.000998, 0.300003, -0.0, 0.000998, 0.999999, 0.0, 0.0, 0.0, 0.0, 1.0],
                [1.0, 0.0, -0.0, 0.0, -0.0, 1.0, -0.000997, 0.300003, -0.0, 0.000997, 1.0, 0.0, 0.0, 0.0, 0.0, 1.0],
                [1.0, -0.0, 0.0, -0.0, 0.0, 1.0, -0.000997, 0.300003, -0.0, 0.000997, 1.0, -0.0, 0.0, 0.0, 0.0, 1.0],
                [1.0, -0.0, 0.0, 0.0, 0.0, 1.0, -0.000998, 0.300003, -0.0, 0.000998, 1.0, -0.0, 0.0, 0.0, 0.0, 1.0],
                [1.0, -0.0, -0.0, 0.0, 0.0, 1.0, -0.000998, 0.300003, -0.0, 0.000998, 1.0, 0.0, 0.0, 0.0, 0.0, 1.0],
                [1.0, -0.0, -0.0, 0.0, 0.0, 1.0, -0.000998, 0.300003, -0.0, 0.000998, 1.0, 0.0, 0.0, 0.0, 0.0, 1.0],
                [1.0, -0.0, -0.0, 0.0, 0.0, 1.0, -0.000998, 0.300003, -0.0, 0.000998, 1.0, 0.0, 0.0, 0.0, 0.0, 1.0],
                [1.0, -0.0, -0.0, 0.0, 0.0, 1.0, -0.000998, 0.300003, -0.0, 0.000998, 1.0, 0.0, 0.0, 0.0, 0.0, 1.0],
                [1.0, -0.0, -0.0, 0.0, 0.0, 1.0, -0.000998, 0.300003, -0.0, 0.000998, 1.0, 0.0, 0.0, 0.0, 0.0, 1.0],
                [1.0, -0.0, -0.0, 0.0, 0.0, 1.0, -0.000998, 0.300003, -0.0, 0.000998, 1.0, 0.0, 0.0, 0.0, 0.0, 1.0],
                [1.0, -0.0, -0.0, 0.0, 0.0, 1.0, -0.000998, 0.300003, -0.0, 0.000998, 1.0, 0.0, 0.0, 0.0, 0.0, 1.0]
            ]
        },
        {
            "name": "Tool_R",
            "time": [0.0, 0.0167, 0.0333, 0.05, 0.0667, 0.0833, 0.1, 0.1167, 0.1333, 0.15, 0.1667, 0.1833, 0.2, 0.2167, 0.2333, 0.25, 0.2667, 0.2833, 0.3, 0.3167, 0.3333],
            "transform": [
                [0.928381, -0.339325, -0.151549, 0.018755, -0.189828, -0.082412, -0.978353, 0.238029, 0.31949, 0.937052, -0.140923, -0.085398, 0.0, 0.0, 0.0, 1.0],
                [0.928381, -0.339325, -0.151549, 0.019562, -0.189828, -0.082411, -0.978353, 0.251413, 0.31949, 0.937053, -0.140923, -0.085761, 0.0, 0.0, 0.0, 1.0],
                [0.928381, -0.339325, -0.151549, 0.021586, -0.189828, -0.082412, -0.978353, 0.284876, 0.319491, 0.937052, -0.140923, -0.086598, 0.0, 0.0, 0.0, 1.0],
                [0.928381, -0.339325, -0.151549, 0.024229, -0.189828, -0.082412, -0.978353, 0.328382, 0.31949, 0.937052, -0.140923, -0.087533, 0.0, 0.0, 0.0, 1.0],
                [0.928381, -0.339325, -0.151549, 0.026896, -0.189828, -0.082412, -0.978353, 0.371897, 0.319491, 0.937053, -0.140923, -0.088187, 0.0, 0.0, 0.0, 1.0],
                [0.928381, -0.339325, -0.151549, 0.028989, -0.189828, -0.082412, -0.978353, 0.405384, 0.31949, 0.937052, -0.140923, -0.088184, 0.0, 0.0, 0.0, 1.0],
                [0.928381, -0.339325, -0.151549, 0.029913, -0.189828, -0.082412, -0.978353, 0.41881, 0.31949, 0.937053, -0.140923, -0.087146, 0.0, 0.0, 0.0, 1.0],
                [0.928381, -0.339326, -0.151549, 0.030035, -0.189828, -0.082411, -0.978353, 0.410102, 0.319491, 0.937053, -0.140923, -0.084976, 0.0, 0.0, 0.0, 1.0],
                [0.928381, -0.339325, -0.151549, 0.030128, -0.189828, -0.082412, -0.978353, 0.387063, 0.31949, 0.937052, -0.140923, -0.082044, 0.0, 0.0, 0.0, 1.0],
                [0.928381, -0.339325, -0.151549, 0.030194, -0.189828, -0.082412, -0.978353, 0.354467, 0.31949, 0.937053, -0.140923, -0.078675, 0.0, 0.0, 0.0, 1.0],
                [0.928381, -0.339325, -0.151549, 0.030238, -0.189828, -0.082412, -0.978353, 0.317089, 0.319491, 0.937053, -0.140923, -0.075192, 0.0, 0.0, 0.0, 1.0],
                [0.928381, -0.339325, -0.151549, 0.030265, -0.189828, -0.082412, -0.978353, 0.279705, 0.31949, 0.937052, -0.140923, -0.071918, 0.0, 0.0, 0.0, 1.0],
                [0.928381, -0.339325, -0.151549, 0.030279, -0.189828, -0.082412, -0.978353, 0.24709, 0.31949, 0.937052, -0.140923, -0.069179, 0.0, 0.0, 0.0, 1.0],
                [0.928381, -0.339325, -0.151549, 0.030283, -0.189828, -0.082411, -0.978353, 0.22402, 0.31949, 0.937052, -0.140923, -0.067298, 0.0, 0.0, 0.0, 1.0],
                [0.928381, -0.339325, -0.151549, 0.030285, -0.189828, -0.082412, -0.978353, 0.215268, 0.31949, 0.937053, -0.140923, -0.066599, 0.0, 0.0, 0.0, 1.0],
                [0.928381, -0.339325, -0.151549, 0.030285, -0.189828, -0.082412, -0.978353, 0.215268, 0.31949, 0.937053, -0.140923, -0.066599, 0.0, 0.0, 0.0, 1.0],
                [0.928381, -0.339325, -0.151549, 0.030285, -0.189828, -0.082412, -0.978353, 0.215268, 0.31949, 0.937053, -0.140923, -0.066599, 0.0, 0.0, 0.0, 1.0],
                [0.928381, -0.339325, -0.151549, 0.030285, -0.189828, -0.082412, -0.978353, 0.215268, 0.31949, 0.937053, -0.140923, -0.066599, 0.0, 0.0, 0.0, 1.0],
                [0.928381, -0.339325, -0.151549, 0.030285, -0.189828, -0.082412, -0.978353, 0.215268, 0.31949, 0.937053, -0.140923, -0.066599, 0.0, 0.0, 0.0, 1.0],
                [0.928381, -0.339325, -0.151549, 0.030285, -0.189828, -0.082412, -0.978353, 0.215268, 0.31949, 0.937053, -0.140923, -0.066599, 0.0, 0.0, 0.0, 1.0],
                [0.928381, -0.339325, -0.151549, 0.030285, -0.189828, -0.082412, -0.978353, 0.215268, 0.31949, 0.937053, -0.140923, -0.066599, 0.0, 0.0, 0.0, 1.0]
            ]
        },
        {
            "name": "Elbow_R",
            "time": [0.0, 0.3333],
            "transform": [
                [-1.0, 0.0, 0.0, 0.0, -0.0, 0.003946, -0.999992, 0.309082, -0.0, -0.999992, -0.003946, -0.001216, 0.0, 0.0, 0.0, 1.0],
                [-1.0, 0.0, -0.0, -0.0, 0.0, 0.003946, -0.999992, 0.300008, -0.0, -0.999992, -0.003946, -0.001252, 0.0, 0.0, 0.0, 1.0]
            ]
        },
        {
            "name": "Shoulder_L",
            "time": [0.0, 0.0167, 0.0333, 0.05, 0.0667, 0.0833, 0.1, 0.1167, 0.1333, 0.15, 0.1667, 0.1833, 0.2, 0.2167, 0.2333, 0.25, 0.2667, 0.2833, 0.3, 0.3167, 0.3333],
            "transform": [
                [0.0, -0.952114, -0.305743, -0.0, 0.0, -0.305743, 0.952114, 0.4, -1.0, -0.0, 0.0, -0.0, 0.0, 0.0, 0.0, 1.0],
                [-0.0, -0.952114, -0.305743, -0.0, 0.0, -0.305743, 0.952114, 0.4, -1.0, 0.0, 0.0, -0.0, 0.0, 0.0, 0.0, 1.0],
                [-0.0, -0.952114, -0.305743, -0.0, 0.0, -0.305743, 0.952114, 0.4, -1.0, 0.0, 0.0, 0.0, 0.0, 0.0, 0.0, 1.0],
                [-0.0, -0.952114, -0.305743, -0.0, 0.0, -0.305743, 0.952114, 0.4, -1.0, 0.0, 0.0, -0.0, 0.0, 0.0, 0.0, 1.0],
                [-0.0, -0.952114, -0.305743, -0.0, 0.0, -0.305743, 0.952114, 0.4, -1.0, 0.0, 0.0, -0.0, 0.0, 0.0, 0.0, 1.0],
                [-0.0, -0.952114, -0.305743, -0.0, 0.0, -0.305743, 0.952114, 0.4, -1.0, 0.0, 0.0, -0.0, 0.0, 0.0, 0.0, 1.0],
                [-0.0, -0.952114, -0.305743, 0.0, 0.0, -0.305743, 0.952114, 0.4, -1.0, 0.0, 0.0, 0.0, 0.0, 0.0, 0.0, 1.0],
                [0.0, -0.952114, -0.305743, -0.0, 0.0, -0.305743, 0.952114, 0.4, -1.0, 0.0, 0.0, -0.0, 0.0, 0.0, 0.0, 1.0],
                [0.0, -0.952114, -0.305743, -0.0, 0.0, -0.305743, 0.952114, 0.4, -1.0, 0.0, 0.0, -0.0, 0.0, 0.0, 0.0, 1.0],
                [0.0, -0.952114, -0.305743, 0.0, 0.0, -0.305743, 0.952114, 0.4, -1.0, 0.0, 0.0, 0.0, 0.0, 0.0, 0.0, 1.0],
