{
    "animation": [
        {
            "name": "Root",
            "time": [0.0, 0.0167, 0.0333, 0.05, 0.0667, 0.0833, 0.1, 0.1167, 0.1333, 0.15, 0.1667, 0.1833, 0.2, 0.2167, 0.2333, 0.25, 0.2667, 0.2833, 0.3, 0.3167, 0.3333],
            "transform": [
                [1.0, 0.0, 0.0, -5e-06, 0.0, 0.0, -1.0, 0.000946, 0.0, 1.0, 0.0, 0.763972, 0.0, 0.0, 0.0, 1.0],
                [1.0, 0.0, 0.0, -5e-06, 0.0, 0.0, -1.0, 0.001572, 0.0, 1.0, 0.0, 0.763972, 0.0, 0.0, 0.0, 1.0],
                [1.0, 0.0, 0.0, -5e-06, 0.0, 0.0, -1.0, 0.005952, 0.0, 1.0, 0.0, 0.763972, 0.0, 0.0, 0.0, 1.0],
                [1.0, 0.0, 0.0, -5e-06, 0.0, 0.0, -1.0, 0.017841, 0.0, 1.0, 0.0, 0.763972, 0.0, 0.0, 0.0, 1.0],
                [1.0, 0.0, 0.0, -5e-06, 0.0, 0.0, -1.0, 0.040992, 0.0, 1.0, 0.0, 0.763972, 0.0, 0.0, 0.0, 1.0],
                [1.0, 0.0, 0.0, -5e-06, 0.0, 0.0, -1.0, 0.07916, 0.0, 1.0, 0.0, 0.763972, 0.0, 0.0, 0.0, 1.0],
                [1.0, 0.0, 0.0, -5e-06, 0.0, 0.0, -1.0, 0.136099, 0.0, 1.0, 0.0, 0.763972, 0.0, 0.0, 0.0, 1.0],
                [1.0, 0.0, 0.0, -5e-06, 0.0, 0.0, -1.0, 0.223752, 0.0, 1.0, 0.0, 0.763972, 0.0, 0.0, 0.0, 1.0],
                [1.0, 0.0, 0.0, -5e-06, 0.0, 0.0, -1.0, 0.338704, 0.0, 1.0, 0.0, 0.763972, 0.0, 0.0, 0.0, 1.0],
                [1.0, 0.0, 0.0, -5e-06, 0.0, 0.0, -1.0, 0.461673, 0.0, 1.0, 0.0, 0.763972, 0.0, 0.0, 0.0, 1.0],
                [1.0, 0.0, 0.0, -5e-06, 0.0, 0.0, -1.0, 0.57338, 0.0, 1.0, 0.0, 0.763972, 0.0, 0.0, 0.0, 1.0],
                [1.0, 0.0, 0.0, -5e-06, 0.0, 0.0, -1.0, 0.654543, 0.0, 1.0, 0.0, 0.763972, 0.0, 0.0, 0.0, 1.0],
                [1.0, 0.0, 0.0, -5e-06, 0.0, 0.0, -1.0, 0.685882, 0.0, 1.0, 0.0, 0.763972, 0.0, 0.0, 0.0, 1.0],
                [1.0, 0.0, 0.0, -5e-06, 0.0, 0.0, -1.0, 0.685882, 0.0, 1.0, 0.0, 0.763972, 0.0, 0.0, 0.0, 1.0],
                [1.0, 0.0, 0.0, -5e-06, 0.0, 0.0, -1.0, 0.685882, 0.0, 1.0, 0.0, 0.763972, 0.0, 0.0, 0.0, 1.0],
                [1.0, 0.0, 0.0, -5e-06, 0.0, 0.0, -1.0, 0.685882, 0.0, 1.0, 0.0, 0.763972, 0.0, 0.0, 0.0, 1.0],
                [1.0, 0.0, 0.0, -5e-06, 0.0, 0.0, -1.0, 0.685882, 0.0, 1.0, 0.0, 0.763972, 0.0, 0.0, 0.0, 1.0],
                [1.0, 0.0, 0.0, -5e-06, 0.0, 0.0, -1.0, 0.685882, 0.0, 1.0, 0.0, 0.763972, 0.0, 0.0, 0.0, 1.0],
                [1.0, 0.0, 0.0, -5e-06, 0.0, 0.0, -1.0, 0.685882, 0.0, 1.0, 0.0, 0.763972, 0.0, 0.0, 0.0, 1.0],
                [1.0, 0.0, 0.0, -5e-06, 0.0, 0.0, -1.0, 0.685882, 0.0, 1.0, 0.0, 0.763972, 0.0, 0.0, 0.0, 1.0],
                [1.0, 0.0, 0.0, -5e-06, 0.0, 0.0, -1.0, 0.685882, 0.0, 1.0, 0.0, 0.763972, 0.0, 0.0, 0.0, 1.0]
            ]
        },
        {
            "name": "Thigh_R",
            "time": [0.0, 0.0167, 0.0333, 0.05, 0.0667, 0.0833, 0.1, 0.1167, 0.1333, 0.15, 0.1667, 0.1833, 0.2, 0.2167, 0.2333, 0.25, 0.2667, 0.2833, 0.3, 0.3167, 0.3333],
            "transform": [
                [0.994942, 0.099247, 0.015507, 0.124994, 0.099224, -0.995063, 0.002281, -0.002831, 0.015657, -0.00073, -0.999877, -1.2e-05, 0.0, 0.0, 0.0, 1.0],
                [0.994811, 0.101736, -0.001133, 0.124994, 0.100275, -0.978524, 0.180102, -0.003779, 0.017215, -0.179281, -0.983647, -0.001864, 0.0, 0.0, 0.0, 1.0],
                [0.994484, 0.103273, -0.018353, 0.124994, 0.10271, -0.923283, 0.370134, -0.006401, 0.02128, -0.369977, -0.928797, -0.006983, 0.0, 0.0, 0.0, 1.0],
                [0.994078, 0.10308, -0.034399, 0.124994, 0.105248, -0.834485, 0.540887, -0.010361, 0.027049, -0.541304, -0.840392, -0.014717, 0.0, 0.0, 0.0, 1.0],
                [0.993744, 0.101089, -0.04748, 0.124994, 0.106461, -0.728914, 0.676278, -0.015326, 0.033755, -0.677101, -0.735116, -0.024412, 0.0, 0.0, 0.0, 1.0],
                [0.993638, 0.098409, -0.05476, 0.124994, 0.105093, -0.635469, 0.764941, -0.02096, 0.040479, -0.76583, -0.641768, -0.035414, 0.0, 0.0, 0.0, 1.0],
                [0.993851, 0.096681, -0.053972, 0.124994, 0.100821, -0.588658, 0.802071, -0.026929, 0.045774, -0.80258, -0.594786, -0.04707, 0.0, 0.0, 0.0, 1.0],
                [0.994204, 0.097215, -0.045912, 0.124994, 0.09534, -0.599858, 0.794406, -0.032898, 0.049687, -0.794179, -0.605649, -0.058725, 0.0, 0.0, 0.0, 1.0],
                [0.994471, 0.099063, -0.034854, 0.124994, 0.090506, -0.640156, 0.762896, -0.038532, 0.053262, -0.761832, -0.645582, -0.069727, 0.0, 0.0, 0.0, 1.0],
                [0.994623, 0.100825, -0.02366, 0.124994, 0.087064, -0.690324, 0.718244, -0.043497, 0.056084, -0.716441, -0.69539, -0.079422, 0.0, 0.0, 0.0, 1.0],
                [0.994684, 0.102042, -0.013809, 0.124994, 0.085062, -0.738676, 0.668672, -0.047458, 0.058032, -0.666292, -0.74343, -0.087156, 0.0, 0.0, 0.0, 1.0],
                [0.994695, 0.102658, -0.006544, 0.124994, 0.08416, -0.775581, 0.625614, -0.05008, 0.059149, -0.622846, -0.780106, -0.092276, 0.0, 0.0, 0.0, 1.0],
                [0.994692, 0.10283, -0.003654, 0.124994, 0.08394, -0.790404, 0.606808, -0.051028, 0.059509, -0.603894, -0.79484, -0.094127, 0.0, 0.0, 0.0, 1.0],
                [0.994692, 0.10283, -0.003654, 0.124994, 0.08394, -0.790404, 0.606808, -0.051028, 0.059509, -0.603894, -0.79484, -0.094127, 0.0, 0.0, 0.0, 1.0],
                [0.994692, 0.10283, -0.003654, 0.124994, 0.08394, -0.790404, 0.606808, -0.051028, 0.059509, -0.603894, -0.79484, -0.094127, 0.0, 0.0, 0.0, 1.0],
                [0.994692, 0.10283, -0.003654, 0.124994, 0.08394, -0.790404, 0.606808, -0.051028, 0.059509, -0.603894, -0.79484, -0.094127, 0.0, 0.0, 0.0, 1.0],
                [0.994692, 0.10283, -0.003654, 0.124994, 0.08394, -0.790404, 0.606808, -0.051028, 0.059509, -0.603894, -0.79484, -0.094127, 0.0, 0.0, 0.0, 1.0],
                [0.994692, 0.10283, -0.003654, 0.124994, 0.08394, -0.790404, 0.606808, -0.051028, 0.059509, -0.603894, -0.79484, -0.094127, 0.0, 0.0, 0.0, 1.0],
                [0.994692, 0.10283, -0.003654, 0.124994, 0.08394, -0.790404, 0.606808, -0.051028, 0.059509, -0.603894, -0.79484, -0.094127, 0.0, 0.0, 0.0, 1.0],
                [0.994692, 0.10283, -0.003654, 0.124994, 0.08394, -0.790404, 0.606808, -0.051028, 0.059509, -0.603894, -0.79484, -0.094127, 0.0, 0.0, 0.0, 1.0],
                [0.994692, 0.10283, -0.003654, 0.124994, 0.08394, -0.790404, 0.606808, -0.051028, 0.059509, -0.603894, -0.79484, -0.094127, 0.0, 0.0, 0.0, 1.0]
            ]
        },
        {
            "name": "Leg_R",
            "time": [0.0, 0.0167, 0.0333, 0.05, 0.0667, 0.0833, 0.1, 0.1167, 0.1333, 0.15, 0.1667, 0.1833, 0.2, 0.2167, 0.2333, 0.25, 0.2667, 0.2833, 0.3, 0.3167, 0.3333],
            "transform": [
                [1.0, 0.0, 1e-06, -0.0, 0.0, 0.999999, 0.00146, 0.374726, -1e-06, -0.00146, 0.999999, -0.0, 0.0, 0.0, 0.0, 1.0],
                [1.0, 7e-06, 2e-06, 0.0, -7e-06, 0.949215, 0.314626, 0.374726, 0.0, -0.314626, 0.949216, 0.0, 0.0, 0.0, 0.0, 1.0],
                [1.0, 1.2e-05, 4e-06, 0.0, -1.2e-05, 0.822558, 0.568682, 0.374726, 3e-06, -0.568682, 0.822558, -0.0, 0.0, 0.0, 0.0, 1.0],
                [1.0, 1.5e-05, 7e-06, -0.0, -1.6e-05, 0.683697, 0.729765, 0.374726, 6e-06, -0.729766, 0.683697, -0.0, 0.0, 0.0, 0.0, 1.0],
                [1.0, 1.6e-05, 9e-06, 0.0, -1.7e-05, 0.583864, 0.811851, 0.374726, 8e-06, -0.811851, 0.583864, 0.0, 0.0, 0.0, 0.0, 1.0],
                [1.000001, 1.7e-05, 1e-05, -0.0, -1.8e-05, 0.556145, 0.831085, 0.374726, 9e-06, -0.831085, 0.556145, 0.0, 0.0, 0.0, 0.0, 1.0],
                [1.0, 1.6e-05, 9e-06, -0.0, -1.7e-05, 0.614139, 0.789197, 0.374726, 7e-06, -0.789198, 0.61414, -0.0, 0.0, 0.0, 0.0, 1.0],
                [1.0, 1.5e-05, 7e-06, -0.0, -1.5e-05, 0.711612, 0.702572, 0.374726, 6e-06, -0.702573, 0.711612, 0.0, 0.0, 0.0, 0.0, 1.0],
                [1.0, 1.4e-05, 5e-06, -0.0, -1.4e-05, 0.789269, 0.614048, 0.374726, 4e-06, -0.614047, 0.789269, -0.0, 0.0, 0.0, 0.0, 1.0],
                [1.0, 1.1e-05, 4e-06, -0.0, -1.1e-05, 0.844683, 0.535267, 0.374726, 3e-06, -0.535267, 0.844683, -0.0, 0.0, 0.0, 0.0, 1.0],
                [1.0, 1e-05, 3e-06, 0.0, -1e-05, 0.883399, 0.468623, 0.374726, 2e-06, -0.468622, 0.883399, -0.0, 0.0, 0.0, 0.0, 1.0],
                [1.0, 9e-06, 3e-06, -0.0, -9e-06, 0.908498, 0.417888, 0.374726, 1e-06, -0.417889, 0.908498, -0.0, 0.0, 0.0, 0.0, 1.0],
                [1.0, 9e-06, 3e-06, 0.0, -9e-06, 0.917829, 0.396974, 0.374726, 1e-06, -0.396975, 0.91783, -0.0, 0.0, 0.0, 0.0, 1.0],
                [1.0, 9e-06, 3e-06, 0.0, -9e-06, 0.91783, 0.396973, 0.374726, 1e-06, -0.396974, 0.91783, 0.0, 0.0, 0.0, 0.0, 1.0],
                [1.0, 9e-06, 3e-06, 0.0, -9e-06, 0.91783, 0.396974, 0.374726, 1e-06, -0.396974, 0.91783, 0.0, 0.0, 0.0, 0.0, 1.0],
                [1.0, 9e-06, 3e-06, 0.0, -9e-06, 0.91783, 0.396974, 0.374726, 1e-06, -0.396974, 0.91783, 0.0, 0.0, 0.0, 0.0, 1.0],
                [1.0, 9e-06, 3e-06, 0.0, -9e-06, 0.91783, 0.396974, 0.374726, 1e-06, -0.396974, 0.91783, 0.0, 0.0, 0.0, 0.0, 1.0],
                [1.0, 9e-06, 3e-06, 0.0, -9e-06, 0.91783, 0.396974, 0.374726, 1e-06, -0.396974, 0.91783, 0.0, 0.0, 0.0, 0.0, 1.0],
                [1.0, 9e-06, 3e-06, 0.0, -9e-06, 0.91783, 0.396974, 0.374726, 1e-06, -0.396974, 0.91783, 0.0, 0.0, 0.0, 0.0, 1.0],
                [1.0, 9e-06, 3e-06, 0.0, -9e-06, 0.91783, 0.396974, 0.374726, 1e-06, -0.396974, 0.91783, 0.0, 0.0, 0.0, 0.0, 1.0],
                [1.0, 9e-06, 3e-06, 0.0, -9e-06, 0.91783, 0.396974, 0.374726, 1e-06, -0.396974, 0.91783, 0.0, 0.0, 0.0, 0.0, 1.0]
            ]
        },
        {
            "name": "Knee_R",
            "time": [0.0, 0.3333],
            "transform": [
                [1.0, 0.0, -0.0, 0.0, -0.0, 0.00567, -0.999984, 0.374726, -0.0, 0.999984, 0.00567, -0.0, 0.0, 0.0, 0.0, 1.0],
                [1.0, 0.0, -0.0, -0.0, -0.0, 0.00567, -0.999984, 0.374726, -0.0, 0.999984, 0.00567, -0.0, 0.0, 0.0, 0.0, 1.0]
            ]
        },
        {
            "name": "Thigh_L",
            "time": [0.0, 0.0167, 0.0333, 0.05, 0.0667, 0.0833, 0.1, 0.1167, 0.1333, 0.15, 0.1667, 0.1833, 0.2, 0.2167, 0.2333, 0.25, 0.2667, 0.2833, 0.3, 0.3167, 0.3333],
            "transform": [
                [0.996745, -0.038114, -0.071044, -0.125006, -0.026556, -0.987233, 0.157051, -0.002831, -0.076122, -0.154653, -0.985032, -1.2e-05, 0.0, 0.0, 0.0, 1.0],
                [0.996787, -0.040258, -0.069252, -0.125006, -0.027208, -0.983294, 0.17998, -0.002831, -0.075341, -0.177518, -0.98123, 0.001605, 0.0, 0.0, 0.0, 1.0],
                [0.996897, -0.044732, -0.064767, -0.125006, -0.029108, -0.974001, 0.224665, -0.002831, -0.073133, -0.222083, -0.972281, 0.006076, 0.0, 0.0, 0.0, 1.0],
                [0.997046, -0.049352, -0.058847, -0.125006, -0.032136, -0.963992, 0.263983, -0.002831, -0.069756, -0.261312, -0.962731, 0.01283, 0.0, 0.0, 0.0, 1.0],
                [0.997197, -0.05301, -0.052808, -0.125006, -0.03605, -0.958815, 0.281735, -0.002831, -0.065568, -0.279042, -0.958038, 0.021297, 0.0, 0.0, 0.0, 1.0],
                [0.997316, -0.055052, -0.048262, -0.125006, -0.040437, -0.963749, 0.26373, -0.002831, -0.061032, -0.261071, -0.963389, 0.030904, 0.0, 0.0, 0.0, 1.0],
                [0.99739, -0.054666, -0.04716, -0.125006, -0.044736, -0.980648, 0.190603, -0.002831, -0.056667, -0.187996, -0.980534, 0.041083, 0.0, 0.0, 0.0, 1.0],
                [0.997427, -0.049866, -0.051508, -0.125006, -0.048229, -0.998306, 0.03255, -0.002831, -0.053043, -0.029982, -0.998142, 0.051262, 0.0, 0.0, 0.0, 1.0],
                [0.997447, -0.032369, -0.06366, -0.125006, -0.050609, -0.949302, -0.310265, -0.002831, -0.05039, 0.312695, -0.948516, 0.060869, 0.0, 0.0, 0.0, 1.0],
                [0.997462, -0.028943, -0.065054, -0.125006, -0.05206, -0.91976, -0.389014, -0.002831, -0.048575, 0.391414, -0.918932, 0.069336, 0.0, 0.0, 0.0, 1.0],
                [0.997476, -0.025802, -0.066144, -0.125006, -0.052835, -0.892078, -0.448783, -0.002831, -0.047426, 0.451145, -0.89119, 0.07609, 0.0, 0.0, 0.0, 1.0],
                [0.997488, -0.023567, -0.066799, -0.125006, -0.053173, -0.872168, -0.48631, -0.002831, -0.046799, 0.48864, -0.87123, 0.080561, 0.0, 0.0, 0.0, 1.0],
                [0.997493, -0.022717, -0.067021, -0.125006, -0.053256, -0.864645, -0.499552, -0.002831, -0.046601, 0.501869, -0.863688, 0.082178, 0.0, 0.0, 0.0, 1.0],
                [0.997493, -0.022717, -0.067021, -0.125006, -0.053256, -0.864645, -0.499552, -0.002831, -0.046601, 0.501869, -0.863687, 0.082178, 0.0, 0.0, 0.0, 1.0],
                [0.997493, -0.022717, -0.067021, -0.125006, -0.053256, -0.864645, -0.499552, -0.002831, -0.046601, 0.501869, -0.863687, 0.082178, 0.0, 0.0, 0.0, 1.0],
                [0.997493, -0.022717, -0.067021, -0.125006, -0.053256, -0.864645, -0.499552, -0.002831, -0.046601, 0.501869, -0.863687, 0.082178, 0.0, 0.0, 0.0, 1.0],
                [0.997493, -0.022717, -0.067021, -0.125006, -0.053256, -0.864645, -0.499552, -0.002831, -0.046601, 0.501869, -0.863687, 0.082178, 0.0, 0.0, 0.0, 1.0],
                [0.997493, -0.022717, -0.067021, -0.125006, -0.053256, -0.864645, -0.499552, -0.002831, -0.046601, 0.501869, -0.863687, 0.082178, 0.0, 0.0, 0.0, 1.0],
                [0.997493, -0.022717, -0.067021, -0.125006, -0.053256, -0.864645, -0.499552, -0.002831, -0.046601, 0.501869, -0.863687, 0.082178, 0.0, 0.0, 0.0, 1.0],
                [0.997493, -0.022717, -0.067021, -0.125006, -0.053256, -0.864645, -0.499552, -0.002831, -0.046601, 0.501869, -0.863687, 0.082178, 0.0, 0.0, 0.0, 1.0],
                [0.997493, -0.022717, -0.067021, -0.125006, -0.053256, -0.864645, -0.499552, -0.002831, -0.046601, 0.501869, -0.863687, 0.082178, 0.0, 0.0, 0.0, 1.0]
            ]
        },
        {
            "name": "Leg_L",
            "time": [0.0, 0.0167, 0.0333, 0.05, 0.0667, 0.0833, 0.1, 0.1167, 0.1333, 0.15, 0.1667, 0.1833, 0.2, 0.2167, 0.2333, 0.25, 0.2667, 0.2833, 0.3, 0.3167, 0.3333],
            "transform": [
                [1.0, 7e-06, 2e-06, 0.0, -7e-06, 0.951921, 0.306343, 0.374726, 0.0, -0.306343, 0.951921, 0.0, 0.0, 0.0, 0.0, 1.0],
                [1.0, 7e-06, 2e-06, -0.0, -8e-06, 0.937382, 0.348301, 0.374726, 1e-06, -0.348301, 0.937383, 0.0, 0.0, 0.0, 0.0, 1.0],
                [1.0, 9e-06, 3e-06, 0.0, -9e-06, 0.901223, 0.433357, 0.374726, 1e-06, -0.433357, 0.901223, -0.0, 0.0, 0.0, 0.0, 1.0],
                [1.0, 1.1e-05, 4e-06, 0.0, -1.1e-05, 0.854879, 0.518828, 0.374726, 2e-06, -0.518828, 0.854879, -0.0, 0.0, 0.0, 0.0, 1.0],
                [1.0, 1.3e-05, 5e-06, 0.0, -1.3e-05, 0.810504, 0.585733, 0.374726, 4e-06, -0.585733, 0.810504, 0.0, 0.0, 0.0, 0.0, 1.0],
                [1.0, 1.3e-05, 5e-06, 0.0, -1.3e-05, 0.783059, 0.621947, 0.374726, 4e-06, -0.621947, 0.78306, 0.0, 0.0, 0.0, 0.0, 1.0],
                [1.0, 1.3e-05, 5e-06, 0.0, -1.4e-05, 0.79385, 0.608113, 0.374726, 4e-06, -0.608114, 0.79385, -0.0, 0.0, 0.0, 0.0, 1.0],
                [1.0, 1e-05, 3e-06, -0.0, -1e-05, 0.87201, 0.489488, 0.374726, 2e-06, -0.489488, 0.87201, -0.0, 0.0, 0.0, 0.0, 1.0],
                [1.0, 0.0, 1e-06, -0.0, -0.0, 0.999999, 0.00146, 0.374726, -1e-06, -0.00146, 0.999999, 0.0, 0.0, 0.0, 0.0, 1.0],
                [1.0, 0.0, 1e-06, -0.0, -0.0, 0.999999, 0.001464, 0.374726, -1e-06, -0.001463, 0.999999, 0.0, 0.0, 0.0, 0.0, 1.0],
                [1.0, 0.0, 1e-06, 0.0, -0.0, 0.999999, 0.001467, 0.374726, -1e-06, -0.001467, 0.999999, -0.0, 0.0, 0.0, 0.0, 1.0],
                [1.0, 0.0, 1e-06, 0.0, -0.0, 0.999998, 0.001469, 0.374726, -1e-06, -0.001469, 0.999999, -0.0, 0.0, 0.0, 0.0, 1.0],
                [1.0, 0.0, 1e-06, 0.0, -0.0, 0.999999, 0.00147, 0.374726, -1e-06, -0.00147, 0.999999, 0.0, 0.0, 0.0, 0.0, 1.0],
                [1.0, 0.0, 1e-06, 0.0, -0.0, 0.999999, 0.00147, 0.374726, -1e-06, -0.00147, 0.999999, 0.0, 0.0, 0.0, 0.0, 1.0],
                [1.0, 0.0, 1e-06, 0.0, -0.0, 0.999999, 0.00147, 0.374726, -1e-06, -0.00147, 0.999999, 0.0, 0.0, 0.0, 0.0, 1.0],
                [1.0, 0.0, 1e-06, 0.0, -0.0, 0.999999, 0.00147, 0.374726, -1e-06, -0.00147, 0.999999, 0.0, 0.0, 0.0, 0.0, 1.0],
                [1.0, 0.0, 1e-06, 0.0, -0.0, 0.999999, 0.00147, 0.374726, -1e-06, -0.00147, 0.999999, 0.0, 0.0, 0.0, 0.0, 1.0],
                [1.0, 0.0, 1e-06, 0.0, -0.0, 0.999999, 0.00147, 0.374726, -1e-06, -0.00147, 0.999999, 0.0, 0.0, 0.0, 0.0, 1.0],
                [1.0, 0.0, 1e-06, 0.0, -0.0, 0.999999, 0.00147, 0.374726, -1e-06, -0.00147, 0.999999, 0.0, 0.0, 0.0, 0.0, 1.0],
                [1.0, 0.0, 1e-06, 0.0, -0.0, 0.999999, 0.00147, 0.374726, -1e-06, -0.00147, 0.999999, 0.0, 0.0, 0.0, 0.0, 1.0],
                [1.0, 0.0, 1e-06, 0.0, -0.0, 0.999999, 0.00147, 0.374726, -1e-06, -0.00147, 0.999999, 0.0, 0.0, 0.0, 0.0, 1.0]
            ]
        },
        {
            "name": "Knee_L",
            "time": [0.0, 0.3333],
            "transform": [
                [1.0, 0.0, -0.0, 0.0, -0.0, 0.00567, -0.999984, 0.374726, -0.0, 0.999984, 0.00567, 0.0, 0.0, 0.0, 0.0, 1.0],
                [1.0, 0.0, -0.0, 0.0, -0.0, 0.00567, -0.999984, 0.374726, -0.0, 0.999984, 0.00567, 0.0, 0.0, 0.0, 0.0, 1.0]
            ]
        },
        {
            "name": "Torso",
            "time": [0.0, 0.0167, 0.0333, 0.05, 0.0667, 0.0833, 0.1, 0.1167, 0.1333, 0.15, 0.1667, 0.1833, 0.2, 0.2167, 0.2333, 0.25, 0.2667, 0.2833, 0.3, 0.3167, 0.3333],
            "transform": [
                [1.0, 0.0, 0.0, 0.0, 0.0, 1.0, 0.0, 0.05, 0.0, 0.0, 1.0, 0.0, 0.0, 0.0, 0.0, 1.0],
                [0.999932, 0.0, 0.011675, 0.0, 0.0, 1.0, 0.0, 0.05, -0.011675, 0.0, 0.999932, 0.0, 0.0, 0.0, 0.0, 1.0],
                [0.99903, 0.0, 0.044041, 0.0, 0.0, 1.0, 0.0, 0.05, -0.044041, 0.0, 0.99903, 0.0, 0.0, 0.0, 0.0, 1.0],
                [0.995658, 0.0, 0.093087, 0.0, 0.0, 1.0, 0.0, 0.05, -0.093087, 0.0, 0.995658, 0.0, 0.0, 0.0, 0.0, 1.0],
                [0.98798, 0.0, 0.154582, 0.0, 0.0, 1.0, 0.0, 0.05, -0.154582, 0.0, 0.98798, 0.0, 0.0, 0.0, 0.0, 1.0],
                [0.974598, 0.0, 0.223963, 0.0, 0.0, 1.0, 0.0, 0.05, -0.223963, 0.0, 0.974598, 0.0, 0.0, 0.0, 0.0, 1.0],
                [0.955054, 0.0, 0.296431, 0.0, 0.0, 1.0, 0.0, 0.05, -0.296431, 0.0, 0.955054, 0.0, 0.0, 0.0, 0.0, 1.0],
                [0.930131, 0.0, 0.367228, 0.0, 0.0, 1.0, 0.0, 0.05, -0.367228, 0.0, 0.930131, 0.0, 0.0, 0.0, 0.0, 1.0],
                [0.901877, 0.0, 0.431993, 0.0, 0.0, 1.0, 0.0, 0.05, -0.431993, 0.0, 0.901877, 0.0, 0.0, 0.0, 0.0, 1.0],
                [0.873386, 0.0, 0.487028, 0.0, 0.0, 1.0, 0.0, 0.05, -0.487028, 0.0, 0.873386, 0.0, 0.0, 0.0, 0.0, 1.0],
                [0.848395, 0.0, 0.529364, 0.0, 0.0, 1.0, 0.0, 0.05, -0.529364, 0.0, 0.848395, 0.0, 0.0, 0.0, 0.0, 1.0],
                [0.830812, 0.0, 0.556553, 0.0, 0.0, 1.0, 0.0, 0.05, -0.556553, 0.0, 0.830812, 0.0, 0.0, 0.0, 0.0, 1.0],
                [0.824258, 0.0, 0.566215, 0.0, 0.0, 1.0, 0.0, 0.05, -0.566215, 0.0, 0.824258, 0.0, 0.0, 0.0, 0.0, 1.0],
                [0.824258, 0.0, 0.566215, 0.0, 0.0, 1.0, 0.0, 0.05, -0.566215, 0.0, 0.824258, 0.0, 0.0, 0.0, 0.0, 1.0],
                [0.824258, 0.0, 0.566215, 0.0, 0.0, 1.0, 0.0, 0.05, -0.566215, 0.0, 0.824258, 0.0, 0.0, 0.0, 0.0, 1.0],
                [0.824258, 0.0, 0.566215, 0.0, 0.0, 1.0, 0.0, 0.05, -0.566215, 0.0, 0.824258, 0.0, 0.0, 0.0, 0.0, 1.0],
                [0.824258, 0.0, 0.566215, 0.0, 0.0, 1.0, 0.0, 0.05, -0.566215, 0.0, 0.824258, 0.0, 0.0, 0.0, 0.0, 1.0],
                [0.824258, 0.0, 0.566215, 0.0, 0.0, 1.0, 0.0, 0.05, -0.566215, 0.0, 0.824258, 0.0, 0.0, 0.0, 0.0, 1.0],
                [0.824258, 0.0, 0.566215, 0.0, 0.0, 1.0, 0.0, 0.05, -0.566215, 0.0, 0.824258, 0.0, 0.0, 0.0, 0.0, 1.0],
                [0.824258, 0.0, 0.566215, 0.0, 0.0, 1.0, 0.0, 0.05, -0.566215, 0.0, 0.824258, 0.0, 0.0, 0.0, 0.0, 1.0],
                [0.824258, 0.0, 0.566215, 0.0, 0.0, 1.0, 0.0, 0.05, -0.566215, 0.0, 0.824258, 0.0, 0.0, 0.0, 0.0, 1.0]
            ]
        },
        {
            "name": "Chest",
            "time": [0.0, 0.0167, 0.0333, 0.05, 0.0667, 0.0833, 0.1, 0.1167, 0.1333, 0.15, 0.1667, 0.1833, 0.2, 0.2167, 0.2333, 0.25, 0.2667, 0.2833, 0.3, 0.3167, 0.3333],
            "transform": [
                [1.0, 0.0, 0.0, 0.0, 0.0, 1.0, 0.0, 0.3, 0.0, 0.0, 1.0, 0.0, 0.0, 0.0, 0.0, 1.0],
                [1.0, 0.0, 0.0, 0.0, 0.0, 1.0, 0.0, 0.3, 0.0, 0.0, 1.0, 0.0, 0.0, 0.0, 0.0, 1.0],
                [1.0, 0.0, 0.0, -0.0, 0.0, 1.0, 0.0, 0.3, 0.0, 0.0, 1.0, 0.0, 0.0, 0.0, 0.0, 1.0],
                [1.0, 0.0, 0.0, -0.0, 0.0, 1.0, 0.0, 0.3, 0.0, 0.0, 1.0, -0.0, 0.0, 0.0, 0.0, 1.0],
                [1.0, 0.0, -0.0, -0.0, 0.0, 1.0, 0.0, 0.3, 0.0, 0.0, 1.0, -0.0, 0.0, 0.0, 0.0, 1.0],
                [1.0, 0.0, 0.0, -0.0, 0.0, 1.0, 0.0, 0.3, 0.0, 0.0, 1.0, -0.0, 0.0, 0.0, 0.0, 1.0],
                [1.0, 0.0, -0.0, -0.0, 0.0, 1.0, 0.0, 0.3, 0.0, 0.0, 1.0, 0.0, 0.0, 0.0, 0.0, 1.0],
                [1.0, 0.0, 0.0, 0.0, 0.0, 1.0, 0.0, 0.3, 0.0, 0.0, 1.0, -0.0, 0.0, 0.0, 0.0, 1.0],
                [1.0, 0.0, 0.0, 0.0, 0.0, 1.0, 0.0, 0.3, 0.0, 0.0, 1.0, 0.0, 0.0, 0.0, 0.0, 1.0],
                [1.0, 0.0, 0.0, 0.0, 0.0, 1.0, 0.0, 0.3, -0.0, 0.0, 1.0, -0.0, 0.0, 0.0, 0.0, 1.0],
                [1.0, 0.0, 0.0, -0.0, 0.0, 1.0, 0.0, 0.3, -0.0, 0.0, 1.0, -0.0, 0.0, 0.0, 0.0, 1.0],
                [1.0, 0.0, 0.0, 0.0, 0.0, 1.0, 0.0, 0.3, -0.0, 0.0, 1.0, 0.0, 0.0, 0.0, 0.0, 1.0],
                [1.0, 0.0, 0.0, -0.0, 0.0, 1.0, 0.0, 0.3, 0.0, 0.0, 1.0, -0.0, 0.0, 0.0, 0.0, 1.0],
                [1.0, 0.0, 0.0, -0.0, 0.0, 1.0, 0.0, 0.3, 0.0, 0.0, 1.0, -0.0, 0.0, 0.0, 0.0, 1.0],
                [1.0, 0.0, 0.0, -0.0, 0.0, 1.0, 0.0, 0.3, -0.0, 0.0, 1.0, 0.0, 0.0, 0.0, 0.0, 1.0],
                [1.0, 0.0, 0.0, -0.0, 0.0, 1.0, 0.0, 0.3, 0.0, 0.0, 1.0, -0.0, 0.0, 0.0, 0.0, 1.0],
                [1.0, 0.0, 0.0, -0.0, 0.0, 1.0, 0.0, 0.3, 0.0, 0.0, 1.0, -0.0, 0.0, 0.0, 0.0, 1.0],
                [1.0, 0.0, 0.0, -0.0, 0.0, 1.0, 0.0, 0.3, 0.0, 0.0, 1.0, -0.0, 0.0, 0.0, 0.0, 1.0],
                [1.0, 0.0, 0.0, -0.0, 0.0, 1.0, 0.0, 0.3, 0.0, 0.0, 1.0, -0.0, 0.0, 0.0, 0.0, 1.0],
                [1.0, 0.0, 0.0, -0.0, 0.0, 1.0, 0.0, 0.3, 0.0, 0.0, 1.0, -0.0, 0.0, 0.0, 0.0, 1.0],
                [1.0, 0.0, 0.0, -0.0, 0.0, 1.0, 0.0, 0.3, 0.0, 0.0, 1.0, -0.0, 0.0, 0.0, 0.0, 1.0]
            ]
        },
        {
            "name": "Head",
            "time": [0.0, 0.0167, 0.0333, 0.05, 0.0667, 0.0833, 0.1, 0.1167, 0.1333, 0.15, 0.1667, 0.1833, 0.2, 0.2167, 0.2333, 0.25, 0.2667, 0.2833, 0.3, 0.3167, 0.3333],
            "transform": [
                [1.0, 0.0, 0.0, 0.0, 0.0, 1.0, 0.0, 0.4, 0.0, 0.0, 1.0, 0.0, 0.0, 0.0, 0.0, 1.0],
                [0.999949, 0.0, -0.010107, 0.0, 0.0, 1.0, 0.0, 0.4, 0.010107, 0.0, 0.999949, 0.0, 0.0, 0.0, 0.0, 1.0],
                [0.999274, 0.0, -0.038106, -0.0, 0.0, 1.0, 0.0, 0.4, 0.038106, 0.0, 0.999274, -0.0, 0.0, 0.0, 0.0, 1.0],
                [0.996755, 0.0, -0.0805, -0.0, 0.0, 1.0, 0.0, 0.4, 0.0805, 0.0, 0.996755, -0.0, 0.0, 0.0, 0.0, 1.0],
                [0.991029, 0.0, -0.133651, -0.0, 0.0, 1.0, 0.0, 0.4, 0.133651, 0.0, 0.991028, -0.0, 0.0, 0.0, 0.0, 1.0],
                [0.981059, 0.0, -0.193708, -0.0, 0.0, 1.0, 0.0, 0.4, 0.193708, 0.0, 0.981059, -0.0, 0.0, 0.0, 0.0, 1.0],
                [0.9665, 0.0, -0.256668, -0.0, 0.0, 1.0, 0.0, 0.4, 0.256668, 0.0, 0.9665, 0.0, 0.0, 0.0, 0.0, 1.0],
                [0.947904, 0.0, -0.318557, 0.0, 0.0, 1.0, 0.0, 0.4, 0.318557, 0.0, 0.947904, -0.0, 0.0, 0.0, 0.0, 1.0],
                [0.926763, 0.0, -0.375647, 0.0, 0.0, 1.0, 0.0, 0.4, 0.375647, 0.0, 0.926763, 0.0, 0.0, 0.0, 0.0, 1.0],
                [0.905364, 0.0, -0.424636, -0.0, 0.0, 1.0, 0.0, 0.4, 0.424636, 0.0, 0.905364, -0.0, 0.0, 0.0, 0.0, 1.0],
                [0.886518, 0.0, -0.462694, -0.0, 0.0, 1.0, 0.0, 0.4, 0.462694, 0.0, 0.886518, 0.0, 0.0, 0.0, 0.0, 1.0],
                [0.873213, 0.0, -0.487339, -0.0, 0.0, 1.0, 0.0, 0.4, 0.487339, 0.0, 0.873213, 0.0, 0.0, 0.0, 0.0, 1.0],
                [0.868243, 0.0, -0.496139, -0.0, 0.0, 1.0, 0.0, 0.4, 0.49614, 0.0, 0.868243, 0.0, 0.0, 0.0, 0.0, 1.0],
                [0.868243, 0.0, -0.496139, -0.0, 0.0, 1.0, 0.0, 0.4, 0.49614, 0.0, 0.868243, 0.0, 0.0, 0.0, 0.0, 1.0],
                [0.868243, 0.0, -0.496139, -0.0, 0.0, 1.0, 0.0, 0.4, 0.49614, 0.0, 0.868243, 0.0, 0.0, 0.0, 0.0, 1.0],
                [0.868243, 0.0, -0.496139, -0.0, 0.0, 1.0, 0.0, 0.4, 0.49614, 0.0, 0.868243, 0.0, 0.0, 0.0, 0.0, 1.0],
                [0.868243, 0.0, -0.496139, -0.0, 0.0, 1.0, 0.0, 0.4, 0.49614, 0.0, 0.868243, 0.0, 0.0, 0.0, 0.0, 1.0],
                [0.868243, 0.0, -0.496139, -0.0, 0.0, 1.0, 0.0, 0.4, 0.49614, 0.0, 0.868243, 0.0, 0.0, 0.0, 0.0, 1.0],
                [0.868243, 0.0, -0.496139, -0.0, 0.0, 1.0, 0.0, 0.4, 0.49614, 0.0, 0.868243, 0.0, 0.0, 0.0, 0.0, 1.0],
                [0.868243, 0.0, -0.496139, -0.0, 0.0, 1.0, 0.0, 0.4, 0.496139, 0.0, 0.868243, 0.0, 0.0, 0.0, 0.0, 1.0],
                [0.868243, 0.0, -0.496139, -0.0, 0.0, 1.0, 0.0, 0.4, 0.49614, 0.0, 0.868243, 0.0, 0.0, 0.0, 0.0, 1.0]
            ]
        },
        {
            "name": "Shoulder_R",
            "time": [0.0, 0.0167, 0.0333, 0.05, 0.0667, 0.0833, 0.1, 0.1167, 0.1333, 0.15, 0.1667, 0.1833, 0.2, 0.2167, 0.2333, 0.25, 0.2667, 0.2833, 0.3, 0.3167, 0.3333],
            "transform": [
                [0.0, 0.952114, 0.305743, -0.0, 0.0, -0.305743, 0.952114, 0.4, 1.0, -0.0, -0.0, -0.0, 0.0, 0.0, 0.0, 1.0],
                [0.0, 0.952114, 0.305743, 0.0, 0.0, -0.305743, 0.952114, 0.4, 1.0, 0.0, -0.0, -0.0, 0.0, 0.0, 0.0, 1.0],
                [0.0, 0.952114, 0.305743, -0.0, 0.0, -0.305743, 0.952114, 0.4, 1.0, -0.0, -0.0, -0.0, 0.0, 0.0, 0.0, 1.0],
                [0.0, 0.952114, 0.305743, -0.0, 0.0, -0.305743, 0.952114, 0.4, 1.0, 0.0, -0.0, -0.0, 0.0, 0.0, 0.0, 1.0],
                [0.0, 0.952114, 0.305743, -0.0, 0.0, -0.305743, 0.952114, 0.4, 1.0, 0.0, -0.0, 0.0, 0.0, 0.0, 0.0, 1.0],
                [0.0, 0.952114, 0.305743, -0.0, 0.0, -0.305743, 0.952114, 0.4, 1.0, 0.0, -0.0, -0.0, 0.0, 0.0, 0.0, 1.0],
                [0.0, 0.952114, 0.305743, -0.0, 0.0, -0.305743, 0.952114, 0.4, 1.0, 0.0, -0.0, -0.0, 0.0, 0.0, 0.0, 1.0],
                [0.0, 0.952114, 0.305743, -0.0, 0.0, -0.305743, 0.952114, 0.4, 1.0, 0.0, -0.0, 0.0, 0.0, 0.0, 0.0, 1.0],
                [0.0, 0.952114, 0.305743, 0.0, 0.0, -0.305743, 0.952114, 0.4, 1.0, 0.0, -0.0, 0.0, 0.0, 0.0, 0.0, 1.0],
                [0.0, 0.952114, 0.305743, 0.0, 0.0, -0.305743, 0.952114, 0.4, 1.0, -0.0, -0.0, -0.0, 0.0, 0.0, 0.0, 1.0],
                [0.0, 0.952114, 0.305743, 0.0, 0.0, -0.305743, 0.952114, 0.4, 1.0, 0.0, -0.0, 0.0, 0.0, 0.0, 0.0, 1.0],
                [-0.0, 0.952114, 0.305743, 0.0, 0.0, -0.305743, 0.952114, 0.4, 1.0, 0.0, -0.0, 0.0, 0.0, 0.0, 0.0, 1.0],
                [0.0, 0.952114, 0.305743, -0.0, 0.0, -0.305743, 0.952114, 0.4, 1.0, 0.0, -0.0, 0.0, 0.0, 0.0, 0.0, 1.0],
                [0.0, 0.952114, 0.305743, -0.0, 0.0, -0.305743, 0.952114, 0.4, 1.0, 0.0, -0.0, 0.0, 0.0, 0.0, 0.0, 1.0],
                [0.0, 0.952114, 0.305743, -0.0, 0.0, -0.305743, 0.952114, 0.4, 1.0, 0.0, -0.0, 0.0, 0.0, 0.0, 0.0, 1.0],
                [0.0, 0.952114, 0.305743, -0.0, 0.0, -0.305743, 0.952114, 0.4, 1.0, 0.0, -0.0, 0.0, 0.0, 0.0, 0.0, 1.0],
                [0.0, 0.952114, 0.305743, -0.0, 0.0, -0.305743, 0.952114, 0.4, 1.0, 0.0, -0.0, 0.0, 0.0, 0.0, 0.0, 1.0],
                [0.0, 0.952114, 0.305743, -0.0, 0.0, -0.305743, 0.952114, 0.4, 1.0, 0.0, -0.0, 0.0, 0.0, 0.0, 0.0, 1.0],
                [0.0, 0.952114, 0.305743, -0.0, 0.0, -0.305743, 0.952114, 0.4, 1.0, 0.0, -0.0, 0.0, 0.0, 0.0, 0.0, 1.0],
                [0.0, 0.952114, 0.305743, -0.0, 0.0, -0.305743, 0.952114, 0.4, 1.0, 0.0, -0.0, 0.0, 0.0, 0.0, 0.0, 1.0],
                [0.0, 0.952114, 0.305743, -0.0, 0.0, -0.305743, 0.952114, 0.4, 1.0, 0.0, -0.0, 0.0, 0.0, 0.0, 0.0, 1.0]
            ]
        },
        {
            "name": "Arm_R",
            "time": [0.0, 0.0167, 0.0333, 0.05, 0.0667, 0.0833, 0.1, 0.1167, 0.1333, 0.15, 0.1667, 0.1833, 0.2, 0.2167, 0.2333, 0.25, 0.2667, 0.2833, 0.3, 0.3167, 0.3333],
            "transform": [
                [0.375469, 0.763667, -0.525201, -0.0, 0.235801, 0.469307, 0.85097, 0.39386, 0.896338, -0.443355, -0.003863, 0.0, 0.0, 0.0, 0.0, 1.0],
                [0.380004, 0.758154, -0.529905, -0.0, 0.231001, 0.476944, 0.848035, 0.39386, 0.895676, -0.444665, 0.006107, 0.0, 0.0, 0.0, 0.0, 1.0],
                [0.393014, 0.743289, -0.541353, 0.0, 0.216018, 0.497619, 0.840067, 0.39386, 0.893799, -0.447099, 0.035008, -0.0, 0.0, 0.0, 0.0, 1.0],
                [0.412793, 0.718223, -0.560142, 0.0, 0.189947, 0.533579, 0.824144, 0.39386, 0.890798, -0.446598, 0.083834, 0.0, 0.0, 0.0, 0.0, 1.0],
                [0.436708, 0.672263, -0.597787, -0.0, 0.151962, 0.599825, 0.785569, 0.393861, 0.886676, -0.433905, 0.15979, -0.0, 0.0, 0.0, 0.0, 1.0],
                [0.461606, 0.563571, -0.68506, -0.0, 0.101097, 0.733807, 0.671794, 0.393861, 0.881305, -0.379362, 0.281754, -0.0, 0.0, 0.0, 0.0, 1.0],
                [0.484195, 0.642003, -0.594464, -0.0, 0.035309, 0.664527, 0.74643, 0.39386, 0.874247, -0.382407, 0.299092, 0.0, 0.0, 0.0, 0.0, 1.0],
                [0.365494, 0.636223, -0.679437, 0.0, 0.24955, 0.636241, 0.730016, 0.39386, 0.896738, -0.43637, 0.073772, 0.0, 0.0, 0.0, 0.0, 1.0],
                [0.107336, -0.369181, -0.923139, 0.0, 0.289546, 0.899863, -0.326207, 0.393861, 0.951127, -0.232277, 0.203482, -0.0, 0.0, 0.0, 0.0, 1.0],
                [-0.258816, -0.771483, -0.58123, -0.0, 0.073487, 0.584262, -0.808231, 0.39386, 0.963127, -0.251897, -0.094523, -0.0, 0.0, 0.0, 0.0, 1.0],
                [-0.244457, -0.958267, -0.148214, -0.0, 0.066151, 0.136014, -0.988496, 0.39386, 0.967401, -0.251449, 0.03014, 0.0, 0.0, 0.0, 0.0, 1.0],
                [-0.358861, -0.93263, -0.03769, 0.0, 0.238196, -0.052463, -0.9698, 0.393861, 0.902486, -0.357001, 0.240975, -0.0, 0.0, 0.0, 0.0, 1.0],
                [-0.473962, -0.842818, 0.254988, -0.0, 0.249576, -0.406286, -0.879002, 0.39386, 0.844436, -0.352974, 0.402911, -0.0, 0.0, 0.0, 0.0, 1.0],
                [-0.473962, -0.842818, 0.254988, -0.0, 0.249576, -0.406286, -0.879002, 0.39386, 0.844436, -0.352974, 0.402911, -0.0, 0.0, 0.0, 0.0, 1.0],
                [-0.473962, -0.842817, 0.25499, 0.0, 0.249577, -0.406287, -0.879001, 0.39386, 0.844435, -0.352974, 0.402912, -0.0, 0.0, 0.0, 0.0, 1.0],
                [-0.473962, -0.842818, 0.254988, -0.0, 0.249576, -0.406286, -0.879002, 0.39386, 0.844436, -0.352974, 0.402911, -0.0, 0.0, 0.0, 0.0, 1.0],
                [-0.473962, -0.842818, 0.254988, -0.0, 0.249576, -0.406286, -0.879002, 0.39386, 0.844436, -0.352974, 0.402911, -0.0, 0.0, 0.0, 0.0, 1.0],
                [-0.473962, -0.842818, 0.254988, -0.0, 0.249576, -0.406286, -0.879002, 0.39386, 0.844436, -0.352974, 0.402911, -0.0, 0.0, 0.0, 0.0, 1.0],
                [-0.473962, -0.842818, 0.254987, -0.0, 0.249577, -0.406285, -0.879002, 0.39386, 0.844435, -0.352975, 0.402911, 0.0, 0.0, 0.0, 0.0, 1.0],
                [-0.473962, -0.842817, 0.254991, -0.0, 0.249577, -0.406289, -0.879, 0.393861, 0.844436, -0.352973, 0.402913, 0.0, 0.0, 0.0, 0.0, 1.0],
                [-0.473962, -0.842818, 0.254988, -0.0, 0.249576, -0.406286, -0.879002, 0.39386, 0.844436, -0.352974, 0.402911, -0.0, 0.0, 0.0, 0.0, 1.0]
            ]
        },
        {
            "name": "Hand_R",
            "time": [0.0, 0.0167, 0.0333, 0.05, 0.0667, 0.0833, 0.1, 0.1167, 0.1333, 0.15, 0.1667, 0.1833, 0.2, 0.2167, 0.2333, 0.25, 0.2667, 0.2833, 0.3, 0.3167, 0.3333],
            "transform": [
                [1.0, -4e-06, 3e-06, -0.0, 4e-06, 0.259687, -0.965693, 0.300003, 3e-06, 0.965693, 0.259687, 0.0, 0.0, 0.0, 0.0, 1.0],
                [1.0, -3e-06, 3e-06, 0.0, 4e-06, 0.30674, -0.951794, 0.300002, 3e-06, 0.951793, 0.30674, 0.0, 0.0, 0.0, 0.0, 1.0],
                [1.0, -3e-06, 2e-06, 0.0, 3e-06, 0.433079, -0.901356, 0.300003, 2e-06, 0.901356, 0.433079, 0.0, 0.0, 0.0, 0.0, 1.0],
                [1.0, -3e-06, 1e-06, -0.0, 3e-06, 0.618669, -0.785652, 0.300003, 1e-06, 0.785652, 0.618669, -0.0, 0.0, 0.0, 0.0, 1.0],
                [1.0, -2e-06, 1e-06, 0.0, 2e-06, 0.841898, -0.539637, 0.300003, 1e-06, 0.539638, 0.841898, -0.0, 0.0, 0.0, 0.0, 1.0],
                [1.0, -0.0, 0.0, 0.0, 0.0, 1.0, -0.000993, 0.300003, -0.0, 0.000993, 1.0, 0.0, 0.0, 0.0, 0.0, 1.0],
                [1.0, 0.0, 0.0, -0.0, -0.0, 1.0, -0.000995, 0.300003, -0.0, 0.000995, 0.999999, 0.0, 0.0, 0.0, 0.0, 1.0],
                [1.0, -3e-06, 1e-06, 0.0, 3e-06, 0.699699, -0.714438, 0.300003, 1e-06, 0.714438, 0.699699, -0.0, 0.0, 0.0, 0.0, 1.0],
                [1.0, 0.0, 0.0, -0.0, -0.0, 1.0, -0.000992, 0.300003, -0.0, 0.000992, 0.999999, 0.0, 0.0, 0.0, 0.0, 1.0],
                [1.0, -1e-06, 0.0, 0.0, 1e-06, 0.966622, -0.256207, 0.300003, 0.0, 0.256207, 0.966622, 0.0, 0.0, 0.0, 0.0, 1.0],
                [1.0, -0.0, -0.0, 0.0, 0.0, 1.0, -0.000993, 0.300003, -0.0, 0.000993, 0.999999, -0.0, 0.0, 0.0, 0.0, 1.0],
                [1.0, -1e-06, 0.0, -0.0, 2e-06, 0.914003, -0.405708, 0.300003, 0.0, 0.405708, 0.914003, -0.0, 0.0, 0.0, 0.0, 1.0],
                [1.0, -0.0, 0.0, 0.0, 0.0, 0.994445, -0.105265, 0.300003, 0.0, 0.105265, 0.994445, 0.0, 0.0, 0.0, 0.0, 1.0],
                [1.0, -0.0, 0.0, 0.0, 0.0, 0.994445, -0.105265, 0.300003, 0.0, 0.105265, 0.994445, 0.0, 0.0, 0.0, 0.0, 1.0],
                [1.0, -0.0, 0.0, 0.0, 0.0, 0.994445, -0.105261, 0.300003, -0.0, 0.105261, 0.994445, 0.0, 0.0, 0.0, 0.0, 1.0],
                [1.0, -0.0, 0.0, 0.0, 0.0, 0.994445, -0.105265, 0.300003, 0.0, 0.105265, 0.994445, 0.0, 0.0, 0.0, 0.0, 1.0],
                [1.0, -0.0, 0.0, 0.0, 0.0, 0.994445, -0.105265, 0.300003, 0.0, 0.105265, 0.994445, 0.0, 0.0, 0.0, 0.0, 1.0],
                [1.0, -0.0, 0.0, 0.0, 0.0, 0.994445, -0.105265, 0.300003, 0.0, 0.105265, 0.994445, 0.0, 0.0, 0.0, 0.0, 1.0],
                [1.0, -0.0, 0.0, 0.0, 0.0, 0.994444, -0.105268, 0.300002, -0.0, 0.105268, 0.994444, 0.0, 0.0, 0.0, 0.0, 1.0],
                [1.0, -0.0, 0.0, 0.0, 0.0, 0.994445, -0.105257, 0.300003, 0.0, 0.105257, 0.994445, 0.0, 0.0, 0.0, 0.0, 1.0],
                [1.0, -0.0, 0.0, 0.0, 0.0, 0.994445, -0.105265, 0.300003, 0.0, 0.105265, 0.994445, 0.0, 0.0, 0.0, 0.0, 1.0]
            ]
        },
        {
            "name": "Tool_R",
            "time": [0.0, 0.0167, 0.0333, 0.05, 0.0667, 0.0833, 0.1, 0.1167, 0.1333, 0.15, 0.1667, 0.1833, 0.2, 0.2167, 0.2333, 0.25, 0.2667, 0.2833, 0.3, 0.3167, 0.3333],
            "transform": [
                [-0.948655, 0.239435, -0.206703, -0.045532, 0.269151, 0.267726, -0.925139, 0.232583, -0.166171, -0.933271, -0.318423, -0.067931, 0.0, 0.0, 0.0, 1.0],
                [-0.948655, 0.239435, -0.206703, -0.045532, 0.269151, 0.267726, -0.925139, 0.232583, -0.166171, -0.933271, -0.318423, -0.067931, 0.0, 0.0, 0.0, 1.0],
                [-0.948655, 0.239435, -0.206703, -0.045532, 0.269151, 0.267726, -0.925139, 0.232583, -0.166171, -0.933271, -0.318423, -0.067931, 0.0, 0.0, 0.0, 1.0],
                [-0.948655, 0.239435, -0.206703, -0.045532, 0.269151, 0.267726, -0.925138, 0.232583, -0.166171, -0.933271, -0.318423, -0.067931, 0.0, 0.0, 0.0, 1.0],
                [-0.948655, 0.239435, -0.206703, -0.045532, 0.269151, 0.267726, -0.925138, 0.232583, -0.166171, -0.933271, -0.318423, -0.067931, 0.0, 0.0, 0.0, 1.0],
                [-0.948655, 0.239435, -0.206703, -0.045532, 0.269151, 0.267726, -0.925139, 0.232583, -0.166171, -0.933271, -0.318423, -0.067931, 0.0, 0.0, 0.0, 1.0],
                [-0.948655, 0.239435, -0.206703, -0.045532, 0.269151, 0.267726, -0.925138, 0.232583, -0.166171, -0.933271, -0.318423, -0.067931, 0.0, 0.0, 0.0, 1.0],
                [-0.948654, 0.239435, -0.206703, -0.045532, 0.269151, 0.267726, -0.925138, 0.232583, -0.166171, -0.933271, -0.318423, -0.067931, 0.0, 0.0, 0.0, 1.0],
                [-0.948655, 0.239435, -0.206703, -0.045532, 0.269151, 0.267726, -0.925139, 0.232583, -0.166171, -0.933271, -0.318423, -0.067931, 0.0, 0.0, 0.0, 1.0],
                [-0.948655, 0.239435, -0.206703, -0.045532, 0.269151, 0.267725, -0.925138, 0.232583, -0.166171, -0.933271, -0.318423, -0.067931, 0.0, 0.0, 0.0, 1.0],
                [-0.948654, 0.239435, -0.206703, -0.045532, 0.269151, 0.267726, -0.925139, 0.232583, -0.166171, -0.933271, -0.318423, -0.067931, 0.0, 0.0, 0.0, 1.0],
                [-0.948655, 0.239435, -0.206703, -0.045532, 0.269151, 0.267726, -0.925139, 0.232583, -0.166171, -0.933271, -0.318423, -0.067931, 0.0, 0.0, 0.0, 1.0],
                [-0.948655, 0.239435, -0.206703, -0.045532, 0.269151, 0.267726, -0.925138, 0.232583, -0.166171, -0.933271, -0.318423, -0.067931, 0.0, 0.0, 0.0, 1.0],
                [-0.948655, 0.239435, -0.206703, -0.045532, 0.269151, 0.267726, -0.925138, 0.232583, -0.166171, -0.933271, -0.318423, -0.067931, 0.0, 0.0, 0.0, 1.0],
                [-0.948655, 0.239435, -0.206703, -0.045532, 0.269151, 0.267726, -0.925138, 0.232583, -0.166171, -0.933271, -0.318423, -0.067931, 0.0, 0.0, 0.0, 1.0],
                [-0.948655, 0.239435, -0.206703, -0.045532, 0.269151, 0.267726, -0.925138, 0.232583, -0.166171, -0.933271, -0.318423, -0.067931, 0.0, 0.0, 0.0, 1.0],
                [-0.948655, 0.239435, -0.206703, -0.045532, 0.269151, 0.267726, -0.925138, 0.232583, -0.166171, -0.933271, -0.318423, -0.067931, 0.0, 0.0, 0.0, 1.0],
                [-0.948655, 0.239435, -0.206703, -0.045532, 0.269151, 0.267726, -0.925138, 0.232583, -0.166171, -0.933271, -0.318423, -0.067931, 0.0, 0.0, 0.0, 1.0],
                [-0.948655, 0.239435, -0.206703, -0.045532, 0.269151, 0.267726, -0.925139, 0.232583, -0.166171, -0.933271, -0.318423, -0.067931, 0.0, 0.0, 0.0, 1.0],
                [-0.948655, 0.239435, -0.206703, -0.045532, 0.269151, 0.267726, -0.925138, 0.232583, -0.166171, -0.933271, -0.318423, -0.067931, 0.0, 0.0, 0.0, 1.0],
                [-0.948655, 0.239435, -0.206703, -0.045532, 0.269151, 0.267726, -0.925138, 0.232583, -0.166171, -0.933271, -0.318423, -0.067931, 0.0, 0.0, 0.0, 1.0]
            ]
        },
        {
            "name": "Elbow_R",
            "time": [0.0, 0.3333],
            "transform": [
                [-1.0, 0.0, 0.0, 0.0, -0.0, 0.003946, -0.999992, 0.42178, -0.0, -0.999993, -0.003946, -0.000772, 0.0, 0.0, 0.0, 1.0],
                [-1.0, 0.0, -0.0, 0.0, 0.0, 0.003946, -0.999992, 0.309081, -0.0, -0.999992, -0.003946, -0.001217, 0.0, 0.0, 0.0, 1.0]
            ]
        },
        {
            "name": "Shoulder_L",
            "time": [0.0, 0.0167, 0.0333, 0.05, 0.0667, 0.0833, 0.1, 0.1167, 0.1333, 0.15, 0.1667, 0.1833, 0.2, 0.2167, 0.2333, 0.25, 0.2667, 0.2833, 0.3, 0.3167, 0.3333],
            "transform": [
                [-0.0, -0.952114, -0.305743, -0.0, 0.0, -0.305743, 0.952114, 0.4, -1.0, -0.0, 0.0, 0.0, 0.0, 0.0, 0.0, 1.0],
                [-0.0, -0.952114, -0.305743, -0.0, 0.0, -0.305743, 0.952114, 0.4, -1.0, -0.0, 0.0, -0.0, 0.0, 0.0, 0.0, 1.0],
                [-0.0, -0.952114, -0.305743, 0.0, 0.0, -0.305743, 0.952114, 0.4, -1.0, 0.0, 0.0, 0.0, 0.0, 0.0, 0.0, 1.0],
                [-0.0, -0.952114, -0.305743, -0.0, 0.0, -0.305743, 0.952114, 0.4, -1.0, 0.0, 0.0, -0.0, 0.0, 0.0, 0.0, 1.0],
                [-0.0, -0.952114, -0.305743, -0.0, 0.0, -0.305743, 0.952114, 0.4, -1.0, 0.0, 0.0, -0.0, 0.0, 0.0, 0.0, 1.0],
                [-0.0, -0.952114, -0.305743, -0.0, 0.0, -0.305743, 0.952114, 0.4, -1.0, 0.0, 0.0, -0.0, 0.0, 0.0, 0.0, 1.0],
                [0.0, -0.952114, -0.305743, -0.0, 0.0, -0.305743, 0.952114, 0.4, -1.0, 0.0, 0.0, 0.0, 0.0, 0.0, 0.0, 1.0],
                [-0.0, -0.952114, -0.305743, 0.0, 0.0, -0.305743, 0.952114, 0.4, -1.0, 0.0, 0.0, 0.0, 0.0, 0.0, 0.0, 1.0],
                [0.0, -0.952114, -0.305743, 0.0, 0.0, -0.305743, 0.952114, 0.4, -1.0, 0.0, 0.0, 0.0, 0.0, 0.0, 0.0, 1.0],
                [0.0, -0.952114, -0.305743, -0.0, 0.0, -0.305743, 0.952114, 0.4, -1.0, 0.0, 0.0, 0.0, 0.0, 0.0, 0.0, 1.0],
                [0.0, -0.952114, -0.305743, -0.0, 0.0, -0.305743, 0.952114, 0.4, -1.0, -0.0, 0.0, -0.0, 0.0, 0.0, 0.0, 1.0],
                [0.0, -0.952114, -0.305743, -0.0, 0.0, -0.305743, 0.952114, 0.4, -1.0, -0.0, 0.0, 0.0, 0.0, 0.0, 0.0, 1.0],
                [0.0, -0.952114, -0.305743, -0.0, 0.0, -0.305743, 0.952114, 0.4, -1.0, -0.0, 0.0, 0.0, 0.0, 0.0, 0.0, 1.0],
