{
    "animation": [
        {
            "name": "Root",
            "time": [0.0, 0.0167, 0.0333, 0.05, 0.0667, 0.0833, 0.1, 0.1167, 0.1333, 0.15, 0.1667, 0.1833, 0.2, 0.2167, 0.2333, 0.25, 0.2667, 0.2833, 0.3, 0.3167, 0.3333, 0.35, 0.3667],
            "transform": [
                [1.0, 0.0, 0.0, -5e-06, 0.0, 0.0, -1.0, 0.000946, 0.0, 1.0, 0.0, 0.763972, 0.0, 0.0, 0.0, 1.0],
                [1.0, 0.0, 0.0, -5e-06, 0.0, 0.0, -1.0, 0.039725, 0.0, 1.0, 0.0, 0.763972, 0.0, 0.0, 0.0, 1.0],
                [1.0, 0.0, 0.0, -5e-06, 0.0, 0.0, -1.0, 0.146291, 0.0, 1.0, 0.0, 0.763972, 0.0, 0.0, 0.0, 1.0],
                [1.0, 0.0, 0.0, -5e-06, 0.0, 0.0, -1.0, 0.305987, 0.0, 1.0, 0.0, 0.763972, 0.0, 0.0, 0.0, 1.0],
                [1.0, 0.0, 0.0, -5e-06, 0.0, 0.0, -1.0, 0.504158, 0.0, 1.0, 0.0, 0.763972, 0.0, 0.0, 0.0, 1.0],
                [1.0, 0.0, 0.0, -5e-06, 0.0, 0.0, -1.0, 0.726146, 0.0, 1.0, 0.0, 0.763972, 0.0, 0.0, 0.0, 1.0],
                [1.0, 0.0, 0.0, -5e-06, 0.0, 0.0, -1.0, 0.957296, 0.0, 1.0, 0.0, 0.763972, 0.0, 0.0, 0.0, 1.0],
                [1.0, 0.0, 0.0, -5e-06, 0.0, 0.0, -1.0, 1.18295, 0.0, 1.0, 0.0, 0.763972, 0.0, 0.0, 0.0, 1.0],
                [1.0, 0.0, 0.0, -5e-06, 0.0, 0.0, -1.0, 1.3906, 0.0, 1.0, 0.0, 0.763972, 0.0, 0.0, 0.0, 1.0],
                [1.0, 0.0, 0.0, -5e-06, 0.0, 0.0, -1.0, 1.576324, 0.0, 1.0, 0.0, 0.763972, 0.0, 0.0, 0.0, 1.0],
                [1.0, 0.0, 0.0, -5e-06, 0.0, 0.0, -1.0, 1.738345, 0.0, 1.0, 0.0, 0.763972, 0.0, 0.0, 0.0, 1.0],
                [1.0, 0.0, 0.0, -5e-06, 0.0, 0.0, -1.0, 1.874889, 0.0, 1.0, 0.0, 0.763972, 0.0, 0.0, 0.0, 1.0],
                [1.0, 0.0, 0.0, -5e-06, 0.0, 0.0, -1.0, 1.98418, 0.0, 1.0, 0.0, 0.763972, 0.0, 0.0, 0.0, 1.0],
                [1.0, 0.0, 0.0, -5e-06, 0.0, 0.0, -1.0, 2.064444, 0.0, 1.0, 0.0, 0.763972, 0.0, 0.0, 0.0, 1.0],
                [1.0, 0.0, 0.0, -5e-06, 0.0, 0.0, -1.0, 2.113904, 0.0, 1.0, 0.0, 0.763972, 0.0, 0.0, 0.0, 1.0],
                [1.0, 0.0, 0.0, -5e-06, 0.0, 0.0, -1.0, 2.130785, 0.0, 1.0, 0.0, 0.763972, 0.0, 0.0, 0.0, 1.0],
                [1.0, 0.0, 0.0, -5e-06, 0.0, 0.0, -1.0, 2.130785, 0.0, 1.0, 0.0, 0.763972, 0.0, 0.0, 0.0, 1.0],
                [1.0, 0.0, 0.0, -5e-06, 0.0, 0.0, -1.0, 2.130785, 0.0, 1.0, 0.0, 0.763972, 0.0, 0.0, 0.0, 1.0],
                [1.0, 0.0, 0.0, -5e-06, 0.0, 0.0, -1.0, 2.130785, 0.0, 1.0, 0.0, 0.763972, 0.0, 0.0, 0.0, 1.0],
                [1.0, 0.0, 0.0, -5e-06, 0.0, 0.0, -1.0, 2.130785, 0.0, 1.0, 0.0, 0.763972, 0.0, 0.0, 0.0, 1.0],
                [1.0, 0.0, 0.0, -5e-06, 0.0, 0.0, -1.0, 2.130785, 0.0, 1.0, 0.0, 0.763972, 0.0, 0.0, 0.0, 1.0],
                [1.0, 0.0, 0.0, -5e-06, 0.0, 0.0, -1.0, 2.130785, 0.0, 1.0, 0.0, 0.763972, 0.0, 0.0, 0.0, 1.0],
                [1.0, 0.0, 0.0, -5e-06, 0.0, 0.0, -1.0, 2.130785, 0.0, 1.0, 0.0, 0.763972, 0.0, 0.0, 0.0, 1.0]
            ]
        },
        {
            "name": "Thigh_R",
            "time": [0.0, 0.0167, 0.0333, 0.05, 0.0667, 0.0833, 0.1, 0.1167, 0.1333, 0.15, 0.1667, 0.1833, 0.2, 0.2167, 0.2333, 0.25, 0.2667, 0.2833, 0.3, 0.3167, 0.3333, 0.35, 0.3667],
            "transform": [
                [0.999949, 0.007666, -0.006602, 0.124994, 0.006418, -0.98511, -0.171808, -0.002831, -0.00782, 0.171757, -0.985109, -1.2e-05, 0.0, 0.0, 0.0, 1.0],
                [0.999956, 0.00695, -0.006381, 0.124994, 0.006321, -0.995575, -0.093764, -0.002831, -0.007005, 0.09372, -0.995574, -0.001758, 0.0, 0.0, 0.0, 1.0],
                [0.999969, 0.005612, -0.005533, 0.124994, 0.005877, -0.998779, 0.049056, -0.002831, -0.005251, -0.049087, -0.998781, -0.006673, 0.0, 0.0, 0.0, 1.0],
                [0.999982, 0.004105, -0.004358, 0.124994, 0.004904, -0.979177, 0.20295, -0.002831, -0.003434, -0.202968, -0.979179, -0.014269, 0.0, 0.0, 0.0, 1.0],
                [0.999992, 0.002571, -0.003043, 0.124994, 0.003476, -0.936389, 0.350948, -0.002831, -0.001947, -0.350956, -0.93639, -0.024057, 0.0, 0.0, 0.0, 1.0],
                [0.999998, 0.001227, -0.001675, 0.124994, 0.001881, -0.876837, 0.480784, -0.002831, -0.000879, -0.480786, -0.876837, -0.035552, 0.0, 0.0, 0.0, 1.0],
                [1.0, 0.000313, -0.000505, 0.124994, 0.000549, -0.812832, 0.582498, -0.002831, -0.000229, -0.582499, -0.812832, -0.048265, 0.0, 0.0, 0.0, 1.0],
                [1.0, -1.1e-05, 4e-06, 0.124994, -1.1e-05, -0.761164, 0.648561, -0.002831, -5e-06, -0.64856, -0.761163, -0.06171, 0.0, 0.0, 0.0, 1.0],
                [1.0, -1.1e-05, 3e-06, 0.124994, -1e-05, -0.730594, 0.682813, -0.002831, -5e-06, -0.682813, -0.730594, -0.075398, 0.0, 0.0, 0.0, 1.0],
                [1.0, -1e-05, 3e-06, 0.124994, -9e-06, -0.717009, 0.697065, -0.002831, -5e-06, -0.697064, -0.717009, -0.088842, 0.0, 0.0, 0.0, 1.0],
                [1.0, -9e-06, 2e-06, 0.124994, -9e-06, -0.717678, 0.696375, -0.002831, -5e-06, -0.696375, -0.717678, -0.101555, 0.0, 0.0, 0.0, 1.0],
                [1.0, -9e-06, 2e-06, 0.124994, -8e-06, -0.728653, 0.684883, -0.002831, -4e-06, -0.684883, -0.728653, -0.11305, 0.0, 0.0, 0.0, 1.0],
                [1.0, -8e-06, 2e-06, 0.124994, -7e-06, -0.745657, 0.666331, -0.002831, -4e-06, -0.666331, -0.745657, -0.122839, 0.0, 0.0, 0.0, 1.0],
                [1.0, -7e-06, 1e-06, 0.124994, -6e-06, -0.763963, 0.645261, -0.002831, -3e-06, -0.645261, -0.763962, -0.130434, 0.0, 0.0, 0.0, 1.0],
                [1.0, -6e-06, 1e-06, 0.124994, -6e-06, -0.778549, 0.627585, -0.002831, -3e-06, -0.627585, -0.778548, -0.135349, 0.0, 0.0, 0.0, 1.0],
                [1.0, -6e-06, 1e-06, 0.124994, -6e-06, -0.784374, 0.620288, -0.002831, -3e-06, -0.620288, -0.784374, -0.137095, 0.0, 0.0, 0.0, 1.0],
                [1.0, -6e-06, 1e-06, 0.124994, -6e-06, -0.784374, 0.620288, -0.002831, -3e-06, -0.620288, -0.784374, -0.137095, 0.0, 0.0, 0.0, 1.0],
                [1.0, -6e-06, 1e-06, 0.124994, -6e-06, -0.784375, 0.620288, -0.002831, -3e-06, -0.620288, -0.784374, -0.137095, 0.0, 0.0, 0.0, 1.0],
                [1.0, -6e-06, 1e-06, 0.124994, -6e-06, -0.784375, 0.620288, -0.002831, -3e-06, -0.620288, -0.784374, -0.137095, 0.0, 0.0, 0.0, 1.0],
                [1.0, -6e-06, 1e-06, 0.124994, -6e-06, -0.784375, 0.620288, -0.002831, -3e-06, -0.620288, -0.784374, -0.137095, 0.0, 0.0, 0.0, 1.0],
                [1.0, -6e-06, 1e-06, 0.124994, -6e-06, -0.784375, 0.620288, -0.002831, -3e-06, -0.620288, -0.784374, -0.137095, 0.0, 0.0, 0.0, 1.0],
                [1.0, -6e-06, 1e-06, 0.124994, -6e-06, -0.784375, 0.620288, -0.002831, -3e-06, -0.620288, -0.784374, -0.137095, 0.0, 0.0, 0.0, 1.0],
                [1.0, -6e-06, 1e-06, 0.124994, -6e-06, -0.784375, 0.620288, -0.002831, -3e-06, -0.620288, -0.784374, -0.137095, 0.0, 0.0, 0.0, 1.0]
            ]
        },
        {
            "name": "Leg_R",
            "time": [0.0, 0.0167, 0.0333, 0.05, 0.0667, 0.0833, 0.1, 0.1167, 0.1333, 0.15, 0.1667, 0.1833, 0.2, 0.2167, 0.2333, 0.25, 0.2667, 0.2833, 0.3, 0.3167, 0.3333, 0.35, 0.3667],
            "transform": [
                [1.0, 5e-06, 1e-06, 0.0, -5e-06, 0.972477, 0.232998, 0.374726, -0.0, -0.232998, 0.972477, 0.0, 0.0, 0.0, 0.0, 1.0],
                [1.0, 8e-06, 2e-06, -0.0, -8e-06, 0.932758, 0.360503, 0.374726, 1e-06, -0.360504, 0.932758, -0.0, 0.0, 0.0, 0.0, 1.0],
                [1.0, 1.2e-05, 4e-06, -0.0, -1.2e-05, 0.832686, 0.553746, 0.374726, 3e-06, -0.553745, 0.832686, -0.0, 0.0, 0.0, 0.0, 1.0],
                [1.0, 1.5e-05, 7e-06, -0.0, -1.5e-05, 0.704195, 0.710006, 0.374726, 6e-06, -0.710006, 0.704196, -0.0, 0.0, 0.0, 0.0, 1.0],
                [1.0, 1.7e-05, 1e-05, -0.0, -1.8e-05, 0.577886, 0.816117, 0.374726, 8e-06, -0.816118, 0.577886, -0.0, 0.0, 0.0, 0.0, 1.0],
                [1.0, 1.8e-05, 1.2e-05, 0.0, -1.9e-05, 0.479404, 0.877594, 0.374726, 1.1e-05, -0.877594, 0.479405, 0.0, 0.0, 0.0, 0.0, 1.0],
                [1.0, 1.9e-05, 1.3e-05, 0.0, -2e-05, 0.426324, 0.90457, 0.374726, 1.2e-05, -0.90457, 0.426324, -0.0, 0.0, 0.0, 0.0, 1.0],
                [1.0, 1.9e-05, 1.3e-05, 0.0, -2e-05, 0.428943, 0.903331, 0.374726, 1.2e-05, -0.903331, 0.428943, 0.0, 0.0, 0.0, 0.0, 1.0],
                [1.0, 1.8e-05, 1.2e-05, 0.0, -1.9e-05, 0.473864, 0.880597, 0.374726, 1.1e-05, -0.880598, 0.473864, -0.0, 0.0, 0.0, 0.0, 1.0],
                [1.0, 1.8e-05, 1e-05, 0.0, -1.8e-05, 0.536712, 0.843765, 0.374726, 9e-06, -0.843765, 0.536712, -0.0, 0.0, 0.0, 0.0, 1.0],
                [1.0, 1.7e-05, 9e-06, -0.0, -1.7e-05, 0.608023, 0.79392, 0.374726, 8e-06, -0.793919, 0.608023, -0.0, 0.0, 0.0, 0.0, 1.0],
                [1.0, 1.5e-05, 7e-06, 0.0, -1.6e-05, 0.67953, 0.733648, 0.374726, 6e-06, -0.733648, 0.67953, -0.0, 0.0, 0.0, 0.0, 1.0],
                [1.0, 1.4e-05, 6e-06, 0.0, -1.4e-05, 0.744494, 0.667629, 0.374726, 5e-06, -0.667628, 0.744495, 0.0, 0.0, 0.0, 0.0, 1.0],
                [1.0, 1.3e-05, 5e-06, -0.0, -1.3e-05, 0.796882, 0.604134, 0.374726, 4e-06, -0.604134, 0.796882, -0.0, 0.0, 0.0, 0.0, 1.0],
                [1.0, 1.2e-05, 4e-06, 0.0, -1.2e-05, 0.831537, 0.55547, 0.374726, 3e-06, -0.555469, 0.831537, -0.0, 0.0, 0.0, 0.0, 1.0],
                [1.0, 1.1e-05, 4e-06, -0.0, -1.2e-05, 0.843965, 0.536398, 0.374726, 3e-06, -0.536398, 0.843966, -0.0, 0.0, 0.0, 0.0, 1.0],
                [1.0, 1.1e-05, 4e-06, -0.0, -1.2e-05, 0.843965, 0.536398, 0.374726, 3e-06, -0.536398, 0.843966, -0.0, 0.0, 0.0, 0.0, 1.0],
                [1.0, 1.1e-05, 4e-06, -0.0, -1.2e-05, 0.843965, 0.536397, 0.374726, 3e-06, -0.536397, 0.843966, -0.0, 0.0, 0.0, 0.0, 1.0],
                [1.0, 1.1e-05, 4e-06, -0.0, -1.2e-05, 0.843965, 0.536397, 0.374726, 3e-06, -0.536397, 0.843966, -0.0, 0.0, 0.0, 0.0, 1.0],
                [1.0, 1.1e-05, 4e-06, -0.0, -1.2e-05, 0.843965, 0.536397, 0.374726, 3e-06, -0.536397, 0.843966, -0.0, 0.0, 0.0, 0.0, 1.0],
                [1.0, 1.1e-05, 4e-06, -0.0, -1.2e-05, 0.843965, 0.536397, 0.374726, 3e-06, -0.536397, 0.843966, -0.0, 0.0, 0.0, 0.0, 1.0],
                [1.0, 1.1e-05, 4e-06, -0.0, -1.2e-05, 0.843965, 0.536397, 0.374726, 3e-06, -0.536397, 0.843966, -0.0, 0.0, 0.0, 0.0, 1.0],
                [1.0, 1.1e-05, 4e-06, -0.0, -1.2e-05, 0.843965, 0.536397, 0.374726, 3e-06, -0.536397, 0.843966, -0.0, 0.0, 0.0, 0.0, 1.0]
            ]
        },
        {
            "name": "Knee_R",
            "time": [0.0, 0.3667],
            "transform": [
                [1.0, 0.0, -0.0, -0.0, -0.0, 0.00567, -0.999984, 0.374726, -0.0, 0.999984, 0.00567, 0.0, 0.0, 0.0, 0.0, 1.0],
                [1.0, 0.0, -0.0, -0.0, -0.0, 0.00567, -0.999984, 0.378006, -0.0, 0.999984, 0.00567, -1.9e-05, 0.0, 0.0, 0.0, 1.0]
            ]
        },
        {
            "name": "Thigh_L",
            "time": [0.0, 0.0167, 0.0333, 0.05, 0.0667, 0.0833, 0.1, 0.1167, 0.1333, 0.15, 0.1667, 0.1833, 0.2, 0.2167, 0.2333, 0.25, 0.2667, 0.2833, 0.3, 0.3167, 0.3333, 0.35, 0.3667],
            "transform": [
                [0.99696, 0.009628, 0.077323, -0.125006, -0.065205, -0.440192, 0.895533, -0.002831, 0.042659, -0.897853, -0.438226, -1.2e-05, 0.0, 0.0, 0.0, 1.0],
                [0.997133, 0.006926, 0.075346, -0.124699, -0.063271, -0.469778, 0.880515, -0.003214, 0.041494, -0.882758, -0.467993, 0.001617, 0.0, 0.0, 0.0, 1.0],
                [0.997522, 6e-05, 0.070359, -0.123835, -0.058833, -0.547744, 0.834575, -0.004292, 0.038589, -0.836646, -0.546383, 0.006202, 0.0, 0.0, 0.0, 1.0],
                [0.997938, -0.009115, 0.063529, -0.1225, -0.053928, -0.655766, 0.753036, -0.005958, 0.034797, -0.754909, -0.654906, 0.013287, 0.0, 0.0, 0.0, 1.0],
                [0.998282, -0.019125, 0.055389, -0.12078, -0.049938, -0.772195, 0.633421, -0.008106, 0.030657, -0.635099, -0.771823, 0.022419, 0.0, 0.0, 0.0, 1.0],
                [0.998519, -0.028915, 0.046075, -0.11876, -0.047552, -0.875317, 0.481206, -0.010628, 0.026416, -0.482685, -0.875396, 0.033141, 0.0, 0.0, 0.0, 1.0],
                [0.998646, -0.037743, 0.035799, -0.116525, -0.047038, -0.949063, 0.311556, -0.013417, 0.022217, -0.312817, -0.949553, 0.045001, 0.0, 0.0, 0.0, 1.0],
                [0.998657, -0.045127, 0.02544, -0.114162, -0.048472, -0.987267, 0.151508, -0.016366, 0.018279, -0.152537, -0.988129, 0.057542, 0.0, 0.0, 0.0, 1.0],
                [0.998291, -0.05763, -0.009722, -0.111756, -0.057463, -0.998209, 0.016669, -0.019369, -0.010665, -0.016082, -0.999814, 0.070311, 0.0, 0.0, 0.0, 1.0],
                [0.993821, -0.071825, -0.084619, -0.109394, -0.080404, -0.991451, -0.102767, -0.022319, -0.076515, 0.108936, -0.9911, 0.082852, 0.0, 0.0, 0.0, 1.0],
                [0.980823, -0.075396, -0.179724, -0.107159, -0.11295, -0.971393, -0.208897, -0.025108, -0.158833, 0.225191, -0.961281, 0.094712, 0.0, 0.0, 0.0, 1.0],
                [0.95943, -0.054141, -0.276699, -0.105139, -0.147647, -0.932545, -0.329485, -0.027629, -0.240195, 0.356971, -0.902706, 0.105435, 0.0, 0.0, 0.0, 1.0],
                [0.934131, -0.040197, -0.35466, -0.103418, -0.178163, -0.913513, -0.365722, -0.029777, -0.309286, 0.40482, -0.860502, 0.114566, 0.0, 0.0, 0.0, 1.0],
                [0.910705, -0.036804, -0.411415, -0.102083, -0.200982, -0.909649, -0.363517, -0.031443, -0.360864, 0.413744, -0.835819, 0.121651, 0.0, 0.0, 0.0, 1.0],
                [0.894021, -0.03435, -0.446706, -0.10122, -0.214893, -0.907757, -0.360276, -0.032521, -0.393125, 0.418089, -0.818935, 0.126236, 0.0, 0.0, 0.0, 1.0],
                [0.88775, -0.033403, -0.459112, -0.100913, -0.219627, -0.907261, -0.358668, -0.032904, -0.404554, 0.419241, -0.812757, 0.127865, 0.0, 0.0, 0.0, 1.0],
                [0.88775, -0.033403, -0.459112, -0.100913, -0.219627, -0.907261, -0.358668, -0.032904, -0.404554, 0.419241, -0.812757, 0.127865, 0.0, 0.0, 0.0, 1.0],
                [0.88775, -0.033403, -0.459113, -0.100913, -0.219627, -0.907261, -0.358668, -0.032904, -0.404554, 0.419241, -0.812757, 0.127865, 0.0, 0.0, 0.0, 1.0],
                [0.88775, -0.033403, -0.459113, -0.100913, -0.219628, -0.907261, -0.358668, -0.032904, -0.404554, 0.419241, -0.812757, 0.127865, 0.0, 0.0, 0.0, 1.0],
                [0.88775, -0.033403, -0.459113, -0.100913, -0.219628, -0.907261, -0.358668, -0.032904, -0.404554, 0.419241, -0.812757, 0.127865, 0.0, 0.0, 0.0, 1.0],
                [0.88775, -0.033403, -0.459113, -0.100913, -0.219628, -0.907261, -0.358668, -0.032904, -0.404554, 0.419241, -0.812757, 0.127865, 0.0, 0.0, 0.0, 1.0],
                [0.88775, -0.033403, -0.459113, -0.100913, -0.219628, -0.907261, -0.358668, -0.032904, -0.404554, 0.419241, -0.812757, 0.127865, 0.0, 0.0, 0.0, 1.0],
                [0.88775, -0.033403, -0.459113, -0.100913, -0.219628, -0.907261, -0.358668, -0.032904, -0.404554, 0.419241, -0.812757, 0.127865, 0.0, 0.0, 0.0, 1.0]
            ]
        },
        {
            "name": "Leg_L",
            "time": [0.0, 0.0167, 0.0333, 0.05, 0.0667, 0.0833, 0.1, 0.1167, 0.1333, 0.15, 0.1667, 0.1833, 0.2, 0.2167, 0.2333, 0.25, 0.2667, 0.2833, 0.3, 0.3167, 0.3333, 0.35, 0.3667],
            "transform": [
                [1.0, 2.1e-05, 2e-05, -0.0, -2.2e-05, 0.094659, 0.99551, 0.374726, 1.9e-05, -0.99551, 0.094659, -0.0, 0.0, 0.0, 0.0, 1.0],
                [1.0, 2.1e-05, 2e-05, -0.0, -2.2e-05, 0.106393, 0.994323, 0.374726, 1.9e-05, -0.994324, 0.106393, 0.0, 0.0, 0.0, 0.0, 1.0],
                [1.0, 2e-05, 1.8e-05, -0.0, -2.1e-05, 0.143524, 0.989647, 0.374726, 1.8e-05, -0.989647, 0.143524, -0.0, 0.0, 0.0, 0.0, 1.0],
                [1.0, 2.1e-05, 1.7e-05, 0.0, -2.1e-05, 0.213358, 0.976974, 0.374726, 1.6e-05, -0.976974, 0.213359, 0.0, 0.0, 0.0, 0.0, 1.0],
                [1.0, 1.9e-05, 1.5e-05, 0.0, -2e-05, 0.320309, 0.947312, 0.374726, 1.4e-05, -0.947313, 0.320309, -0.0, 0.0, 0.0, 0.0, 1.0],
                [1.0, 1.9e-05, 1.2e-05, 0.0, -1.9e-05, 0.457665, 0.889124, 0.374726, 1.1e-05, -0.889124, 0.457665, -0.0, 0.0, 0.0, 0.0, 1.0],
                [1.0, 1.7e-05, 9e-06, 0.0, -1.8e-05, 0.604421, 0.796666, 0.374726, 8e-06, -0.796666, 0.604421, -0.0, 0.0, 0.0, 0.0, 1.0],
                [1.0, 1.4e-05, 6e-06, -0.0, -1.5e-05, 0.72574, 0.687969, 0.374726, 5e-06, -0.687969, 0.72574, -0.0, 0.0, 0.0, 0.0, 1.0],
                [1.0, 1.2e-05, 4e-06, 0.0, -1.2e-05, 0.816296, 0.577634, 0.374726, 3e-06, -0.577635, 0.816296, -0.0, 0.0, 0.0, 0.0, 1.0],
                [1.0, 9e-06, 3e-06, 0.0, -1e-05, 0.89403, 0.448006, 0.374726, 2e-06, -0.448007, 0.89403, -0.0, 0.0, 0.0, 0.0, 1.0],
                [1.0, 6e-06, 2e-06, -0.0, -7e-06, 0.954636, 0.297775, 0.374726, 0.0, -0.297776, 0.954636, 0.0, 0.0, 0.0, 0.0, 1.0],
                [1.0, 2e-06, 1e-06, 0.0, -2e-06, 0.997215, 0.074586, 0.374726, -0.0, -0.074586, 0.997214, -0.0, 0.0, 0.0, 0.0, 1.0],
                [1.0, 0.0, 1e-06, 0.0, -0.0, 0.999999, 0.00146, 0.374726, -1e-06, -0.00146, 0.999999, 0.0, 0.0, 0.0, 0.0, 1.0],
                [1.0, 0.0, 1e-06, 0.0, -0.0, 0.999999, 0.00146, 0.374726, -1e-06, -0.00146, 0.999999, -0.0, 0.0, 0.0, 0.0, 1.0],
                [1.0, 0.0, 1e-06, -0.0, 0.0, 0.999999, 0.00146, 0.374726, -1e-06, -0.00146, 0.999999, -0.0, 0.0, 0.0, 0.0, 1.0],
                [1.0, 0.0, 1e-06, 0.0, -0.0, 0.999999, 0.001461, 0.374726, -1e-06, -0.00146, 0.999999, 0.0, 0.0, 0.0, 0.0, 1.0],
                [1.0, 0.0, 1e-06, 0.0, -0.0, 0.999999, 0.00146, 0.374726, -1e-06, -0.00146, 0.999999, 0.0, 0.0, 0.0, 0.0, 1.0],
                [1.0, 0.0, 1e-06, 0.0, 0.0, 0.999999, 0.00146, 0.374726, -1e-06, -0.00146, 0.999999, 0.0, 0.0, 0.0, 0.0, 1.0],
                [1.0, 0.0, 1e-06, 0.0, 0.0, 0.999999, 0.00146, 0.374726, -1e-06, -0.00146, 0.999999, 0.0, 0.0, 0.0, 0.0, 1.0],
                [1.0, 0.0, 1e-06, 0.0, 0.0, 0.999999, 0.00146, 0.374726, -1e-06, -0.00146, 0.999999, 0.0, 0.0, 0.0, 0.0, 1.0],
                [1.0, 0.0, 1e-06, 0.0, 0.0, 0.999999, 0.00146, 0.374726, -1e-06, -0.00146, 0.999999, 0.0, 0.0, 0.0, 0.0, 1.0],
                [1.0, 0.0, 1e-06, 0.0, 0.0, 0.999999, 0.00146, 0.374726, -1e-06, -0.00146, 0.999999, 0.0, 0.0, 0.0, 0.0, 1.0],
                [1.0, 0.0, 1e-06, 0.0, 0.0, 0.999999, 0.00146, 0.374726, -1e-06, -0.00146, 0.999999, 0.0, 0.0, 0.0, 0.0, 1.0]
            ]
        },
        {
            "name": "Knee_L",
            "time": [0.0, 0.3667],
            "transform": [
                [1.0, 0.0, -0.0, -0.0, -0.0, 0.00567, -0.999984, 0.473576, -0.0, 0.999984, 0.00567, -0.00056, 0.0, 0.0, 0.0, 1.0],
                [1.0, 0.0, -0.0, 0.0, -0.0, 0.00567, -0.999984, 0.374726, -0.0, 0.999984, 0.00567, -0.0, 0.0, 0.0, 0.0, 1.0]
            ]
        },
        {
            "name": "Torso",
            "time": [0.0, 0.0167, 0.0333, 0.05, 0.0667, 0.0833, 0.1, 0.1167, 0.1333, 0.15, 0.1667, 0.1833, 0.2, 0.2167, 0.2333, 0.25, 0.2667, 0.2833, 0.3, 0.3167, 0.3333, 0.35, 0.3667],
            "transform": [
                [1.0, 0.0, 0.0, 0.0, 0.0, 0.94929, 0.314401, 0.05, 0.0, -0.314401, 0.94929, 0.0, 0.0, 0.0, 0.0, 1.0],
                [0.99994, -0.003446, 0.010405, 0.0, 0.0, 0.94929, 0.314401, 0.05, -0.010961, -0.314382, 0.949233, 0.0, 0.0, 0.0, 0.0, 1.0],
                [0.99912, -0.013184, 0.039806, 0.0, -0.0, 0.94929, 0.314401, 0.05, -0.041932, -0.314125, 0.948455, 0.0, 0.0, 0.0, 0.0, 1.0],
                [0.995934, -0.028324, 0.085521, 0.0, 0.0, 0.94929, 0.314401, 0.05, -0.090089, -0.313123, 0.94543, 0.0, 0.0, 0.0, 0.0, 1.0],
                [0.988314, -0.047925, 0.144702, 0.0, 0.0, 0.94929, 0.314401, 0.05, -0.152431, -0.310727, 0.938197, 0.0, 0.0, 0.0, 0.0, 1.0],
                [0.974227, -0.070919, 0.214131, 0.0, 0.0, 0.94929, 0.314401, 0.05, -0.22557, -0.306298, 0.924824, 0.0, 0.0, 0.0, 0.0, 1.0],
                [0.952143, -0.096098, 0.290154, 0.0, -0.0, 0.94929, 0.314401, 0.05, -0.305654, -0.299355, 0.90386, 0.0, 0.0, 0.0, 0.0, 1.0],
                [0.92145, -0.122144, 0.368796, 0.0, 0.0, 0.94929, 0.314401, 0.05, -0.388497, -0.289705, 0.874724, 0.0, 0.0, 0.0, 0.0, 1.0],
                [0.88273, -0.147731, 0.446052, 0.0, 0.0, 0.94929, 0.314401, 0.05, -0.46988, -0.277532, 0.837967, 0.0, 0.0, 0.0, 0.0, 1.0],
                [0.837814, -0.171649, 0.51827, 0.0, 0.0, 0.94929, 0.314401, 0.05, -0.545956, -0.26341, 0.795329, 0.0, 0.0, 0.0, 0.0, 1.0],
                [0.789608, -0.19292, 0.582495, 0.0, 0.0, 0.94929, 0.314401, 0.05, -0.613611, -0.248254, 0.749567, 0.0, 0.0, 0.0, 0.0, 1.0],
                [0.741746, -0.210863, 0.636671, 0.0, -0.0, 0.94929, 0.314401, 0.05, -0.670681, -0.233206, 0.704132, 0.0, 0.0, 0.0, 0.0, 1.0],
                [0.698181, -0.225087, 0.679617, 0.0, -0.0, 0.94929, 0.314401, 0.05, -0.715922, -0.219509, 0.662776, 0.0, 0.0, 0.0, 0.0, 1.0],
                [0.662826, -0.235415, 0.710803, 0.0, 0.0, 0.94929, 0.314401, 0.05, -0.748774, -0.208393, 0.629214, 0.0, 0.0, 0.0, 0.0, 1.0],
                [0.639312, -0.241758, 0.729955, 0.0, 0.0, 0.94929, 0.314401, 0.05, -0.768948, -0.201, 0.606892, 0.0, 0.0, 0.0, 0.0, 1.0],
                [0.630845, -0.243947, 0.736563, 0.0, -0.0, 0.94929, 0.314401, 0.05, -0.775909, -0.198339, 0.598855, 0.0, 0.0, 0.0, 0.0, 1.0],
                [0.630845, -0.243947, 0.736563, 0.0, 0.0, 0.94929, 0.314401, 0.05, -0.775909, -0.198339, 0.598855, 0.0, 0.0, 0.0, 0.0, 1.0],
                [0.630845, -0.243947, 0.736562, 0.0, -0.0, 0.94929, 0.314401, 0.05, -0.775909, -0.198339, 0.598855, 0.0, 0.0, 0.0, 0.0, 1.0],
                [0.630845, -0.243947, 0.736562, 0.0, 0.0, 0.94929, 0.314401, 0.05, -0.775909, -0.198339, 0.598855, 0.0, 0.0, 0.0, 0.0, 1.0],
                [0.630845, -0.243947, 0.736562, 0.0, 0.0, 0.94929, 0.314401, 0.05, -0.775909, -0.198339, 0.598855, 0.0, 0.0, 0.0, 0.0, 1.0],
                [0.630845, -0.243947, 0.736562, 0.0, 0.0, 0.94929, 0.314401, 0.05, -0.775909, -0.198339, 0.598855, 0.0, 0.0, 0.0, 0.0, 1.0],
                [0.630845, -0.243947, 0.736562, 0.0, 0.0, 0.94929, 0.314401, 0.05, -0.775909, -0.198339, 0.598855, 0.0, 0.0, 0.0, 0.0, 1.0],
                [0.630845, -0.243947, 0.736562, 0.0, 0.0, 0.94929, 0.314401, 0.05, -0.775909, -0.198339, 0.598855, 0.0, 0.0, 0.0, 0.0, 1.0]
            ]
        },
        {
            "name": "Chest",
            "time": [0.0, 0.0167, 0.0333, 0.05, 0.0667, 0.0833, 0.1, 0.1167, 0.1333, 0.15, 0.1667, 0.1833, 0.2, 0.2167, 0.2333, 0.25, 0.2667, 0.2833, 0.3, 0.3167, 0.3333, 0.35, 0.3667],
            "transform": [
                [1.0, 0.0, 0.0, -0.0, 0.0, 1.0, 0.0, 0.3, 0.0, 0.0, 1.0, 0.0, 0.0, 0.0, 0.0, 1.0],
                [0.999971, 0.002413, -0.007287, 0.0, -0.002413, 0.999997, 9e-06, 0.3, 0.007287, 9e-06, 0.999973, -0.0, 0.0, 0.0, 0.0, 1.0],
                [0.999622, 0.00864, -0.026089, 0.0, -0.00864, 0.999963, 0.000113, 0.3, 0.026089, 0.000113, 0.999659, 0.0, 0.0, 0.0, 0.0, 1.0],
                [0.99851, 0.01716, -0.051811, 0.0, -0.01716, 0.999853, 0.000445, 0.3, 0.051811, 0.000445, 0.998657, -0.0, 0.0, 0.0, 0.0, 1.0],
                [0.996456, 0.026445, -0.079846, -0.0, -0.026445, 0.99965, 0.001058, 0.3, 0.079846, 0.001058, 0.996807, -0.0, 0.0, 0.0, 0.0, 1.0],
                [0.993794, 0.034972, -0.105592, 0.0, -0.034972, 0.999387, 0.001852, 0.3, 0.105592, 0.001852, 0.994408, -0.0, 0.0, 0.0, 0.0, 1.0],
                [0.991363, 0.041233, -0.124496, 0.0, -0.041233, 0.999146, 0.002578, 0.3, 0.124496, 0.002578, 0.992217, 0.0, 0.0, 0.0, 0.0, 1.0],
                [0.990282, 0.043726, -0.132025, 0.0, -0.043726, 0.999039, 0.0029, 0.3, 0.132025, 0.002901, 0.991242, -0.0, 0.0, 0.0, 0.0, 1.0],
                [0.993435, 0.035966, -0.108596, 0.0, -0.035966, 0.999351, 0.001959, 0.3, 0.108596, 0.001959, 0.994084, 0.0, 0.0, 0.0, 0.0, 1.0],
                [0.998844, 0.01511, -0.045622, -0.0, -0.01511, 0.999886, 0.000345, 0.3, 0.045622, 0.000345, 0.998959, 0.0, 0.0, 0.0, 0.0, 1.0],
                [0.998907, -0.014697, 0.044376, 0.0, 0.014697, 0.999892, 0.000326, 0.3, -0.044376, 0.000326, 0.999015, -0.0, 0.0, 0.0, 0.0, 1.0],
                [0.987893, -0.048774, 0.147268, -0.0, 0.048774, 0.998803, 0.003613, 0.3, -0.147268, 0.003613, 0.98909, 0.0, 0.0, 0.0, 0.0, 1.0],
                [0.965267, -0.082142, 0.248017, 0.0, 0.082142, 0.996567, 0.010366, 0.3, -0.248018, 0.010366, 0.9687, -0.0, 0.0, 0.0, 0.0, 1.0],
                [0.936546, -0.110211, 0.332767, -0.0, 0.110211, 0.993728, 0.018938, 0.3, -0.332768, 0.018938, 0.942819, 0.0, 0.0, 0.0, 0.0, 1.0],
                [0.911549, -0.129279, 0.390339, -0.0, 0.129279, 0.991257, 0.026399, 0.3, -0.390339, 0.026399, 0.920292, 0.0, 0.0, 0.0, 0.0, 1.0],
                [0.901121, -0.136314, 0.41158, 0.0, 0.136314, 0.990226, 0.029511, 0.3, -0.41158, 0.029511, 0.910896, -0.0, 0.0, 0.0, 0.0, 1.0],
                [0.901121, -0.136314, 0.41158, 0.0, 0.136314, 0.990226, 0.029511, 0.3, -0.41158, 0.029511, 0.910895, 0.0, 0.0, 0.0, 0.0, 1.0],
                [0.901121, -0.136314, 0.41158, 0.0, 0.136314, 0.990226, 0.029511, 0.3, -0.41158, 0.029511, 0.910895, 0.0, 0.0, 0.0, 0.0, 1.0],
                [0.901121, -0.136314, 0.41158, 0.0, 0.136314, 0.990226, 0.029511, 0.3, -0.41158, 0.029511, 0.910896, -0.0, 0.0, 0.0, 0.0, 1.0],
                [0.901121, -0.136314, 0.41158, 0.0, 0.136314, 0.990226, 0.029511, 0.3, -0.41158, 0.029511, 0.910895, 0.0, 0.0, 0.0, 0.0, 1.0],
                [0.901121, -0.136314, 0.41158, 0.0, 0.136314, 0.990226, 0.029511, 0.3, -0.41158, 0.029511, 0.910895, 0.0, 0.0, 0.0, 0.0, 1.0],
                [0.901121, -0.136314, 0.41158, 0.0, 0.136314, 0.990226, 0.029511, 0.3, -0.41158, 0.029511, 0.910895, 0.0, 0.0, 0.0, 0.0, 1.0],
                [0.901121, -0.136314, 0.41158, 0.0, 0.136314, 0.990226, 0.029511, 0.3, -0.41158, 0.029511, 0.910895, 0.0, 0.0, 0.0, 0.0, 1.0]
            ]
        },
        {
            "name": "Head",
            "time": [0.0, 0.0167, 0.0333, 0.05, 0.0667, 0.0833, 0.1, 0.1167, 0.1333, 0.15, 0.1667, 0.1833, 0.2, 0.2167, 0.2333, 0.25, 0.2667, 0.2833, 0.3, 0.3167, 0.3333, 0.35, 0.3667],
            "transform": [
                [1.0, 0.0, 0.0, -0.0, 0.0, 0.976146, -0.217113, 0.4, 0.0, 0.217113, 0.976146, 0.0, 0.0, 0.0, 0.0, 1.0],
                [0.999948, 0.001029, -0.01016, -0.0, -0.003211, 0.976145, -0.217096, 0.4, 0.009694, 0.217118, 0.976097, 0.0, 0.0, 0.0, 0.0, 1.0],
                [0.999237, 0.003936, -0.038851, -0.0, -0.012277, 0.976122, -0.216874, 0.4, 0.03707, 0.217186, 0.975426, 0.0, 0.0, 0.0, 0.0, 1.0],
                [0.996478, 0.008452, -0.083424, -0.0, -0.026363, 0.976035, -0.216011, 0.4, 0.079599, 0.21745, 0.97282, 0.0, 0.0, 0.0, 0.0, 1.0],
                [0.989894, 0.014294, -0.14109, -0.0, -0.044586, 0.975826, -0.213951, 0.4, 0.134621, 0.21808, 0.966602, -0.0, 0.0, 0.0, 0.0, 1.0],
                [0.977741, 0.021149, -0.208749, -0.0, -0.065967, 0.975441, -0.21015, 0.4, 0.199178, 0.219243, 0.955123, -0.0, 0.0, 0.0, 0.0, 1.0],
                [0.95871, 0.028666, -0.282937, 0.0, -0.089411, 0.974838, -0.204197, 0.4, 0.269964, 0.221064, 0.93715, -0.0, 0.0, 0.0, 0.0, 1.0],
                [0.932268, 0.036466, -0.359927, 0.0, -0.113741, 0.974, -0.195926, 0.4, 0.343424, 0.223594, 0.912176, -0.0, 0.0, 0.0, 0.0, 1.0],
                [0.89888, 0.044169, -0.435963, -0.0, -0.137769, 0.972942, -0.185482, 0.4, 0.415974, 0.226789, 0.880644, 0.0, 0.0, 0.0, 0.0, 1.0],
                [0.860071, 0.051425, -0.507577, -0.0, -0.1604, 0.971712, -0.173343, 0.4, 0.484304, 0.230502, 0.843989, 0.0, 0.0, 0.0, 0.0, 1.0],
                [0.818291, 0.05794, -0.571877, 0.0, -0.180719, 0.970388, -0.160274, 0.4, 0.545657, 0.2345, 0.80453, -0.0, 0.0, 0.0, 0.0, 1.0],
                [0.776653, 0.063496, -0.626721, 0.0, -0.198051, 0.969069, -0.14725, 0.4, 0.597986, 0.238484, 0.765205, 0.0, 0.0, 0.0, 0.0, 1.0],
                [0.738601, 0.067953, -0.67071, 0.0, -0.211951, 0.967863, -0.135347, 0.4, 0.639958, 0.242125, 0.729267, -0.0, 0.0, 0.0, 0.0, 1.0],
                [0.707605, 0.071225, -0.70301, 0.0, -0.222159, 0.96688, -0.125651, 0.4, 0.670777, 0.245091, 0.699992, 0.0, 0.0, 0.0, 0.0, 1.0],
                [0.686929, 0.073253, -0.723024, -0.0, -0.228483, 0.966225, -0.119184, 0.4, 0.689873, 0.24707, 0.680465, 0.0, 0.0, 0.0, 0.0, 1.0],
                [0.679472, 0.073956, -0.729965, 0.0, -0.230677, 0.965989, -0.116851, 0.4, 0.696496, 0.247783, 0.673422, 0.0, 0.0, 0.0, 0.0, 1.0],
                [0.679472, 0.073956, -0.729965, 0.0, -0.230677, 0.965989, -0.116851, 0.4, 0.696496, 0.247783, 0.673422, 0.0, 0.0, 0.0, 0.0, 1.0],
                [0.679472, 0.073956, -0.729965, 0.0, -0.230677, 0.965989, -0.116852, 0.4, 0.696496, 0.247783, 0.673422, -0.0, 0.0, 0.0, 0.0, 1.0],
                [0.679472, 0.073956, -0.729965, 0.0, -0.230677, 0.965989, -0.116851, 0.4, 0.696496, 0.247783, 0.673422, -0.0, 0.0, 0.0, 0.0, 1.0],
                [0.679472, 0.073956, -0.729965, 0.0, -0.230677, 0.965989, -0.116851, 0.4, 0.696496, 0.247783, 0.673422, 0.0, 0.0, 0.0, 0.0, 1.0],
                [0.679472, 0.073956, -0.729965, 0.0, -0.230677, 0.965989, -0.116852, 0.4, 0.696496, 0.247783, 0.673422, 0.0, 0.0, 0.0, 0.0, 1.0],
                [0.679472, 0.073956, -0.729965, 0.0, -0.230677, 0.965989, -0.116852, 0.4, 0.696496, 0.247783, 0.673422, 0.0, 0.0, 0.0, 0.0, 1.0],
                [0.679472, 0.073956, -0.729965, 0.0, -0.230677, 0.965989, -0.116852, 0.4, 0.696496, 0.247783, 0.673422, 0.0, 0.0, 0.0, 0.0, 1.0]
            ]
        },
        {
            "name": "Shoulder_R",
            "time": [0.0, 0.0167, 0.0333, 0.05, 0.0667, 0.0833, 0.1, 0.1167, 0.1333, 0.15, 0.1667, 0.1833, 0.2, 0.2167, 0.2333, 0.25, 0.2667, 0.2833, 0.3, 0.3167, 0.3333, 0.35, 0.3667],
            "transform": [
                [0.0, 0.952114, 0.305743, 0.0, 0.0, -0.305743, 0.952114, 0.4, 1.0, -0.0, -0.0, 0.0, 0.0, 0.0, 0.0, 1.0],
                [0.0, 0.952114, 0.305743, -0.0, 0.0, -0.305743, 0.952114, 0.4, 1.0, -0.0, -0.0, -0.0, 0.0, 0.0, 0.0, 1.0],
                [0.0, 0.952114, 0.305743, -0.0, 0.0, -0.305743, 0.952114, 0.4, 1.0, 0.0, -0.0, -0.0, 0.0, 0.0, 0.0, 1.0],
                [0.0, 0.952114, 0.305743, -0.0, 0.0, -0.305743, 0.952114, 0.4, 1.0, 0.0, -0.0, 0.0, 0.0, 0.0, 0.0, 1.0],
                [0.0, 0.952114, 0.305743, -0.0, 0.0, -0.305743, 0.952114, 0.4, 1.0, 0.0, -0.0, -0.0, 0.0, 0.0, 0.0, 1.0],
                [0.0, 0.952114, 0.305743, -0.0, 0.0, -0.305743, 0.952114, 0.4, 1.0, 0.0, -0.0, -0.0, 0.0, 0.0, 0.0, 1.0],
                [0.0, 0.952114, 0.305743, -0.0, -0.0, -0.305743, 0.952114, 0.4, 1.0, 0.0, -0.0, 0.0, 0.0, 0.0, 0.0, 1.0],
                [0.0, 0.952114, 0.305743, 0.0, -0.0, -0.305743, 0.952114, 0.4, 1.0, -0.0, -0.0, 0.0, 0.0, 0.0, 0.0, 1.0],
                [0.0, 0.952114, 0.305743, -0.0, -0.0, -0.305743, 0.952114, 0.4, 1.0, -0.0, -0.0, -0.0, 0.0, 0.0, 0.0, 1.0],
                [0.0, 0.952114, 0.305743, -0.0, 0.0, -0.305743, 0.952114, 0.4, 1.0, 0.0, 0.0, 0.0, 0.0, 0.0, 0.0, 1.0],
                [0.0, 0.952114, 0.305743, 0.0, 0.0, -0.305743, 0.952114, 0.4, 1.0, 0.0, -0.0, -0.0, 0.0, 0.0, 0.0, 1.0],
                [0.0, 0.952114, 0.305743, 0.0, 0.0, -0.305743, 0.952114, 0.4, 1.0, 0.0, -0.0, 0.0, 0.0, 0.0, 0.0, 1.0],
                [0.0, 0.952114, 0.305743, 0.0, 0.0, -0.305743, 0.952114, 0.4, 1.0, 0.0, -0.0, -0.0, 0.0, 0.0, 0.0, 1.0],
                [0.0, 0.952114, 0.305743, 0.0, -0.0, -0.305743, 0.952114, 0.4, 1.0, 0.0, -0.0, -0.0, 0.0, 0.0, 0.0, 1.0],
                [0.0, 0.952114, 0.305743, -0.0, 0.0, -0.305743, 0.952114, 0.4, 1.0, -0.0, -0.0, 0.0, 0.0, 0.0, 0.0, 1.0],
                [0.0, 0.952114, 0.305743, 0.0, 0.0, -0.305743, 0.952114, 0.4, 1.0, -0.0, -0.0, -0.0, 0.0, 0.0, 0.0, 1.0],
                [0.0, 0.952114, 0.305743, 0.0, 0.0, -0.305743, 0.952114, 0.4, 1.0, -0.0, -0.0, -0.0, 0.0, 0.0, 0.0, 1.0],
                [0.0, 0.952114, 0.305743, 0.0, -0.0, -0.305743, 0.952114, 0.4, 1.0, -0.0, -0.0, -0.0, 0.0, 0.0, 0.0, 1.0],
                [0.0, 0.952114, 0.305743, 0.0, -0.0, -0.305743, 0.952114, 0.4, 1.0, -0.0, -0.0, -0.0, 0.0, 0.0, 0.0, 1.0],
                [0.0, 0.952114, 0.305743, 0.0, -0.0, -0.305743, 0.952114, 0.4, 1.0, -0.0, -0.0, -0.0, 0.0, 0.0, 0.0, 1.0],
                [0.0, 0.952114, 0.305743, 0.0, 0.0, -0.305743, 0.952114, 0.4, 1.0, -0.0, -0.0, -0.0, 0.0, 0.0, 0.0, 1.0],
                [0.0, 0.952114, 0.305743, 0.0, 0.0, -0.305743, 0.952114, 0.4, 1.0, -0.0, -0.0, -0.0, 0.0, 0.0, 0.0, 1.0],
                [0.0, 0.952114, 0.305743, 0.0, 0.0, -0.305743, 0.952114, 0.4, 1.0, -0.0, -0.0, -0.0, 0.0, 0.0, 0.0, 1.0]
            ]
        },
        {
            "name": "Arm_R",
            "time": [0.0, 0.0167, 0.0333, 0.05, 0.0667, 0.0833, 0.1, 0.1167, 0.1333, 0.15, 0.1667, 0.1833, 0.2, 0.2167, 0.2333, 0.25, 0.2667, 0.2833, 0.3, 0.3167, 0.3333, 0.35, 0.3667],
            "transform": [
                [0.76846, 0.232153, -0.596301, -0.0, 0.341731, 0.63897, 0.689158, 0.393861, 0.541008, -0.733364, 0.411689, 0.0, 0.0, 0.0, 0.0, 1.0],
                [0.758389, 0.227256, -0.610902, -0.0, 0.356098, 0.640555, 0.680356, 0.393861, 0.545931, -0.733516, 0.404864, -0.0, 0.0, 0.0, 0.0, 1.0],
                [0.735753, 0.210136, -0.643826, -0.0, 0.388437, 0.647807, 0.655335, 0.39386, 0.554784, -0.732249, 0.395001, -0.0, 0.0, 0.0, 0.0, 1.0],
                [0.712409, 0.175048, -0.679581, -0.0, 0.423169, 0.665362, 0.614997, 0.393861, 0.559822, -0.725708, 0.399936, -0.0, 0.0, 0.0, 0.0, 1.0],
                [0.699101, 0.117708, -0.705268, -0.0, 0.449165, 0.695155, 0.561259, 0.39386, 0.556335, -0.709158, 0.433113, 0.0, 0.0, 0.0, 0.0, 1.0],
                [0.703699, 0.037315, -0.709518, -0.0, 0.45984, 0.737342, 0.494848, 0.39386, 0.541623, -0.674488, 0.501708, 0.0, 0.0, 0.0, 0.0, 1.0],
                [0.731118, -0.06692, -0.678961, -0.0, 0.450496, 0.794726, 0.406773, 0.393861, 0.512366, -0.603269, 0.611186, -0.0, 0.0, 0.0, 0.0, 1.0],
                [0.784546, -0.222531, -0.578764, -0.0, 0.415017, 0.88194, 0.223478, 0.39386, 0.460704, -0.415526, 0.784277, -0.0, 0.0, 0.0, 0.0, 1.0],
                [0.848057, -0.192166, -0.493834, -0.0, 0.348786, 0.904017, 0.247188, 0.393861, 0.398934, -0.381872, 0.833682, -0.0, 0.0, 0.0, 0.0, 1.0],
                [0.886416, -0.154395, -0.436382, 0.0, 0.287267, 0.922713, 0.257059, 0.393861, 0.362967, -0.353219, 0.86226, -0.0, 0.0, 0.0, 0.0, 1.0],
                [0.83683, -0.053028, -0.54489, -0.0, 0.303668, 0.873111, 0.381398, 0.39386, 0.455524, -0.48463, 0.746748, -0.0, 0.0, 0.0, 0.0, 1.0],
                [0.563711, -0.095094, -0.82048, 0.0, 0.324348, 0.939042, 0.114009, 0.39386, 0.759624, -0.330389, 0.560192, -0.0, 0.0, 0.0, 0.0, 1.0],
                [0.362604, -0.46656, -0.806747, 0.0, 0.220338, 0.884037, -0.412225, 0.393861, 0.905521, -0.028282, 0.423357, 0.0, 0.0, 0.0, 0.0, 1.0],
                [0.286284, -0.659051, -0.695481, -0.0, 0.158959, 0.748472, -0.643833, 0.393861, 0.944867, 0.073766, 0.319037, 0.0, 0.0, 0.0, 0.0, 1.0],
                [0.132447, -0.754692, -0.642572, 0.0, 0.229112, 0.654037, -0.720933, 0.393861, 0.964347, -0.051736, 0.259534, 0.0, 0.0, 0.0, 0.0, 1.0],
                [-0.028758, -0.969946, -0.241616, 0.0, 0.336516, 0.218212, -0.916047, 0.39386, 0.941238, -0.107651, 0.320127, -0.0, 0.0, 0.0, 0.0, 1.0],
                [-0.028758, -0.969946, -0.241615, -0.0, 0.336516, 0.218211, -0.916047, 0.393861, 0.941238, -0.107651, 0.320126, -0.0, 0.0, 0.0, 0.0, 1.0],
                [-0.028758, -0.969946, -0.241614, -0.0, 0.336516, 0.21821, -0.916047, 0.39386, 0.941238, -0.107651, 0.320127, 0.0, 0.0, 0.0, 0.0, 1.0],
                [-0.028758, -0.969946, -0.241614, -0.0, 0.336516, 0.21821, -0.916047, 0.393861, 0.941238, -0.107651, 0.320127, 0.0, 0.0, 0.0, 0.0, 1.0],
                [-0.028758, -0.969946, -0.241616, -0.0, 0.336516, 0.218212, -0.916047, 0.393861, 0.941238, -0.107651, 0.320126, 0.0, 0.0, 0.0, 0.0, 1.0],
                [-0.028758, -0.969946, -0.241616, -0.0, 0.336516, 0.218212, -0.916047, 0.39386, 0.941238, -0.107651, 0.320126, -0.0, 0.0, 0.0, 0.0, 1.0],
                [-0.028758, -0.969946, -0.241616, -0.0, 0.336516, 0.218212, -0.916047, 0.39386, 0.941238, -0.107651, 0.320126, -0.0, 0.0, 0.0, 0.0, 1.0],
                [-0.028758, -0.969946, -0.241616, -0.0, 0.336516, 0.218212, -0.916047, 0.39386, 0.941238, -0.107651, 0.320126, -0.0, 0.0, 0.0, 0.0, 1.0]
            ]
        },
        {
            "name": "Hand_R",
            "time": [0.0, 0.0167, 0.0333, 0.05, 0.0667, 0.0833, 0.1, 0.1167, 0.1333, 0.15, 0.1667, 0.1833, 0.2, 0.2167, 0.2333, 0.25, 0.2667, 0.2833, 0.3, 0.3167, 0.3333, 0.35, 0.3667],
            "transform": [
                [1.0, -2e-06, 1e-06, -0.0, 2e-06, 0.804456, -0.594013, 0.300003, 1e-06, 0.594013, 0.804456, 0.0, 0.0, 0.0, 0.0, 1.0],
                [1.0, -2e-06, 1e-06, -0.0, 2e-06, 0.794314, -0.607508, 0.300003, 1e-06, 0.607508, 0.794314, -0.0, 0.0, 0.0, 0.0, 1.0],
                [1.0, -2e-06, 1e-06, 0.0, 2e-06, 0.772408, -0.635127, 0.300002, 1e-06, 0.635126, 0.772408, -0.0, 0.0, 0.0, 0.0, 1.0],
                [1.0, -3e-06, 1e-06, 0.0, 2e-06, 0.756027, -0.654541, 0.300003, 1e-06, 0.65454, 0.756027, 0.0, 0.0, 0.0, 0.0, 1.0],
                [1.0, -2e-06, 1e-06, 0.0, 2e-06, 0.76274, -0.646705, 0.300003, 1e-06, 0.646704, 0.76274, -0.0, 0.0, 0.0, 0.0, 1.0],
                [1.0, -2e-06, 1e-06, 0.0, 2e-06, 0.806768, -0.590869, 0.300002, 1e-06, 0.590868, 0.806768, -0.0, 0.0, 0.0, 0.0, 1.0],
                [1.0, -1e-06, 0.0, -0.0, 2e-06, 0.896878, -0.442276, 0.300003, 0.0, 0.442276, 0.896879, 0.0, 0.0, 0.0, 0.0, 1.0],
                [1.0, -0.0, 0.0, 0.0, 0.0, 1.0, -0.000992, 0.300002, -0.0, 0.000992, 1.0, -0.0, 0.0, 0.0, 0.0, 1.0],
                [1.0, 0.0, 0.0, -0.0, 0.0, 1.0, -0.000993, 0.300003, -0.0, 0.000993, 0.999999, 0.0, 0.0, 0.0, 0.0, 1.0],
                [1.0, 0.0, 0.0, 0.0, 0.0, 1.0, -0.000992, 0.300003, -0.0, 0.000992, 1.0, 0.0, 0.0, 0.0, 0.0, 1.0],
                [1.0, -1e-06, 0.0, 0.0, 1e-06, 0.878917, -0.476975, 0.300002, 0.0, 0.476974, 0.878917, -0.0, 0.0, 0.0, 0.0, 1.0],
                [1.0, -1e-06, 0.0, 0.0, 1e-06, 0.850457, -0.526045, 0.300002, 0.0, 0.526045, 0.850457, -0.0, 0.0, 0.0, 0.0, 1.0],
                [1.0, -0.0, 0.0, -0.0, -0.0, 0.999999, -0.000992, 0.300002, 0.0, 0.000992, 1.0, 0.0, 0.0, 0.0, 0.0, 1.0],
                [1.0, -0.0, 0.0, 0.0, -0.0, 1.0, -0.000993, 0.300003, -0.0, 0.000993, 0.999999, 0.0, 0.0, 0.0, 0.0, 1.0],
                [1.0, -3e-06, 1e-06, -0.0, 3e-06, 0.693247, -0.720699, 0.300003, 1e-06, 0.7207, 0.693247, 0.0, 0.0, 0.0, 0.0, 1.0],
                [1.0, -2e-06, 1e-06, -0.0, 2e-06, 0.836405, -0.548112, 0.300003, 0.0, 0.548112, 0.836405, -0.0, 0.0, 0.0, 0.0, 1.0],
                [1.0, -2e-06, 1e-06, 0.0, 2e-06, 0.836405, -0.548111, 0.300003, 0.0, 0.548111, 0.836405, -0.0, 0.0, 0.0, 0.0, 1.0],
                [1.0, -2e-06, 1e-06, 0.0, 2e-06, 0.836407, -0.54811, 0.300003, 1e-06, 0.548109, 0.836407, 0.0, 0.0, 0.0, 0.0, 1.0],
                [1.0, -2e-06, 1e-06, 0.0, 2e-06, 0.836407, -0.54811, 0.300003, 0.0, 0.548109, 0.836407, 0.0, 0.0, 0.0, 0.0, 1.0],
                [1.0, -2e-06, 1e-06, 0.0, 2e-06, 0.836405, -0.548112, 0.300003, 1e-06, 0.548112, 0.836405, -0.0, 0.0, 0.0, 0.0, 1.0],
                [1.0, -2e-06, 1e-06, -0.0, 2e-06, 0.836405, -0.548113, 0.300003, 1e-06, 0.548112, 0.836405, -0.0, 0.0, 0.0, 0.0, 1.0],
                [1.0, -2e-06, 1e-06, -0.0, 2e-06, 0.836405, -0.548113, 0.300003, 1e-06, 0.548112, 0.836405, -0.0, 0.0, 0.0, 0.0, 1.0],
                [1.0, -2e-06, 1e-06, -0.0, 2e-06, 0.836405, -0.548113, 0.300003, 1e-06, 0.548112, 0.836405, -0.0, 0.0, 0.0, 0.0, 1.0]
            ]
        },
        {
            "name": "Tool_R",
            "time": [0.0, 0.0167, 0.0333, 0.05, 0.0667, 0.0833, 0.1, 0.1167, 0.1333, 0.15, 0.1667, 0.1833, 0.2, 0.2167, 0.2333, 0.25, 0.2667, 0.2833, 0.3, 0.3167, 0.3333, 0.35, 0.3667],
            "transform": [
                [0.365019, 0.930696, 0.023798, 0.043768, 0.577857, -0.206446, -0.789596, 0.098127, -0.729961, 0.30197, -0.613166, -0.098064, 0.0, 0.0, 0.0, 1.0],
                [0.330195, 0.943718, 0.019198, 0.043768, 0.571821, -0.183808, -0.799522, 0.098127, -0.750994, 0.274976, -0.600331, -0.098064, 0.0, 0.0, 0.0, 1.0],
                [0.233129, 0.972389, 0.010535, 0.043768, 0.551829, -0.123365, -0.824783, 0.098127, -0.80071, 0.198094, -0.565352, -0.098064, 0.0, 0.0, 0.0, 1.0],
                [0.085531, 0.996311, 0.007109, 0.043768, 0.512522, -0.037878, -0.857839, 0.098127, -0.854404, 0.077015, -0.51387, -0.098064, 0.0, 0.0, 0.0, 1.0],
