{
    "animation": [
        {
            "name": "Root",
            "time": [0.0, 0.0167, 0.0333, 0.05, 0.0667, 0.0833, 0.1, 0.1167, 0.1333, 0.15, 0.1667, 0.1833, 0.2, 0.2167, 0.2333, 0.25, 0.2667, 0.2833, 0.3, 0.3167, 0.3333, 0.35, 0.3667, 0.3833, 0.4, 0.4167, 0.4333, 0.45],
            "transform": [
                [1.0, 0.0, 0.0, -5e-06, 0.0, 0.0, -1.0, 0.000946, 0.0, 1.0, 0.0, 0.763972, 0.0, 0.0, 0.0, 1.0],
                [1.0, 0.0, 0.0, -5e-06, 0.0, 0.0, -1.0, 0.010398, 0.0, 1.0, 0.0, 0.763972, 0.0, 0.0, 0.0, 1.0],
                [1.0, 0.0, 0.0, -5e-06, 0.0, 0.0, -1.0, 0.036394, 0.0, 1.0, 0.0, 0.763972, 0.0, 0.0, 0.0, 1.0],
                [1.0, 0.0, 0.0, -5e-06, 0.0, 0.0, -1.0, 0.075397, 0.0, 1.0, 0.0, 0.763972, 0.0, 0.0, 0.0, 1.0],
                [1.0, 0.0, 0.0, -5e-06, 0.0, 0.0, -1.0, 0.123871, 0.0, 1.0, 0.0, 0.763972, 0.0, 0.0, 0.0, 1.0],
                [1.0, 0.0, 0.0, -5e-06, 0.0, 0.0, -1.0, 0.178276, 0.0, 1.0, 0.0, 0.763972, 0.0, 0.0, 0.0, 1.0],
                [1.0, 0.0, 0.0, -5e-06, 0.0, 0.0, -1.0, 0.235077, 0.0, 1.0, 0.0, 0.763972, 0.0, 0.0, 0.0, 1.0],
                [1.0, 0.0, 0.0, -5e-06, 0.0, 0.0, -1.0, 0.290735, 0.0, 1.0, 0.0, 0.763972, 0.0, 0.0, 0.0, 1.0],
                [1.0, 0.0, 0.0, -5e-06, 0.0, 0.0, -1.0, 0.342217, 0.0, 1.0, 0.0, 0.763972, 0.0, 0.0, 0.0, 1.0],
                [1.0, 0.0, 0.0, -5e-06, 0.0, 0.0, -1.0, 0.388505, 0.0, 1.0, 0.0, 0.763972, 0.0, 0.0, 0.0, 1.0],
                [1.0, 0.0, 0.0, -5e-06, 0.0, 0.0, -1.0, 0.429083, 0.0, 1.0, 0.0, 0.763972, 0.0, 0.0, 0.0, 1.0],
                [1.0, 0.0, 0.0, -5e-06, 0.0, 0.0, -1.0, 0.463438, 0.0, 1.0, 0.0, 0.763972, 0.0, 0.0, 0.0, 1.0],
                [1.0, 0.0, 0.0, -5e-06, 0.0, 0.0, -1.0, 0.491054, 0.0, 1.0, 0.0, 0.763972, 0.0, 0.0, 0.0, 1.0],
                [1.0, 0.0, 0.0, -5e-06, 0.0, 0.0, -1.0, 0.511417, 0.0, 1.0, 0.0, 0.763972, 0.0, 0.0, 0.0, 1.0],
                [1.0, 0.0, 0.0, -5e-06, 0.0, 0.0, -1.0, 0.524012, 0.0, 1.0, 0.0, 0.763972, 0.0, 0.0, 0.0, 1.0],
                [1.0, 0.0, 0.0, -5e-06, 0.0, 0.0, -1.0, 0.528325, 0.0, 1.0, 0.0, 0.763972, 0.0, 0.0, 0.0, 1.0],
                [1.0, 0.0, 0.0, -5e-06, 0.0, 0.0, -1.0, 0.528325, 0.0, 1.0, 0.0, 0.763972, 0.0, 0.0, 0.0, 1.0],
                [1.0, 0.0, 0.0, -5e-06, 0.0, 0.0, -1.0, 0.528325, 0.0, 1.0, 0.0, 0.763972, 0.0, 0.0, 0.0, 1.0],
                [1.0, 0.0, 0.0, -5e-06, 0.0, 0.0, -1.0, 0.528325, 0.0, 1.0, 0.0, 0.763972, 0.0, 0.0, 0.0, 1.0],
                [1.0, 0.0, 0.0, -5e-06, 0.0, 0.0, -1.0, 0.528325, 0.0, 1.0, 0.0, 0.763972, 0.0, 0.0, 0.0, 1.0],
                [1.0, 0.0, 0.0, -5e-06, 0.0, 0.0, -1.0, 0.528325, 0.0, 1.0, 0.0, 0.763972, 0.0, 0.0, 0.0, 1.0],
                [1.0, 0.0, 0.0, -5e-06, 0.0, 0.0, -1.0, 0.528325, 0.0, 1.0, 0.0, 0.763972, 0.0, 0.0, 0.0, 1.0],
                [1.0, 0.0, 0.0, -5e-06, 0.0, 0.0, -1.0, 0.528325, 0.0, 1.0, 0.0, 0.763972, 0.0, 0.0, 0.0, 1.0],
                [1.0, 0.0, 0.0, -5e-06, 0.0, 0.0, -1.0, 0.528325, 0.0, 1.0, 0.0, 0.763972, 0.0, 0.0, 0.0, 1.0],
                [1.0, 0.0, 0.0, -5e-06, 0.0, 0.0, -1.0, 0.528325, 0.0, 1.0, 0.0, 0.763972, 0.0, 0.0, 0.0, 1.0],
                [1.0, 0.0, 0.0, -5e-06, 0.0, 0.0, -1.0, 0.528325, 0.0, 1.0, 0.0, 0.763972, 0.0, 0.0, 0.0, 1.0],
                [1.0, 0.0, 0.0, -5e-06, 0.0, 0.0, -1.0, 0.528325, 0.0, 1.0, 0.0, 0.763972, 0.0, 0.0, 0.0, 1.0],
                [1.0, 0.0, 0.0, -5e-06, 0.0, 0.0, -1.0, 0.528325, 0.0, 1.0, 0.0, 0.763972, 0.0, 0.0, 0.0, 1.0]
            ]
        },
        {
            "name": "Thigh_R",
            "time": [0.0, 0.0167, 0.0333, 0.05, 0.0667, 0.0833, 0.1, 0.1167, 0.1333, 0.15, 0.1667, 0.1833, 0.2, 0.2167, 0.2333, 0.25, 0.2667, 0.2833, 0.3, 0.3167, 0.3333, 0.35, 0.3667, 0.3833, 0.4, 0.4167, 0.4333, 0.45],
            "transform": [
                [0.999949, 0.007666, -0.006602, 0.124994, 0.006418, -0.98511, -0.171808, -0.002831, -0.00782, 0.171757, -0.985109, -1.2e-05, 0.0, 0.0, 0.0, 1.0],
                [0.999955, 0.0069, -0.006521, 0.124994, 0.006429, -0.997539, -0.069821, -0.002831, -0.006986, 0.069776, -0.997538, -0.001758, 0.0, 0.0, 0.0, 1.0],
                [0.999967, 0.005498, -0.005893, 0.124994, 0.006145, -0.993228, 0.116024, -0.002831, -0.005215, -0.116056, -0.993229, -0.006673, 0.0, 0.0, 0.0, 1.0],
                [0.999981, 0.003927, -0.004841, 0.124994, 0.005223, -0.951818, 0.306621, -0.002831, -0.003404, -0.30664, -0.95182, -0.014269, 0.0, 0.0, 0.0, 1.0],
                [0.999991, 0.002407, -0.003442, 0.124994, 0.003728, -0.886141, 0.463402, -0.002831, -0.001935, -0.463411, -0.886142, -0.024057, 0.0, 0.0, 0.0, 1.0],
                [0.999998, 0.001176, -0.001863, 0.124994, 0.002019, -0.827459, 0.561524, -0.002831, -0.000881, -0.561526, -0.827459, -0.035552, 0.0, 0.0, 0.0, 1.0],
                [1.0, 0.000343, -0.000537, 0.124994, 0.000593, -0.809184, 0.587555, -0.002831, -0.000233, -0.587555, -0.809184, -0.048265, 0.0, 0.0, 0.0, 1.0],
                [1.0, -2e-06, 0.0, 0.124994, -2e-06, -0.868278, 0.496078, -0.002831, -1e-06, -0.496078, -0.868278, -0.06171, 0.0, 0.0, 0.0, 1.0],
                [1.0, -0.0, 0.0, 0.124994, -0.0, -0.880205, 0.474594, -0.002831, 0.0, -0.474594, -0.880205, -0.075398, 0.0, 0.0, 0.0, 1.0],
                [1.0, -0.0, 0.0, 0.124994, -0.0, -0.869576, 0.4938, -0.002831, 0.0, -0.4938, -0.869576, -0.088842, 0.0, 0.0, 0.0, 1.0],
                [1.0, -0.0, 0.0, 0.124994, -0.0, -0.867716, 0.497062, -0.002831, 0.0, -0.497062, -0.867715, -0.101555, 0.0, 0.0, 0.0, 1.0],
                [1.0, -0.0, 0.0, 0.124994, -0.0, -0.87208, 0.489365, -0.002831, 0.0, -0.489365, -0.872079, -0.11305, 0.0, 0.0, 0.0, 1.0],
                [1.0, -0.0, 0.0, 0.124994, -0.0, -0.879974, 0.475023, -0.002831, 0.0, -0.475023, -0.879973, -0.122839, 0.0, 0.0, 0.0, 1.0],
                [1.0, -0.0, 0.0, 0.124994, -0.0, -0.888713, 0.458465, -0.002831, 0.0, -0.458465, -0.888713, -0.130434, 0.0, 0.0, 0.0, 1.0],
                [1.0, -0.0, 0.0, 0.124994, -0.0, -0.895729, 0.444601, -0.002831, 0.0, -0.444601, -0.895729, -0.135349, 0.0, 0.0, 0.0, 1.0],
                [1.0, -0.0, 0.0, 0.124994, -0.0, -0.898598, 0.438774, -0.002831, 0.0, -0.438774, -0.898597, -0.137095, 0.0, 0.0, 0.0, 1.0],
                [1.0, -0.0, 0.0, 0.124994, -0.0, -0.898598, 0.438774, -0.002831, 0.0, -0.438774, -0.898597, -0.137095, 0.0, 0.0, 0.0, 1.0],
                [1.0, -0.0, 0.0, 0.124994, -0.0, -0.898598, 0.438774, -0.002831, 0.0, -0.438774, -0.898597, -0.137095, 0.0, 0.0, 0.0, 1.0],
                [1.0, -0.0, 0.0, 0.124994, -0.0, -0.898598, 0.438774, -0.002831, 0.0, -0.438774, -0.898597, -0.137095, 0.0, 0.0, 0.0, 1.0],
                [1.0, -0.0, 0.0, 0.124994, -0.0, -0.898598, 0.438774, -0.002831, 0.0, -0.438774, -0.898597, -0.137095, 0.0, 0.0, 0.0, 1.0],
                [1.0, -0.0, 0.0, 0.124994, -0.0, -0.898598, 0.438774, -0.002831, 0.0, -0.438774, -0.898597, -0.137095, 0.0, 0.0, 0.0, 1.0],
                [1.0, -0.0, 0.0, 0.124994, -0.0, -0.898598, 0.438774, -0.002831, 0.0, -0.438774, -0.898597, -0.137095, 0.0, 0.0, 0.0, 1.0],
                [1.0, -0.0, 0.0, 0.124994, -0.0, -0.898598, 0.438774, -0.002831, 0.0, -0.438774, -0.898597, -0.137095, 0.0, 0.0, 0.0, 1.0],
                [1.0, -0.0, 0.0, 0.124994, -0.0, -0.898598, 0.438774, -0.002831, 0.0, -0.438774, -0.898597, -0.137095, 0.0, 0.0, 0.0, 1.0],
                [1.0, -0.0, 0.0, 0.124994, -0.0, -0.898598, 0.438774, -0.002831, 0.0, -0.438774, -0.898597, -0.137095, 0.0, 0.0, 0.0, 1.0],
                [1.0, -0.0, 0.0, 0.124994, -0.0, -0.898598, 0.438774, -0.002831, 0.0, -0.438774, -0.898597, -0.137095, 0.0, 0.0, 0.0, 1.0],
                [1.0, -0.0, 0.0, 0.124994, -0.0, -0.898598, 0.438774, -0.002831, 0.0, -0.438774, -0.898597, -0.137095, 0.0, 0.0, 0.0, 1.0],
                [1.0, -0.0, 0.0, 0.124994, -0.0, -0.898598, 0.438774, -0.002831, 0.0, -0.438774, -0.898597, -0.137095, 0.0, 0.0, 0.0, 1.0]
            ]
        },
        {
            "name": "Leg_R",
            "time": [0.0, 0.0167, 0.0333, 0.05, 0.0667, 0.0833, 0.1, 0.1167, 0.1333, 0.15, 0.1667, 0.1833, 0.2, 0.2167, 0.2333, 0.25, 0.2667, 0.2833, 0.3, 0.3167, 0.3333, 0.35, 0.3667, 0.3833, 0.4, 0.4167, 0.4333, 0.45],
            "transform": [
                [1.0, 5e-06, 1e-06, 0.0, -5e-06, 0.972477, 0.232998, 0.374726, -0.0, -0.232998, 0.972477, 0.0, 0.0, 0.0, 0.0, 1.0],
                [1.0, 8e-06, 2e-06, -0.0, -8e-06, 0.928069, 0.372406, 0.374726, 1e-06, -0.372407, 0.92807, 0.0, 0.0, 0.0, 0.0, 1.0],
                [1.0, 1.2e-05, 4e-06, -0.0, -1.2e-05, 0.830209, 0.557452, 0.374726, 3e-06, -0.557453, 0.830209, -0.0, 0.0, 0.0, 0.0, 1.0],
                [1.0, 1.4e-05, 6e-06, -0.0, -1.5e-05, 0.739626, 0.673018, 0.374726, 5e-06, -0.673018, 0.739626, -0.0, 0.0, 0.0, 0.0, 1.0],
                [1.0, 1.5e-05, 7e-06, -0.0, -1.5e-05, 0.706188, 0.708024, 0.374726, 6e-06, -0.708024, 0.706188, -0.0, 0.0, 0.0, 0.0, 1.0],
                [1.0, 1.4e-05, 6e-06, 0.0, -1.4e-05, 0.751023, 0.660276, 0.374726, 5e-06, -0.660277, 0.751023, -0.0, 0.0, 0.0, 0.0, 1.0],
                [1.0, 1.1e-05, 4e-06, -0.0, -1.1e-05, 0.860403, 0.509615, 0.374726, 2e-06, -0.509615, 0.860403, -0.0, 0.0, 0.0, 0.0, 1.0],
                [1.0, 3e-06, 1e-06, 0.0, -3e-06, 0.989524, 0.144363, 0.374726, -1e-06, -0.144363, 0.989525, 0.0, 0.0, 0.0, 0.0, 1.0],
                [1.0, 0.0, 1e-06, 0.0, -0.0, 0.999999, 0.001461, 0.374726, -1e-06, -0.001461, 0.999999, 0.0, 0.0, 0.0, 0.0, 1.0],
                [1.0, 0.0, 1e-06, 0.0, -0.0, 0.999999, 0.001462, 0.374726, -1e-06, -0.001462, 0.999999, 0.0, 0.0, 0.0, 0.0, 1.0],
                [1.0, 0.0, 1e-06, -0.0, -0.0, 0.999999, 0.001462, 0.374726, -1e-06, -0.001462, 0.999999, 0.0, 0.0, 0.0, 0.0, 1.0],
                [1.0, 0.0, 1e-06, 0.0, -0.0, 0.999998, 0.001462, 0.374726, -1e-06, -0.001462, 0.999999, 0.0, 0.0, 0.0, 0.0, 1.0],
                [1.0, 0.0, 1e-06, -0.0, -0.0, 0.999999, 0.001461, 0.374726, -1e-06, -0.001461, 0.999999, 0.0, 0.0, 0.0, 0.0, 1.0],
                [1.0, 0.0, 1e-06, -0.0, -0.0, 0.999999, 0.001461, 0.374726, -1e-06, -0.00146, 0.999999, -0.0, 0.0, 0.0, 0.0, 1.0],
                [1.0, 0.0, 1e-06, -0.0, -0.0, 0.999999, 0.00146, 0.374726, -1e-06, -0.00146, 0.999999, 0.0, 0.0, 0.0, 0.0, 1.0],
                [1.0, 0.0, 1e-06, -0.0, -0.0, 0.999999, 0.00146, 0.374726, -1e-06, -0.00146, 0.999999, 0.0, 0.0, 0.0, 0.0, 1.0],
                [1.0, 0.0, 1e-06, -0.0, -0.0, 0.999998, 0.00146, 0.374726, -1e-06, -0.00146, 0.999999, 0.0, 0.0, 0.0, 0.0, 1.0],
                [1.0, 0.0, 1e-06, 0.0, -0.0, 0.999999, 0.00146, 0.374726, -1e-06, -0.00146, 0.999999, 0.0, 0.0, 0.0, 0.0, 1.0],
                [1.0, 0.0, 1e-06, -0.0, -0.0, 0.999999, 0.00146, 0.374726, -1e-06, -0.00146, 0.999999, 0.0, 0.0, 0.0, 0.0, 1.0],
                [1.0, 0.0, 1e-06, -0.0, -0.0, 0.999998, 0.00146, 0.374726, -1e-06, -0.00146, 0.999999, 0.0, 0.0, 0.0, 0.0, 1.0],
                [1.0, 0.0, 1e-06, 0.0, -0.0, 0.999999, 0.00146, 0.374726, -1e-06, -0.00146, 0.999999, 0.0, 0.0, 0.0, 0.0, 1.0],
                [1.0, 0.0, 1e-06, -0.0, -0.0, 0.999999, 0.00146, 0.374726, -1e-06, -0.00146, 0.999999, 0.0, 0.0, 0.0, 0.0, 1.0],
                [1.0, 0.0, 1e-06, -0.0, -0.0, 0.999998, 0.00146, 0.374726, -1e-06, -0.00146, 0.999999, 0.0, 0.0, 0.0, 0.0, 1.0],
                [1.0, 0.0, 1e-06, 0.0, -0.0, 0.999999, 0.00146, 0.374726, -1e-06, -0.00146, 0.999999, 0.0, 0.0, 0.0, 0.0, 1.0],
                [1.0, 0.0, 1e-06, -0.0, -0.0, 0.999999, 0.00146, 0.374726, -1e-06, -0.00146, 0.999999, 0.0, 0.0, 0.0, 0.0, 1.0],
                [1.0, 0.0, 1e-06, -0.0, -0.0, 0.999998, 0.00146, 0.374726, -1e-06, -0.00146, 0.999999, 0.0, 0.0, 0.0, 0.0, 1.0],
                [1.0, 0.0, 1e-06, 0.0, -0.0, 0.999999, 0.00146, 0.374726, -1e-06, -0.00146, 0.999999, 0.0, 0.0, 0.0, 0.0, 1.0],
                [1.0, 0.0, 1e-06, -0.0, -0.0, 0.999999, 0.00146, 0.374726, -1e-06, -0.00146, 0.999999, 0.0, 0.0, 0.0, 0.0, 1.0]
            ]
        },
        {
            "name": "Knee_R",
            "time": [0.0, 0.45],
            "transform": [
                [1.0, 0.0, -0.0, -0.0, -0.0, 0.00567, -0.999984, 0.374726, -0.0, 0.999984, 0.00567, 0.0, 0.0, 0.0, 0.0, 1.0],
                [1.0, 0.0, -0.0, -0.0, -0.0, 0.00567, -0.999984, 0.374726, -0.0, 0.999984, 0.00567, 0.0, 0.0, 0.0, 0.0, 1.0]
            ]
        },
        {
            "name": "Thigh_L",
            "time": [0.0, 0.0167, 0.0333, 0.05, 0.0667, 0.0833, 0.1, 0.1167, 0.1333, 0.15, 0.1667, 0.1833, 0.2, 0.2167, 0.2333, 0.25, 0.2667, 0.2833, 0.3, 0.3167, 0.3333, 0.35, 0.3667, 0.3833, 0.4, 0.4167, 0.4333, 0.45],
            "transform": [
                [0.998106, -0.008227, 0.060973, -0.125006, -0.039048, -0.850559, 0.524429, -0.002831, 0.047547, -0.525816, -0.849269, -1.2e-05, 0.0, 0.0, 0.0, 1.0],
                [0.998251, -0.010819, 0.058112, -0.124699, -0.03814, -0.868967, 0.493399, -0.003214, 0.045159, -0.494752, -0.86786, 0.001617, 0.0, 0.0, 0.0, 1.0],
                [0.998555, -0.017214, 0.050907, -0.123835, -0.036391, -0.913649, 0.404873, -0.004292, 0.039541, -0.406141, -0.912955, 0.006202, 0.0, 0.0, 0.0, 1.0],
                [0.998838, -0.025342, 0.040985, -0.1225, -0.035183, -0.964719, 0.260922, -0.005958, 0.032926, -0.26206, -0.96449, 0.013287, 0.0, 0.0, 0.0, 1.0],
                [0.999023, -0.033554, 0.028763, -0.12078, -0.03525, -0.997537, 0.060644, -0.008106, 0.026657, -0.061599, -0.997746, 0.022419, 0.0, 0.0, 0.0, 1.0],
                [0.999099, -0.040671, 0.012157, -0.11876, -0.036747, -0.972036, -0.231942, -0.010628, 0.021251, 0.231286, -0.972654, 0.033141, 0.0, 0.0, 0.0, 1.0],
                [0.999076, -0.042948, -0.001692, -0.116525, -0.039555, -0.903319, -0.427144, -0.013417, 0.016816, 0.426816, -0.904182, 0.045001, 0.0, 0.0, 0.0, 1.0],
                [0.998965, -0.044573, -0.009073, -0.114162, -0.043485, -0.877295, -0.477978, -0.016366, 0.013345, 0.477877, -0.878325, 0.057542, 0.0, 0.0, 0.0, 1.0],
                [0.998257, -0.045774, -0.037244, -0.111756, -0.058286, -0.863463, -0.501035, -0.019369, -0.009224, 0.502332, -0.864626, 0.070311, 0.0, 0.0, 0.0, 1.0],
                [0.99411, -0.045648, -0.098294, -0.109394, -0.088582, -0.864776, -0.494283, -0.022319, -0.06244, 0.500079, -0.863726, 0.082853, 0.0, 0.0, 0.0, 1.0],
                [0.982963, -0.044529, -0.178327, -0.107159, -0.123877, -0.87725, -0.463775, -0.025108, -0.135785, 0.477964, -0.867821, 0.094712, 0.0, 0.0, 0.0, 1.0],
                [0.963551, -0.042648, -0.264102, -0.105139, -0.153654, -0.896363, -0.415843, -0.027629, -0.218996, 0.441266, -0.870245, 0.105435, 0.0, 0.0, 0.0, 1.0],
                [0.938045, -0.04028, -0.344165, -0.103418, -0.171223, -0.917374, -0.359315, -0.029777, -0.301255, 0.395983, -0.867435, 0.114566, 0.0, 0.0, 0.0, 1.0],
                [0.911444, -0.115786, -0.394796, -0.102083, -0.176004, -0.977076, -0.119773, -0.031443, -0.371878, 0.178652, -0.910928, 0.121651, 0.0, 0.0, 0.0, 1.0],
                [0.89037, -0.150808, -0.429532, -0.10122, -0.173177, -0.984802, -0.013214, -0.032521, -0.421011, 0.086151, -0.902955, 0.126236, 0.0, 0.0, 0.0, 1.0],
                [0.88189, -0.163102, -0.442344, -0.100913, -0.17068, -0.98506, 0.022934, -0.032904, -0.439475, 0.055274, -0.896553, 0.127865, 0.0, 0.0, 0.0, 1.0],
                [0.88189, -0.163103, -0.442343, -0.100913, -0.17068, -0.98506, 0.022934, -0.032904, -0.439475, 0.055275, -0.896553, 0.127865, 0.0, 0.0, 0.0, 1.0],
                [0.88189, -0.163103, -0.442343, -0.100913, -0.17068, -0.98506, 0.022934, -0.032904, -0.439475, 0.055275, -0.896553, 0.127865, 0.0, 0.0, 0.0, 1.0],
                [0.88189, -0.163103, -0.442343, -0.100913, -0.17068, -0.98506, 0.022934, -0.032904, -0.439475, 0.055275, -0.896553, 0.127865, 0.0, 0.0, 0.0, 1.0],
                [0.88189, -0.163103, -0.442343, -0.100913, -0.17068, -0.98506, 0.022934, -0.032904, -0.439475, 0.055275, -0.896553, 0.127865, 0.0, 0.0, 0.0, 1.0],
                [0.88189, -0.163103, -0.442343, -0.100913, -0.17068, -0.98506, 0.022934, -0.032904, -0.439475, 0.055275, -0.896553, 0.127865, 0.0, 0.0, 0.0, 1.0],
                [0.88189, -0.163103, -0.442343, -0.100913, -0.17068, -0.98506, 0.022934, -0.032904, -0.439475, 0.055275, -0.896553, 0.127865, 0.0, 0.0, 0.0, 1.0],
                [0.88189, -0.163103, -0.442343, -0.100913, -0.17068, -0.98506, 0.022934, -0.032904, -0.439475, 0.055275, -0.896553, 0.127865, 0.0, 0.0, 0.0, 1.0],
                [0.88189, -0.163103, -0.442343, -0.100913, -0.17068, -0.98506, 0.022934, -0.032904, -0.439475, 0.055275, -0.896553, 0.127865, 0.0, 0.0, 0.0, 1.0],
                [0.88189, -0.163103, -0.442343, -0.100913, -0.17068, -0.98506, 0.022934, -0.032904, -0.439475, 0.055275, -0.896553, 0.127865, 0.0, 0.0, 0.0, 1.0],
                [0.88189, -0.163103, -0.442343, -0.100913, -0.17068, -0.98506, 0.022934, -0.032904, -0.439475, 0.055275, -0.896553, 0.127865, 0.0, 0.0, 0.0, 1.0],
                [0.88189, -0.163103, -0.442343, -0.100913, -0.17068, -0.98506, 0.022934, -0.032904, -0.439475, 0.055275, -0.896553, 0.127865, 0.0, 0.0, 0.0, 1.0],
                [0.88189, -0.163103, -0.442343, -0.100913, -0.17068, -0.98506, 0.022934, -0.032904, -0.439475, 0.055275, -0.896553, 0.127865, 0.0, 0.0, 0.0, 1.0]
            ]
        },
        {
            "name": "Leg_L",
            "time": [0.0, 0.0167, 0.0333, 0.05, 0.0667, 0.0833, 0.1, 0.1167, 0.1333, 0.15, 0.1667, 0.1833, 0.2, 0.2167, 0.2333, 0.25, 0.2667, 0.2833, 0.3, 0.3167, 0.3333, 0.35, 0.3667, 0.3833, 0.4, 0.4167, 0.4333, 0.45],
            "transform": [
                [1.0, 1.9e-05, 1.2e-05, -0.0, -1.9e-05, 0.447384, 0.894342, 0.374726, 1.1e-05, -0.894342, 0.447384, -0.0, 0.0, 0.0, 0.0, 1.0],
                [1.0, 1.8e-05, 1.2e-05, -0.0, -1.9e-05, 0.466767, 0.88438, 0.374726, 1.1e-05, -0.88438, 0.466767, 0.0, 0.0, 0.0, 0.0, 1.0],
                [1.0, 1.7e-05, 1e-05, -0.0, -1.8e-05, 0.525762, 0.850631, 0.374726, 9e-06, -0.850632, 0.525762, 0.0, 0.0, 0.0, 0.0, 1.0],
                [1.0, 1.7e-05, 9e-06, -0.0, -1.7e-05, 0.6305, 0.77619, 0.374726, 7e-06, -0.77619, 0.6305, -0.0, 0.0, 0.0, 0.0, 1.0],
                [1.0, 1.3e-05, 5e-06, 0.0, -1.4e-05, 0.781556, 0.623835, 0.374726, 4e-06, -0.623835, 0.781556, -0.0, 0.0, 0.0, 0.0, 1.0],
                [1.0, 5e-06, 1e-06, 0.0, -6e-06, 0.965287, 0.261187, 0.374726, 0.0, -0.261187, 0.965288, -0.0, 0.0, 0.0, 0.0, 1.0],
                [1.0, 0.0, 1e-06, -0.0, -0.0, 0.999999, 0.001462, 0.374726, -1e-06, -0.001462, 0.999999, -0.0, 0.0, 0.0, 0.0, 1.0],
                [1.0, 0.0, 1e-06, -0.0, -0.0, 0.999999, 0.001464, 0.374726, -1e-06, -0.001464, 0.999999, 0.0, 0.0, 0.0, 0.0, 1.0],
                [1.0, 0.0, 1e-06, 0.0, -0.0, 0.999999, 0.001465, 0.374726, -1e-06, -0.001465, 0.999999, 0.0, 0.0, 0.0, 0.0, 1.0],
                [1.0, 0.0, 1e-06, -0.0, -0.0, 0.999998, 0.001465, 0.374726, -1e-06, -0.001465, 0.999999, 0.0, 0.0, 0.0, 0.0, 1.0],
                [1.0, 0.0, 1e-06, -0.0, 0.0, 0.999999, 0.001464, 0.374726, -1e-06, -0.001464, 0.999999, 0.0, 0.0, 0.0, 0.0, 1.0],
                [1.0, 0.0, 1e-06, 0.0, 0.0, 0.999999, 0.001462, 0.374726, -1e-06, -0.001462, 0.999999, -0.0, 0.0, 0.0, 0.0, 1.0],
                [1.0, 0.0, 1e-06, 0.0, 0.0, 0.999999, 0.00146, 0.374726, -1e-06, -0.00146, 0.999999, -0.0, 0.0, 0.0, 0.0, 1.0],
                [1.0, 8e-06, 2e-06, 0.0, -8e-06, 0.925793, 0.378031, 0.374726, 1e-06, -0.378031, 0.925793, -0.0, 0.0, 0.0, 0.0, 1.0],
                [1.0, 1.1e-05, 4e-06, -0.0, -1.1e-05, 0.868456, 0.495767, 0.374726, 2e-06, -0.495767, 0.868456, 0.0, 0.0, 0.0, 0.0, 1.0],
                [1.0, 1e-05, 4e-06, 0.0, -1e-05, 0.84793, 0.530108, 0.374726, 2e-06, -0.530107, 0.84793, -0.0, 0.0, 0.0, 0.0, 1.0],
                [1.0, 1.1e-05, 4e-06, 0.0, -1.2e-05, 0.84793, 0.530108, 0.374726, 3e-06, -0.530107, 0.84793, 0.0, 0.0, 0.0, 0.0, 1.0],
                [1.0, 1.1e-05, 4e-06, 0.0, -1.2e-05, 0.84793, 0.530108, 0.374726, 3e-06, -0.530107, 0.84793, 0.0, 0.0, 0.0, 0.0, 1.0],
                [1.0, 1.1e-05, 4e-06, 0.0, -1.2e-05, 0.84793, 0.530108, 0.374726, 3e-06, -0.530107, 0.84793, 0.0, 0.0, 0.0, 0.0, 1.0],
                [1.0, 1.1e-05, 4e-06, 0.0, -1.2e-05, 0.84793, 0.530108, 0.374726, 3e-06, -0.530107, 0.84793, 0.0, 0.0, 0.0, 0.0, 1.0],
                [1.0, 1.1e-05, 4e-06, 0.0, -1.2e-05, 0.84793, 0.530108, 0.374726, 3e-06, -0.530107, 0.84793, 0.0, 0.0, 0.0, 0.0, 1.0],
                [1.0, 1.1e-05, 4e-06, 0.0, -1.2e-05, 0.84793, 0.530108, 0.374726, 3e-06, -0.530107, 0.84793, 0.0, 0.0, 0.0, 0.0, 1.0],
                [1.0, 1.1e-05, 4e-06, 0.0, -1.2e-05, 0.84793, 0.530108, 0.374726, 3e-06, -0.530107, 0.84793, 0.0, 0.0, 0.0, 0.0, 1.0],
                [1.0, 1.1e-05, 4e-06, 0.0, -1.2e-05, 0.84793, 0.530108, 0.374726, 3e-06, -0.530107, 0.84793, 0.0, 0.0, 0.0, 0.0, 1.0],
                [1.0, 1.1e-05, 4e-06, 0.0, -1.2e-05, 0.84793, 0.530108, 0.374726, 3e-06, -0.530107, 0.84793, 0.0, 0.0, 0.0, 0.0, 1.0],
                [1.0, 1.1e-05, 4e-06, 0.0, -1.2e-05, 0.84793, 0.530108, 0.374726, 3e-06, -0.530107, 0.84793, 0.0, 0.0, 0.0, 0.0, 1.0],
                [1.0, 1.1e-05, 4e-06, 0.0, -1.2e-05, 0.84793, 0.530108, 0.374726, 3e-06, -0.530107, 0.84793, 0.0, 0.0, 0.0, 0.0, 1.0],
                [1.0, 1.1e-05, 4e-06, 0.0, -1.2e-05, 0.84793, 0.530108, 0.374726, 3e-06, -0.530107, 0.84793, 0.0, 0.0, 0.0, 0.0, 1.0]
            ]
        },
        {
            "name": "Knee_L",
            "time": [0.0, 0.45],
            "transform": [
                [1.0, 0.0, -0.0, 0.0, -0.0, 0.00567, -0.999984, 0.434812, -0.0, 0.999984, 0.00567, -0.000341, 0.0, 0.0, 0.0, 1.0],
                [1.0, 0.0, -0.0, -0.0, -0.0, 0.00567, -0.999984, 0.377225, -0.0, 0.999984, 0.00567, -1.4e-05, 0.0, 0.0, 0.0, 1.0]
            ]
        },
        {
            "name": "Torso",
            "time": [0.0, 0.0167, 0.0333, 0.05, 0.0667, 0.0833, 0.1, 0.1167, 0.1333, 0.15, 0.1667, 0.1833, 0.2, 0.2167, 0.2333, 0.25, 0.2667, 0.2833, 0.3, 0.3167, 0.3333, 0.35, 0.3667, 0.3833, 0.4, 0.4167, 0.4333, 0.45],
            "transform": [
                [1.0, 0.0, 0.0, 0.0, 0.0, 0.94929, 0.314401, 0.05, 0.0, -0.314401, 0.94929, 0.0, 0.0, 0.0, 0.0, 1.0],
                [0.99994, -0.003446, 0.010405, 0.0, 0.0, 0.94929, 0.314401, 0.05, -0.010961, -0.314382, 0.949233, 0.0, 0.0, 0.0, 0.0, 1.0],
                [0.99912, -0.013184, 0.039806, 0.0, -0.0, 0.94929, 0.314401, 0.05, -0.041932, -0.314125, 0.948455, 0.0, 0.0, 0.0, 0.0, 1.0],
                [0.995934, -0.028324, 0.085521, 0.0, 0.0, 0.94929, 0.314401, 0.05, -0.090089, -0.313123, 0.94543, 0.0, 0.0, 0.0, 0.0, 1.0],
                [0.988314, -0.047925, 0.144702, 0.0, 0.0, 0.94929, 0.314401, 0.05, -0.152431, -0.310727, 0.938197, 0.0, 0.0, 0.0, 0.0, 1.0],
                [0.974227, -0.070919, 0.214131, 0.0, 0.0, 0.94929, 0.314401, 0.05, -0.22557, -0.306298, 0.924824, 0.0, 0.0, 0.0, 0.0, 1.0],
                [0.952143, -0.096098, 0.290154, 0.0, -0.0, 0.94929, 0.314401, 0.05, -0.305654, -0.299355, 0.90386, 0.0, 0.0, 0.0, 0.0, 1.0],
                [0.92145, -0.122144, 0.368796, 0.0, 0.0, 0.94929, 0.314401, 0.05, -0.388497, -0.289705, 0.874724, 0.0, 0.0, 0.0, 0.0, 1.0],
                [0.88273, -0.147731, 0.446052, 0.0, 0.0, 0.94929, 0.314401, 0.05, -0.46988, -0.277532, 0.837967, 0.0, 0.0, 0.0, 0.0, 1.0],
                [0.837814, -0.171649, 0.51827, 0.0, 0.0, 0.94929, 0.314401, 0.05, -0.545956, -0.26341, 0.795329, 0.0, 0.0, 0.0, 0.0, 1.0],
                [0.789608, -0.19292, 0.582495, 0.0, 0.0, 0.94929, 0.314401, 0.05, -0.613611, -0.248254, 0.749567, 0.0, 0.0, 0.0, 0.0, 1.0],
                [0.741746, -0.210863, 0.636671, 0.0, -0.0, 0.94929, 0.314401, 0.05, -0.670681, -0.233206, 0.704132, 0.0, 0.0, 0.0, 0.0, 1.0],
                [0.698181, -0.225087, 0.679617, 0.0, -0.0, 0.94929, 0.314401, 0.05, -0.715922, -0.219509, 0.662776, 0.0, 0.0, 0.0, 0.0, 1.0],
                [0.662826, -0.235415, 0.710803, 0.0, 0.0, 0.94929, 0.314401, 0.05, -0.748774, -0.208393, 0.629214, 0.0, 0.0, 0.0, 0.0, 1.0],
                [0.639312, -0.241758, 0.729955, 0.0, 0.0, 0.94929, 0.314401, 0.05, -0.768948, -0.201, 0.606892, 0.0, 0.0, 0.0, 0.0, 1.0],
                [0.630845, -0.243947, 0.736563, 0.0, -0.0, 0.94929, 0.314401, 0.05, -0.775909, -0.198339, 0.598855, 0.0, 0.0, 0.0, 0.0, 1.0],
                [0.630845, -0.243947, 0.736563, 0.0, 0.0, 0.94929, 0.314401, 0.05, -0.775909, -0.198339, 0.598855, 0.0, 0.0, 0.0, 0.0, 1.0],
                [0.630845, -0.243947, 0.736562, 0.0, -0.0, 0.94929, 0.314401, 0.05, -0.775909, -0.198339, 0.598855, 0.0, 0.0, 0.0, 0.0, 1.0],
                [0.630845, -0.243947, 0.736562, 0.0, 0.0, 0.94929, 0.314401, 0.05, -0.775909, -0.198339, 0.598855, 0.0, 0.0, 0.0, 0.0, 1.0],
                [0.630845, -0.243947, 0.736562, 0.0, 0.0, 0.94929, 0.314401, 0.05, -0.775909, -0.198339, 0.598855, 0.0, 0.0, 0.0, 0.0, 1.0],
                [0.630845, -0.243947, 0.736562, 0.0, 0.0, 0.94929, 0.314401, 0.05, -0.775909, -0.198339, 0.598855, 0.0, 0.0, 0.0, 0.0, 1.0],
                [0.630845, -0.243947, 0.736562, 0.0, 0.0, 0.94929, 0.314401, 0.05, -0.775909, -0.198339, 0.598855, 0.0, 0.0, 0.0, 0.0, 1.0],
                [0.630845, -0.243947, 0.736562, 0.0, 0.0, 0.94929, 0.314401, 0.05, -0.775909, -0.198339, 0.598855, 0.0, 0.0, 0.0, 0.0, 1.0],
                [0.630845, -0.243947, 0.736562, 0.0, 0.0, 0.94929, 0.314401, 0.05, -0.775909, -0.198339, 0.598855, 0.0, 0.0, 0.0, 0.0, 1.0],
                [0.630845, -0.243947, 0.736562, 0.0, 0.0, 0.94929, 0.314401, 0.05, -0.775909, -0.198339, 0.598855, 0.0, 0.0, 0.0, 0.0, 1.0],
                [0.630845, -0.243947, 0.736562, 0.0, 0.0, 0.94929, 0.314401, 0.05, -0.775909, -0.198339, 0.598855, 0.0, 0.0, 0.0, 0.0, 1.0],
                [0.630845, -0.243947, 0.736562, 0.0, 0.0, 0.94929, 0.314401, 0.05, -0.775909, -0.198339, 0.598855, 0.0, 0.0, 0.0, 0.0, 1.0],
                [0.630845, -0.243947, 0.736562, 0.0, 0.0, 0.94929, 0.314401, 0.05, -0.775909, -0.198339, 0.598855, 0.0, 0.0, 0.0, 0.0, 1.0]
            ]
        },
        {
            "name": "Chest",
            "time": [0.0, 0.0167, 0.0333, 0.05, 0.0667, 0.0833, 0.1, 0.1167, 0.1333, 0.15, 0.1667, 0.1833, 0.2, 0.2167, 0.2333, 0.25, 0.2667, 0.2833, 0.3, 0.3167, 0.3333, 0.35, 0.3667, 0.3833, 0.4, 0.4167, 0.4333, 0.45],
            "transform": [
                [1.0, 0.0, 0.0, -0.0, 0.0, 1.0, 0.0, 0.3, 0.0, 0.0, 1.0, 0.0, 0.0, 0.0, 0.0, 1.0],
                [1.0, -0.0, -0.0, -0.0, -0.0, 1.0, -0.0, 0.3, 0.0, -0.0, 1.0, -0.0, 0.0, 0.0, 0.0, 1.0],
                [1.0, 0.0, -0.0, 0.0, -0.0, 1.0, 0.0, 0.3, 0.0, 0.0, 1.0, 0.0, 0.0, 0.0, 0.0, 1.0],
                [1.0, 0.0, -0.0, 0.0, 0.0, 1.0, 0.0, 0.3, 0.0, 0.0, 1.0, 0.0, 0.0, 0.0, 0.0, 1.0],
                [1.0, 0.0, -0.0, 0.0, 0.0, 1.0, -0.0, 0.3, 0.0, 0.0, 1.0, -0.0, 0.0, 0.0, 0.0, 1.0],
                [1.0, 0.0, 0.0, -0.0, 0.0, 1.0, -0.0, 0.3, 0.0, 0.0, 1.0, -0.0, 0.0, 0.0, 0.0, 1.0],
                [1.0, 0.0, -0.0, -0.0, 0.0, 1.0, -0.0, 0.3, -0.0, 0.0, 1.0, 0.0, 0.0, 0.0, 0.0, 1.0],
                [1.0, -0.0, 0.0, -0.0, 0.0, 1.0, -0.0, 0.3, 0.0, 0.0, 1.0, -0.0, 0.0, 0.0, 0.0, 1.0],
                [1.0, 0.0, -0.0, 0.0, 0.0, 1.0, -0.0, 0.3, 0.0, 0.0, 1.0, 0.0, 0.0, 0.0, 0.0, 1.0],
                [1.0, -0.0, 0.0, -0.0, 0.0, 1.0, -0.0, 0.3, -0.0, 0.0, 1.0, 0.0, 0.0, 0.0, 0.0, 1.0],
                [1.0, -0.0, -0.0, -0.0, 0.0, 1.0, 0.0, 0.3, -0.0, 0.0, 1.0, 0.0, 0.0, 0.0, 0.0, 1.0],
                [1.0, 0.0, 0.0, 0.0, -0.0, 1.0, 0.0, 0.3, -0.0, 0.0, 1.0, 0.0, 0.0, 0.0, 0.0, 1.0],
                [1.0, 0.0, 0.0, 0.0, 0.0, 1.0, 0.0, 0.3, 0.0, -0.0, 1.0, -0.0, 0.0, 0.0, 0.0, 1.0],
                [1.0, 0.0, -0.0, -0.0, -0.0, 1.0, 0.0, 0.3, -0.0, 0.0, 1.0, 0.0, 0.0, 0.0, 0.0, 1.0],
                [1.0, 0.0, -0.0, -0.0, 0.0, 1.0, -0.0, 0.3, -0.0, -0.0, 1.0, 0.0, 0.0, 0.0, 0.0, 1.0],
                [1.0, 0.0, -0.0, 0.0, 0.0, 1.0, -0.0, 0.3, 0.0, 0.0, 1.0, 0.0, 0.0, 0.0, 0.0, 1.0],
                [1.0, 0.0, 0.0, 0.0, 0.0, 1.0, 0.0, 0.3, 0.0, 0.0, 1.0, 0.0, 0.0, 0.0, 0.0, 1.0],
                [1.0, 0.0, 0.0, 0.0, -0.0, 1.0, 0.0, 0.3, 0.0, 0.0, 1.0, 0.0, 0.0, 0.0, 0.0, 1.0],
                [1.0, 0.0, -0.0, 0.0, -0.0, 1.0, 0.0, 0.3, 0.0, -0.0, 1.0, 0.0, 0.0, 0.0, 0.0, 1.0],
                [1.0, -0.0, 0.0, 0.0, 0.0, 1.0, -0.0, 0.3, 0.0, 0.0, 1.0, 0.0, 0.0, 0.0, 0.0, 1.0],
                [1.0, -0.0, 0.0, 0.0, 0.0, 1.0, -0.0, 0.3, 0.0, 0.0, 1.0, 0.0, 0.0, 0.0, 0.0, 1.0],
                [1.0, -0.0, 0.0, 0.0, 0.0, 1.0, -0.0, 0.3, 0.0, 0.0, 1.0, 0.0, 0.0, 0.0, 0.0, 1.0],
                [1.0, -0.0, 0.0, 0.0, 0.0, 1.0, -0.0, 0.3, 0.0, 0.0, 1.0, 0.0, 0.0, 0.0, 0.0, 1.0],
                [1.0, -0.0, 0.0, 0.0, 0.0, 1.0, -0.0, 0.3, 0.0, 0.0, 1.0, 0.0, 0.0, 0.0, 0.0, 1.0],
                [1.0, -0.0, 0.0, 0.0, 0.0, 1.0, -0.0, 0.3, 0.0, 0.0, 1.0, 0.0, 0.0, 0.0, 0.0, 1.0],
                [1.0, -0.0, 0.0, 0.0, 0.0, 1.0, -0.0, 0.3, 0.0, 0.0, 1.0, 0.0, 0.0, 0.0, 0.0, 1.0],
                [1.0, -0.0, 0.0, 0.0, 0.0, 1.0, -0.0, 0.3, 0.0, 0.0, 1.0, 0.0, 0.0, 0.0, 0.0, 1.0],
                [1.0, -0.0, 0.0, 0.0, 0.0, 1.0, -0.0, 0.3, 0.0, 0.0, 1.0, 0.0, 0.0, 0.0, 0.0, 1.0]
            ]
        },
        {
            "name": "Head",
            "time": [0.0, 0.0167, 0.0333, 0.05, 0.0667, 0.0833, 0.1, 0.1167, 0.1333, 0.15, 0.1667, 0.1833, 0.2, 0.2167, 0.2333, 0.25, 0.2667, 0.2833, 0.3, 0.3167, 0.3333, 0.35, 0.3667, 0.3833, 0.4, 0.4167, 0.4333, 0.45],
            "transform": [
                [1.0, 0.0, 0.0, -0.0, 0.0, 0.976146, -0.217113, 0.4, 0.0, 0.217113, 0.976146, 0.0, 0.0, 0.0, 0.0, 1.0],
                [0.999948, 0.001029, -0.01016, -0.0, -0.003211, 0.976145, -0.217096, 0.4, 0.009694, 0.217118, 0.976097, -0.0, 0.0, 0.0, 0.0, 1.0],
                [0.999237, 0.003936, -0.038851, 0.0, -0.012277, 0.976122, -0.216874, 0.4, 0.03707, 0.217186, 0.975426, 0.0, 0.0, 0.0, 0.0, 1.0],
                [0.996478, 0.008452, -0.083424, -0.0, -0.026363, 0.976035, -0.216011, 0.4, 0.079599, 0.21745, 0.972821, 0.0, 0.0, 0.0, 0.0, 1.0],
                [0.989894, 0.014295, -0.14109, 0.0, -0.044586, 0.975826, -0.213951, 0.4, 0.134621, 0.21808, 0.966602, 0.0, 0.0, 0.0, 0.0, 1.0],
                [0.977741, 0.021149, -0.208749, -0.0, -0.065967, 0.975441, -0.21015, 0.4, 0.199178, 0.219243, 0.955124, 0.0, 0.0, 0.0, 0.0, 1.0],
                [0.95871, 0.028666, -0.282937, -0.0, -0.089411, 0.974838, -0.204197, 0.4, 0.269964, 0.221064, 0.93715, 0.0, 0.0, 0.0, 0.0, 1.0],
                [0.932268, 0.036466, -0.359927, -0.0, -0.113741, 0.974, -0.195926, 0.4, 0.343424, 0.223594, 0.912176, 0.0, 0.0, 0.0, 0.0, 1.0],
                [0.89888, 0.044169, -0.435963, -0.0, -0.137769, 0.972942, -0.185482, 0.4, 0.415974, 0.226789, 0.880643, 0.0, 0.0, 0.0, 0.0, 1.0],
                [0.860071, 0.051425, -0.507577, -0.0, -0.1604, 0.971712, -0.173343, 0.4, 0.484304, 0.230502, 0.84399, 0.0, 0.0, 0.0, 0.0, 1.0],
                [0.818291, 0.05794, -0.571877, 0.0, -0.180719, 0.970388, -0.160274, 0.4, 0.545657, 0.2345, 0.80453, 0.0, 0.0, 0.0, 0.0, 1.0],
                [0.776653, 0.063496, -0.626721, 0.0, -0.198051, 0.969068, -0.14725, 0.4, 0.597986, 0.238484, 0.765205, 0.0, 0.0, 0.0, 0.0, 1.0],
                [0.738601, 0.067953, -0.67071, 0.0, -0.211951, 0.967863, -0.135347, 0.4, 0.639957, 0.242125, 0.729266, 0.0, 0.0, 0.0, 0.0, 1.0],
                [0.707605, 0.071225, -0.70301, 0.0, -0.222159, 0.96688, -0.125651, 0.4, 0.670777, 0.245091, 0.699992, -0.0, 0.0, 0.0, 0.0, 1.0],
                [0.686929, 0.073253, -0.723024, -0.0, -0.228483, 0.966225, -0.119184, 0.4, 0.689873, 0.24707, 0.680465, 0.0, 0.0, 0.0, 0.0, 1.0],
                [0.679472, 0.073956, -0.729965, -0.0, -0.230677, 0.965989, -0.116852, 0.4, 0.696496, 0.247783, 0.673422, 0.0, 0.0, 0.0, 0.0, 1.0],
                [0.679472, 0.073956, -0.729965, -0.0, -0.230677, 0.965989, -0.116852, 0.4, 0.696496, 0.247783, 0.673422, -0.0, 0.0, 0.0, 0.0, 1.0],
                [0.679472, 0.073956, -0.729965, 0.0, -0.230677, 0.965989, -0.116851, 0.4, 0.696496, 0.247783, 0.673422, 0.0, 0.0, 0.0, 0.0, 1.0],
                [0.679472, 0.073956, -0.729965, 0.0, -0.230677, 0.965988, -0.116852, 0.4, 0.696496, 0.247783, 0.673422, 0.0, 0.0, 0.0, 0.0, 1.0],
                [0.679472, 0.073956, -0.729965, 0.0, -0.230677, 0.965989, -0.116852, 0.4, 0.696496, 0.247783, 0.673422, -0.0, 0.0, 0.0, 0.0, 1.0],
                [0.679472, 0.073956, -0.729965, 0.0, -0.230677, 0.965989, -0.116852, 0.4, 0.696496, 0.247783, 0.673422, -0.0, 0.0, 0.0, 0.0, 1.0],
                [0.679472, 0.073956, -0.729965, 0.0, -0.230677, 0.965989, -0.116852, 0.4, 0.696496, 0.247783, 0.673422, -0.0, 0.0, 0.0, 0.0, 1.0],
                [0.679472, 0.073956, -0.729965, 0.0, -0.230677, 0.965989, -0.116852, 0.4, 0.696496, 0.247783, 0.673422, -0.0, 0.0, 0.0, 0.0, 1.0],
                [0.679472, 0.073956, -0.729965, 0.0, -0.230677, 0.965989, -0.116852, 0.4, 0.696496, 0.247783, 0.673422, -0.0, 0.0, 0.0, 0.0, 1.0],
                [0.679472, 0.073956, -0.729965, 0.0, -0.230677, 0.965989, -0.116852, 0.4, 0.696496, 0.247783, 0.673422, -0.0, 0.0, 0.0, 0.0, 1.0],
                [0.679472, 0.073956, -0.729965, 0.0, -0.230677, 0.965989, -0.116852, 0.4, 0.696496, 0.247783, 0.673422, -0.0, 0.0, 0.0, 0.0, 1.0],
                [0.679472, 0.073956, -0.729965, 0.0, -0.230677, 0.965989, -0.116852, 0.4, 0.696496, 0.247783, 0.673422, -0.0, 0.0, 0.0, 0.0, 1.0],
                [0.679472, 0.073956, -0.729965, 0.0, -0.230677, 0.965989, -0.116852, 0.4, 0.696496, 0.247783, 0.673422, -0.0, 0.0, 0.0, 0.0, 1.0]
            ]
        },
        {
            "name": "Shoulder_R",
            "time": [0.0, 0.0167, 0.0333, 0.05, 0.0667, 0.0833, 0.1, 0.1167, 0.1333, 0.15, 0.1667, 0.1833, 0.2, 0.2167, 0.2333, 0.25, 0.2667, 0.2833, 0.3, 0.3167, 0.3333, 0.35, 0.3667, 0.3833, 0.4, 0.4167, 0.4333, 0.45],
            "transform": [
                [0.0, 0.952114, 0.305743, 0.0, 0.0, -0.305743, 0.952114, 0.4, 1.0, -0.0, -0.0, 0.0, 0.0, 0.0, 0.0, 1.0],
                [0.0, 0.952114, 0.305743, -0.0, -0.0, -0.305743, 0.952114, 0.4, 1.0, 0.0, 0.0, -0.0, 0.0, 0.0, 0.0, 1.0],
                [0.0, 0.952114, 0.305743, -0.0, 0.0, -0.305743, 0.952114, 0.4, 1.0, 0.0, -0.0, 0.0, 0.0, 0.0, 0.0, 1.0],
                [0.0, 0.952114, 0.305743, -0.0, -0.0, -0.305743, 0.952114, 0.4, 1.0, -0.0, 0.0, 0.0, 0.0, 0.0, 0.0, 1.0],
                [0.0, 0.952114, 0.305743, -0.0, -0.0, -0.305743, 0.952114, 0.4, 1.0, -0.0, -0.0, 0.0, 0.0, 0.0, 0.0, 1.0],
                [0.0, 0.952114, 0.305743, -0.0, -0.0, -0.305743, 0.952114, 0.4, 1.0, -0.0, -0.0, 0.0, 0.0, 0.0, 0.0, 1.0],
                [0.0, 0.952114, 0.305743, 0.0, -0.0, -0.305743, 0.952114, 0.4, 1.0, 0.0, -0.0, 0.0, 0.0, 0.0, 0.0, 1.0],
                [0.0, 0.952114, 0.305743, -0.0, -0.0, -0.305743, 0.952114, 0.4, 1.0, 0.0, 0.0, 0.0, 0.0, 0.0, 0.0, 1.0],
                [0.0, 0.952114, 0.305743, -0.0, -0.0, -0.305743, 0.952114, 0.4, 1.0, -0.0, -0.0, 0.0, 0.0, 0.0, 0.0, 1.0],
                [0.0, 0.952114, 0.305743, -0.0, -0.0, -0.305743, 0.952114, 0.4, 1.0, -0.0, -0.0, -0.0, 0.0, 0.0, 0.0, 1.0],
                [0.0, 0.952114, 0.305743, -0.0, -0.0, -0.305743, 0.952114, 0.4, 1.0, 0.0, -0.0, 0.0, 0.0, 0.0, 0.0, 1.0],
                [0.0, 0.952114, 0.305743, -0.0, -0.0, -0.305743, 0.952114, 0.4, 1.0, 0.0, -0.0, 0.0, 0.0, 0.0, 0.0, 1.0],
                [0.0, 0.952114, 0.305743, 0.0, 0.0, -0.305743, 0.952114, 0.4, 1.0, -0.0, 0.0, -0.0, 0.0, 0.0, 0.0, 1.0],
                [0.0, 0.952114, 0.305743, -0.0, 0.0, -0.305743, 0.952114, 0.4, 1.0, 0.0, -0.0, 0.0, 0.0, 0.0, 0.0, 1.0],
                [0.0, 0.952114, 0.305743, -0.0, -0.0, -0.305743, 0.952114, 0.4, 1.0, -0.0, -0.0, -0.0, 0.0, 0.0, 0.0, 1.0],
                [0.0, 0.952114, 0.305743, -0.0, 0.0, -0.305743, 0.952114, 0.4, 1.0, -0.0, 0.0, 0.0, 0.0, 0.0, 0.0, 1.0],
                [0.0, 0.952114, 0.305743, -0.0, -0.0, -0.305743, 0.952114, 0.4, 1.0, -0.0, -0.0, -0.0, 0.0, 0.0, 0.0, 1.0],
                [0.0, 0.952114, 0.305743, 0.0, -0.0, -0.305743, 0.952114, 0.4, 1.0, -0.0, -0.0, 0.0, 0.0, 0.0, 0.0, 1.0],
                [0.0, 0.952114, 0.305743, 0.0, -0.0, -0.305743, 0.952114, 0.4, 1.0, -0.0, -0.0, 0.0, 0.0, 0.0, 0.0, 1.0],
                [0.0, 0.952114, 0.305743, -0.0, -0.0, -0.305743, 0.952114, 0.4, 1.0, -0.0, -0.0, -0.0, 0.0, 0.0, 0.0, 1.0],
                [0.0, 0.952114, 0.305743, -0.0, -0.0, -0.305743, 0.952114, 0.4, 1.0, -0.0, -0.0, -0.0, 0.0, 0.0, 0.0, 1.0],
                [0.0, 0.952114, 0.305743, -0.0, -0.0, -0.305743, 0.952114, 0.4, 1.0, -0.0, -0.0, -0.0, 0.0, 0.0, 0.0, 1.0],
                [0.0, 0.952114, 0.305743, -0.0, -0.0, -0.305743, 0.952114, 0.4, 1.0, -0.0, -0.0, -0.0, 0.0, 0.0, 0.0, 1.0],
                [0.0, 0.952114, 0.305743, -0.0, -0.0, -0.305743, 0.952114, 0.4, 1.0, -0.0, -0.0, -0.0, 0.0, 0.0, 0.0, 1.0],
                [0.0, 0.952114, 0.305743, -0.0, -0.0, -0.305743, 0.952114, 0.4, 1.0, -0.0, -0.0, -0.0, 0.0, 0.0, 0.0, 1.0],
                [0.0, 0.952114, 0.305743, -0.0, -0.0, -0.305743, 0.952114, 0.4, 1.0, -0.0, -0.0, -0.0, 0.0, 0.0, 0.0, 1.0],
                [0.0, 0.952114, 0.305743, -0.0, -0.0, -0.305743, 0.952114, 0.4, 1.0, -0.0, -0.0, -0.0, 0.0, 0.0, 0.0, 1.0],
                [0.0, 0.952114, 0.305743, -0.0, -0.0, -0.305743, 0.952114, 0.4, 1.0, -0.0, -0.0, -0.0, 0.0, 0.0, 0.0, 1.0]
            ]
        },
        {
            "name": "Arm_R",
            "time": [0.0, 0.0167, 0.0333, 0.05, 0.0667, 0.0833, 0.1, 0.1167, 0.1333, 0.15, 0.1667, 0.1833, 0.2, 0.2167, 0.2333, 0.25, 0.2667, 0.2833, 0.3, 0.3167, 0.3333, 0.35, 0.3667, 0.3833, 0.4, 0.4167, 0.4333, 0.45],
            "transform": [
                [0.76846, 0.232153, -0.596301, -0.0, 0.341731, 0.63897, 0.689158, 0.393861, 0.541008, -0.733364, 0.411689, 0.0, 0.0, 0.0, 0.0, 1.0],
                [0.767301, 0.231009, -0.598234, 0.0, 0.343267, 0.640016, 0.687422, 0.393861, 0.541679, -0.732813, 0.411787, -0.0, 0.0, 0.0, 0.0, 1.0],
                [0.765721, 0.225803, -0.602233, -0.0, 0.346351, 0.644223, 0.681922, 0.39386, 0.541953, -0.730746, 0.415088, -0.0, 0.0, 0.0, 0.0, 1.0],
                [0.76676, 0.212451, -0.605759, 0.0, 0.347905, 0.655511, 0.670274, 0.39386, 0.539482, -0.724686, 0.428707, 0.0, 0.0, 0.0, 0.0, 1.0],
                [0.772908, 0.185353, -0.606841, -0.0, 0.344676, 0.680331, 0.646799, 0.393861, 0.532739, -0.70908, 0.461947, 0.0, 0.0, 0.0, 0.0, 1.0],
                [0.785435, 0.136097, -0.603795, 0.0, 0.334074, 0.728005, 0.598669, 0.39386, 0.521043, -0.671928, 0.526334, 0.0, 0.0, 0.0, 0.0, 1.0],
                [0.80426, 0.034129, -0.593297, 0.0, 0.314722, 0.822395, 0.473939, 0.39386, 0.504099, -0.567893, 0.650677, -0.0, 0.0, 0.0, 0.0, 1.0],
                [0.828341, -0.040149, -0.558783, 0.0, 0.286683, 0.887316, 0.361226, 0.39386, 0.481315, -0.459412, 0.74651, -0.0, 0.0, 0.0, 0.0, 1.0],
                [0.820667, -0.070725, -0.567013, -0.0, 0.289161, 0.907274, 0.305352, 0.393861, 0.49284, -0.41455, 0.765021, -0.0, 0.0, 0.0, 0.0, 1.0],
                [0.732134, -0.135789, -0.667489, -0.0, 0.341337, 0.921151, 0.187004, 0.39386, 0.589465, -0.36475, 0.720755, -0.0, 0.0, 0.0, 0.0, 1.0],
                [0.558619, 0.00782, -0.829388, 0.0, 0.378432, 0.887405, 0.263253, 0.39386, 0.738061, -0.460925, 0.492762, -0.0, 0.0, 0.0, 0.0, 1.0],
                [0.394588, -0.011546, -0.918786, -0.0, 0.342265, 0.92981, 0.135308, 0.39386, 0.852734, -0.367859, 0.370843, -0.0, 0.0, 0.0, 0.0, 1.0],
                [0.313695, -0.137162, -0.939565, -0.0, 0.262431, 0.963492, -0.053036, 0.393861, 0.912538, -0.229934, 0.338238, -0.0, 0.0, 0.0, 0.0, 1.0],
                [0.29223, -0.313457, -0.903519, 0.0, 0.183832, 0.945553, -0.268582, 0.39386, 0.938513, -0.087608, 0.333942, 0.0, 0.0, 0.0, 0.0, 1.0],
                [0.292556, -0.480727, -0.826627, -0.0, 0.129129, 0.876391, -0.463967, 0.39386, 0.94749, 0.028995, 0.318469, 0.0, 0.0, 0.0, 0.0, 1.0],
                [0.2946, -0.565428, -0.770391, 0.0, 0.109086, 0.820797, -0.560708, 0.393861, 0.949374, 0.081146, 0.303487, -0.0, 0.0, 0.0, 0.0, 1.0],
                [0.2946, -0.565428, -0.770391, -0.0, 0.109086, 0.820797, -0.560708, 0.393861, 0.949374, 0.081146, 0.303487, 0.0, 0.0, 0.0, 0.0, 1.0],
