{
    "animation": [
        {
            "name": "Root",
            "time": [0.0, 0.0167, 0.0333, 0.05, 0.0667, 0.0833, 0.1, 0.1167, 0.1333, 0.15, 0.1667, 0.1833, 0.2, 0.2167, 0.2333, 0.25, 0.2667, 0.2833, 0.3, 0.3167, 0.3333, 0.35, 0.3667, 0.3833, 0.4, 0.4167, 0.4333, 0.45],
            "transform": [
                [1.0, 0.0, 0.0, -5e-06, 0.0, 0.0, -1.0, 0.000946, 0.0, 1.0, 0.0, 0.679288, 0.0, 0.0, 0.0, 1.0],
                [1.0, 0.0, 0.0, -5e-06, 0.0, 0.0, -1.0, 0.017201, 0.0, 1.0, 0.0, 0.684339, 0.0, 0.0, 0.0, 1.0],
                [1.0, 0.0, 0.0, -5e-06, 0.0, 0.0, -1.0, 0.061476, 0.0, 1.0, 0.0, 0.698134, 0.0, 0.0, 0.0, 1.0],
                [1.0, 0.0, 0.0, -5e-06, 0.0, 0.0, -1.0, 0.127039, 0.0, 1.0, 0.0, 0.718639, 0.0, 0.0, 0.0, 1.0],
                [1.0, 0.0, 0.0, -5e-06, 0.0, 0.0, -1.0, 0.207155, 0.0, 1.0, 0.0, 0.74382, 0.0, 0.0, 0.0, 1.0],
                [1.0, 0.0, 0.0, -5e-06, 0.0, 0.0, -1.0, 0.295092, 0.0, 1.0, 0.0, 0.771642, 0.0, 0.0, 0.0, 1.0],
                [1.0, 0.0, 0.0, -5e-06, 0.0, 0.0, -1.0, 0.384116, 0.0, 1.0, 0.0, 0.800071, 0.0, 0.0, 0.0, 1.0],
                [1.0, 0.0, 0.0, -5e-06, 0.0, 0.0, -1.0, 0.46937, 0.0, 1.0, 0.0, 0.827131, 0.0, 0.0, 0.0, 1.0],
                [1.0, 0.0, 0.0, -5e-06, 0.0, 0.0, -1.0, 0.553507, 0.0, 1.0, 0.0, 0.851091, 0.0, 0.0, 0.0, 1.0],
                [1.0, 0.0, 0.0, -5e-06, 0.0, 0.0, -1.0, 0.641053, 0.0, 1.0, 0.0, 0.870277, 0.0, 0.0, 0.0, 1.0],
                [1.0, 0.0, 0.0, -5e-06, 0.0, 0.0, -1.0, 0.736537, 0.0, 1.0, 0.0, 0.883015, 0.0, 0.0, 0.0, 1.0],
                [1.0, 0.0, 0.0, -5e-06, 0.0, 0.0, -1.0, 0.844487, 0.0, 1.0, 0.0, 0.887633, 0.0, 0.0, 0.0, 1.0],
                [1.0, 0.0, 0.0, -5e-06, 0.0, 0.0, -1.0, 0.966001, 0.0, 1.0, 0.0, 0.874551, 0.0, 0.0, 0.0, 1.0],
                [1.0, 0.0, 0.0, -5e-06, 0.0, 0.0, -1.0, 1.088456, 0.0, 1.0, 0.0, 0.843356, 0.0, 0.0, 0.0, 1.0],
                [1.0, 0.0, 0.0, -5e-06, 0.0, 0.0, -1.0, 1.195799, 0.0, 1.0, 0.0, 0.806122, 0.0, 0.0, 0.0, 1.0],
                [1.0, 0.0, 0.0, -5e-06, 0.0, 0.0, -1.0, 1.271977, 0.0, 1.0, 0.0, 0.774927, 0.0, 0.0, 0.0, 1.0],
                [1.0, 0.0, 0.0, -5e-06, 0.0, 0.0, -1.0, 1.300937, 0.0, 1.0, 0.0, 0.761845, 0.0, 0.0, 0.0, 1.0],
                [1.0, 0.0, 0.0, -5e-06, 0.0, 0.0, -1.0, 1.300937, 0.0, 1.0, 0.0, 0.761845, 0.0, 0.0, 0.0, 1.0],
                [1.0, 0.0, 0.0, -5e-06, 0.0, 0.0, -1.0, 1.300937, 0.0, 1.0, 0.0, 0.761845, 0.0, 0.0, 0.0, 1.0],
                [1.0, 0.0, 0.0, -5e-06, 0.0, 0.0, -1.0, 1.300937, 0.0, 1.0, 0.0, 0.761845, 0.0, 0.0, 0.0, 1.0],
                [1.0, 0.0, 0.0, -5e-06, 0.0, 0.0, -1.0, 1.300937, 0.0, 1.0, 0.0, 0.761845, 0.0, 0.0, 0.0, 1.0],
                [1.0, 0.0, 0.0, -5e-06, 0.0, 0.0, -1.0, 1.300937, 0.0, 1.0, 0.0, 0.761845, 0.0, 0.0, 0.0, 1.0],
                [1.0, 0.0, 0.0, -5e-06, 0.0, 0.0, -1.0, 1.300937, 0.0, 1.0, 0.0, 0.761845, 0.0, 0.0, 0.0, 1.0],
                [1.0, 0.0, 0.0, -5e-06, 0.0, 0.0, -1.0, 1.300937, 0.0, 1.0, 0.0, 0.761845, 0.0, 0.0, 0.0, 1.0],
                [1.0, 0.0, 0.0, -5e-06, 0.0, 0.0, -1.0, 1.300937, 0.0, 1.0, 0.0, 0.761845, 0.0, 0.0, 0.0, 1.0],
                [1.0, 0.0, 0.0, -5e-06, 0.0, 0.0, -1.0, 1.300937, 0.0, 1.0, 0.0, 0.761845, 0.0, 0.0, 0.0, 1.0],
                [1.0, 0.0, 0.0, -5e-06, 0.0, 0.0, -1.0, 1.300937, 0.0, 1.0, 0.0, 0.761845, 0.0, 0.0, 0.0, 1.0],
                [1.0, 0.0, 0.0, -5e-06, 0.0, 0.0, -1.0, 1.300937, 0.0, 1.0, 0.0, 0.761845, 0.0, 0.0, 0.0, 1.0]
            ]
        },
        {
            "name": "Thigh_R",
            "time": [0.0, 0.0167, 0.0333, 0.05, 0.0667, 0.0833, 0.1, 0.1167, 0.1333, 0.15, 0.1667, 0.1833, 0.2, 0.2167, 0.2333, 0.25, 0.2667, 0.2833, 0.3, 0.3167, 0.3333, 0.35, 0.3667, 0.3833, 0.4, 0.4167, 0.4333, 0.45],
            "transform": [
                [0.98779, 0.151474, 0.036433, 0.124994, 0.141764, -0.970899, 0.193032, -0.002831, 0.064612, -0.18551, -0.980516, -1.2e-05, 0.0, 0.0, 0.0, 1.0],
                [0.989336, 0.13981, 0.040841, 0.124994, 0.132344, -0.979973, 0.148795, -0.002831, 0.060826, -0.141803, -0.988024, -1.2e-05, 0.0, 0.0, 0.0, 1.0],
                [0.992873, 0.109497, 0.047055, 0.124994, 0.108064, -0.99363, 0.032001, -0.002831, 0.050259, -0.026688, -0.99838, -1.2e-05, 0.0, 0.0, 0.0, 1.0],
                [0.996596, 0.069193, 0.044817, 0.124994, 0.074799, -0.987506, -0.138703, -0.002831, 0.034659, 0.141583, -0.989319, -1.2e-05, 0.0, 0.0, 0.0, 1.0],
                [0.99906, 0.030472, 0.030838, 0.124994, 0.039596, -0.931009, -0.362847, -0.002831, 0.017654, 0.363727, -0.931338, -1.2e-05, 0.0, 0.0, 0.0, 1.0],
                [0.999924, 0.007475, 0.009839, 0.124994, 0.011501, -0.854099, -0.519984, -0.002831, 0.004516, 0.520058, -0.854119, -1.2e-05, 0.0, 0.0, 0.0, 1.0],
                [1.0, 0.00034, -0.000113, 0.124994, 0.000227, -0.84572, -0.533629, -0.002831, -0.000277, 0.533629, -0.845719, -1.2e-05, 0.0, 0.0, 0.0, 1.0],
                [1.0, 0.000302, -0.000218, 0.124994, 0.00027, -0.99062, -0.136655, -0.002831, -0.000257, 0.136655, -0.990619, -1.2e-05, 0.0, 0.0, 0.0, 1.0],
                [1.0, 0.000249, -0.000367, 0.124994, 0.000355, -0.944899, 0.327364, -0.002831, -0.000265, -0.327364, -0.944898, -1.2e-05, 0.0, 0.0, 0.0, 1.0],
                [1.0, 0.000111, -0.000565, 0.124994, 0.000491, -0.674978, 0.737838, -0.002831, -0.000299, -0.737839, -0.674978, -1.2e-05, 0.0, 0.0, 0.0, 1.0],
                [1.0, -9.7e-05, -0.000758, 0.124994, 0.000679, -0.340939, 0.940085, -0.002831, -0.00035, -0.940086, -0.340939, -1.2e-05, 0.0, 0.0, 0.0, 1.0],
                [1.0, -0.000206, -0.000912, 0.124994, 0.00085, -0.205869, 0.978579, -0.002831, -0.000389, -0.978581, -0.205869, -1.2e-05, 0.0, 0.0, 0.0, 1.0],
                [0.999368, -0.004087, -0.035323, 0.124994, 0.032788, -0.278556, 0.95986, -0.002831, -0.013762, -0.960413, -0.278246, -1.2e-05, 0.0, 0.0, 0.0, 1.0],
                [0.994977, 0.007323, -0.099835, 0.124994, 0.09239, -0.451072, 0.887693, -0.002831, -0.038533, -0.892459, -0.449483, -1.2e-05, 0.0, 0.0, 0.0, 1.0],
                [0.988503, 0.047287, -0.143618, 0.124994, 0.139195, -0.655548, 0.742215, -0.002831, -0.059051, -0.753674, -0.654592, -1.2e-05, 0.0, 0.0, 0.0, 1.0],
                [0.983586, 0.109555, -0.143371, 0.124994, 0.165507, -0.864266, 0.475031, -0.002831, -0.071869, -0.490963, -0.868211, -1.2e-05, 0.0, 0.0, 0.0, 1.0],
                [0.981755, 0.120078, -0.147437, 0.124994, 0.174082, -0.87953, 0.44286, -0.002831, -0.076497, -0.460447, -0.884385, -1.2e-05, 0.0, 0.0, 0.0, 1.0],
                [0.981755, 0.120078, -0.147437, 0.124994, 0.174082, -0.87953, 0.44286, -0.002831, -0.076497, -0.460447, -0.884385, -1.2e-05, 0.0, 0.0, 0.0, 1.0],
                [0.981755, 0.120078, -0.147437, 0.124994, 0.174082, -0.87953, 0.44286, -0.002831, -0.076497, -0.460447, -0.884385, -1.2e-05, 0.0, 0.0, 0.0, 1.0],
                [0.981755, 0.120078, -0.147437, 0.124994, 0.174082, -0.87953, 0.44286, -0.002831, -0.076497, -0.460447, -0.884385, -1.2e-05, 0.0, 0.0, 0.0, 1.0],
                [0.981755, 0.120078, -0.147437, 0.124994, 0.174082, -0.87953, 0.44286, -0.002831, -0.076497, -0.460447, -0.884385, -1.2e-05, 0.0, 0.0, 0.0, 1.0],
                [0.981755, 0.120078, -0.147437, 0.124994, 0.174082, -0.87953, 0.44286, -0.002831, -0.076497, -0.460447, -0.884385, -1.2e-05, 0.0, 0.0, 0.0, 1.0],
                [0.981755, 0.120078, -0.147437, 0.124994, 0.174082, -0.87953, 0.44286, -0.002831, -0.076497, -0.460447, -0.884385, -1.2e-05, 0.0, 0.0, 0.0, 1.0],
                [0.981755, 0.120078, -0.147437, 0.124994, 0.174082, -0.87953, 0.44286, -0.002831, -0.076497, -0.460447, -0.884385, -1.2e-05, 0.0, 0.0, 0.0, 1.0],
                [0.981755, 0.120078, -0.147437, 0.124994, 0.174082, -0.87953, 0.44286, -0.002831, -0.076497, -0.460447, -0.884385, -1.2e-05, 0.0, 0.0, 0.0, 1.0],
                [0.981755, 0.120078, -0.147437, 0.124994, 0.174082, -0.87953, 0.44286, -0.002831, -0.076497, -0.460447, -0.884385, -1.2e-05, 0.0, 0.0, 0.0, 1.0],
                [0.981755, 0.120078, -0.147437, 0.124994, 0.174082, -0.87953, 0.44286, -0.002831, -0.076497, -0.460447, -0.884385, -1.2e-05, 0.0, 0.0, 0.0, 1.0],
                [0.981755, 0.120078, -0.147437, 0.124994, 0.174082, -0.87953, 0.44286, -0.002831, -0.076497, -0.460447, -0.884385, -1.2e-05, 0.0, 0.0, 0.0, 1.0]
            ]
        },
        {
            "name": "Leg_R",
            "time": [0.0, 0.0167, 0.0333, 0.05, 0.0667, 0.0833, 0.1, 0.1167, 0.1333, 0.15, 0.1667, 0.1833, 0.2, 0.2167, 0.2333, 0.25, 0.2667, 0.2833, 0.3, 0.3167, 0.3333, 0.35, 0.3667, 0.3833, 0.4, 0.4167, 0.4333, 0.45],
            "transform": [
                [1.0, 1.9e-05, 1.2e-05, -0.0, -2e-05, 0.503731, 0.863859, 0.374726, 1.1e-05, -0.863862, 0.503731, -0.0, 0.0, 0.0, 0.0, 1.0],
                [1.0, 1.7e-05, 1e-05, 0.0, -1.7e-05, 0.545291, 0.838245, 0.374726, 9e-06, -0.838248, 0.545292, -0.0, 0.0, 0.0, 0.0, 1.0],
                [1.0, 1.5e-05, 8e-06, -0.0, -1.6e-05, 0.654466, 0.756091, 0.374726, 7e-06, -0.756093, 0.654466, -0.0, 0.0, 0.0, 0.0, 1.0],
                [1.0, 1.2e-05, 5e-06, -0.0, -1.3e-05, 0.806384, 0.591392, 0.374726, 3e-06, -0.591393, 0.806384, -0.0, 0.0, 0.0, 0.0, 1.0],
                [1.0, 6e-06, 2e-06, 0.0, -6e-06, 0.962203, 0.272332, 0.374726, 0.0, -0.272333, 0.962203, -0.0, 0.0, 0.0, 0.0, 1.0],
                [1.0, 0.0, 1e-06, 0.0, -0.0, 0.999999, 0.001461, 0.374726, -1e-06, -0.001461, 0.999999, -0.0, 0.0, 0.0, 0.0, 1.0],
                [1.0, 0.0, 1e-06, 0.0, -0.0, 0.999999, 0.001461, 0.374726, -1e-06, -0.00146, 0.999999, -0.0, 0.0, 0.0, 0.0, 1.0],
                [1.0, 1.4e-05, 6e-06, 0.0, -1.5e-05, 0.737593, 0.675244, 0.374726, 5e-06, -0.675246, 0.737593, -0.0, 0.0, 0.0, 0.0, 1.0],
                [1.0, 2e-05, 1.6e-05, -0.0, -2.1e-05, 0.252285, 0.967652, 0.374726, 1.5e-05, -0.967654, 0.252285, 0.0, 0.0, 0.0, 0.0, 1.0],
                [1.0, 2.1e-05, 2.3e-05, -0.0, -2.2e-05, -0.073813, 0.997271, 0.374726, 2.3e-05, -0.997273, -0.073813, 0.0, 0.0, 0.0, 0.0, 1.0],
                [1.0, 2.1e-05, 2.3e-05, -0.0, -2.2e-05, -0.082707, 0.996573, 0.374726, 2.3e-05, -0.996575, -0.082707, 0.0, 0.0, 0.0, 0.0, 1.0],
                [1.0, 2.1e-05, 1.9e-05, 0.0, -2.1e-05, 0.145842, 0.989307, 0.374726, 1.8e-05, -0.989309, 0.145842, -0.0, 0.0, 0.0, 0.0, 1.0],
                [1.0, 1.9e-05, 1.3e-05, 0.0, -2e-05, 0.419953, 0.907545, 0.374726, 1.2e-05, -0.907547, 0.419953, 0.0, 0.0, 0.0, 0.0, 1.0],
                [1.0, 1.6e-05, 8e-06, 0.0, -1.6e-05, 0.658388, 0.752677, 0.374726, 7e-06, -0.752679, 0.658388, -0.0, 0.0, 0.0, 0.0, 1.0],
                [1.0, 1.1e-05, 4e-06, -0.0, -1.1e-05, 0.865499, 0.50091, 0.374726, 2e-06, -0.500911, 0.865499, -0.0, 0.0, 0.0, 0.0, 1.0],
                [1.0, 0.0, 1e-06, 0.0, 0.0, 0.999999, 0.001461, 0.374726, -1e-06, -0.00146, 0.999999, -0.0, 0.0, 0.0, 0.0, 1.0],
                [1.0, 0.0, 1e-06, -0.0, -0.0, 0.999999, 0.001462, 0.374726, -1e-06, -0.001462, 0.999999, 0.0, 0.0, 0.0, 0.0, 1.0],
                [1.0, 0.0, 1e-06, -0.0, -0.0, 0.999999, 0.001462, 0.374726, -1e-06, -0.001462, 0.999999, 0.0, 0.0, 0.0, 0.0, 1.0],
                [1.0, 0.0, 1e-06, -0.0, -0.0, 0.999999, 0.001462, 0.374726, -1e-06, -0.001461, 0.999999, -0.0, 0.0, 0.0, 0.0, 1.0],
                [1.0, 0.0, 1e-06, -0.0, 0.0, 0.999999, 0.001462, 0.374726, -1e-06, -0.001462, 0.999999, 0.0, 0.0, 0.0, 0.0, 1.0],
                [1.0, 0.0, 1e-06, -0.0, 0.0, 0.999999, 0.001462, 0.374726, -1e-06, -0.001462, 0.999999, 0.0, 0.0, 0.0, 0.0, 1.0],
                [1.0, 0.0, 1e-06, -0.0, 0.0, 0.999999, 0.001462, 0.374726, -1e-06, -0.001462, 0.999999, 0.0, 0.0, 0.0, 0.0, 1.0],
                [1.0, -0.0, 1e-06, -0.0, -0.0, 0.999999, 0.001462, 0.374726, -1e-06, -0.001461, 0.999998, 0.0, 0.0, 0.0, 0.0, 1.0],
                [1.0, 0.0, 1e-06, -0.0, -0.0, 0.999999, 0.001462, 0.374726, -1e-06, -0.001461, 0.999999, 0.0, 0.0, 0.0, 0.0, 1.0],
                [1.0, 0.0, 1e-06, -0.0, -0.0, 0.999999, 0.001462, 0.374726, -1e-06, -0.001462, 0.999999, -0.0, 0.0, 0.0, 0.0, 1.0],
                [1.0, 0.0, 1e-06, -0.0, 0.0, 0.999999, 0.001462, 0.374726, -1e-06, -0.001462, 0.999998, 0.0, 0.0, 0.0, 0.0, 1.0],
                [1.0, 0.0, 1e-06, -0.0, -0.0, 0.999999, 0.001462, 0.374726, -1e-06, -0.001461, 0.999999, 0.0, 0.0, 0.0, 0.0, 1.0],
                [1.0, 0.0, 1e-06, -0.0, -0.0, 0.999999, 0.001462, 0.374726, -1e-06, -0.001462, 0.999999, -0.0, 0.0, 0.0, 0.0, 1.0]
            ]
        },
        {
            "name": "Knee_R",
            "time": [0.0, 0.45],
            "transform": [
                [1.0, 0.0, -0.0, 0.0, -0.0, 0.00567, -0.999984, 0.428081, -0.0, 0.999984, 0.00567, -0.000303, 0.0, 0.0, 0.0, 1.0],
                [1.0, 0.0, -0.0, -0.0, -0.0, 0.00567, -0.999984, 0.374726, -0.0, 0.999984, 0.00567, -0.0, 0.0, 0.0, 0.0, 1.0]
            ]
        },
        {
            "name": "Thigh_L",
            "time": [0.0, 0.0167, 0.0333, 0.05, 0.0667, 0.0833, 0.1, 0.1167, 0.1333, 0.15, 0.1667, 0.1833, 0.2, 0.2167, 0.2333, 0.25, 0.2667, 0.2833, 0.3, 0.3167, 0.3333, 0.35, 0.3667, 0.3833, 0.4, 0.4167, 0.4333, 0.45],
            "transform": [
                [0.967043, -0.240922, 0.082375, -0.125006, -0.239083, -0.747949, 0.619203, -0.002831, -0.087568, -0.61849, -0.780899, -1.2e-05, 0.0, 0.0, 0.0, 1.0],
                [0.970637, -0.230076, 0.070205, -0.125006, -0.225862, -0.771279, 0.595077, -0.002831, -0.082765, -0.59346, -0.800597, -1.2e-05, 0.0, 0.0, 0.0, 1.0],
                [0.978915, -0.199526, 0.04375, -0.125006, -0.1921, -0.826434, 0.529252, -0.002831, -0.069443, -0.526497, -0.847337, -1.2e-05, 0.0, 0.0, 0.0, 1.0],
                [0.987976, -0.153483, 0.018626, -0.125006, -0.146331, -0.889385, 0.433109, -0.002831, -0.049909, -0.430627, -0.90115, -1.2e-05, 0.0, 0.0, 0.0, 1.0],
                [0.994752, -0.102174, 0.005471, -0.125006, -0.098249, -0.938871, 0.329954, -0.002831, -0.028576, -0.32876, -0.943981, -1.2e-05, 0.0, 0.0, 0.0, 1.0],
                [0.998141, -0.060815, 0.00413, -0.125006, -0.059837, -0.964669, 0.256586, -0.002831, -0.01162, -0.256356, -0.966513, -1.2e-05, 0.0, 0.0, 0.0, 1.0],
                [0.998996, -0.044233, 0.007042, -0.125006, -0.044561, -0.965609, 0.256157, -0.002831, -0.004531, -0.256214, -0.96661, -1.2e-05, 0.0, 0.0, 0.0, 1.0],
                [0.998937, -0.041996, 0.018982, -0.125006, -0.045989, -0.881568, 0.469813, -0.002831, -0.002996, -0.470187, -0.882562, -1.2e-05, 0.0, 0.0, 0.0, 1.0],
                [0.998773, -0.030645, 0.038903, -0.125006, -0.04952, -0.60832, 0.792147, -0.002831, -0.00061, -0.793102, -0.60909, -1.2e-05, 0.0, 0.0, 0.0, 1.0],
                [0.998388, -0.013704, 0.05507, -0.125006, -0.056677, -0.289801, 0.955408, -0.002831, 0.002867, -0.95699, -0.29011, -1.2e-05, 0.0, 0.0, 0.0, 1.0],
                [0.997731, -0.003556, 0.067228, -0.125006, -0.066969, -0.154539, 0.985715, -0.002831, 0.006884, -0.987981, -0.154427, -1.2e-05, 0.0, 0.0, 0.0, 1.0],
                [0.997427, -0.000274, 0.071686, -0.125006, -0.071236, -0.115722, 0.990725, -0.002831, 0.008024, -0.993283, -0.115444, -1.2e-05, 0.0, 0.0, 0.0, 1.0],
                [0.995432, -0.000781, 0.095465, -0.125006, -0.09406, -0.179137, 0.979318, -0.002831, 0.016336, -0.983825, -0.178392, -1.2e-05, 0.0, 0.0, 0.0, 1.0],
                [0.990866, -0.023436, 0.132801, -0.125006, -0.131407, -0.388999, 0.911819, -0.002831, 0.03029, -0.920941, -0.388525, -1.2e-05, 0.0, 0.0, 0.0, 1.0],
                [0.986445, -0.070001, 0.148415, -0.125006, -0.158851, -0.634182, 0.75669, -0.002831, 0.041153, -0.770009, -0.636705, -1.2e-05, 0.0, 0.0, 0.0, 1.0],
                [0.983489, -0.115543, 0.139283, -0.125006, -0.174497, -0.809472, 0.560631, -0.002831, 0.047969, -0.575679, -0.816268, -1.2e-05, 0.0, 0.0, 0.0, 1.0],
                [0.982407, -0.135498, 0.128522, -0.125006, -0.179802, -0.872265, 0.454781, -0.002831, 0.050483, -0.469889, -0.881281, -1.2e-05, 0.0, 0.0, 0.0, 1.0],
                [0.982407, -0.135497, 0.128522, -0.125006, -0.179802, -0.872265, 0.454781, -0.002831, 0.050483, -0.469889, -0.881281, -1.2e-05, 0.0, 0.0, 0.0, 1.0],
                [0.982407, -0.135497, 0.128522, -0.125006, -0.179802, -0.872265, 0.454781, -0.002831, 0.050483, -0.469889, -0.881281, -1.2e-05, 0.0, 0.0, 0.0, 1.0],
                [0.982407, -0.135497, 0.128522, -0.125006, -0.179802, -0.872265, 0.454781, -0.002831, 0.050483, -0.469889, -0.881281, -1.2e-05, 0.0, 0.0, 0.0, 1.0],
                [0.982407, -0.135497, 0.128522, -0.125006, -0.179802, -0.872265, 0.454781, -0.002831, 0.050483, -0.469889, -0.881281, -1.2e-05, 0.0, 0.0, 0.0, 1.0],
                [0.982407, -0.135497, 0.128522, -0.125006, -0.179802, -0.872265, 0.454781, -0.002831, 0.050483, -0.469889, -0.881281, -1.2e-05, 0.0, 0.0, 0.0, 1.0],
                [0.982407, -0.135497, 0.128522, -0.125006, -0.179802, -0.872265, 0.454781, -0.002831, 0.050483, -0.469889, -0.881281, -1.2e-05, 0.0, 0.0, 0.0, 1.0],
                [0.982407, -0.135497, 0.128522, -0.125006, -0.179802, -0.872265, 0.454781, -0.002831, 0.050483, -0.469889, -0.881281, -1.2e-05, 0.0, 0.0, 0.0, 1.0],
                [0.982407, -0.135497, 0.128522, -0.125006, -0.179802, -0.872265, 0.454781, -0.002831, 0.050483, -0.469889, -0.881281, -1.2e-05, 0.0, 0.0, 0.0, 1.0],
                [0.982407, -0.135497, 0.128522, -0.125006, -0.179802, -0.872265, 0.454781, -0.002831, 0.050483, -0.469889, -0.881281, -1.2e-05, 0.0, 0.0, 0.0, 1.0],
                [0.982407, -0.135497, 0.128522, -0.125006, -0.179802, -0.872265, 0.454781, -0.002831, 0.050483, -0.469889, -0.881281, -1.2e-05, 0.0, 0.0, 0.0, 1.0],
                [0.982407, -0.135497, 0.128522, -0.125006, -0.179802, -0.872265, 0.454781, -0.002831, 0.050483, -0.469889, -0.881281, -1.2e-05, 0.0, 0.0, 0.0, 1.0]
            ]
        },
        {
            "name": "Leg_L",
            "time": [0.0, 0.0167, 0.0333, 0.05, 0.0667, 0.0833, 0.1, 0.1167, 0.1333, 0.15, 0.1667, 0.1833, 0.2, 0.2167, 0.2333, 0.25, 0.2667, 0.2833, 0.3, 0.3167, 0.3333, 0.35, 0.3667, 0.3833, 0.4, 0.4167, 0.4333, 0.45],
            "transform": [
                [1.0, 2e-05, 1.7e-05, 0.0, -2.1e-05, 0.230996, 0.972954, 0.374726, 1.6e-05, -0.972955, 0.230996, -0.0, 0.0, 0.0, 0.0, 1.0],
                [1.0, 1.9e-05, 1.6e-05, 0.0, -2e-05, 0.242376, 0.970181, 0.374726, 1.5e-05, -0.970183, 0.242376, -0.0, 0.0, 0.0, 0.0, 1.0],
                [1.0, 1.9e-05, 1.5e-05, 0.0, -2e-05, 0.278069, 0.960561, 0.374726, 1.4e-05, -0.960562, 0.278069, 0.0, 0.0, 0.0, 0.0, 1.0],
                [1.0, 2e-05, 1.5e-05, 0.0, -2e-05, 0.339086, 0.940755, 0.374726, 1.4e-05, -0.940756, 0.339086, 0.0, 0.0, 0.0, 0.0, 1.0],
                [1.0, 1.9e-05, 1.3e-05, -0.0, -2e-05, 0.409896, 0.912132, 0.374726, 1.2e-05, -0.912133, 0.409896, 0.0, 0.0, 0.0, 0.0, 1.0],
                [1.0, 1.9e-05, 1.2e-05, 0.0, -2e-05, 0.454343, 0.890826, 0.374726, 1.1e-05, -0.890828, 0.454344, 0.0, 0.0, 0.0, 0.0, 1.0],
                [1.0, 1.9e-05, 1.3e-05, 0.0, -1.9e-05, 0.423653, 0.905823, 0.374726, 1.2e-05, -0.905825, 0.423653, -0.0, 0.0, 0.0, 0.0, 1.0],
                [1.0, 2.1e-05, 1.7e-05, 0.0, -2.1e-05, 0.209468, 0.977815, 0.374726, 1.6e-05, -0.977816, 0.209468, -0.0, 0.0, 0.0, 0.0, 1.0],
                [1.0, 2.1e-05, 2.2e-05, 0.0, -2.2e-05, -0.006528, 0.999978, 0.374726, 2.2e-05, -0.999979, -0.006529, 0.0, 0.0, 0.0, 0.0, 1.0],
                [1.0, 2.1e-05, 2.1e-05, 0.0, -2.2e-05, 0.044774, 0.998997, 0.374726, 2e-05, -0.998997, 0.044774, -0.0, 0.0, 0.0, 0.0, 1.0],
                [1.0, 2e-05, 1.6e-05, -0.0, -2.1e-05, 0.264924, 0.964269, 0.374726, 1.5e-05, -0.96427, 0.264924, -0.0, 0.0, 0.0, 0.0, 1.0],
                [1.0, 2e-05, 1.6e-05, -0.0, -2.1e-05, 0.272531, 0.962146, 0.374726, 1.5e-05, -0.962147, 0.272531, -0.0, 0.0, 0.0, 0.0, 1.0],
                [1.0, 2.1e-05, 1.9e-05, -0.0, -2.2e-05, 0.125871, 0.992046, 0.374726, 1.8e-05, -0.992047, 0.125871, -0.0, 0.0, 0.0, 0.0, 1.0],
                [1.0, 2.1e-05, 1.9e-05, -0.0, -2.1e-05, 0.140648, 0.990059, 0.374726, 1.8e-05, -0.99006, 0.140648, -0.0, 0.0, 0.0, 0.0, 1.0],
                [1.0, 2e-05, 1.5e-05, -0.0, -2.1e-05, 0.31791, 0.94812, 0.374726, 1.4e-05, -0.948121, 0.31791, 0.0, 0.0, 0.0, 0.0, 1.0],
                [1.0, 1.9e-05, 1.1e-05, 0.0, -1.9e-05, 0.557985, 0.82985, 0.374726, 9e-06, -0.829851, 0.557985, 0.0, 0.0, 0.0, 0.0, 1.0],
                [1.0, 1.7e-05, 8e-06, 0.0, -1.8e-05, 0.680493, 0.732754, 0.374726, 7e-06, -0.732755, 0.680493, -0.0, 0.0, 0.0, 0.0, 1.0],
                [1.0, 1.7e-05, 8e-06, -0.0, -1.8e-05, 0.680493, 0.732754, 0.374726, 7e-06, -0.732755, 0.680493, -0.0, 0.0, 0.0, 0.0, 1.0],
                [1.0, 1.7e-05, 8e-06, -0.0, -1.8e-05, 0.680493, 0.732754, 0.374726, 7e-06, -0.732755, 0.680493, -0.0, 0.0, 0.0, 0.0, 1.0],
                [1.0, 1.7e-05, 8e-06, -0.0, -1.8e-05, 0.680493, 0.732754, 0.374726, 7e-06, -0.732755, 0.680493, -0.0, 0.0, 0.0, 0.0, 1.0],
                [1.0, 1.7e-05, 8e-06, -0.0, -1.8e-05, 0.680493, 0.732754, 0.374726, 7e-06, -0.732755, 0.680493, -0.0, 0.0, 0.0, 0.0, 1.0],
                [1.0, 1.7e-05, 8e-06, -0.0, -1.8e-05, 0.680493, 0.732754, 0.374726, 7e-06, -0.732755, 0.680493, -0.0, 0.0, 0.0, 0.0, 1.0],
                [1.0, 1.7e-05, 8e-06, -0.0, -1.8e-05, 0.680493, 0.732754, 0.374726, 7e-06, -0.732755, 0.680493, -0.0, 0.0, 0.0, 0.0, 1.0],
                [1.0, 1.7e-05, 8e-06, -0.0, -1.8e-05, 0.680493, 0.732754, 0.374726, 7e-06, -0.732755, 0.680493, -0.0, 0.0, 0.0, 0.0, 1.0],
                [1.0, 1.7e-05, 8e-06, -0.0, -1.8e-05, 0.680493, 0.732754, 0.374726, 7e-06, -0.732755, 0.680493, -0.0, 0.0, 0.0, 0.0, 1.0],
                [1.0, 1.7e-05, 8e-06, -0.0, -1.8e-05, 0.680493, 0.732754, 0.374726, 7e-06, -0.732755, 0.680493, -0.0, 0.0, 0.0, 0.0, 1.0],
                [1.0, 1.7e-05, 8e-06, -0.0, -1.8e-05, 0.680493, 0.732754, 0.374726, 7e-06, -0.732755, 0.680493, -0.0, 0.0, 0.0, 0.0, 1.0],
                [1.0, 1.7e-05, 8e-06, -0.0, -1.8e-05, 0.680493, 0.732754, 0.374726, 7e-06, -0.732755, 0.680493, -0.0, 0.0, 0.0, 0.0, 1.0]
            ]
        },
        {
            "name": "Knee_L",
            "time": [0.0, 0.45],
            "transform": [
                [1.0, 0.0, -0.0, 0.0, -0.0, 0.00567, -0.999984, 0.459049, -0.0, 0.999984, 0.00567, -0.000478, 0.0, 0.0, 0.0, 1.0],
                [1.0, 0.0, -0.0, -0.0, -0.0, 0.00567, -0.999984, 0.404917, -0.0, 0.999984, 0.00567, -0.000172, 0.0, 0.0, 0.0, 1.0]
            ]
        },
        {
            "name": "Torso",
            "time": [0.0, 0.0167, 0.0333, 0.05, 0.0667, 0.0833, 0.1, 0.1167, 0.1333, 0.15, 0.1667, 0.1833, 0.2, 0.2167, 0.2333, 0.25, 0.2667, 0.2833, 0.3, 0.3167, 0.3333, 0.35, 0.3667, 0.3833, 0.4, 0.4167, 0.4333, 0.45],
            "transform": [
                [1.0, 0.0, 0.0, 0.0, 0.0, 0.94929, 0.314401, 0.05, 0.0, -0.314401, 0.94929, 0.0, 0.0, 0.0, 0.0, 1.0],
                [1.0, 0.0, 0.0, 0.0, 0.0, 0.953194, 0.30236, 0.05, 0.0, -0.30236, 0.953194, 0.0, 0.0, 0.0, 0.0, 1.0],
                [1.0, 0.0, 0.0, 0.0, 0.0, 0.96229, 0.272028, 0.05, 0.0, -0.272028, 0.962289, 0.0, 0.0, 0.0, 0.0, 1.0],
                [1.0, 0.0, 0.0, 0.0, 0.0, 0.972677, 0.232164, 0.05, 0.0, -0.232164, 0.972677, 0.0, 0.0, 0.0, 0.0, 1.0],
                [1.0, 0.0, 0.0, 0.0, 0.0, 0.981413, 0.191907, 0.05, 0.0, -0.191907, 0.981413, 0.0, 0.0, 0.0, 0.0, 1.0],
                [1.0, 0.0, 0.0, 0.0, 0.0, 0.986998, 0.160736, 0.05, 0.0, -0.160736, 0.986997, 0.0, 0.0, 0.0, 0.0, 1.0],
                [1.0, 0.0, 0.0, 0.0, 0.0, 0.988953, 0.14823, 0.05, 0.0, -0.14823, 0.988953, 0.0, 0.0, 0.0, 0.0, 1.0],
                [1.0, 0.0, 0.0, 0.0, 0.0, 0.988953, 0.14823, 0.05, 0.0, -0.14823, 0.988953, 0.0, 0.0, 0.0, 0.0, 1.0],
                [1.0, 0.0, 0.0, 0.0, 0.0, 0.988953, 0.14823, 0.05, 0.0, -0.14823, 0.988953, 0.0, 0.0, 0.0, 0.0, 1.0],
                [1.0, 0.0, 0.0, 0.0, 0.0, 0.988953, 0.14823, 0.05, 0.0, -0.14823, 0.988953, 0.0, 0.0, 0.0, 0.0, 1.0],
                [1.0, 0.0, 0.0, 0.0, 0.0, 0.988953, 0.14823, 0.05, 0.0, -0.14823, 0.988953, 0.0, 0.0, 0.0, 0.0, 1.0],
                [1.0, 0.0, 0.0, 0.0, 0.0, 0.988953, 0.14823, 0.05, 0.0, -0.14823, 0.988953, 0.0, 0.0, 0.0, 0.0, 1.0],
                [1.0, 0.0, 0.0, 0.0, 0.0, 0.988953, 0.14823, 0.05, 0.0, -0.14823, 0.988953, 0.0, 0.0, 0.0, 0.0, 1.0],
                [1.0, 0.0, 0.0, 0.0, 0.0, 0.988953, 0.14823, 0.05, 0.0, -0.14823, 0.988953, 0.0, 0.0, 0.0, 0.0, 1.0],
                [1.0, 0.0, 0.0, 0.0, 0.0, 0.988953, 0.14823, 0.05, 0.0, -0.14823, 0.988953, 0.0, 0.0, 0.0, 0.0, 1.0],
                [1.0, 0.0, 0.0, 0.0, 0.0, 0.988953, 0.14823, 0.05, 0.0, -0.14823, 0.988953, 0.0, 0.0, 0.0, 0.0, 1.0],
                [1.0, 0.0, 0.0, 0.0, 0.0, 0.988953, 0.14823, 0.05, 0.0, -0.14823, 0.988953, 0.0, 0.0, 0.0, 0.0, 1.0],
                [1.0, 0.0, 0.0, 0.0, 0.0, 0.988953, 0.14823, 0.05, 0.0, -0.14823, 0.988953, 0.0, 0.0, 0.0, 0.0, 1.0],
                [1.0, 0.0, 0.0, 0.0, 0.0, 0.988953, 0.14823, 0.05, 0.0, -0.14823, 0.988953, 0.0, 0.0, 0.0, 0.0, 1.0],
                [1.0, 0.0, 0.0, 0.0, 0.0, 0.988953, 0.14823, 0.05, 0.0, -0.14823, 0.988953, 0.0, 0.0, 0.0, 0.0, 1.0],
                [1.0, 0.0, 0.0, 0.0, 0.0, 0.988953, 0.14823, 0.05, 0.0, -0.14823, 0.988953, 0.0, 0.0, 0.0, 0.0, 1.0],
                [1.0, 0.0, 0.0, 0.0, 0.0, 0.988953, 0.14823, 0.05, 0.0, -0.14823, 0.988953, 0.0, 0.0, 0.0, 0.0, 1.0],
                [1.0, 0.0, 0.0, 0.0, 0.0, 0.988953, 0.14823, 0.05, 0.0, -0.14823, 0.988953, 0.0, 0.0, 0.0, 0.0, 1.0],
                [1.0, 0.0, 0.0, 0.0, 0.0, 0.988953, 0.14823, 0.05, 0.0, -0.14823, 0.988953, 0.0, 0.0, 0.0, 0.0, 1.0],
                [1.0, 0.0, 0.0, 0.0, 0.0, 0.988953, 0.14823, 0.05, 0.0, -0.14823, 0.988953, 0.0, 0.0, 0.0, 0.0, 1.0],
                [1.0, 0.0, 0.0, 0.0, 0.0, 0.988953, 0.14823, 0.05, 0.0, -0.14823, 0.988953, 0.0, 0.0, 0.0, 0.0, 1.0],
                [1.0, 0.0, 0.0, 0.0, 0.0, 0.988953, 0.14823, 0.05, 0.0, -0.14823, 0.988953, 0.0, 0.0, 0.0, 0.0, 1.0],
                [1.0, 0.0, 0.0, 0.0, 0.0, 0.988953, 0.14823, 0.05, 0.0, -0.14823, 0.988953, 0.0, 0.0, 0.0, 0.0, 1.0]
            ]
        },
        {
            "name": "Chest",
            "time": [0.0, 0.0167, 0.0333, 0.05, 0.0667, 0.0833, 0.1, 0.1167, 0.1333, 0.15, 0.1667, 0.1833, 0.2, 0.2167, 0.2333, 0.25, 0.2667, 0.2833, 0.3, 0.3167, 0.3333, 0.35, 0.3667, 0.3833, 0.4, 0.4167, 0.4333, 0.45],
            "transform": [
                [1.0, 0.0, 0.0, -0.0, 0.0, 0.872782, 0.48811, 0.3, 0.0, -0.48811, 0.872782, 0.0, 0.0, 0.0, 0.0, 1.0],
                [1.0, 0.0, 0.0, 0.0, 0.0, 0.872782, 0.48811, 0.3, 0.0, -0.48811, 0.872782, 0.0, 0.0, 0.0, 0.0, 1.0],
                [1.0, 0.0, 0.0, 0.0, 0.0, 0.872782, 0.48811, 0.3, 0.0, -0.48811, 0.872782, 0.0, 0.0, 0.0, 0.0, 1.0],
                [1.0, 0.0, 0.0, 0.0, 0.0, 0.872782, 0.48811, 0.3, 0.0, -0.48811, 0.872782, -0.0, 0.0, 0.0, 0.0, 1.0],
                [1.0, 0.0, 0.0, -0.0, 0.0, 0.872782, 0.48811, 0.3, 0.0, -0.48811, 0.872782, 0.0, 0.0, 0.0, 0.0, 1.0],
                [1.0, 0.0, 0.0, 0.0, 0.0, 0.872782, 0.48811, 0.3, 0.0, -0.48811, 0.872782, 0.0, 0.0, 0.0, 0.0, 1.0],
                [1.0, 0.0, 0.0, 0.0, 0.0, 0.872782, 0.48811, 0.3, 0.0, -0.48811, 0.872782, 0.0, 0.0, 0.0, 0.0, 1.0],
                [1.0, 0.0, 0.0, 0.0, 0.0, 0.872782, 0.48811, 0.3, 0.0, -0.48811, 0.872782, -0.0, 0.0, 0.0, 0.0, 1.0],
                [1.0, 0.0, 0.0, 0.0, 0.0, 0.872782, 0.48811, 0.3, 0.0, -0.48811, 0.872782, -0.0, 0.0, 0.0, 0.0, 1.0],
                [1.0, 0.0, 0.0, 0.0, 0.0, 0.872782, 0.48811, 0.3, 0.0, -0.48811, 0.872782, -0.0, 0.0, 0.0, 0.0, 1.0],
                [1.0, 0.0, 0.0, 0.0, 0.0, 0.872782, 0.48811, 0.3, 0.0, -0.48811, 0.872782, -0.0, 0.0, 0.0, 0.0, 1.0],
                [1.0, 0.0, 0.0, 0.0, 0.0, 0.872782, 0.48811, 0.3, 0.0, -0.48811, 0.872782, -0.0, 0.0, 0.0, 0.0, 1.0],
                [1.0, 0.0, 0.0, 0.0, 0.0, 0.872782, 0.48811, 0.3, 0.0, -0.48811, 0.872782, 0.0, 0.0, 0.0, 0.0, 1.0],
                [1.0, 0.0, 0.0, 0.0, 0.0, 0.872782, 0.48811, 0.3, 0.0, -0.48811, 0.872782, 0.0, 0.0, 0.0, 0.0, 1.0],
                [1.0, 0.0, 0.0, 0.0, 0.0, 0.872782, 0.48811, 0.3, 0.0, -0.48811, 0.872782, -0.0, 0.0, 0.0, 0.0, 1.0],
                [1.0, 0.0, 0.0, 0.0, 0.0, 0.872782, 0.48811, 0.3, 0.0, -0.48811, 0.872782, 0.0, 0.0, 0.0, 0.0, 1.0],
                [1.0, 0.0, 0.0, 0.0, 0.0, 0.872782, 0.48811, 0.3, 0.0, -0.48811, 0.872782, -0.0, 0.0, 0.0, 0.0, 1.0],
                [1.0, 0.0, 0.0, 0.0, 0.0, 0.872782, 0.48811, 0.3, 0.0, -0.48811, 0.872782, -0.0, 0.0, 0.0, 0.0, 1.0],
                [1.0, 0.0, 0.0, 0.0, 0.0, 0.872782, 0.48811, 0.3, 0.0, -0.48811, 0.872782, -0.0, 0.0, 0.0, 0.0, 1.0],
                [1.0, 0.0, 0.0, 0.0, 0.0, 0.872782, 0.48811, 0.3, 0.0, -0.48811, 0.872782, -0.0, 0.0, 0.0, 0.0, 1.0],
                [1.0, 0.0, 0.0, 0.0, 0.0, 0.872782, 0.48811, 0.3, 0.0, -0.48811, 0.872782, -0.0, 0.0, 0.0, 0.0, 1.0],
                [1.0, 0.0, 0.0, 0.0, 0.0, 0.872782, 0.48811, 0.3, 0.0, -0.48811, 0.872782, -0.0, 0.0, 0.0, 0.0, 1.0],
                [1.0, 0.0, 0.0, 0.0, 0.0, 0.872782, 0.48811, 0.3, 0.0, -0.48811, 0.872782, -0.0, 0.0, 0.0, 0.0, 1.0],
                [1.0, 0.0, 0.0, 0.0, 0.0, 0.872782, 0.48811, 0.3, 0.0, -0.48811, 0.872782, -0.0, 0.0, 0.0, 0.0, 1.0],
                [1.0, 0.0, 0.0, 0.0, 0.0, 0.872782, 0.48811, 0.3, 0.0, -0.48811, 0.872782, -0.0, 0.0, 0.0, 0.0, 1.0],
                [1.0, 0.0, 0.0, 0.0, 0.0, 0.872782, 0.48811, 0.3, 0.0, -0.48811, 0.872782, -0.0, 0.0, 0.0, 0.0, 1.0],
                [1.0, 0.0, 0.0, 0.0, 0.0, 0.872782, 0.48811, 0.3, 0.0, -0.48811, 0.872782, -0.0, 0.0, 0.0, 0.0, 1.0],
                [1.0, 0.0, 0.0, 0.0, 0.0, 0.872782, 0.48811, 0.3, 0.0, -0.48811, 0.872782, -0.0, 0.0, 0.0, 0.0, 1.0]
            ]
        },
        {
            "name": "Head",
            "time": [0.0, 0.0167, 0.0333, 0.05, 0.0667, 0.0833, 0.1, 0.1167, 0.1333, 0.15, 0.1667, 0.1833, 0.2, 0.2167, 0.2333, 0.25, 0.2667, 0.2833, 0.3, 0.3167, 0.3333, 0.35, 0.3667, 0.3833, 0.4, 0.4167, 0.4333, 0.45],
            "transform": [
                [1.0, 0.0, 0.0, 0.0, 0.0, 0.854508, -0.519438, 0.4, 0.0, 0.519438, 0.854508, 0.0, 0.0, 0.0, 0.0, 1.0],
                [1.0, 0.0, 0.0, 0.0, 0.0, 0.854508, -0.519438, 0.4, 0.0, 0.519438, 0.854508, -0.0, 0.0, 0.0, 0.0, 1.0],
                [1.0, 0.0, 0.0, -0.0, 0.0, 0.854508, -0.519438, 0.4, 0.0, 0.519438, 0.854508, 0.0, 0.0, 0.0, 0.0, 1.0],
                [1.0, 0.0, 0.0, 0.0, 0.0, 0.854508, -0.519438, 0.4, 0.0, 0.519438, 0.854508, 0.0, 0.0, 0.0, 0.0, 1.0],
                [1.0, 0.0, 0.0, 0.0, 0.0, 0.854508, -0.519438, 0.4, 0.0, 0.519438, 0.854508, 0.0, 0.0, 0.0, 0.0, 1.0],
                [1.0, 0.0, 0.0, 0.0, 0.0, 0.854508, -0.519438, 0.4, 0.0, 0.519438, 0.854508, 0.0, 0.0, 0.0, 0.0, 1.0],
                [1.0, 0.0, 0.0, -0.0, 0.0, 0.854508, -0.519438, 0.4, 0.0, 0.519438, 0.854508, -0.0, 0.0, 0.0, 0.0, 1.0],
                [1.0, 0.0, 0.0, 0.0, 0.0, 0.854508, -0.519438, 0.4, 0.0, 0.519438, 0.854508, 0.0, 0.0, 0.0, 0.0, 1.0],
                [1.0, 0.0, 0.0, 0.0, 0.0, 0.854508, -0.519438, 0.4, 0.0, 0.519438, 0.854508, -0.0, 0.0, 0.0, 0.0, 1.0],
                [1.0, 0.0, 0.0, 0.0, 0.0, 0.854508, -0.519438, 0.4, 0.0, 0.519438, 0.854508, -0.0, 0.0, 0.0, 0.0, 1.0],
                [1.0, 0.0, 0.0, 0.0, 0.0, 0.854508, -0.519438, 0.4, 0.0, 0.519438, 0.854508, -0.0, 0.0, 0.0, 0.0, 1.0],
                [1.0, 0.0, 0.0, 0.0, 0.0, 0.854508, -0.519438, 0.4, 0.0, 0.519438, 0.854508, -0.0, 0.0, 0.0, 0.0, 1.0],
                [1.0, 0.0, 0.0, 0.0, 0.0, 0.854508, -0.519438, 0.4, 0.0, 0.519438, 0.854508, -0.0, 0.0, 0.0, 0.0, 1.0],
                [1.0, 0.0, 0.0, -0.0, 0.0, 0.854508, -0.519438, 0.4, 0.0, 0.519438, 0.854508, -0.0, 0.0, 0.0, 0.0, 1.0],
                [1.0, 0.0, 0.0, -0.0, 0.0, 0.854508, -0.519438, 0.4, 0.0, 0.519438, 0.854508, 0.0, 0.0, 0.0, 0.0, 1.0],
                [1.0, 0.0, 0.0, -0.0, 0.0, 0.854508, -0.519438, 0.4, 0.0, 0.519438, 0.854508, -0.0, 0.0, 0.0, 0.0, 1.0],
                [1.0, 0.0, 0.0, -0.0, 0.0, 0.854508, -0.519438, 0.4, 0.0, 0.519438, 0.854508, 0.0, 0.0, 0.0, 0.0, 1.0],
                [1.0, 0.0, 0.0, -0.0, 0.0, 0.854508, -0.519438, 0.4, 0.0, 0.519438, 0.854508, 0.0, 0.0, 0.0, 0.0, 1.0],
                [1.0, 0.0, 0.0, -0.0, 0.0, 0.854508, -0.519438, 0.4, 0.0, 0.519438, 0.854508, 0.0, 0.0, 0.0, 0.0, 1.0],
                [1.0, 0.0, 0.0, -0.0, 0.0, 0.854508, -0.519438, 0.4, 0.0, 0.519438, 0.854508, 0.0, 0.0, 0.0, 0.0, 1.0],
                [1.0, 0.0, 0.0, -0.0, 0.0, 0.854508, -0.519438, 0.4, 0.0, 0.519438, 0.854508, 0.0, 0.0, 0.0, 0.0, 1.0],
                [1.0, 0.0, 0.0, -0.0, 0.0, 0.854508, -0.519438, 0.4, 0.0, 0.519438, 0.854508, 0.0, 0.0, 0.0, 0.0, 1.0],
                [1.0, 0.0, 0.0, -0.0, 0.0, 0.854508, -0.519438, 0.4, 0.0, 0.519438, 0.854508, 0.0, 0.0, 0.0, 0.0, 1.0],
                [1.0, 0.0, 0.0, -0.0, 0.0, 0.854508, -0.519438, 0.4, 0.0, 0.519438, 0.854508, 0.0, 0.0, 0.0, 0.0, 1.0],
                [1.0, 0.0, 0.0, -0.0, 0.0, 0.854508, -0.519438, 0.4, 0.0, 0.519438, 0.854508, 0.0, 0.0, 0.0, 0.0, 1.0],
                [1.0, 0.0, 0.0, -0.0, 0.0, 0.854508, -0.519438, 0.4, 0.0, 0.519438, 0.854508, 0.0, 0.0, 0.0, 0.0, 1.0],
                [1.0, 0.0, 0.0, -0.0, 0.0, 0.854508, -0.519438, 0.4, 0.0, 0.519438, 0.854508, 0.0, 0.0, 0.0, 0.0, 1.0],
                [1.0, 0.0, 0.0, -0.0, 0.0, 0.854508, -0.519438, 0.4, 0.0, 0.519438, 0.854508, 0.0, 0.0, 0.0, 0.0, 1.0]
            ]
        },
        {
            "name": "Shoulder_R",
            "time": [0.0, 0.0167, 0.0333, 0.05, 0.0667, 0.0833, 0.1, 0.1167, 0.1333, 0.15, 0.1667, 0.1833, 0.2, 0.2167, 0.2333, 0.25, 0.2667, 0.2833, 0.3, 0.3167, 0.3333, 0.35, 0.3667, 0.3833, 0.4, 0.4167, 0.4333, 0.45],
            "transform": [
                [0.0, 0.952114, 0.305743, -0.0, 0.0, -0.305743, 0.952114, 0.4, 1.0, 0.0, -0.0, 0.0, 0.0, 0.0, 0.0, 1.0],
                [0.0, 0.952114, 0.305743, 0.0, -0.0, -0.305743, 0.952114, 0.4, 1.0, 0.0, -0.0, 0.0, 0.0, 0.0, 0.0, 1.0],
                [0.0, 0.952114, 0.305743, 0.0, 0.0, -0.305743, 0.952114, 0.4, 1.0, 0.0, -0.0, 0.0, 0.0, 0.0, 0.0, 1.0],
                [0.0, 0.952114, 0.305743, 0.0, 0.0, -0.305743, 0.952114, 0.4, 1.0, -0.0, -0.0, 0.0, 0.0, 0.0, 0.0, 1.0],
                [0.0, 0.952114, 0.305743, 0.0, -0.0, -0.305743, 0.952114, 0.4, 1.0, 0.0, -0.0, 0.0, 0.0, 0.0, 0.0, 1.0],
                [0.0, 0.952114, 0.305743, -0.0, -0.0, -0.305743, 0.952114, 0.4, 1.0, -0.0, 0.0, 0.0, 0.0, 0.0, 0.0, 1.0],
                [0.0, 0.952114, 0.305743, -0.0, 0.0, -0.305743, 0.952114, 0.4, 1.0, 0.0, -0.0, 0.0, 0.0, 0.0, 0.0, 1.0],
                [0.0, 0.952114, 0.305743, -0.0, 0.0, -0.305743, 0.952114, 0.4, 1.0, 0.0, -0.0, 0.0, 0.0, 0.0, 0.0, 1.0],
                [0.0, 0.952114, 0.305743, -0.0, 0.0, -0.305743, 0.952114, 0.4, 1.0, 0.0, -0.0, 0.0, 0.0, 0.0, 0.0, 1.0],
                [0.0, 0.952114, 0.305743, 0.0, 0.0, -0.305743, 0.952114, 0.4, 1.0, 0.0, -0.0, 0.0, 0.0, 0.0, 0.0, 1.0],
                [0.0, 0.952114, 0.305743, -0.0, 0.0, -0.305743, 0.952114, 0.4, 1.0, 0.0, -0.0, -0.0, 0.0, 0.0, 0.0, 1.0],
                [0.0, 0.952114, 0.305743, 0.0, 0.0, -0.305743, 0.952114, 0.4, 1.0, 0.0, -0.0, -0.0, 0.0, 0.0, 0.0, 1.0],
                [0.0, 0.952114, 0.305743, 0.0, 0.0, -0.305743, 0.952114, 0.4, 1.0, 0.0, -0.0, 0.0, 0.0, 0.0, 0.0, 1.0],
                [0.0, 0.952114, 0.305743, 0.0, -0.0, -0.305743, 0.952114, 0.4, 1.0, 0.0, -0.0, -0.0, 0.0, 0.0, 0.0, 1.0],
                [0.0, 0.952114, 0.305743, -0.0, -0.0, -0.305743, 0.952114, 0.4, 1.0, 0.0, -0.0, 0.0, 0.0, 0.0, 0.0, 1.0],
                [0.0, 0.952114, 0.305743, -0.0, -0.0, -0.305743, 0.952114, 0.4, 1.0, 0.0, -0.0, 0.0, 0.0, 0.0, 0.0, 1.0],
                [0.0, 0.952114, 0.305743, -0.0, -0.0, -0.305743, 0.952114, 0.4, 1.0, 0.0, -0.0, 0.0, 0.0, 0.0, 0.0, 1.0],
                [0.0, 0.952114, 0.305743, -0.0, -0.0, -0.305743, 0.952114, 0.4, 1.0, 0.0, -0.0, 0.0, 0.0, 0.0, 0.0, 1.0],
                [0.0, 0.952114, 0.305743, -0.0, -0.0, -0.305743, 0.952114, 0.4, 1.0, 0.0, -0.0, 0.0, 0.0, 0.0, 0.0, 1.0],
                [0.0, 0.952114, 0.305743, -0.0, -0.0, -0.305743, 0.952114, 0.4, 1.0, 0.0, -0.0, 0.0, 0.0, 0.0, 0.0, 1.0],
                [0.0, 0.952114, 0.305743, -0.0, -0.0, -0.305743, 0.952114, 0.4, 1.0, 0.0, -0.0, 0.0, 0.0, 0.0, 0.0, 1.0],
                [0.0, 0.952114, 0.305743, -0.0, -0.0, -0.305743, 0.952114, 0.4, 1.0, 0.0, -0.0, 0.0, 0.0, 0.0, 0.0, 1.0],
                [0.0, 0.952114, 0.305743, -0.0, -0.0, -0.305743, 0.952114, 0.4, 1.0, 0.0, -0.0, 0.0, 0.0, 0.0, 0.0, 1.0],
                [0.0, 0.952114, 0.305743, -0.0, -0.0, -0.305743, 0.952114, 0.4, 1.0, 0.0, -0.0, 0.0, 0.0, 0.0, 0.0, 1.0],
                [0.0, 0.952114, 0.305743, -0.0, -0.0, -0.305743, 0.952114, 0.4, 1.0, 0.0, -0.0, 0.0, 0.0, 0.0, 0.0, 1.0],
                [0.0, 0.952114, 0.305743, -0.0, -0.0, -0.305743, 0.952114, 0.4, 1.0, 0.0, -0.0, 0.0, 0.0, 0.0, 0.0, 1.0],
                [0.0, 0.952114, 0.305743, -0.0, -0.0, -0.305743, 0.952114, 0.4, 1.0, 0.0, -0.0, 0.0, 0.0, 0.0, 0.0, 1.0],
                [0.0, 0.952114, 0.305743, -0.0, -0.0, -0.305743, 0.952114, 0.4, 1.0, 0.0, -0.0, 0.0, 0.0, 0.0, 0.0, 1.0]
            ]
        },
        {
            "name": "Arm_R",
            "time": [0.0, 0.0167, 0.0333, 0.05, 0.0667, 0.0833, 0.1, 0.1167, 0.1333, 0.15, 0.1667, 0.1833, 0.2, 0.2167, 0.2333, 0.25, 0.2667, 0.2833, 0.3, 0.3167, 0.3333, 0.35, 0.3667, 0.3833, 0.4, 0.4167, 0.4333, 0.45],
            "transform": [
                [0.893128, 0.043432, -0.4477, 0.0, 0.325895, 0.623539, 0.710628, 0.39386, 0.310023, -0.780585, 0.542746, 0.0, 0.0, 0.0, 0.0, 1.0],
                [0.897963, 0.046962, -0.437558, -0.0, 0.308842, 0.641054, 0.702614, 0.393861, 0.313494, -0.766058, 0.561139, 0.0, 0.0, 0.0, 0.0, 1.0],
                [0.90819, 0.053084, -0.415177, -0.0, 0.266976, 0.690476, 0.672286, 0.393861, 0.322357, -0.721406, 0.612911, 0.0, 0.0, 0.0, 0.0, 1.0],
                [0.917739, 0.05681, -0.3931, -0.0, 0.213924, 0.763198, 0.609727, 0.393861, 0.334651, -0.643664, 0.688263, 0.0, 0.0, 0.0, 0.0, 1.0],
                [0.922974, 0.059367, -0.380256, -0.0, 0.159106, 0.840787, 0.517458, 0.393861, 0.350435, -0.538101, 0.766579, 0.0, 0.0, 0.0, 0.0, 1.0],
                [0.922253, 0.068633, -0.380445, -0.0, 0.106168, 0.901309, 0.419966, 0.39386, 0.371722, -0.427706, 0.823948, 0.0, 0.0, 0.0, 0.0, 1.0],
                [0.915038, 0.10079, -0.390571, 0.0, 0.055762, 0.927374, 0.369958, 0.39386, 0.399493, -0.360305, 0.842963, 0.0, 0.0, 0.0, 0.0, 1.0],
                [0.901962, 0.101099, -0.419813, 0.0, 0.013362, 0.965207, 0.261148, 0.39386, 0.431608, -0.241155, 0.869229, 0.0, 0.0, 0.0, 0.0, 1.0],
                [0.888843, 0.15101, -0.432613, 0.0, -0.0114, 0.95113, 0.308582, 0.39386, 0.45807, -0.269349, 0.847127, -0.0, 0.0, 0.0, 0.0, 1.0],
                [0.882693, 0.169636, -0.438266, 0.0, -0.015166, 0.942376, 0.334214, 0.39386, 0.469706, -0.288362, 0.834401, -0.0, 0.0, 0.0, 0.0, 1.0],
                [0.889115, 0.140729, -0.43551, -0.0, 0.003733, 0.949293, 0.314371, 0.39386, 0.457668, -0.281138, 0.843506, -0.0, 0.0, 0.0, 0.0, 1.0],
                [0.915039, 0.100791, -0.390571, 0.0, 0.055762, 0.927373, 0.36996, 0.39386, 0.399493, -0.360307, 0.842962, -0.0, 0.0, 0.0, 0.0, 1.0],
                [0.938419, -0.012735, -0.345264, 0.0, 0.227305, 0.775348, 0.589211, 0.39386, 0.260196, -0.631407, 0.730496, -0.0, 0.0, 0.0, 0.0, 1.0],
                [0.719575, -0.277469, -0.636572, 0.0, 0.645769, 0.604445, 0.466507, 0.39386, 0.255331, -0.746765, 0.614124, -0.0, 0.0, 0.0, 0.0, 1.0],
                [0.08918, -0.6183, -0.780866, 0.0, 0.308603, 0.762562, -0.568563, 0.39386, 0.947001, -0.190273, 0.258814, 0.0, 0.0, 0.0, 0.0, 1.0],
                [0.098789, -0.972422, -0.211272, 0.0, -0.055275, 0.206621, -0.976859, 0.39386, 0.993572, 0.108181, -0.033339, -0.0, 0.0, 0.0, 0.0, 1.0],
                [0.13749, -0.952682, 0.271097, 0.0, -0.120659, -0.287767, -0.95007, 0.39386, 0.983126, 0.097915, -0.154515, 0.0, 0.0, 0.0, 0.0, 1.0],
                [0.13749, -0.952682, 0.271097, 0.0, -0.120659, -0.287767, -0.95007, 0.39386, 0.983126, 0.097915, -0.154515, 0.0, 0.0, 0.0, 0.0, 1.0],
