{
    "animation": [
        {
            "name": "Root",
            "time": [0.0, 0.0167, 0.0333, 0.05, 0.0667, 0.0833, 0.1, 0.1167, 0.1333, 0.15, 0.1667, 0.1833, 0.2, 0.2167, 0.2333, 0.25, 0.2667, 0.2833, 0.3, 0.3167, 0.3333],
            "transform": [
                [1.0, 0.0, 0.0, -5e-06, 0.0, 0.0, -1.0, 0.010474, 0.0, 1.0, 0.0, 0.763972, 0.0, 0.0, 0.0, 1.0],
                [1.0, 0.0, 0.0, -5e-06, 0.0, 0.0, -1.0, 0.023004, 0.0, 1.0, 0.0, 0.763972, 0.0, 0.0, 0.0, 1.0],
                [1.0, 0.0, 0.0, -5e-06, 0.0, 0.0, -1.0, 0.058087, 0.0, 1.0, 0.0, 0.763972, 0.0, 0.0, 0.0, 1.0],
                [1.0, 0.0, 0.0, -5e-06, 0.0, 0.0, -1.0, 0.111966, 0.0, 1.0, 0.0, 0.763972, 0.0, 0.0, 0.0, 1.0],
                [1.0, 0.0, 0.0, -5e-06, 0.0, 0.0, -1.0, 0.18088, 0.0, 1.0, 0.0, 0.763972, 0.0, 0.0, 0.0, 1.0],
                [1.0, 0.0, 0.0, -5e-06, 0.0, 0.0, -1.0, 0.261071, 0.0, 1.0, 0.0, 0.763972, 0.0, 0.0, 0.0, 1.0],
                [1.0, 0.0, 0.0, -5e-06, 0.0, 0.0, -1.0, 0.34878, 0.0, 1.0, 0.0, 0.763972, 0.0, 0.0, 0.0, 1.0],
                [1.0, 0.0, 0.0, -5e-06, 0.0, 0.0, -1.0, 0.440248, 0.0, 1.0, 0.0, 0.763972, 0.0, 0.0, 0.0, 1.0],
                [1.0, 0.0, 0.0, -5e-06, 0.0, 0.0, -1.0, 0.531715, 0.0, 1.0, 0.0, 0.763972, 0.0, 0.0, 0.0, 1.0],
                [1.0, 0.0, 0.0, -5e-06, 0.0, 0.0, -1.0, 0.619424, 0.0, 1.0, 0.0, 0.763972, 0.0, 0.0, 0.0, 1.0],
                [1.0, 0.0, 0.0, -5e-06, 0.0, 0.0, -1.0, 0.699615, 0.0, 1.0, 0.0, 0.763972, 0.0, 0.0, 0.0, 1.0],
                [1.0, 0.0, 0.0, -5e-06, 0.0, 0.0, -1.0, 0.768529, 0.0, 1.0, 0.0, 0.763972, 0.0, 0.0, 0.0, 1.0],
                [1.0, 0.0, 0.0, -5e-06, 0.0, 0.0, -1.0, 0.822408, 0.0, 1.0, 0.0, 0.763972, 0.0, 0.0, 0.0, 1.0],
                [1.0, 0.0, 0.0, -5e-06, 0.0, 0.0, -1.0, 0.857491, 0.0, 1.0, 0.0, 0.763972, 0.0, 0.0, 0.0, 1.0],
                [1.0, 0.0, 0.0, -5e-06, 0.0, 0.0, -1.0, 0.870021, 0.0, 1.0, 0.0, 0.763972, 0.0, 0.0, 0.0, 1.0],
                [1.0, 0.0, 0.0, -5e-06, 0.0, 0.0, -1.0, 0.870021, 0.0, 1.0, 0.0, 0.763972, 0.0, 0.0, 0.0, 1.0],
                [1.0, 0.0, 0.0, -5e-06, 0.0, 0.0, -1.0, 0.870021, 0.0, 1.0, 0.0, 0.763972, 0.0, 0.0, 0.0, 1.0],
                [1.0, 0.0, 0.0, -5e-06, 0.0, 0.0, -1.0, 0.870021, 0.0, 1.0, 0.0, 0.763972, 0.0, 0.0, 0.0, 1.0],
                [1.0, 0.0, 0.0, -5e-06, 0.0, 0.0, -1.0, 0.870021, 0.0, 1.0, 0.0, 0.763972, 0.0, 0.0, 0.0, 1.0],
                [1.0, 0.0, 0.0, -5e-06, 0.0, 0.0, -1.0, 0.870021, 0.0, 1.0, 0.0, 0.763972, 0.0, 0.0, 0.0, 1.0],
                [1.0, 0.0, 0.0, -5e-06, 0.0, 0.0, -1.0, 0.870021, 0.0, 1.0, 0.0, 0.763972, 0.0, 0.0, 0.0, 1.0]
            ]
        },
        {
            "name": "Thigh_R",
            "time": [0.0, 0.0167, 0.0333, 0.05, 0.0667, 0.0833, 0.1, 0.1167, 0.1333, 0.15, 0.1667, 0.1833, 0.2, 0.2167, 0.2333, 0.25, 0.2667, 0.2833, 0.3, 0.3167, 0.3333],
            "transform": [
                [0.997879, 0.063618, 0.013775, 0.160027, 0.063588, -0.997973, 0.002583, -0.029135, 0.013912, -0.001701, -0.999902, 0.074599, 0.0, 0.0, 0.0, 1.0],
                [0.997829, 0.064646, 0.012593, 0.159516, 0.064295, -0.997579, 0.026512, -0.029454, 0.014276, -0.025645, -0.999569, 0.07214, 0.0, 0.0, 0.0, 1.0],
                [0.997687, 0.067338, 0.009319, 0.158086, 0.066231, -0.993736, 0.090011, -0.030347, 0.015321, -0.089186, -0.995897, 0.065253, 0.0, 0.0, 0.0, 1.0],
                [0.997467, 0.071, 0.004384, 0.15589, 0.069073, -0.981448, 0.178857, -0.03172, 0.017001, -0.178101, -0.983866, 0.054677, 0.0, 0.0, 0.0, 1.0],
                [0.997185, 0.074957, -0.001758, 0.153081, 0.072454, -0.957314, 0.279822, -0.033475, 0.019292, -0.279162, -0.960051, 0.041149, 0.0, 0.0, 0.0, 1.0],
                [0.996862, 0.078701, -0.008474, 0.149813, 0.075986, -0.921449, 0.380997, -0.035517, 0.022177, -0.380446, -0.924537, 0.025408, 0.0, 0.0, 0.0, 1.0],
                [0.996523, 0.081973, -0.014939, 0.146238, 0.079282, -0.877663, 0.472677, -0.037751, 0.025635, -0.472218, -0.881109, 0.008191, 0.0, 0.0, 0.0, 1.0],
                [0.996193, 0.084804, -0.020191, 0.14251, 0.081986, -0.832709, 0.547608, -0.040081, 0.029626, -0.547179, -0.836491, -0.009764, 0.0, 0.0, 0.0, 1.0],
                [0.995899, 0.087433, -0.023258, 0.138782, 0.083815, -0.794789, 0.601071, -0.042411, 0.034068, -0.600555, -0.798857, -0.027719, 0.0, 0.0, 0.0, 1.0],
                [0.995659, 0.090104, -0.023333, 0.135208, 0.084595, -0.771487, 0.630596, -0.044645, 0.038818, -0.629833, -0.77576, -0.044936, 0.0, 0.0, 0.0, 1.0],
                [0.995481, 0.092865, -0.019818, 0.131939, 0.084329, -0.768676, 0.634056, -0.046687, 0.043648, -0.632862, -0.773033, -0.060677, 0.0, 0.0, 0.0, 1.0],
                [0.995363, 0.095433, -0.012053, 0.12913, 0.083228, -0.79162, 0.60532, -0.048443, 0.048225, -0.603516, -0.795891, -0.074205, 0.0, 0.0, 0.0, 1.0],
                [0.995291, 0.096645, 0.007422, 0.126935, 0.081727, -0.877892, 0.471835, -0.049815, 0.052117, -0.469006, -0.881656, -0.084781, 0.0, 0.0, 0.0, 1.0],
                [0.995254, 0.097018, 0.007561, 0.125505, 0.080408, -0.863645, 0.497648, -0.050709, 0.054811, -0.494678, -0.867346, -0.091668, 0.0, 0.0, 0.0, 1.0],
                [0.995242, 0.097129, 0.007692, 0.124994, 0.079867, -0.858488, 0.506577, -0.051028, 0.055806, -0.503552, -0.862161, -0.094127, 0.0, 0.0, 0.0, 1.0],
                [0.995242, 0.097129, 0.007692, 0.124994, 0.079867, -0.858488, 0.506577, -0.051028, 0.055806, -0.503552, -0.862161, -0.094127, 0.0, 0.0, 0.0, 1.0],
                [0.995242, 0.097129, 0.007692, 0.124994, 0.079867, -0.858488, 0.506577, -0.051028, 0.055806, -0.503552, -0.862161, -0.094127, 0.0, 0.0, 0.0, 1.0],
                [0.995242, 0.097129, 0.007692, 0.124994, 0.079867, -0.858488, 0.506577, -0.051028, 0.055806, -0.503552, -0.862161, -0.094127, 0.0, 0.0, 0.0, 1.0],
                [0.995242, 0.097129, 0.007692, 0.124994, 0.079867, -0.858488, 0.506577, -0.051028, 0.055806, -0.503552, -0.862161, -0.094127, 0.0, 0.0, 0.0, 1.0],
                [0.995242, 0.097129, 0.007692, 0.124994, 0.079867, -0.858488, 0.506577, -0.051028, 0.055806, -0.503552, -0.862161, -0.094127, 0.0, 0.0, 0.0, 1.0],
                [0.995242, 0.097129, 0.007692, 0.124994, 0.079867, -0.858488, 0.506577, -0.051028, 0.055806, -0.503552, -0.862161, -0.094127, 0.0, 0.0, 0.0, 1.0]
            ]
        },
        {
            "name": "Leg_R",
            "time": [0.0, 0.0167, 0.0333, 0.05, 0.0667, 0.0833, 0.1, 0.1167, 0.1333, 0.15, 0.1667, 0.1833, 0.2, 0.2167, 0.2333, 0.25, 0.2667, 0.2833, 0.3, 0.3167, 0.3333],
            "transform": [
                [1.0, 1.3e-05, 5e-06, 0.0, -1.4e-05, 0.787231, 0.616658, 0.374726, 4e-06, -0.616659, 0.787231, -0.0, 0.0, 0.0, 0.0, 1.0],
                [1.0, 1.3e-05, 6e-06, -0.0, -1.4e-05, 0.77224, 0.63533, 0.374726, 4e-06, -0.635331, 0.77224, 0.0, 0.0, 0.0, 0.0, 1.0],
                [1.0, 1.5e-05, 7e-06, 0.0, -1.5e-05, 0.733289, 0.679917, 0.374726, 5e-06, -0.679917, 0.733289, 0.0, 0.0, 0.0, 0.0, 1.0],
                [1.0, 1.5e-05, 7e-06, 0.0, -1.5e-05, 0.682372, 0.731005, 0.374726, 6e-06, -0.731006, 0.682372, 0.0, 0.0, 0.0, 0.0, 1.0],
                [1.0, 1.6e-05, 8e-06, 0.0, -1.7e-05, 0.632534, 0.774532, 0.374726, 7e-06, -0.774533, 0.632534, 0.0, 0.0, 0.0, 0.0, 1.0],
                [1.0, 1.7e-05, 9e-06, 0.0, -1.7e-05, 0.596563, 0.802566, 0.374726, 8e-06, -0.802566, 0.596564, 0.0, 0.0, 0.0, 0.0, 1.0],
                [1.0, 1.7e-05, 9e-06, 0.0, -1.7e-05, 0.584238, 0.811582, 0.374726, 8e-06, -0.811583, 0.584238, 0.0, 0.0, 0.0, 0.0, 1.0],
                [1.0, 1.8e-05, 1e-05, -0.0, -1.8e-05, 0.601278, 0.79904, 0.374726, 8e-06, -0.79904, 0.601278, -0.0, 0.0, 0.0, 0.0, 1.0],
                [1.0, 1.6e-05, 8e-06, 0.0, -1.7e-05, 0.649002, 0.760786, 0.374726, 7e-06, -0.760787, 0.649003, 0.0, 0.0, 0.0, 0.0, 1.0],
                [1.0, 1.5e-05, 7e-06, 0.0, -1.5e-05, 0.72359, 0.69023, 0.374726, 5e-06, -0.69023, 0.72359, 0.0, 0.0, 0.0, 0.0, 1.0],
                [1.0, 1.2e-05, 4e-06, 0.0, -1.2e-05, 0.816514, 0.577325, 0.374726, 3e-06, -0.577325, 0.816515, -0.0, 0.0, 0.0, 0.0, 1.0],
                [1.0, 9e-06, 3e-06, 0.0, -9e-06, 0.915124, 0.403172, 0.374726, 1e-06, -0.403172, 0.915124, 0.0, 0.0, 0.0, 0.0, 1.0],
                [1.0, 0.0, 1e-06, -0.0, -0.0, 0.999998, 0.00146, 0.374726, -1e-06, -0.00146, 0.999999, 0.0, 0.0, 0.0, 0.0, 1.0],
                [1.0, 0.0, 1e-06, -0.0, -0.0, 0.999999, 0.001461, 0.374726, -1e-06, -0.001461, 0.999999, 0.0, 0.0, 0.0, 0.0, 1.0],
                [1.0, 0.0, 1e-06, -0.0, -0.0, 0.999999, 0.001461, 0.374726, -1e-06, -0.001461, 0.999999, 0.0, 0.0, 0.0, 0.0, 1.0],
                [1.0, 0.0, 1e-06, -0.0, -0.0, 0.999999, 0.001461, 0.374726, -1e-06, -0.001461, 0.999999, 0.0, 0.0, 0.0, 0.0, 1.0],
                [1.0, 0.0, 1e-06, -0.0, -0.0, 0.999999, 0.001461, 0.374726, -1e-06, -0.001461, 0.999999, 0.0, 0.0, 0.0, 0.0, 1.0],
                [1.0, 0.0, 1e-06, -0.0, -0.0, 0.999999, 0.001461, 0.374726, -1e-06, -0.001461, 0.999999, 0.0, 0.0, 0.0, 0.0, 1.0],
                [1.0, 0.0, 1e-06, -0.0, -0.0, 0.999999, 0.001461, 0.374726, -1e-06, -0.001461, 0.999999, 0.0, 0.0, 0.0, 0.0, 1.0],
                [1.0, 0.0, 1e-06, -0.0, -0.0, 0.999999, 0.001461, 0.374726, -1e-06, -0.001461, 0.999999, 0.0, 0.0, 0.0, 0.0, 1.0],
                [1.0, 0.0, 1e-06, -0.0, -0.0, 0.999999, 0.001461, 0.374726, -1e-06, -0.001461, 0.999999, 0.0, 0.0, 0.0, 0.0, 1.0]
            ]
        },
        {
            "name": "Knee_R",
            "time": [0.0, 0.3333],
            "transform": [
                [1.0, 0.0, -0.0, 0.0, -0.0, 0.00567, -0.999984, 0.388335, -0.0, 0.999984, 0.00567, -7.7e-05, 0.0, 0.0, 0.0, 1.0],
                [1.0, 0.0, -0.0, -0.0, -0.0, 0.00567, -0.999984, 0.374726, -0.0, 0.999984, 0.00567, 0.0, 0.0, 0.0, 0.0, 1.0]
            ]
        },
        {
            "name": "Thigh_L",
            "time": [0.0, 0.0167, 0.0333, 0.05, 0.0667, 0.0833, 0.1, 0.1167, 0.1333, 0.15, 0.1667, 0.1833, 0.2, 0.2167, 0.2333, 0.25, 0.2667, 0.2833, 0.3, 0.3167, 0.3333],
            "transform": [
                [0.998576, -0.043355, -0.031075, -0.125006, -0.010171, -0.726637, 0.686947, -0.022982, -0.052363, -0.685652, -0.726044, -0.059473, 0.0, 0.0, 0.0, 1.0],
                [0.998577, -0.04359, -0.030718, -0.125006, -0.010939, -0.731228, 0.682046, -0.022689, -0.052192, -0.680739, -0.730664, -0.057408, 0.0, 0.0, 0.0, 1.0],
                [0.998576, -0.044165, -0.029913, -0.125006, -0.013038, -0.745854, 0.665983, -0.021866, -0.051724, -0.664645, -0.745367, -0.051626, 0.0, 0.0, 0.0, 1.0],
                [0.998566, -0.044861, -0.0292, -0.125006, -0.01613, -0.772356, 0.634985, -0.020603, -0.051039, -0.633604, -0.771973, -0.042748, 0.0, 0.0, 0.0, 1.0],
                [0.998541, -0.045449, -0.029169, -0.125006, -0.01987, -0.811434, 0.584106, -0.018987, -0.050215, -0.582674, -0.811153, -0.031391, 0.0, 0.0, 0.0, 1.0],
                [0.998496, -0.045703, -0.030295, -0.125006, -0.023946, -0.860499, 0.508891, -0.017107, -0.049327, -0.507399, -0.860298, -0.018175, 0.0, 0.0, 0.0, 1.0],
                [0.998431, -0.045315, -0.032888, -0.125006, -0.028099, -0.913568, 0.405715, -0.015051, -0.04843, -0.404155, -0.913408, -0.003721, 0.0, 0.0, 0.0, 1.0],
                [0.998351, -0.043831, -0.037069, -0.125006, -0.032128, -0.961778, 0.27194, -0.012907, -0.047572, -0.2703, -0.9616, 0.011352, 0.0, 0.0, 0.0, 1.0],
                [0.99826, -0.04043, -0.042914, -0.125006, -0.035883, -0.994149, 0.10189, -0.010762, -0.046782, -0.100173, -0.99387, 0.026426, 0.0, 0.0, 0.0, 1.0],
                [0.998166, -0.031956, -0.051413, -0.125006, -0.039253, -0.988232, -0.147839, -0.008706, -0.046084, 0.149586, -0.987674, 0.04088, 0.0, 0.0, 0.0, 1.0],
                [0.998075, -0.025608, -0.056488, -0.125006, -0.042158, -0.948137, -0.315055, -0.006826, -0.045491, 0.31683, -0.947391, 0.054095, 0.0, 0.0, 0.0, 1.0],
                [0.997993, -0.024809, -0.058256, -0.125006, -0.044533, -0.929055, -0.367253, -0.00521, -0.045012, 0.36911, -0.928295, 0.065452, 0.0, 0.0, 0.0, 1.0],
                [0.997928, -0.02417, -0.059625, -0.125006, -0.046316, -0.913132, -0.405025, -0.003947, -0.044656, 0.406948, -0.912359, 0.074331, 0.0, 0.0, 0.0, 1.0],
                [0.997885, -0.023752, -0.060508, -0.125006, -0.047445, -0.902428, -0.428221, -0.003124, -0.044433, 0.430186, -0.901646, 0.080113, 0.0, 0.0, 0.0, 1.0],
                [0.99787, -0.023602, -0.060821, -0.125006, -0.047843, -0.898557, -0.436242, -0.002831, -0.044355, 0.438223, -0.897771, 0.082178, 0.0, 0.0, 0.0, 1.0],
                [0.99787, -0.023602, -0.060821, -0.125006, -0.047843, -0.898557, -0.436242, -0.002831, -0.044355, 0.438223, -0.897771, 0.082178, 0.0, 0.0, 0.0, 1.0],
                [0.99787, -0.023602, -0.060821, -0.125006, -0.047843, -0.898557, -0.436242, -0.002831, -0.044355, 0.438223, -0.897771, 0.082178, 0.0, 0.0, 0.0, 1.0],
                [0.99787, -0.023602, -0.060821, -0.125006, -0.047843, -0.898557, -0.436242, -0.002831, -0.044355, 0.438223, -0.897771, 0.082178, 0.0, 0.0, 0.0, 1.0],
                [0.99787, -0.023602, -0.060821, -0.125006, -0.047843, -0.898557, -0.436242, -0.002831, -0.044355, 0.438223, -0.897771, 0.082178, 0.0, 0.0, 0.0, 1.0],
                [0.99787, -0.023602, -0.060821, -0.125006, -0.047843, -0.898557, -0.436242, -0.002831, -0.044355, 0.438223, -0.897771, 0.082178, 0.0, 0.0, 0.0, 1.0],
                [0.99787, -0.023602, -0.060821, -0.125006, -0.047843, -0.898557, -0.436242, -0.002831, -0.044355, 0.438223, -0.897771, 0.082178, 0.0, 0.0, 0.0, 1.0]
            ]
        },
        {
            "name": "Leg_L",
            "time": [0.0, 0.0167, 0.0333, 0.05, 0.0667, 0.0833, 0.1, 0.1167, 0.1333, 0.15, 0.1667, 0.1833, 0.2, 0.2167, 0.2333, 0.25, 0.2667, 0.2833, 0.3, 0.3167, 0.3333],
            "transform": [
                [1.0, 1.5e-05, 7e-06, 0.0, -1.5e-05, 0.715193, 0.698927, 0.374726, 5e-06, -0.698927, 0.715193, -0.0, 0.0, 0.0, 0.0, 1.0],
                [1.0, 1.5e-05, 7e-06, -0.0, -1.6e-05, 0.706477, 0.707736, 0.374726, 6e-06, -0.707736, 0.706477, 0.0, 0.0, 0.0, 0.0, 1.0],
                [1.0, 1.5e-05, 7e-06, -0.0, -1.6e-05, 0.68528, 0.728279, 0.374726, 6e-06, -0.728279, 0.68528, -0.0, 0.0, 0.0, 0.0, 1.0],
                [1.0, 1.6e-05, 8e-06, -0.0, -1.6e-05, 0.66161, 0.749848, 0.374726, 7e-06, -0.749848, 0.66161, -0.0, 0.0, 0.0, 0.0, 1.0],
                [1.0, 1.6e-05, 8e-06, 0.0, -1.6e-05, 0.647474, 0.762087, 0.374726, 7e-06, -0.762087, 0.647475, -0.0, 0.0, 0.0, 0.0, 1.0],
                [1.0, 1.6e-05, 8e-06, -0.0, -1.7e-05, 0.653628, 0.756816, 0.374726, 7e-06, -0.756816, 0.653628, -0.0, 0.0, 0.0, 0.0, 1.0],
                [1.0, 1.5e-05, 7e-06, -0.0, -1.5e-05, 0.688292, 0.725433, 0.374726, 6e-06, -0.725433, 0.688293, 0.0, 0.0, 0.0, 0.0, 1.0],
                [1.0, 1.4e-05, 6e-06, -0.0, -1.4e-05, 0.755301, 0.655377, 0.374726, 5e-06, -0.655377, 0.755302, 0.0, 0.0, 0.0, 0.0, 1.0],
                [1.0, 1.1e-05, 4e-06, -0.0, -1.1e-05, 0.854064, 0.520167, 0.374726, 2e-06, -0.520167, 0.854064, 0.0, 0.0, 0.0, 0.0, 1.0],
                [1.0, 4e-06, 1e-06, -0.0, -4e-06, 0.978513, 0.206186, 0.374726, -0.0, -0.206186, 0.978513, 0.0, 0.0, 0.0, 0.0, 1.0],
                [1.0, 0.0, 1e-06, -0.0, -0.0, 0.999999, 0.001462, 0.374726, -1e-06, -0.001462, 0.999999, 0.0, 0.0, 0.0, 0.0, 1.0],
                [1.0, 0.0, 1e-06, -0.0, -0.0, 0.999998, 0.001464, 0.374726, -1e-06, -0.001464, 0.999999, -0.0, 0.0, 0.0, 0.0, 1.0],
                [1.0, 0.0, 1e-06, -0.0, -0.0, 0.999999, 0.001466, 0.374726, -1e-06, -0.001466, 0.999999, -0.0, 0.0, 0.0, 0.0, 1.0],
                [1.0, 0.0, 1e-06, 0.0, -0.0, 0.999999, 0.001467, 0.374726, -1e-06, -0.001467, 0.999999, -0.0, 0.0, 0.0, 0.0, 1.0],
                [1.0, 0.0, 1e-06, 0.0, -0.0, 0.999999, 0.001467, 0.374726, -1e-06, -0.001467, 0.999999, 0.0, 0.0, 0.0, 0.0, 1.0],
                [1.0, 0.0, 1e-06, -0.0, -0.0, 0.999999, 0.001467, 0.374726, -1e-06, -0.001467, 0.999999, -0.0, 0.0, 0.0, 0.0, 1.0],
                [1.0, 0.0, 1e-06, -0.0, -0.0, 0.999999, 0.001467, 0.374726, -1e-06, -0.001467, 0.999999, -0.0, 0.0, 0.0, 0.0, 1.0],
                [1.0, 0.0, 1e-06, -0.0, -0.0, 0.999999, 0.001467, 0.374726, -1e-06, -0.001467, 0.999999, -0.0, 0.0, 0.0, 0.0, 1.0],
                [1.0, 0.0, 1e-06, -0.0, -0.0, 0.999999, 0.001467, 0.374726, -1e-06, -0.001467, 0.999999, -0.0, 0.0, 0.0, 0.0, 1.0],
                [1.0, 0.0, 1e-06, -0.0, -0.0, 0.999999, 0.001467, 0.374726, -1e-06, -0.001467, 0.999999, -0.0, 0.0, 0.0, 0.0, 1.0],
                [1.0, 0.0, 1e-06, -0.0, -0.0, 0.999999, 0.001467, 0.374726, -1e-06, -0.001467, 0.999999, -0.0, 0.0, 0.0, 0.0, 1.0]
            ]
        },
        {
            "name": "Knee_L",
            "time": [0.0, 0.3333],
            "transform": [
                [1.0, 0.0, -0.0, 0.0, -0.0, 0.00567, -0.999984, 0.399827, -0.0, 0.999984, 0.00567, -0.000142, 0.0, 0.0, 0.0, 1.0],
                [1.0, 0.0, -0.0, -0.0, -0.0, 0.00567, -0.999984, 0.374726, -0.0, 0.999984, 0.00567, -0.0, 0.0, 0.0, 0.0, 1.0]
            ]
        },
        {
            "name": "Torso",
            "time": [0.0, 0.0167, 0.0333, 0.05, 0.0667, 0.0833, 0.1, 0.1167, 0.1333, 0.15, 0.1667, 0.1833, 0.2, 0.2167, 0.2333, 0.25, 0.2667, 0.2833, 0.3, 0.3167, 0.3333],
            "transform": [
                [0.893613, 0.0, -0.448838, 0.0, 0.0, 1.0, 0.0, 0.05, 0.448838, 0.0, 0.893613, 0.0, 0.0, 0.0, 0.0, 1.0],
                [0.900184, 0.0, -0.435509, 0.0, 0.0, 1.0, 0.0, 0.05, 0.435509, 0.0, 0.900184, 0.0, 0.0, 0.0, 0.0, 1.0],
                [0.917645, 0.0, -0.397402, 0.0, 0.0, 1.0, 0.0, 0.05, 0.397402, 0.0, 0.917645, 0.0, 0.0, 0.0, 0.0, 1.0],
                [0.941589, 0.0, -0.336764, 0.0, 0.0, 1.0, 0.0, 0.05, 0.336764, 0.0, 0.941589, 0.0, 0.0, 0.0, 0.0, 1.0],
                [0.966703, 0.0, -0.255902, 0.0, 0.0, 1.0, 0.0, 0.05, 0.255902, 0.0, 0.966703, 0.0, 0.0, 0.0, 0.0, 1.0],
                [0.987428, 0.0, -0.158069, 0.0, 0.0, 1.0, 0.0, 0.05, 0.158069, 0.0, 0.987428, 0.0, 0.0, 0.0, 0.0, 1.0],
                [0.998848, 0.0, -0.047988, 0.0, 0.0, 1.0, 0.0, 0.05, 0.047988, 0.0, 0.998848, 0.0, 0.0, 0.0, 0.0, 1.0],
                [0.997674, 0.0, 0.068168, 0.0, 0.0, 1.0, 0.0, 0.05, -0.068168, 0.0, 0.997674, 0.0, 0.0, 0.0, 0.0, 1.0],
                [0.983038, 0.0, 0.183404, 0.0, 0.0, 1.0, 0.0, 0.05, -0.183404, 0.0, 0.983038, 0.0, 0.0, 0.0, 0.0, 1.0],
                [0.956751, 0.0, 0.290908, 0.0, 0.0, 1.0, 0.0, 0.05, -0.290908, 0.0, 0.956751, 0.0, 0.0, 0.0, 0.0, 1.0],
                [0.922911, 0.0, 0.385014, 0.0, 0.0, 1.0, 0.0, 0.05, -0.385014, 0.0, 0.922911, 0.0, 0.0, 0.0, 0.0, 1.0],
                [0.887032, 0.0, 0.461708, 0.0, 0.0, 1.0, 0.0, 0.05, -0.461708, 0.0, 0.887032, 0.0, 0.0, 0.0, 0.0, 1.0],
                [0.855062, 0.0, 0.518525, 0.0, 0.0, 1.0, 0.0, 0.05, -0.518525, 0.0, 0.855062, 0.0, 0.0, 0.0, 0.0, 1.0],
                [0.832581, 0.0, 0.553903, 0.0, 0.0, 1.0, 0.0, 0.05, -0.553903, 0.0, 0.832581, 0.0, 0.0, 0.0, 0.0, 1.0],
                [0.824258, 0.0, 0.566215, 0.0, 0.0, 1.0, 0.0, 0.05, -0.566215, 0.0, 0.824258, 0.0, 0.0, 0.0, 0.0, 1.0],
                [0.824258, 0.0, 0.566215, 0.0, 0.0, 1.0, 0.0, 0.05, -0.566215, 0.0, 0.824258, 0.0, 0.0, 0.0, 0.0, 1.0],
                [0.824258, 0.0, 0.566215, 0.0, 0.0, 1.0, 0.0, 0.05, -0.566215, 0.0, 0.824258, 0.0, 0.0, 0.0, 0.0, 1.0],
                [0.824258, 0.0, 0.566215, 0.0, 0.0, 1.0, 0.0, 0.05, -0.566215, 0.0, 0.824258, 0.0, 0.0, 0.0, 0.0, 1.0],
                [0.824258, 0.0, 0.566215, 0.0, 0.0, 1.0, 0.0, 0.05, -0.566215, 0.0, 0.824258, 0.0, 0.0, 0.0, 0.0, 1.0],
                [0.824258, 0.0, 0.566215, 0.0, 0.0, 1.0, 0.0, 0.05, -0.566215, 0.0, 0.824258, 0.0, 0.0, 0.0, 0.0, 1.0],
                [0.824258, 0.0, 0.566215, 0.0, 0.0, 1.0, 0.0, 0.05, -0.566215, 0.0, 0.824258, 0.0, 0.0, 0.0, 0.0, 1.0]
            ]
        },
        {
            "name": "Chest",
            "time": [0.0, 0.0167, 0.0333, 0.05, 0.0667, 0.0833, 0.1, 0.1167, 0.1333, 0.15, 0.1667, 0.1833, 0.2, 0.2167, 0.2333, 0.25, 0.2667, 0.2833, 0.3, 0.3167, 0.3333],
            "transform": [
                [0.870339, 0.0, -0.492452, 0.0, 0.0, 1.0, 0.0, 0.3, 0.492452, 0.0, 0.870339, 0.0, 0.0, 0.0, 0.0, 1.0],
                [0.873973, 0.0, -0.485975, -0.0, 0.0, 1.0, 0.0, 0.3, 0.485975, 0.0, 0.873973, -0.0, 0.0, 0.0, 0.0, 1.0],
                [0.883906, 0.0, -0.467665, -0.0, 0.0, 1.0, 0.0, 0.3, 0.467665, 0.0, 0.883906, 0.0, 0.0, 0.0, 0.0, 1.0],
                [0.898454, 0.0, -0.439067, 0.0, 0.0, 1.0, 0.0, 0.3, 0.439067, 0.0, 0.898454, 0.0, 0.0, 0.0, 0.0, 1.0],
                [0.915771, 0.0, -0.4017, 0.0, 0.0, 1.0, 0.0, 0.3, 0.4017, 0.0, 0.915771, 0.0, 0.0, 0.0, 0.0, 1.0],
                [0.934024, 0.0, -0.35721, -0.0, 0.0, 1.0, 0.0, 0.3, 0.35721, 0.0, 0.934024, 0.0, 0.0, 0.0, 0.0, 1.0],
                [0.951557, 0.0, -0.307473, -0.0, 0.0, 1.0, 0.0, 0.3, 0.307473, 0.0, 0.951557, 0.0, 0.0, 0.0, 0.0, 1.0],
                [0.967042, 0.0, -0.254618, -0.0, 0.0, 1.0, 0.0, 0.3, 0.254618, 0.0, 0.967042, 0.0, 0.0, 0.0, 0.0, 1.0],
                [0.979593, 0.0, -0.20099, 0.0, 0.0, 1.0, 0.0, 0.3, 0.20099, 0.0, 0.979593, -0.0, 0.0, 0.0, 0.0, 1.0],
                [0.988827, 0.0, -0.149068, 0.0, 0.0, 1.0, 0.0, 0.3, 0.149068, 0.0, 0.988827, -0.0, 0.0, 0.0, 0.0, 1.0],
                [0.99485, 0.0, -0.101359, 0.0, 0.0, 1.0, 0.0, 0.3, 0.101359, 0.0, 0.99485, 0.0, 0.0, 0.0, 0.0, 1.0],
                [0.99818, 0.0, -0.060308, 0.0, 0.0, 1.0, 0.0, 0.3, 0.060308, 0.0, 0.99818, 0.0, 0.0, 0.0, 0.0, 1.0],
                [0.999601, 0.0, -0.028254, -0.0, 0.0, 1.0, 0.0, 0.3, 0.028254, 0.0, 0.999601, -0.0, 0.0, 0.0, 0.0, 1.0],
                [0.999972, 0.0, -0.007427, 0.0, 0.0, 1.0, 0.0, 0.3, 0.007427, 0.0, 0.999972, 0.0, 0.0, 0.0, 0.0, 1.0],
                [1.0, 0.0, 0.0, -0.0, 0.0, 1.0, 0.0, 0.3, -0.0, 0.0, 1.0, 0.0, 0.0, 0.0, 0.0, 1.0],
                [1.0, 0.0, 0.0, -0.0, 0.0, 1.0, 0.0, 0.3, 0.0, 0.0, 1.0, 0.0, 0.0, 0.0, 0.0, 1.0],
                [1.0, 0.0, 0.0, -0.0, 0.0, 1.0, 0.0, 0.3, 0.0, 0.0, 1.0, 0.0, 0.0, 0.0, 0.0, 1.0],
                [1.0, 0.0, 0.0, -0.0, 0.0, 1.0, 0.0, 0.3, 0.0, 0.0, 1.0, 0.0, 0.0, 0.0, 0.0, 1.0],
                [1.0, 0.0, 0.0, -0.0, 0.0, 1.0, 0.0, 0.3, 0.0, 0.0, 1.0, 0.0, 0.0, 0.0, 0.0, 1.0],
                [1.0, 0.0, 0.0, -0.0, 0.0, 1.0, 0.0, 0.3, 0.0, 0.0, 1.0, 0.0, 0.0, 0.0, 0.0, 1.0],
                [1.0, 0.0, 0.0, -0.0, 0.0, 1.0, 0.0, 0.3, 0.0, 0.0, 1.0, 0.0, 0.0, 0.0, 0.0, 1.0]
            ]
        },
        {
            "name": "Head",
            "time": [0.0, 0.0167, 0.0333, 0.05, 0.0667, 0.0833, 0.1, 0.1167, 0.1333, 0.15, 0.1667, 0.1833, 0.2, 0.2167, 0.2333, 0.25, 0.2667, 0.2833, 0.3, 0.3167, 0.3333],
            "transform": [
                [0.699685, 0.0, 0.714452, -0.0, 0.0, 1.0, 0.0, 0.4, -0.714452, 0.0, 0.699685, -0.0, 0.0, 0.0, 0.0, 1.0],
                [0.71234, 0.0, 0.701834, 0.0, 0.0, 1.0, 0.0, 0.4, -0.701834, 0.0, 0.71234, -0.0, 0.0, 0.0, 0.0, 1.0],
                [0.746926, 0.0, 0.664908, 0.0, 0.0, 1.0, 0.0, 0.4, -0.664908, 0.0, 0.746926, -0.0, 0.0, 0.0, 0.0, 1.0],
                [0.797204, 0.0, 0.60371, -0.0, 0.0, 1.0, 0.0, 0.4, -0.60371, 0.0, 0.797204, 0.0, 0.0, 0.0, 0.0, 1.0],
                [0.855433, 0.0, 0.517914, 0.0, 0.0, 1.0, 0.0, 0.4, -0.517914, 0.0, 0.855433, 0.0, 0.0, 0.0, 0.0, 1.0],
                [0.912726, 0.0, 0.408572, 0.0, 0.0, 1.0, 0.0, 0.4, -0.408572, 0.0, 0.912726, -0.0, 0.0, 0.0, 0.0, 1.0],
                [0.96014, 0.0, 0.27952, -0.0, 0.0, 1.0, 0.0, 0.4, -0.27952, 0.0, 0.96014, -0.0, 0.0, 0.0, 0.0, 1.0],
                [0.990445, 0.0, 0.137906, 0.0, 0.0, 1.0, 0.0, 0.4, -0.137906, 0.0, 0.990445, -0.0, 0.0, 0.0, 0.0, 1.0],
                [0.999979, 0.0, -0.006601, -0.0, 0.0, 1.0, 0.0, 0.4, 0.006601, 0.0, 0.999978, 0.0, 0.0, 0.0, 0.0, 1.0],
                [0.989622, 0.0, -0.143696, -0.0, 0.0, 1.0, 0.0, 0.4, 0.143696, 0.0, 0.989622, -0.0, 0.0, 0.0, 0.0, 1.0],
                [0.964377, 0.0, -0.26453, 0.0, 0.0, 1.0, 0.0, 0.4, 0.264531, 0.0, 0.964377, -0.0, 0.0, 0.0, 0.0, 1.0],
                [0.931801, 0.0, -0.36297, -0.0, 0.0, 1.0, 0.0, 0.4, 0.36297, 0.0, 0.931801, -0.0, 0.0, 0.0, 0.0, 1.0],
                [0.900153, 0.0, -0.435575, -0.0, 0.0, 1.0, 0.0, 0.4, 0.435575, 0.0, 0.900153, 0.0, 0.0, 0.0, 0.0, 1.0],
                [0.876971, 0.0, -0.480544, -0.0, 0.0, 1.0, 0.0, 0.4, 0.480544, 0.0, 0.87697, -0.0, 0.0, 0.0, 0.0, 1.0],
                [0.868243, 0.0, -0.496139, 0.0, 0.0, 1.0, 0.0, 0.4, 0.49614, 0.0, 0.868243, 0.0, 0.0, 0.0, 0.0, 1.0],
                [0.868243, 0.0, -0.496139, -0.0, 0.0, 1.0, 0.0, 0.4, 0.49614, 0.0, 0.868243, 0.0, 0.0, 0.0, 0.0, 1.0],
                [0.868243, 0.0, -0.496139, -0.0, 0.0, 1.0, 0.0, 0.4, 0.49614, 0.0, 0.868243, 0.0, 0.0, 0.0, 0.0, 1.0],
                [0.868243, 0.0, -0.496139, -0.0, 0.0, 1.0, 0.0, 0.4, 0.49614, 0.0, 0.868243, 0.0, 0.0, 0.0, 0.0, 1.0],
                [0.868243, 0.0, -0.496139, -0.0, 0.0, 1.0, 0.0, 0.4, 0.496139, 0.0, 0.868243, 0.0, 0.0, 0.0, 0.0, 1.0],
                [0.868243, 0.0, -0.496139, 0.0, 0.0, 1.0, 0.0, 0.4, 0.49614, 0.0, 0.868243, 0.0, 0.0, 0.0, 0.0, 1.0],
                [0.868243, 0.0, -0.496139, -0.0, 0.0, 1.0, 0.0, 0.4, 0.49614, 0.0, 0.868243, 0.0, 0.0, 0.0, 0.0, 1.0]
            ]
        },
        {
            "name": "Shoulder_R",
            "time": [0.0, 0.0167, 0.0333, 0.05, 0.0667, 0.0833, 0.1, 0.1167, 0.1333, 0.15, 0.1667, 0.1833, 0.2, 0.2167, 0.2333, 0.25, 0.2667, 0.2833, 0.3, 0.3167, 0.3333],
            "transform": [
                [0.0, 0.952114, 0.305743, -0.0, 0.0, -0.305743, 0.952114, 0.4, 1.0, 0.0, -0.0, -0.0, 0.0, 0.0, 0.0, 1.0],
                [-0.0, 0.952114, 0.305743, 0.0, 0.0, -0.305743, 0.952114, 0.4, 1.0, 0.0, -0.0, 0.0, 0.0, 0.0, 0.0, 1.0],
                [0.0, 0.952114, 0.305743, -0.0, 0.0, -0.305743, 0.952114, 0.4, 1.0, 0.0, -0.0, 0.0, 0.0, 0.0, 0.0, 1.0],
                [0.0, 0.952114, 0.305743, -0.0, 0.0, -0.305743, 0.952114, 0.4, 1.0, -0.0, -0.0, -0.0, 0.0, 0.0, 0.0, 1.0],
                [0.0, 0.952114, 0.305743, 0.0, 0.0, -0.305743, 0.952114, 0.4, 1.0, -0.0, -0.0, 0.0, 0.0, 0.0, 0.0, 1.0],
                [0.0, 0.952114, 0.305743, 0.0, 0.0, -0.305743, 0.952114, 0.4, 1.0, 0.0, -0.0, -0.0, 0.0, 0.0, 0.0, 1.0],
                [0.0, 0.952114, 0.305743, -0.0, 0.0, -0.305743, 0.952114, 0.4, 1.0, -0.0, -0.0, 0.0, 0.0, 0.0, 0.0, 1.0],
                [0.0, 0.952114, 0.305743, 0.0, 0.0, -0.305743, 0.952114, 0.4, 1.0, 0.0, -0.0, 0.0, 0.0, 0.0, 0.0, 1.0],
                [0.0, 0.952114, 0.305743, 0.0, 0.0, -0.305743, 0.952114, 0.4, 1.0, 0.0, -0.0, 0.0, 0.0, 0.0, 0.0, 1.0],
                [0.0, 0.952114, 0.305743, 0.0, 0.0, -0.305743, 0.952114, 0.4, 1.0, 0.0, -0.0, -0.0, 0.0, 0.0, 0.0, 1.0],
                [0.0, 0.952114, 0.305743, 0.0, 0.0, -0.305743, 0.952114, 0.4, 1.0, 0.0, -0.0, -0.0, 0.0, 0.0, 0.0, 1.0],
                [0.0, 0.952114, 0.305743, -0.0, 0.0, -0.305743, 0.952114, 0.4, 1.0, 0.0, -0.0, -0.0, 0.0, 0.0, 0.0, 1.0],
                [0.0, 0.952114, 0.305743, -0.0, 0.0, -0.305743, 0.952114, 0.4, 1.0, 0.0, -0.0, 0.0, 0.0, 0.0, 0.0, 1.0],
                [0.0, 0.952114, 0.305743, -0.0, 0.0, -0.305743, 0.952114, 0.4, 1.0, 0.0, -0.0, -0.0, 0.0, 0.0, 0.0, 1.0],
                [0.0, 0.952114, 0.305743, -0.0, 0.0, -0.305743, 0.952114, 0.4, 1.0, 0.0, -0.0, 0.0, 0.0, 0.0, 0.0, 1.0],
                [0.0, 0.952114, 0.305743, -0.0, 0.0, -0.305743, 0.952114, 0.4, 1.0, 0.0, -0.0, 0.0, 0.0, 0.0, 0.0, 1.0],
                [0.0, 0.952114, 0.305743, -0.0, 0.0, -0.305743, 0.952114, 0.4, 1.0, 0.0, -0.0, 0.0, 0.0, 0.0, 0.0, 1.0],
                [0.0, 0.952114, 0.305743, -0.0, 0.0, -0.305743, 0.952114, 0.4, 1.0, 0.0, -0.0, 0.0, 0.0, 0.0, 0.0, 1.0],
                [0.0, 0.952114, 0.305743, -0.0, 0.0, -0.305743, 0.952114, 0.4, 1.0, 0.0, -0.0, 0.0, 0.0, 0.0, 0.0, 1.0],
                [0.0, 0.952114, 0.305743, -0.0, 0.0, -0.305743, 0.952114, 0.4, 1.0, 0.0, -0.0, 0.0, 0.0, 0.0, 0.0, 1.0],
                [0.0, 0.952114, 0.305743, -0.0, 0.0, -0.305743, 0.952114, 0.4, 1.0, 0.0, -0.0, 0.0, 0.0, 0.0, 0.0, 1.0]
            ]
        },
        {
            "name": "Arm_R",
            "time": [0.0, 0.0167, 0.0333, 0.05, 0.0667, 0.0833, 0.1, 0.1167, 0.1333, 0.15, 0.1667, 0.1833, 0.2, 0.2167, 0.2333, 0.25, 0.2667, 0.2833, 0.3, 0.3167, 0.3333],
            "transform": [
                [-0.156503, -0.747372, -0.64571, -0.0, -0.245085, 0.662705, -0.707641, 0.39386, 0.956786, 0.047506, -0.286886, 0.0, 0.0, 0.0, 0.0, 1.0],
                [-0.13913, -0.750721, -0.645802, 0.0, -0.222878, 0.659152, -0.718224, 0.393861, 0.964867, 0.044009, -0.259027, 0.0, 0.0, 0.0, 0.0, 1.0],
                [-0.089812, -0.760829, -0.642708, 0.0, -0.15708, 0.64806, -0.745215, 0.393861, 0.983493, 0.034027, -0.177715, 0.0, 0.0, 0.0, 0.0, 1.0],
                [-0.012011, -0.778539, -0.627481, 0.0, -0.044576, 0.62732, -0.777485, 0.39386, 0.998934, 0.018632, -0.04224, 0.0, 0.0, 0.0, 0.0, 1.0],
                [0.0881, -0.691953, -0.716547, -0.0, 0.117932, 0.721531, -0.682265, 0.393861, 0.989106, -0.024397, 0.14517, -0.0, 0.0, 0.0, 0.0, 1.0],
                [0.194606, -0.671658, -0.714846, -0.0, 0.314644, 0.733012, -0.60307, 0.39386, 0.929047, -0.107561, 0.353981, -0.0, 0.0, 0.0, 0.0, 1.0],
                [0.28296, -0.740452, -0.609643, 0.0, 0.493652, 0.657397, -0.56933, 0.39386, 0.822339, -0.139854, 0.551543, 0.0, 0.0, 0.0, 0.0, 1.0],
                [0.341829, -0.859647, -0.379685, -0.0, 0.605516, 0.510449, -0.610567, 0.393861, 0.718681, -0.021197, 0.695017, -0.0, 0.0, 0.0, 0.0, 1.0],
                [0.378586, -0.858331, -0.346324, -0.0, 0.647031, 0.512988, -0.564087, 0.393861, 0.661833, -0.010527, 0.749578, -0.0, 0.0, 0.0, 0.0, 1.0],
                [0.332111, -0.876455, -0.348609, 0.0, 0.628176, 0.48122, -0.61141, 0.39386, 0.703631, -0.015932, 0.710387, 0.0, 0.0, 0.0, 0.0, 1.0],
                [0.180939, -0.924555, -0.335351, 0.0, 0.553786, 0.377563, -0.742138, 0.39386, 0.812762, -0.05143, 0.580321, 0.0, 0.0, 0.0, 0.0, 1.0],
                [-0.017135, -0.972794, -0.231039, 0.0, 0.445874, 0.199391, -0.872606, 0.39386, 0.894932, -0.117967, 0.430327, 0.0, 0.0, 0.0, 0.0, 1.0],
                [-0.215501, -0.962815, -0.162931, -0.0, 0.337254, 0.0832, -0.93773, 0.39386, 0.916416, -0.257031, 0.306783, 0.0, 0.0, 0.0, 0.0, 1.0],
                [-0.348105, -0.920357, 0.178226, 0.0, 0.265368, -0.279083, -0.922873, 0.39386, 0.899112, -0.273962, 0.341384, 0.0, 0.0, 0.0, 0.0, 1.0],
                [-0.395738, -0.883197, 0.251702, -0.0, 0.240106, -0.364048, -0.8999, 0.393861, 0.88642, -0.29569, 0.356128, 0.0, 0.0, 0.0, 0.0, 1.0],
                [-0.395738, -0.883197, 0.251702, -0.0, 0.240106, -0.364048, -0.8999, 0.393861, 0.88642, -0.29569, 0.356128, 0.0, 0.0, 0.0, 0.0, 1.0],
                [-0.395738, -0.883197, 0.251702, -0.0, 0.240106, -0.364048, -0.8999, 0.393861, 0.88642, -0.29569, 0.356128, 0.0, 0.0, 0.0, 0.0, 1.0],
                [-0.395738, -0.883197, 0.251702, -0.0, 0.240106, -0.364048, -0.8999, 0.393861, 0.88642, -0.29569, 0.356128, 0.0, 0.0, 0.0, 0.0, 1.0],
                [-0.395738, -0.883197, 0.251702, 0.0, 0.240105, -0.364048, -0.8999, 0.39386, 0.88642, -0.29569, 0.356128, 0.0, 0.0, 0.0, 0.0, 1.0],
                [-0.395738, -0.883197, 0.251702, -0.0, 0.240105, -0.364048, -0.8999, 0.393861, 0.88642, -0.29569, 0.356128, 0.0, 0.0, 0.0, 0.0, 1.0],
                [-0.395738, -0.883197, 0.251702, -0.0, 0.240106, -0.364048, -0.8999, 0.393861, 0.88642, -0.29569, 0.356128, 0.0, 0.0, 0.0, 0.0, 1.0]
            ]
        },
        {
            "name": "Hand_R",
            "time": [0.0, 0.0167, 0.0333, 0.05, 0.0667, 0.0833, 0.1, 0.1167, 0.1333, 0.15, 0.1667, 0.1833, 0.2, 0.2167, 0.2333, 0.25, 0.2667, 0.2833, 0.3, 0.3167, 0.3333],
            "transform": [
                [1.0, -0.0, -0.0, 0.0, -0.0, 0.999999, -0.000998, 0.300003, -0.0, 0.000998, 1.0, -0.0, 0.0, 0.0, 0.0, 1.0],
                [1.0, -0.0, -0.0, 0.0, 0.0, 1.0, -0.000997, 0.300003, -0.0, 0.000997, 0.999999, -0.0, 0.0, 0.0, 0.0, 1.0],
                [1.0, -0.0, -0.0, -0.0, 0.0, 1.0, -0.000996, 0.300003, -0.0, 0.000996, 1.0, -0.0, 0.0, 0.0, 0.0, 1.0],
                [1.0, -0.0, 0.0, -0.0, 0.0, 1.0, -0.000993, 0.300003, -0.0, 0.000993, 1.0, 0.0, 0.0, 0.0, 0.0, 1.0],
                [1.0, -1e-06, 0.0, 0.0, 1e-06, 0.936415, -0.350895, 0.300003, 0.0, 0.350895, 0.936415, -0.0, 0.0, 0.0, 0.0, 1.0],
                [1.0, -2e-06, 1e-06, -0.0, 2e-06, 0.86035, -0.509704, 0.300003, 0.0, 0.509704, 0.86035, -0.0, 0.0, 0.0, 0.0, 1.0],
                [1.0, -1e-06, 1e-06, 0.0, 2e-06, 0.905964, -0.423354, 0.300003, 0.0, 0.423354, 0.905964, -0.0, 0.0, 0.0, 0.0, 1.0],
                [1.0, 0.0, 0.0, 0.0, 0.0, 0.999999, -0.000993, 0.300002, -0.0, 0.000993, 0.999999, 0.0, 0.0, 0.0, 0.0, 1.0],
                [1.0, 0.0, 0.0, 0.0, 0.0, 1.0, -0.000995, 0.300003, -0.0, 0.000995, 1.0, -0.0, 0.0, 0.0, 0.0, 1.0],
                [1.0, -0.0, 0.0, -0.0, 0.0, 1.0, -0.000997, 0.300002, -0.0, 0.000997, 0.999999, -0.0, 0.0, 0.0, 0.0, 1.0],
                [1.0, 0.0, 0.0, 0.0, 0.0, 1.0, -0.000996, 0.300003, -0.0, 0.000996, 1.0, -0.0, 0.0, 0.0, 0.0, 1.0],
                [1.0, 0.0, -0.0, -0.0, -0.0, 0.999999, -0.000993, 0.300003, 0.0, 0.000993, 0.999999, -0.0, 0.0, 0.0, 0.0, 1.0],
                [1.0, -1e-06, 0.0, 0.0, 1e-06, 0.950777, -0.309877, 0.300002, 0.0, 0.309877, 0.950777, -0.0, 0.0, 0.0, 0.0, 1.0],
                [1.0, -0.0, -0.0, -0.0, -0.0, 1.0, -0.000993, 0.300002, -0.0, 0.000993, 1.0, 0.0, 0.0, 0.0, 0.0, 1.0],
                [1.0, 0.0, 0.0, 0.0, 0.0, 1.0, -0.000994, 0.300003, -0.0, 0.000994, 1.0, -0.0, 0.0, 0.0, 0.0, 1.0],
                [1.0, 0.0, 0.0, 0.0, 0.0, 1.0, -0.000994, 0.300003, -0.0, 0.000994, 1.0, 0.0, 0.0, 0.0, 0.0, 1.0],
                [1.0, 0.0, 0.0, 0.0, 0.0, 1.0, -0.000994, 0.300003, -0.0, 0.000994, 1.0, 0.0, 0.0, 0.0, 0.0, 1.0],
                [1.0, 0.0, 0.0, 0.0, 0.0, 1.0, -0.000994, 0.300003, -0.0, 0.000994, 1.0, 0.0, 0.0, 0.0, 0.0, 1.0],
                [1.0, 0.0, -0.0, -0.0, -0.0, 1.0, -0.000994, 0.300002, -0.0, 0.000994, 0.999999, -0.0, 0.0, 0.0, 0.0, 1.0],
                [1.0, -0.0, 0.0, 0.0, 0.0, 1.0, -0.000994, 0.300003, -0.0, 0.000994, 1.0, 0.0, 0.0, 0.0, 0.0, 1.0],
                [1.0, 0.0, 0.0, 0.0, 0.0, 1.0, -0.000994, 0.300003, -0.0, 0.000994, 1.0, 0.0, 0.0, 0.0, 0.0, 1.0]
            ]
        },
        {
            "name": "Tool_R",
            "time": [0.0, 0.0167, 0.0333, 0.05, 0.0667, 0.0833, 0.1, 0.1167, 0.1333, 0.15, 0.1667, 0.1833, 0.2, 0.2167, 0.2333, 0.25, 0.2667, 0.2833, 0.3, 0.3167, 0.3333],
            "transform": [
                [-0.975267, 0.122612, -0.183903, -0.045532, 0.204568, 0.185636, -0.961089, 0.232583, -0.083702, -0.974939, -0.206127, -0.067931, 0.0, 0.0, 0.0, 1.0],
                [-0.969847, 0.162512, -0.181624, -0.042105, 0.209651, 0.176313, -0.961749, 0.232949, -0.124273, -0.970827, -0.205067, -0.066755, 0.0, 0.0, 0.0, 1.0],
                [-0.947242, 0.26803, -0.175762, -0.033071, 0.221334, 0.150368, -0.963536, 0.233916, -0.231828, -0.951604, -0.201759, -0.063655, 0.0, 0.0, 0.0, 1.0],
                [-0.894281, 0.414758, -0.168044, -0.020299, 0.232996, 0.110937, -0.96613, 0.235281, -0.382067, -0.903145, -0.195846, -0.059273, 0.0, 0.0, 0.0, 1.0],
                [-0.804132, 0.572396, -0.160419, -0.005658, 0.238449, 0.063392, -0.969084, 0.236847, -0.544531, -0.817524, -0.187463, -0.054249, 0.0, 0.0, 0.0, 1.0],
                [-0.686336, 0.710685, -0.154506, 0.008984, 0.234991, 0.015651, -0.971872, 0.238413, -0.688276, -0.703338, -0.177746, -0.049225, 0.0, 0.0, 0.0, 1.0],
                [-0.566149, 0.810364, -0.150951, 0.021756, 0.224989, -0.024258, -0.97406, 0.239779, -0.793005, -0.585425, -0.168589, -0.044843, 0.0, 0.0, 0.0, 1.0],
                [-0.474443, 0.867521, -0.14937, 0.03079, 0.214402, -0.050694, -0.975429, 0.240745, -0.853777, -0.494811, -0.161947, -0.041743, 0.0, 0.0, 0.0, 1.0],
                [-0.438701, 0.8862, -0.14897, 0.034217, 0.209714, -0.060233, -0.975906, 0.241112, -0.873821, -0.459372, -0.159424, -0.040567, 0.0, 0.0, 0.0, 1.0],
                [-0.438701, 0.8862, -0.148969, 0.034217, 0.209714, -0.060233, -0.975906, 0.241112, -0.873821, -0.459372, -0.159424, -0.040567, 0.0, 0.0, 0.0, 1.0],
                [-0.438701, 0.8862, -0.148969, 0.034217, 0.209714, -0.060233, -0.975906, 0.241112, -0.873821, -0.459372, -0.159424, -0.040567, 0.0, 0.0, 0.0, 1.0],
                [-0.438701, 0.8862, -0.148969, 0.034217, 0.209714, -0.060233, -0.975906, 0.241112, -0.873821, -0.459372, -0.159424, -0.040567, 0.0, 0.0, 0.0, 1.0],
                [-0.438701, 0.8862, -0.148969, 0.034217, 0.209714, -0.060233, -0.975906, 0.241112, -0.873821, -0.459372, -0.159424, -0.040567, 0.0, 0.0, 0.0, 1.0],
                [-0.438701, 0.8862, -0.148969, 0.034217, 0.209714, -0.060233, -0.975906, 0.241112, -0.873821, -0.459372, -0.159424, -0.040567, 0.0, 0.0, 0.0, 1.0],
                [-0.438701, 0.8862, -0.148969, 0.034217, 0.209714, -0.060233, -0.975906, 0.241112, -0.873821, -0.459372, -0.159424, -0.040567, 0.0, 0.0, 0.0, 1.0],
                [-0.438701, 0.8862, -0.148969, 0.034217, 0.209714, -0.060233, -0.975906, 0.241112, -0.873821, -0.459372, -0.159424, -0.040567, 0.0, 0.0, 0.0, 1.0],
                [-0.438701, 0.8862, -0.148969, 0.034217, 0.209714, -0.060233, -0.975906, 0.241112, -0.873821, -0.459372, -0.159424, -0.040567, 0.0, 0.0, 0.0, 1.0],
                [-0.438701, 0.8862, -0.148969, 0.034217, 0.209714, -0.060233, -0.975906, 0.241112, -0.873821, -0.459372, -0.159424, -0.040567, 0.0, 0.0, 0.0, 1.0],
                [-0.438701, 0.8862, -0.148969, 0.034217, 0.209714, -0.060233, -0.975906, 0.241112, -0.873821, -0.459372, -0.159424, -0.040567, 0.0, 0.0, 0.0, 1.0],
                [-0.438701, 0.8862, -0.148969, 0.034217, 0.209714, -0.060233, -0.975906, 0.241112, -0.873821, -0.459372, -0.159424, -0.040567, 0.0, 0.0, 0.0, 1.0],
                [-0.438701, 0.8862, -0.148969, 0.034217, 0.209714, -0.060233, -0.975906, 0.241112, -0.873821, -0.459372, -0.159424, -0.040567, 0.0, 0.0, 0.0, 1.0]
            ]
        },
        {
            "name": "Elbow_R",
            "time": [0.0, 0.3333],
            "transform": [
                [-1.0, 0.0, -0.0, 0.0, 0.0, 0.003946, -0.999992, 0.300007, -0.0, -0.999992, -0.003946, -0.001252, 0.0, 0.0, 0.0, 1.0],
                [-1.0, 0.0, -0.0, -0.0, -0.0, 0.003946, -0.999992, 0.300008, -0.0, -0.999992, -0.003946, -0.001252, 0.0, 0.0, 0.0, 1.0]
            ]
        },
        {
            "name": "Shoulder_L",
            "time": [0.0, 0.0167, 0.0333, 0.05, 0.0667, 0.0833, 0.1, 0.1167, 0.1333, 0.15, 0.1667, 0.1833, 0.2, 0.2167, 0.2333, 0.25, 0.2667, 0.2833, 0.3, 0.3167, 0.3333],
            "transform": [
                [-0.0, -0.952114, -0.305743, -0.0, 0.0, -0.305743, 0.952114, 0.4, -1.0, 0.0, 0.0, -0.0, 0.0, 0.0, 0.0, 1.0],
                [0.0, -0.952114, -0.305743, -0.0, 0.0, -0.305743, 0.952114, 0.4, -1.0, 0.0, 0.0, 0.0, 0.0, 0.0, 0.0, 1.0],
                [0.0, -0.952114, -0.305743, -0.0, 0.0, -0.305743, 0.952114, 0.4, -1.0, -0.0, 0.0, -0.0, 0.0, 0.0, 0.0, 1.0],
                [0.0, -0.952114, -0.305743, -0.0, 0.0, -0.305743, 0.952114, 0.4, -1.0, 0.0, 0.0, 0.0, 0.0, 0.0, 0.0, 1.0],
                [-0.0, -0.952114, -0.305743, -0.0, 0.0, -0.305743, 0.952114, 0.4, -1.0, -0.0, 0.0, -0.0, 0.0, 0.0, 0.0, 1.0],
                [-0.0, -0.952114, -0.305743, -0.0, 0.0, -0.305743, 0.952114, 0.4, -1.0, -0.0, 0.0, 0.0, 0.0, 0.0, 0.0, 1.0],
                [-0.0, -0.952114, -0.305743, 0.0, 0.0, -0.305743, 0.952114, 0.4, -1.0, -0.0, 0.0, -0.0, 0.0, 0.0, 0.0, 1.0],
                [-0.0, -0.952114, -0.305743, -0.0, 0.0, -0.305743, 0.952114, 0.4, -1.0, 0.0, 0.0, -0.0, 0.0, 0.0, 0.0, 1.0],
                [-0.0, -0.952114, -0.305743, -0.0, 0.0, -0.305743, 0.952114, 0.4, -1.0, 0.0, 0.0, -0.0, 0.0, 0.0, 0.0, 1.0],
                [-0.0, -0.952114, -0.305743, -0.0, 0.0, -0.305743, 0.952114, 0.4, -1.0, 0.0, 0.0, -0.0, 0.0, 0.0, 0.0, 1.0],
                [-0.0, -0.952114, -0.305743, -0.0, 0.0, -0.305743, 0.952114, 0.4, -1.0, 0.0, 0.0, -0.0, 0.0, 0.0, 0.0, 1.0],
