{
    "animation": [
        {
            "name": "Root",
            "time": [0.0, 0.0167, 0.0333, 0.05, 0.0667, 0.0833, 0.1, 0.1167, 0.1333, 0.15, 0.1667, 0.1833, 0.2, 0.2167, 0.2333, 0.25, 0.2667, 0.2833, 0.3, 0.3167, 0.3333, 0.35, 0.3667, 0.3833, 0.4, 0.4167, 0.4333, 0.45, 0.4667, 0.4833, 0.5, 0.5167, 0.5333, 0.55, 0.5667, 0.5833, 0.6, 0.6167, 0.6333, 0.65, 0.6667, 0.6833, 0.7, 0.7167, 0.7333, 0.75, 0.7667, 0.7833, 0.8, 0.8167, 0.8333, 0.85, 0.8667, 0.8833, 0.9, 0.9167, 0.9333, 0.95, 0.9667, 0.9833, 1.0, 1.0167, 1.0333, 1.05, 1.0667, 1.0833, 1.1, 1.1167, 1.1333, 1.15, 1.1667, 1.1833, 1.2, 1.2167, 1.2333, 1.25, 1.2667, 1.2833, 1.3, 1.3167, 1.3333, 1.35, 1.3667, 1.3833, 1.4, 1.4167, 1.4333, 1.45, 1.4667, 1.4833, 1.5, 1.5167, 1.5333, 1.55, 1.5667, 1.5833, 1.6, 1.6167, 1.6333, 1.65, 1.6667, 1.6833, 1.7, 1.7167, 1.7333, 1.75, 1.7667, 1.7833, 1.8, 1.8167, 1.8333, 1.85, 1.8667, 1.8833, 1.9, 1.9167, 1.9333, 1.95, 1.9667, 1.9833, 2.0],
            "transform": [
                [1.0, 0.0, 0.0, -5e-06, 0.0, 0.0, -1.0, 0.000946, 0.0, 1.0, 0.0, 0.835209, 0.0, 0.0, 0.0, 1.0],
                [1.0, 0.0, 0.0, -5e-06, 0.0, 0.0, -1.0, 0.000946, 0.0, 1.0, 0.0, 0.835191, 0.0, 0.0, 0.0, 1.0],
                [1.0, 0.0, 0.0, -5e-06, 0.0, 0.0, -1.0, 0.000946, 0.0, 1.0, 0.0, 0.835138, 0.0, 0.0, 0.0, 1.0],
                [1.0, 0.0, 0.0, -5e-06, 0.0, 0.0, -1.0, 0.000946, 0.0, 1.0, 0.0, 0.835051, 0.0, 0.0, 0.0, 1.0],
                [1.0, 0.0, 0.0, -5e-06, 0.0, 0.0, -1.0, 0.000946, 0.0, 1.0, 0.0, 0.834932, 0.0, 0.0, 0.0, 1.0],
                [1.0, 0.0, 0.0, -5e-06, 0.0, 0.0, -1.0, 0.000946, 0.0, 1.0, 0.0, 0.834782, 0.0, 0.0, 0.0, 1.0],
                [1.0, 0.0, 0.0, -5e-06, 0.0, 0.0, -1.0, 0.000946, 0.0, 1.0, 0.0, 0.834601, 0.0, 0.0, 0.0, 1.0],
                [1.0, 0.0, 0.0, -5e-06, 0.0, 0.0, -1.0, 0.000946, 0.0, 1.0, 0.0, 0.834391, 0.0, 0.0, 0.0, 1.0],
                [1.0, 0.0, 0.0, -5e-06, 0.0, 0.0, -1.0, 0.000946, 0.0, 1.0, 0.0, 0.834154, 0.0, 0.0, 0.0, 1.0],
                [1.0, 0.0, 0.0, -5e-06, 0.0, 0.0, -1.0, 0.000946, 0.0, 1.0, 0.0, 0.83389, 0.0, 0.0, 0.0, 1.0],
                [1.0, 0.0, 0.0, -5e-06, 0.0, 0.0, -1.0, 0.000946, 0.0, 1.0, 0.0, 0.833601, 0.0, 0.0, 0.0, 1.0],
                [1.0, 0.0, 0.0, -5e-06, 0.0, 0.0, -1.0, 0.000946, 0.0, 1.0, 0.0, 0.833288, 0.0, 0.0, 0.0, 1.0],
                [1.0, 0.0, 0.0, -5e-06, 0.0, 0.0, -1.0, 0.000946, 0.0, 1.0, 0.0, 0.832951, 0.0, 0.0, 0.0, 1.0],
                [1.0, 0.0, 0.0, -5e-06, 0.0, 0.0, -1.0, 0.000946, 0.0, 1.0, 0.0, 0.832594, 0.0, 0.0, 0.0, 1.0],
                [1.0, 0.0, 0.0, -5e-06, 0.0, 0.0, -1.0, 0.000946, 0.0, 1.0, 0.0, 0.832215, 0.0, 0.0, 0.0, 1.0],
                [1.0, 0.0, 0.0, -5e-06, 0.0, 0.0, -1.0, 0.000946, 0.0, 1.0, 0.0, 0.831817, 0.0, 0.0, 0.0, 1.0],
                [1.0, 0.0, 0.0, -5e-06, 0.0, 0.0, -1.0, 0.000946, 0.0, 1.0, 0.0, 0.831402, 0.0, 0.0, 0.0, 1.0],
                [1.0, 0.0, 0.0, -5e-06, 0.0, 0.0, -1.0, 0.000946, 0.0, 1.0, 0.0, 0.830969, 0.0, 0.0, 0.0, 1.0],
                [1.0, 0.0, 0.0, -5e-06, 0.0, 0.0, -1.0, 0.000946, 0.0, 1.0, 0.0, 0.830521, 0.0, 0.0, 0.0, 1.0],
                [1.0, 0.0, 0.0, -5e-06, 0.0, 0.0, -1.0, 0.000946, 0.0, 1.0, 0.0, 0.830058, 0.0, 0.0, 0.0, 1.0],
                [1.0, 0.0, 0.0, -5e-06, 0.0, 0.0, -1.0, 0.000946, 0.0, 1.0, 0.0, 0.829582, 0.0, 0.0, 0.0, 1.0],
                [1.0, 0.0, 0.0, -5e-06, 0.0, 0.0, -1.0, 0.000946, 0.0, 1.0, 0.0, 0.829094, 0.0, 0.0, 0.0, 1.0],
                [1.0, 0.0, 0.0, -5e-06, 0.0, 0.0, -1.0, 0.000946, 0.0, 1.0, 0.0, 0.828595, 0.0, 0.0, 0.0, 1.0],
                [1.0, 0.0, 0.0, -5e-06, 0.0, 0.0, -1.0, 0.000946, 0.0, 1.0, 0.0, 0.828086, 0.0, 0.0, 0.0, 1.0],
                [1.0, 0.0, 0.0, -5e-06, 0.0, 0.0, -1.0, 0.000946, 0.0, 1.0, 0.0, 0.827569, 0.0, 0.0, 0.0, 1.0],
                [1.0, 0.0, 0.0, -5e-06, 0.0, 0.0, -1.0, 0.000946, 0.0, 1.0, 0.0, 0.827045, 0.0, 0.0, 0.0, 1.0],
                [1.0, 0.0, 0.0, -5e-06, 0.0, 0.0, -1.0, 0.000946, 0.0, 1.0, 0.0, 0.826514, 0.0, 0.0, 0.0, 1.0],
                [1.0, 0.0, 0.0, -5e-06, 0.0, 0.0, -1.0, 0.000946, 0.0, 1.0, 0.0, 0.825979, 0.0, 0.0, 0.0, 1.0],
                [1.0, 0.0, 0.0, -5e-06, 0.0, 0.0, -1.0, 0.000946, 0.0, 1.0, 0.0, 0.82544, 0.0, 0.0, 0.0, 1.0],
                [1.0, 0.0, 0.0, -5e-06, 0.0, 0.0, -1.0, 0.000946, 0.0, 1.0, 0.0, 0.824899, 0.0, 0.0, 0.0, 1.0],
                [1.0, 0.0, 0.0, -5e-06, 0.0, 0.0, -1.0, 0.000946, 0.0, 1.0, 0.0, 0.824357, 0.0, 0.0, 0.0, 1.0],
                [1.0, 0.0, 0.0, -5e-06, 0.0, 0.0, -1.0, 0.000946, 0.0, 1.0, 0.0, 0.823814, 0.0, 0.0, 0.0, 1.0],
                [1.0, 0.0, 0.0, -5e-06, 0.0, 0.0, -1.0, 0.000946, 0.0, 1.0, 0.0, 0.823273, 0.0, 0.0, 0.0, 1.0],
                [1.0, 0.0, 0.0, -5e-06, 0.0, 0.0, -1.0, 0.000946, 0.0, 1.0, 0.0, 0.822734, 0.0, 0.0, 0.0, 1.0],
                [1.0, 0.0, 0.0, -5e-06, 0.0, 0.0, -1.0, 0.000946, 0.0, 1.0, 0.0, 0.822199, 0.0, 0.0, 0.0, 1.0],
                [1.0, 0.0, 0.0, -5e-06, 0.0, 0.0, -1.0, 0.000946, 0.0, 1.0, 0.0, 0.821669, 0.0, 0.0, 0.0, 1.0],
                [1.0, 0.0, 0.0, -5e-06, 0.0, 0.0, -1.0, 0.000946, 0.0, 1.0, 0.0, 0.821145, 0.0, 0.0, 0.0, 1.0],
                [1.0, 0.0, 0.0, -5e-06, 0.0, 0.0, -1.0, 0.000946, 0.0, 1.0, 0.0, 0.820627, 0.0, 0.0, 0.0, 1.0],
                [1.0, 0.0, 0.0, -5e-06, 0.0, 0.0, -1.0, 0.000946, 0.0, 1.0, 0.0, 0.820119, 0.0, 0.0, 0.0, 1.0],
                [1.0, 0.0, 0.0, -5e-06, 0.0, 0.0, -1.0, 0.000946, 0.0, 1.0, 0.0, 0.81962, 0.0, 0.0, 0.0, 1.0],
                [1.0, 0.0, 0.0, -5e-06, 0.0, 0.0, -1.0, 0.000946, 0.0, 1.0, 0.0, 0.819132, 0.0, 0.0, 0.0, 1.0],
                [1.0, 0.0, 0.0, -5e-06, 0.0, 0.0, -1.0, 0.000946, 0.0, 1.0, 0.0, 0.818656, 0.0, 0.0, 0.0, 1.0],
                [1.0, 0.0, 0.0, -5e-06, 0.0, 0.0, -1.0, 0.000946, 0.0, 1.0, 0.0, 0.818193, 0.0, 0.0, 0.0, 1.0],
                [1.0, 0.0, 0.0, -5e-06, 0.0, 0.0, -1.0, 0.000946, 0.0, 1.0, 0.0, 0.817744, 0.0, 0.0, 0.0, 1.0],
                [1.0, 0.0, 0.0, -5e-06, 0.0, 0.0, -1.0, 0.000946, 0.0, 1.0, 0.0, 0.817312, 0.0, 0.0, 0.0, 1.0],
                [1.0, 0.0, 0.0, -5e-06, 0.0, 0.0, -1.0, 0.000946, 0.0, 1.0, 0.0, 0.816896, 0.0, 0.0, 0.0, 1.0],
                [1.0, 0.0, 0.0, -5e-06, 0.0, 0.0, -1.0, 0.000946, 0.0, 1.0, 0.0, 0.816498, 0.0, 0.0, 0.0, 1.0],
                [1.0, 0.0, 0.0, -5e-06, 0.0, 0.0, -1.0, 0.000946, 0.0, 1.0, 0.0, 0.81612, 0.0, 0.0, 0.0, 1.0],
                [1.0, 0.0, 0.0, -5e-06, 0.0, 0.0, -1.0, 0.000946, 0.0, 1.0, 0.0, 0.815762, 0.0, 0.0, 0.0, 1.0],
                [1.0, 0.0, 0.0, -5e-06, 0.0, 0.0, -1.0, 0.000946, 0.0, 1.0, 0.0, 0.815426, 0.0, 0.0, 0.0, 1.0],
                [1.0, 0.0, 0.0, -5e-06, 0.0, 0.0, -1.0, 0.000946, 0.0, 1.0, 0.0, 0.815112, 0.0, 0.0, 0.0, 1.0],
                [1.0, 0.0, 0.0, -5e-06, 0.0, 0.0, -1.0, 0.000946, 0.0, 1.0, 0.0, 0.814823, 0.0, 0.0, 0.0, 1.0],
                [1.0, 0.0, 0.0, -5e-06, 0.0, 0.0, -1.0, 0.000946, 0.0, 1.0, 0.0, 0.814559, 0.0, 0.0, 0.0, 1.0],
                [1.0, 0.0, 0.0, -5e-06, 0.0, 0.0, -1.0, 0.000946, 0.0, 1.0, 0.0, 0.814322, 0.0, 0.0, 0.0, 1.0],
                [1.0, 0.0, 0.0, -5e-06, 0.0, 0.0, -1.0, 0.000946, 0.0, 1.0, 0.0, 0.814112, 0.0, 0.0, 0.0, 1.0],
                [1.0, 0.0, 0.0, -5e-06, 0.0, 0.0, -1.0, 0.000946, 0.0, 1.0, 0.0, 0.813932, 0.0, 0.0, 0.0, 1.0],
                [1.0, 0.0, 0.0, -5e-06, 0.0, 0.0, -1.0, 0.000946, 0.0, 1.0, 0.0, 0.813781, 0.0, 0.0, 0.0, 1.0],
                [1.0, 0.0, 0.0, -5e-06, 0.0, 0.0, -1.0, 0.000946, 0.0, 1.0, 0.0, 0.813662, 0.0, 0.0, 0.0, 1.0],
                [1.0, 0.0, 0.0, -5e-06, 0.0, 0.0, -1.0, 0.000946, 0.0, 1.0, 0.0, 0.813575, 0.0, 0.0, 0.0, 1.0],
                [1.0, 0.0, 0.0, -5e-06, 0.0, 0.0, -1.0, 0.000946, 0.0, 1.0, 0.0, 0.813523, 0.0, 0.0, 0.0, 1.0],
                [1.0, 0.0, 0.0, -5e-06, 0.0, 0.0, -1.0, 0.000946, 0.0, 1.0, 0.0, 0.813505, 0.0, 0.0, 0.0, 1.0],
                [1.0, 0.0, 0.0, -5e-06, 0.0, 0.0, -1.0, 0.000946, 0.0, 1.0, 0.0, 0.813523, 0.0, 0.0, 0.0, 1.0],
                [1.0, 0.0, 0.0, -5e-06, 0.0, 0.0, -1.0, 0.000946, 0.0, 1.0, 0.0, 0.813575, 0.0, 0.0, 0.0, 1.0],
                [1.0, 0.0, 0.0, -5e-06, 0.0, 0.0, -1.0, 0.000946, 0.0, 1.0, 0.0, 0.813662, 0.0, 0.0, 0.0, 1.0],
                [1.0, 0.0, 0.0, -5e-06, 0.0, 0.0, -1.0, 0.000946, 0.0, 1.0, 0.0, 0.813781, 0.0, 0.0, 0.0, 1.0],
                [1.0, 0.0, 0.0, -5e-06, 0.0, 0.0, -1.0, 0.000946, 0.0, 1.0, 0.0, 0.813932, 0.0, 0.0, 0.0, 1.0],
                [1.0, 0.0, 0.0, -5e-06, 0.0, 0.0, -1.0, 0.000946, 0.0, 1.0, 0.0, 0.814112, 0.0, 0.0, 0.0, 1.0],
                [1.0, 0.0, 0.0, -5e-06, 0.0, 0.0, -1.0, 0.000946, 0.0, 1.0, 0.0, 0.814322, 0.0, 0.0, 0.0, 1.0],
                [1.0, 0.0, 0.0, -5e-06, 0.0, 0.0, -1.0, 0.000946, 0.0, 1.0, 0.0, 0.814559, 0.0, 0.0, 0.0, 1.0],
                [1.0, 0.0, 0.0, -5e-06, 0.0, 0.0, -1.0, 0.000946, 0.0, 1.0, 0.0, 0.814823, 0.0, 0.0, 0.0, 1.0],
                [1.0, 0.0, 0.0, -5e-06, 0.0, 0.0, -1.0, 0.000946, 0.0, 1.0, 0.0, 0.815112, 0.0, 0.0, 0.0, 1.0],
                [1.0, 0.0, 0.0, -5e-06, 0.0, 0.0, -1.0, 0.000946, 0.0, 1.0, 0.0, 0.815426, 0.0, 0.0, 0.0, 1.0],
                [1.0, 0.0, 0.0, -5e-06, 0.0, 0.0, -1.0, 0.000946, 0.0, 1.0, 0.0, 0.815762, 0.0, 0.0, 0.0, 1.0],
                [1.0, 0.0, 0.0, -5e-06, 0.0, 0.0, -1.0, 0.000946, 0.0, 1.0, 0.0, 0.81612, 0.0, 0.0, 0.0, 1.0],
                [1.0, 0.0, 0.0, -5e-06, 0.0, 0.0, -1.0, 0.000946, 0.0, 1.0, 0.0, 0.816498, 0.0, 0.0, 0.0, 1.0],
                [1.0, 0.0, 0.0, -5e-06, 0.0, 0.0, -1.0, 0.000946, 0.0, 1.0, 0.0, 0.816896, 0.0, 0.0, 0.0, 1.0],
                [1.0, 0.0, 0.0, -5e-06, 0.0, 0.0, -1.0, 0.000946, 0.0, 1.0, 0.0, 0.817312, 0.0, 0.0, 0.0, 1.0],
                [1.0, 0.0, 0.0, -5e-06, 0.0, 0.0, -1.0, 0.000946, 0.0, 1.0, 0.0, 0.817744, 0.0, 0.0, 0.0, 1.0],
                [1.0, 0.0, 0.0, -5e-06, 0.0, 0.0, -1.0, 0.000946, 0.0, 1.0, 0.0, 0.818193, 0.0, 0.0, 0.0, 1.0],
                [1.0, 0.0, 0.0, -5e-06, 0.0, 0.0, -1.0, 0.000946, 0.0, 1.0, 0.0, 0.818656, 0.0, 0.0, 0.0, 1.0],
                [1.0, 0.0, 0.0, -5e-06, 0.0, 0.0, -1.0, 0.000946, 0.0, 1.0, 0.0, 0.819132, 0.0, 0.0, 0.0, 1.0],
                [1.0, 0.0, 0.0, -5e-06, 0.0, 0.0, -1.0, 0.000946, 0.0, 1.0, 0.0, 0.81962, 0.0, 0.0, 0.0, 1.0],
                [1.0, 0.0, 0.0, -5e-06, 0.0, 0.0, -1.0, 0.000946, 0.0, 1.0, 0.0, 0.820119, 0.0, 0.0, 0.0, 1.0],
                [1.0, 0.0, 0.0, -5e-06, 0.0, 0.0, -1.0, 0.000946, 0.0, 1.0, 0.0, 0.820627, 0.0, 0.0, 0.0, 1.0],
                [1.0, 0.0, 0.0, -5e-06, 0.0, 0.0, -1.0, 0.000946, 0.0, 1.0, 0.0, 0.821145, 0.0, 0.0, 0.0, 1.0],
                [1.0, 0.0, 0.0, -5e-06, 0.0, 0.0, -1.0, 0.000946, 0.0, 1.0, 0.0, 0.821669, 0.0, 0.0, 0.0, 1.0],
                [1.0, 0.0, 0.0, -5e-06, 0.0, 0.0, -1.0, 0.000946, 0.0, 1.0, 0.0, 0.822199, 0.0, 0.0, 0.0, 1.0],
                [1.0, 0.0, 0.0, -5e-06, 0.0, 0.0, -1.0, 0.000946, 0.0, 1.0, 0.0, 0.822734, 0.0, 0.0, 0.0, 1.0],
                [1.0, 0.0, 0.0, -5e-06, 0.0, 0.0, -1.0, 0.000946, 0.0, 1.0, 0.0, 0.823273, 0.0, 0.0, 0.0, 1.0],
                [1.0, 0.0, 0.0, -5e-06, 0.0, 0.0, -1.0, 0.000946, 0.0, 1.0, 0.0, 0.823814, 0.0, 0.0, 0.0, 1.0],
                [1.0, 0.0, 0.0, -5e-06, 0.0, 0.0, -1.0, 0.000946, 0.0, 1.0, 0.0, 0.824357, 0.0, 0.0, 0.0, 1.0],
                [1.0, 0.0, 0.0, -5e-06, 0.0, 0.0, -1.0, 0.000946, 0.0, 1.0, 0.0, 0.824899, 0.0, 0.0, 0.0, 1.0],
                [1.0, 0.0, 0.0, -5e-06, 0.0, 0.0, -1.0, 0.000946, 0.0, 1.0, 0.0, 0.82544, 0.0, 0.0, 0.0, 1.0],
                [1.0, 0.0, 0.0, -5e-06, 0.0, 0.0, -1.0, 0.000946, 0.0, 1.0, 0.0, 0.825979, 0.0, 0.0, 0.0, 1.0],
                [1.0, 0.0, 0.0, -5e-06, 0.0, 0.0, -1.0, 0.000946, 0.0, 1.0, 0.0, 0.826514, 0.0, 0.0, 0.0, 1.0],
                [1.0, 0.0, 0.0, -5e-06, 0.0, 0.0, -1.0, 0.000946, 0.0, 1.0, 0.0, 0.827045, 0.0, 0.0, 0.0, 1.0],
                [1.0, 0.0, 0.0, -5e-06, 0.0, 0.0, -1.0, 0.000946, 0.0, 1.0, 0.0, 0.827569, 0.0, 0.0, 0.0, 1.0],
                [1.0, 0.0, 0.0, -5e-06, 0.0, 0.0, -1.0, 0.000946, 0.0, 1.0, 0.0, 0.828086, 0.0, 0.0, 0.0, 1.0],
                [1.0, 0.0, 0.0, -5e-06, 0.0, 0.0, -1.0, 0.000946, 0.0, 1.0, 0.0, 0.828595, 0.0, 0.0, 0.0, 1.0],
                [1.0, 0.0, 0.0, -5e-06, 0.0, 0.0, -1.0, 0.000946, 0.0, 1.0, 0.0, 0.829094, 0.0, 0.0, 0.0, 1.0],
                [1.0, 0.0, 0.0, -5e-06, 0.0, 0.0, -1.0, 0.000946, 0.0, 1.0, 0.0, 0.829582, 0.0, 0.0, 0.0, 1.0],
                [1.0, 0.0, 0.0, -5e-06, 0.0, 0.0, -1.0, 0.000946, 0.0, 1.0, 0.0, 0.830058, 0.0, 0.0, 0.0, 1.0],
                [1.0, 0.0, 0.0, -5e-06, 0.0, 0.0, -1.0, 0.000946, 0.0, 1.0, 0.0, 0.830521, 0.0, 0.0, 0.0, 1.0],
                [1.0, 0.0, 0.0, -5e-06, 0.0, 0.0, -1.0, 0.000946, 0.0, 1.0, 0.0, 0.830969, 0.0, 0.0, 0.0, 1.0],
                [1.0, 0.0, 0.0, -5e-06, 0.0, 0.0, -1.0, 0.000946, 0.0, 1.0, 0.0, 0.831402, 0.0, 0.0, 0.0, 1.0],
                [1.0, 0.0, 0.0, -5e-06, 0.0, 0.0, -1.0, 0.000946, 0.0, 1.0, 0.0, 0.831817, 0.0, 0.0, 0.0, 1.0],
                [1.0, 0.0, 0.0, -5e-06, 0.0, 0.0, -1.0, 0.000946, 0.0, 1.0, 0.0, 0.832215, 0.0, 0.0, 0.0, 1.0],
                [1.0, 0.0, 0.0, -5e-06, 0.0, 0.0, -1.0, 0.000946, 0.0, 1.0, 0.0, 0.832594, 0.0, 0.0, 0.0, 1.0],
                [1.0, 0.0, 0.0, -5e-06, 0.0, 0.0, -1.0, 0.000946, 0.0, 1.0, 0.0, 0.832951, 0.0, 0.0, 0.0, 1.0],
                [1.0, 0.0, 0.0, -5e-06, 0.0, 0.0, -1.0, 0.000946, 0.0, 1.0, 0.0, 0.833288, 0.0, 0.0, 0.0, 1.0],
                [1.0, 0.0, 0.0, -5e-06, 0.0, 0.0, -1.0, 0.000946, 0.0, 1.0, 0.0, 0.833601, 0.0, 0.0, 0.0, 1.0],
                [1.0, 0.0, 0.0, -5e-06, 0.0, 0.0, -1.0, 0.000946, 0.0, 1.0, 0.0, 0.83389, 0.0, 0.0, 0.0, 1.0],
                [1.0, 0.0, 0.0, -5e-06, 0.0, 0.0, -1.0, 0.000946, 0.0, 1.0, 0.0, 0.834154, 0.0, 0.0, 0.0, 1.0],
                [1.0, 0.0, 0.0, -5e-06, 0.0, 0.0, -1.0, 0.000946, 0.0, 1.0, 0.0, 0.834391, 0.0, 0.0, 0.0, 1.0],
                [1.0, 0.0, 0.0, -5e-06, 0.0, 0.0, -1.0, 0.000946, 0.0, 1.0, 0.0, 0.834601, 0.0, 0.0, 0.0, 1.0],
                [1.0, 0.0, 0.0, -5e-06, 0.0, 0.0, -1.0, 0.000946, 0.0, 1.0, 0.0, 0.834782, 0.0, 0.0, 0.0, 1.0],
                [1.0, 0.0, 0.0, -5e-06, 0.0, 0.0, -1.0, 0.000946, 0.0, 1.0, 0.0, 0.834932, 0.0, 0.0, 0.0, 1.0],
                [1.0, 0.0, 0.0, -5e-06, 0.0, 0.0, -1.0, 0.000946, 0.0, 1.0, 0.0, 0.835051, 0.0, 0.0, 0.0, 1.0],
                [1.0, 0.0, 0.0, -5e-06, 0.0, 0.0, -1.0, 0.000946, 0.0, 1.0, 0.0, 0.835138, 0.0, 0.0, 0.0, 1.0],
                [1.0, 0.0, 0.0, -5e-06, 0.0, 0.0, -1.0, 0.000946, 0.0, 1.0, 0.0, 0.835191, 0.0, 0.0, 0.0, 1.0],
                [1.0, 0.0, 0.0, -5e-06, 0.0, 0.0, -1.0, 0.000946, 0.0, 1.0, 0.0, 0.835209, 0.0, 0.0, 0.0, 1.0]
            ]
        },
        {
            "name": "Thigh_R",
            "time": [0.0, 0.0167, 0.0333, 0.05, 0.0667, 0.0833, 0.1, 0.1167, 0.1333, 0.15, 0.1667, 0.1833, 0.2, 0.2167, 0.2333, 0.25, 0.2667, 0.2833, 0.3, 0.3167, 0.3333, 0.35, 0.3667, 0.3833, 0.4, 0.4167, 0.4333, 0.45, 0.4667, 0.4833, 0.5, 0.5167, 0.5333, 0.55, 0.5667, 0.5833, 0.6, 0.6167, 0.6333, 0.65, 0.6667, 0.6833, 0.7, 0.7167, 0.7333, 0.75, 0.7667, 0.7833, 0.8, 0.8167, 0.8333, 0.85, 0.8667, 0.8833, 0.9, 0.9167, 0.9333, 0.95, 0.9667, 0.9833, 1.0, 1.0167, 1.0333, 1.05, 1.0667, 1.0833, 1.1, 1.1167, 1.1333, 1.15, 1.1667, 1.1833, 1.2, 1.2167, 1.2333, 1.25, 1.2667, 1.2833, 1.3, 1.3167, 1.3333, 1.35, 1.3667, 1.3833, 1.4, 1.4167, 1.4333, 1.45, 1.4667, 1.4833, 1.5, 1.5167, 1.5333, 1.55, 1.5667, 1.5833, 1.6, 1.6167, 1.6333, 1.65, 1.6667, 1.6833, 1.7, 1.7167, 1.7333, 1.75, 1.7667, 1.7833, 1.8, 1.8167, 1.8333, 1.85, 1.8667, 1.8833, 1.9, 1.9167, 1.9333, 1.95, 1.9667, 1.9833, 2.0],
            "transform": [
                [0.953455, 0.209142, 0.217218, 0.124994, 0.103445, -0.903522, 0.41587, -0.002831, 0.283237, -0.374043, -0.883102, -1.2e-05, 0.0, 0.0, 0.0, 1.0],
                [0.953455, 0.209156, 0.217203, 0.124994, 0.103446, -0.903496, 0.415925, -0.002831, 0.283235, -0.374097, -0.883079, -1.2e-05, 0.0, 0.0, 0.0, 1.0],
                [0.953455, 0.209202, 0.217159, 0.124994, 0.103455, -0.90342, 0.41609, -0.002831, 0.283232, -0.374256, -0.883013, -1.2e-05, 0.0, 0.0, 0.0, 1.0],
                [0.953455, 0.209277, 0.217086, 0.124994, 0.103469, -0.903294, 0.416358, -0.002831, 0.283226, -0.374518, -0.882904, -1.2e-05, 0.0, 0.0, 0.0, 1.0],
                [0.953456, 0.209378, 0.216985, 0.124994, 0.103487, -0.903122, 0.416729, -0.002831, 0.283218, -0.374877, -0.882755, -1.2e-05, 0.0, 0.0, 0.0, 1.0],
                [0.953457, 0.209505, 0.216859, 0.124994, 0.103508, -0.902904, 0.417195, -0.002831, 0.283207, -0.37533, -0.882565, -1.2e-05, 0.0, 0.0, 0.0, 1.0],
                [0.953458, 0.209659, 0.216707, 0.124994, 0.103536, -0.902643, 0.417752, -0.002831, 0.283195, -0.375871, -0.882339, -1.2e-05, 0.0, 0.0, 0.0, 1.0],
                [0.953458, 0.209836, 0.216532, 0.124994, 0.103568, -0.902341, 0.418395, -0.002831, 0.28318, -0.376496, -0.882077, -1.2e-05, 0.0, 0.0, 0.0, 1.0],
                [0.953459, 0.210036, 0.216334, 0.124994, 0.103604, -0.902, 0.419122, -0.002831, 0.283163, -0.377202, -0.881781, -1.2e-05, 0.0, 0.0, 0.0, 1.0],
                [0.953461, 0.210257, 0.216114, 0.124994, 0.103644, -0.90162, 0.419928, -0.002831, 0.283145, -0.377985, -0.881451, -1.2e-05, 0.0, 0.0, 0.0, 1.0],
                [0.953462, 0.2105, 0.215872, 0.124994, 0.103688, -0.901205, 0.420809, -0.002831, 0.283125, -0.378841, -0.88109, -1.2e-05, 0.0, 0.0, 0.0, 1.0],
                [0.953463, 0.210762, 0.215611, 0.124994, 0.103736, -0.900754, 0.42176, -0.002831, 0.283103, -0.379766, -0.880699, -1.2e-05, 0.0, 0.0, 0.0, 1.0],
                [0.953465, 0.211042, 0.215331, 0.124994, 0.103787, -0.900271, 0.422779, -0.002831, 0.28308, -0.380756, -0.880279, -1.2e-05, 0.0, 0.0, 0.0, 1.0],
                [0.953466, 0.211339, 0.215033, 0.124994, 0.103842, -0.899756, 0.42386, -0.002831, 0.283055, -0.381806, -0.879832, -1.2e-05, 0.0, 0.0, 0.0, 1.0],
                [0.953467, 0.211652, 0.214718, 0.124994, 0.1039, -0.899212, 0.424998, -0.002831, 0.283028, -0.382913, -0.879359, -1.2e-05, 0.0, 0.0, 0.0, 1.0],
                [0.953469, 0.212002, 0.214365, 0.124994, 0.103961, -0.898595, 0.426285, -0.002831, 0.283001, -0.384164, -0.878823, -1.2e-05, 0.0, 0.0, 0.0, 1.0],
                [0.953471, 0.212344, 0.214018, 0.124994, 0.104024, -0.897994, 0.427535, -0.002831, 0.282971, -0.385379, -0.8783, -1.2e-05, 0.0, 0.0, 0.0, 1.0],
                [0.953472, 0.2127, 0.213657, 0.124994, 0.104091, -0.897369, 0.428829, -0.002831, 0.282941, -0.386637, -0.877757, -1.2e-05, 0.0, 0.0, 0.0, 1.0],
                [0.953474, 0.213067, 0.213283, 0.124994, 0.10416, -0.896721, 0.430166, -0.002831, 0.28291, -0.387936, -0.877193, -1.2e-05, 0.0, 0.0, 0.0, 1.0],
                [0.953476, 0.213442, 0.212899, 0.124994, 0.104231, -0.896053, 0.431539, -0.002831, 0.282877, -0.389271, -0.876612, -1.2e-05, 0.0, 0.0, 0.0, 1.0],
                [0.953478, 0.213828, 0.212503, 0.124994, 0.104304, -0.895365, 0.432947, -0.002831, 0.282843, -0.39064, -0.876014, -1.2e-05, 0.0, 0.0, 0.0, 1.0],
                [0.95348, 0.214221, 0.212097, 0.124994, 0.104379, -0.89466, 0.434383, -0.002831, 0.282809, -0.392037, -0.875401, -1.2e-05, 0.0, 0.0, 0.0, 1.0],
                [0.953482, 0.214621, 0.211683, 0.124994, 0.104456, -0.89394, 0.435846, -0.002831, 0.282773, -0.39346, -0.874774, -1.2e-05, 0.0, 0.0, 0.0, 1.0],
                [0.953484, 0.215028, 0.211261, 0.124994, 0.104536, -0.893205, 0.43733, -0.002831, 0.282738, -0.394903, -0.874135, -1.2e-05, 0.0, 0.0, 0.0, 1.0],
                [0.953486, 0.215439, 0.210833, 0.124994, 0.104616, -0.892459, 0.438832, -0.002831, 0.282701, -0.396363, -0.873485, -1.2e-05, 0.0, 0.0, 0.0, 1.0],
                [0.953488, 0.215853, 0.210399, 0.124994, 0.104698, -0.891702, 0.440349, -0.002831, 0.282664, -0.397839, -0.872826, -1.2e-05, 0.0, 0.0, 0.0, 1.0],
                [0.953491, 0.216268, 0.209961, 0.124994, 0.104778, -0.890937, 0.441875, -0.002831, 0.282626, -0.399324, -0.87216, -1.2e-05, 0.0, 0.0, 0.0, 1.0],
                [0.953493, 0.216688, 0.209519, 0.124994, 0.104863, -0.890165, 0.443409, -0.002831, 0.282588, -0.400816, -0.871488, -1.2e-05, 0.0, 0.0, 0.0, 1.0],
                [0.953495, 0.217108, 0.209075, 0.124994, 0.104947, -0.889388, 0.444946, -0.002831, 0.282549, -0.402311, -0.870811, -1.2e-05, 0.0, 0.0, 0.0, 1.0],
                [0.953497, 0.217527, 0.208629, 0.124994, 0.105031, -0.888607, 0.446482, -0.002831, 0.282511, -0.403807, -0.870131, -1.2e-05, 0.0, 0.0, 0.0, 1.0],
                [0.953499, 0.217945, 0.208182, 0.124994, 0.105116, -0.887825, 0.448016, -0.002831, 0.282472, -0.4053, -0.869449, -1.2e-05, 0.0, 0.0, 0.0, 1.0],
                [0.953501, 0.218361, 0.207736, 0.124994, 0.105201, -0.887043, 0.449542, -0.002831, 0.282433, -0.406785, -0.868768, -1.2e-05, 0.0, 0.0, 0.0, 1.0],
                [0.953504, 0.218773, 0.207291, 0.124994, 0.105285, -0.886263, 0.451059, -0.002831, 0.282394, -0.408261, -0.868088, -1.2e-05, 0.0, 0.0, 0.0, 1.0],
                [0.953506, 0.219181, 0.206849, 0.124994, 0.105369, -0.885486, 0.452562, -0.002831, 0.282355, -0.409725, -0.867411, -1.2e-05, 0.0, 0.0, 0.0, 1.0],
                [0.953508, 0.219586, 0.20641, 0.124994, 0.105454, -0.884715, 0.454048, -0.002831, 0.282316, -0.411171, -0.866739, -1.2e-05, 0.0, 0.0, 0.0, 1.0],
                [0.95351, 0.219985, 0.205975, 0.124994, 0.105538, -0.883951, 0.455514, -0.002831, 0.282278, -0.412599, -0.866072, -1.2e-05, 0.0, 0.0, 0.0, 1.0],
                [0.953512, 0.220377, 0.205546, 0.124994, 0.10562, -0.883195, 0.456958, -0.002831, 0.28224, -0.414005, -0.865413, -1.2e-05, 0.0, 0.0, 0.0, 1.0],
                [0.953514, 0.220762, 0.205123, 0.124994, 0.105702, -0.882451, 0.458376, -0.002831, 0.282203, -0.415386, -0.864764, -1.2e-05, 0.0, 0.0, 0.0, 1.0],
                [0.953516, 0.22114, 0.204707, 0.124994, 0.105783, -0.881718, 0.459765, -0.002831, 0.282166, -0.416739, -0.864125, -1.2e-05, 0.0, 0.0, 0.0, 1.0],
                [0.953518, 0.221508, 0.204299, 0.124994, 0.105862, -0.881, 0.461122, -0.002831, 0.28213, -0.418061, -0.863498, -1.2e-05, 0.0, 0.0, 0.0, 1.0],
                [0.95352, 0.221866, 0.203901, 0.124994, 0.105939, -0.880296, 0.462445, -0.002831, 0.282094, -0.419349, -0.862884, -1.2e-05, 0.0, 0.0, 0.0, 1.0],
                [0.953522, 0.222216, 0.203512, 0.124994, 0.106016, -0.879611, 0.46373, -0.002831, 0.28206, -0.420601, -0.862286, -1.2e-05, 0.0, 0.0, 0.0, 1.0],
                [0.953523, 0.222553, 0.203135, 0.124994, 0.10609, -0.878945, 0.464975, -0.002831, 0.282026, -0.421814, -0.861704, -1.2e-05, 0.0, 0.0, 0.0, 1.0],
                [0.953525, 0.222877, 0.20277, 0.124994, 0.10616, -0.8783, 0.466177, -0.002831, 0.281993, -0.422985, -0.861141, -1.2e-05, 0.0, 0.0, 0.0, 1.0],
                [0.953527, 0.223191, 0.202417, 0.124994, 0.10623, -0.877677, 0.467332, -0.002831, 0.281961, -0.424111, -0.860598, -1.2e-05, 0.0, 0.0, 0.0, 1.0],
                [0.953529, 0.22349, 0.202079, 0.124994, 0.106296, -0.877078, 0.46844, -0.002831, 0.281931, -0.42519, -0.860075, -1.2e-05, 0.0, 0.0, 0.0, 1.0],
                [0.95353, 0.223776, 0.201755, 0.124994, 0.106361, -0.876506, 0.469495, -0.002831, 0.281902, -0.426218, -0.859575, -1.2e-05, 0.0, 0.0, 0.0, 1.0],
                [0.953531, 0.224047, 0.201448, 0.124994, 0.106421, -0.875961, 0.470496, -0.002831, 0.281874, -0.427194, -0.8591, -1.2e-05, 0.0, 0.0, 0.0, 1.0],
                [0.953533, 0.224301, 0.201157, 0.124994, 0.106478, -0.875447, 0.471441, -0.002831, 0.281847, -0.428115, -0.85865, -1.2e-05, 0.0, 0.0, 0.0, 1.0],
                [0.953534, 0.224541, 0.200884, 0.124994, 0.106533, -0.874963, 0.472326, -0.002831, 0.281823, -0.428978, -0.858227, -1.2e-05, 0.0, 0.0, 0.0, 1.0],
                [0.953535, 0.224763, 0.20063, 0.124994, 0.106583, -0.874512, 0.473149, -0.002831, 0.281799, -0.42978, -0.857834, -1.2e-05, 0.0, 0.0, 0.0, 1.0],
                [0.953537, 0.224967, 0.200396, 0.124994, 0.106628, -0.874096, 0.473906, -0.002831, 0.281778, -0.430519, -0.85747, -1.2e-05, 0.0, 0.0, 0.0, 1.0],
                [0.953537, 0.225153, 0.200182, 0.124994, 0.106671, -0.873717, 0.474596, -0.002831, 0.281759, -0.431191, -0.857139, -1.2e-05, 0.0, 0.0, 0.0, 1.0],
                [0.953538, 0.22532, 0.199989, 0.124994, 0.106709, -0.873375, 0.475215, -0.002831, 0.281741, -0.431795, -0.85684, -1.2e-05, 0.0, 0.0, 0.0, 1.0],
                [0.953539, 0.225468, 0.199819, 0.124994, 0.106743, -0.873074, 0.475761, -0.002831, 0.281725, -0.432327, -0.856577, -1.2e-05, 0.0, 0.0, 0.0, 1.0],
                [0.95354, 0.225595, 0.199673, 0.124994, 0.106773, -0.872814, 0.476231, -0.002831, 0.281712, -0.432785, -0.85635, -1.2e-05, 0.0, 0.0, 0.0, 1.0],
                [0.95354, 0.2257, 0.199551, 0.124994, 0.106797, -0.872599, 0.47662, -0.002831, 0.281701, -0.433165, -0.856162, -1.2e-05, 0.0, 0.0, 0.0, 1.0],
                [0.953541, 0.225782, 0.199455, 0.124994, 0.106816, -0.872428, 0.476928, -0.002831, 0.281692, -0.433465, -0.856013, -1.2e-05, 0.0, 0.0, 0.0, 1.0],
                [0.953541, 0.225843, 0.199385, 0.124994, 0.10683, -0.872304, 0.477151, -0.002831, 0.281686, -0.433682, -0.855905, -1.2e-05, 0.0, 0.0, 0.0, 1.0],
                [0.953541, 0.22588, 0.199343, 0.124994, 0.106839, -0.872229, 0.477287, -0.002831, 0.281682, -0.433815, -0.855839, -1.2e-05, 0.0, 0.0, 0.0, 1.0],
                [0.953541, 0.225893, 0.199328, 0.124994, 0.106842, -0.872203, 0.477333, -0.002831, 0.281681, -0.43386, -0.855816, -1.2e-05, 0.0, 0.0, 0.0, 1.0],
                [0.953542, 0.22588, 0.199343, 0.124994, 0.106839, -0.872229, 0.477287, -0.002831, 0.281682, -0.433815, -0.855839, -1.2e-05, 0.0, 0.0, 0.0, 1.0],
                [0.953541, 0.225843, 0.199385, 0.124994, 0.10683, -0.872304, 0.477151, -0.002831, 0.281686, -0.433682, -0.855905, -1.2e-05, 0.0, 0.0, 0.0, 1.0],
                [0.953541, 0.225783, 0.199455, 0.124994, 0.106816, -0.872428, 0.476928, -0.002831, 0.281692, -0.433465, -0.856013, -1.2e-05, 0.0, 0.0, 0.0, 1.0],
                [0.953541, 0.225699, 0.199551, 0.124994, 0.106797, -0.872599, 0.47662, -0.002831, 0.281701, -0.433165, -0.856162, -1.2e-05, 0.0, 0.0, 0.0, 1.0],
                [0.95354, 0.225594, 0.199673, 0.124994, 0.106772, -0.872814, 0.476231, -0.002831, 0.281712, -0.432786, -0.85635, -1.2e-05, 0.0, 0.0, 0.0, 1.0],
                [0.953539, 0.225468, 0.199819, 0.124994, 0.106744, -0.873074, 0.475761, -0.002831, 0.281726, -0.432327, -0.856577, -1.2e-05, 0.0, 0.0, 0.0, 1.0],
                [0.953539, 0.22532, 0.199989, 0.124994, 0.106709, -0.873376, 0.475215, -0.002831, 0.281741, -0.431795, -0.85684, -1.2e-05, 0.0, 0.0, 0.0, 1.0],
                [0.953537, 0.225154, 0.200181, 0.124994, 0.106672, -0.873717, 0.474596, -0.002831, 0.281759, -0.431191, -0.857139, -1.2e-05, 0.0, 0.0, 0.0, 1.0],
                [0.953537, 0.224967, 0.200396, 0.124994, 0.106628, -0.874096, 0.473906, -0.002831, 0.281778, -0.430519, -0.85747, -1.2e-05, 0.0, 0.0, 0.0, 1.0],
                [0.953535, 0.224763, 0.20063, 0.124994, 0.106583, -0.874512, 0.473148, -0.002831, 0.281799, -0.42978, -0.857834, -1.2e-05, 0.0, 0.0, 0.0, 1.0],
                [0.953534, 0.22454, 0.200884, 0.124994, 0.106532, -0.874963, 0.472326, -0.002831, 0.281822, -0.428978, -0.858227, -1.2e-05, 0.0, 0.0, 0.0, 1.0],
                [0.953533, 0.224301, 0.201157, 0.124994, 0.106478, -0.875447, 0.471441, -0.002831, 0.281847, -0.428115, -0.85865, -1.2e-05, 0.0, 0.0, 0.0, 1.0],
                [0.953531, 0.224047, 0.201448, 0.124994, 0.106421, -0.875962, 0.470496, -0.002831, 0.281874, -0.427194, -0.8591, -1.2e-05, 0.0, 0.0, 0.0, 1.0],
                [0.95353, 0.223776, 0.201756, 0.124994, 0.106361, -0.876506, 0.469495, -0.002831, 0.281902, -0.426218, -0.859575, -1.2e-05, 0.0, 0.0, 0.0, 1.0],
                [0.953528, 0.223491, 0.202079, 0.124994, 0.106297, -0.877078, 0.468439, -0.002831, 0.281931, -0.42519, -0.860075, -1.2e-05, 0.0, 0.0, 0.0, 1.0],
                [0.953527, 0.22319, 0.202418, 0.124994, 0.106229, -0.877677, 0.467333, -0.002831, 0.281961, -0.424111, -0.860598, -1.2e-05, 0.0, 0.0, 0.0, 1.0],
                [0.953525, 0.222878, 0.20277, 0.124994, 0.106161, -0.8783, 0.466177, -0.002831, 0.281993, -0.422985, -0.861141, -1.2e-05, 0.0, 0.0, 0.0, 1.0],
                [0.953523, 0.222552, 0.203135, 0.124994, 0.106089, -0.878945, 0.464975, -0.002831, 0.282026, -0.421814, -0.861705, -1.2e-05, 0.0, 0.0, 0.0, 1.0],
                [0.953522, 0.222215, 0.203512, 0.124994, 0.106015, -0.879611, 0.46373, -0.002831, 0.282059, -0.420601, -0.862286, -1.2e-05, 0.0, 0.0, 0.0, 1.0],
                [0.95352, 0.221866, 0.203901, 0.124994, 0.105939, -0.880297, 0.462445, -0.002831, 0.282094, -0.419349, -0.862884, -1.2e-05, 0.0, 0.0, 0.0, 1.0],
                [0.953518, 0.221507, 0.204299, 0.124994, 0.105861, -0.881, 0.461122, -0.002831, 0.282129, -0.418061, -0.863498, -1.2e-05, 0.0, 0.0, 0.0, 1.0],
                [0.953516, 0.22114, 0.204707, 0.124994, 0.105783, -0.881718, 0.459765, -0.002831, 0.282166, -0.416739, -0.864125, -1.2e-05, 0.0, 0.0, 0.0, 1.0],
                [0.953514, 0.220763, 0.205123, 0.124994, 0.105703, -0.882451, 0.458376, -0.002831, 0.282203, -0.415386, -0.864764, -1.2e-05, 0.0, 0.0, 0.0, 1.0],
                [0.953512, 0.220378, 0.205546, 0.124994, 0.105621, -0.883196, 0.456958, -0.002831, 0.28224, -0.414005, -0.865414, -1.2e-05, 0.0, 0.0, 0.0, 1.0],
                [0.95351, 0.219984, 0.205975, 0.124994, 0.105537, -0.883951, 0.455514, -0.002831, 0.282278, -0.412599, -0.866072, -1.2e-05, 0.0, 0.0, 0.0, 1.0],
                [0.953508, 0.219586, 0.20641, 0.124994, 0.105454, -0.884715, 0.454048, -0.002831, 0.282316, -0.411171, -0.866739, -1.2e-05, 0.0, 0.0, 0.0, 1.0],
                [0.953506, 0.219182, 0.206849, 0.124994, 0.10537, -0.885486, 0.452562, -0.002831, 0.282355, -0.409724, -0.867411, -1.2e-05, 0.0, 0.0, 0.0, 1.0],
                [0.953504, 0.218773, 0.207291, 0.124994, 0.105285, -0.886263, 0.451059, -0.002831, 0.282394, -0.408261, -0.868088, -1.2e-05, 0.0, 0.0, 0.0, 1.0],
                [0.953501, 0.21836, 0.207736, 0.124994, 0.105201, -0.887043, 0.449542, -0.002831, 0.282433, -0.406785, -0.868768, -1.2e-05, 0.0, 0.0, 0.0, 1.0],
                [0.953499, 0.217945, 0.208182, 0.124994, 0.105116, -0.887825, 0.448016, -0.002831, 0.282472, -0.4053, -0.869449, -1.2e-05, 0.0, 0.0, 0.0, 1.0],
                [0.953497, 0.217527, 0.208629, 0.124994, 0.105031, -0.888607, 0.446483, -0.002831, 0.282511, -0.403807, -0.870131, -1.2e-05, 0.0, 0.0, 0.0, 1.0],
                [0.953495, 0.217107, 0.209075, 0.124994, 0.104946, -0.889388, 0.444946, -0.002831, 0.282549, -0.402312, -0.870811, -1.2e-05, 0.0, 0.0, 0.0, 1.0],
                [0.953493, 0.216688, 0.209519, 0.124994, 0.104863, -0.890165, 0.443409, -0.002831, 0.282588, -0.400816, -0.871488, -1.2e-05, 0.0, 0.0, 0.0, 1.0],
                [0.953491, 0.216269, 0.209961, 0.124994, 0.104779, -0.890937, 0.441875, -0.002831, 0.282626, -0.399324, -0.87216, -1.2e-05, 0.0, 0.0, 0.0, 1.0],
                [0.953488, 0.215853, 0.210399, 0.124994, 0.104697, -0.891702, 0.440348, -0.002831, 0.282664, -0.397838, -0.872827, -1.2e-05, 0.0, 0.0, 0.0, 1.0],
                [0.953486, 0.215438, 0.210833, 0.124994, 0.104616, -0.892459, 0.438832, -0.002831, 0.282701, -0.396363, -0.873485, -1.2e-05, 0.0, 0.0, 0.0, 1.0],
                [0.953484, 0.215028, 0.211261, 0.124994, 0.104536, -0.893205, 0.43733, -0.002831, 0.282738, -0.394903, -0.874135, -1.2e-05, 0.0, 0.0, 0.0, 1.0],
                [0.953482, 0.214621, 0.211683, 0.124994, 0.104456, -0.89394, 0.435846, -0.002831, 0.282773, -0.393459, -0.874774, -1.2e-05, 0.0, 0.0, 0.0, 1.0],
                [0.95348, 0.214221, 0.212097, 0.124994, 0.104379, -0.89466, 0.434383, -0.002831, 0.282809, -0.392037, -0.875401, -1.2e-05, 0.0, 0.0, 0.0, 1.0],
                [0.953478, 0.213828, 0.212502, 0.124994, 0.104304, -0.895365, 0.432947, -0.002831, 0.282843, -0.39064, -0.876014, -1.2e-05, 0.0, 0.0, 0.0, 1.0],
                [0.953476, 0.213442, 0.212898, 0.124994, 0.104231, -0.896053, 0.431539, -0.002831, 0.282877, -0.389272, -0.876612, -1.2e-05, 0.0, 0.0, 0.0, 1.0],
                [0.953474, 0.213067, 0.213283, 0.124994, 0.10416, -0.896721, 0.430165, -0.002831, 0.28291, -0.387936, -0.877193, -1.2e-05, 0.0, 0.0, 0.0, 1.0],
                [0.953472, 0.2127, 0.213657, 0.124994, 0.104092, -0.897369, 0.428829, -0.002831, 0.282941, -0.386637, -0.877756, -1.2e-05, 0.0, 0.0, 0.0, 1.0],
                [0.953471, 0.212345, 0.214018, 0.124994, 0.104024, -0.897994, 0.427535, -0.002831, 0.282971, -0.385379, -0.8783, -1.2e-05, 0.0, 0.0, 0.0, 1.0],
                [0.953469, 0.212001, 0.214365, 0.124994, 0.10396, -0.898596, 0.426286, -0.002831, 0.283, -0.384165, -0.878823, -1.2e-05, 0.0, 0.0, 0.0, 1.0],
                [0.953468, 0.211652, 0.214718, 0.124994, 0.1039, -0.899212, 0.424999, -0.002831, 0.283028, -0.382913, -0.879359, -1.2e-05, 0.0, 0.0, 0.0, 1.0],
                [0.953466, 0.211339, 0.215033, 0.124994, 0.103842, -0.899756, 0.42386, -0.002831, 0.283055, -0.381806, -0.879832, -1.2e-05, 0.0, 0.0, 0.0, 1.0],
                [0.953464, 0.211043, 0.21533, 0.124994, 0.103788, -0.90027, 0.422779, -0.002831, 0.28308, -0.380755, -0.880279, -1.2e-05, 0.0, 0.0, 0.0, 1.0],
                [0.953463, 0.210762, 0.215611, 0.124994, 0.103736, -0.900754, 0.421761, -0.002831, 0.283103, -0.379766, -0.880699, -1.2e-05, 0.0, 0.0, 0.0, 1.0],
                [0.953462, 0.210502, 0.215872, 0.124994, 0.10369, -0.901204, 0.420809, -0.002831, 0.283125, -0.378841, -0.88109, -1.2e-05, 0.0, 0.0, 0.0, 1.0],
                [0.953461, 0.210258, 0.216113, 0.124994, 0.103644, -0.901621, 0.419928, -0.002831, 0.283145, -0.377986, -0.881451, -1.2e-05, 0.0, 0.0, 0.0, 1.0],
                [0.953459, 0.210037, 0.216334, 0.124994, 0.103605, -0.902, 0.419122, -0.002831, 0.283164, -0.377202, -0.881781, -1.2e-05, 0.0, 0.0, 0.0, 1.0],
                [0.953458, 0.209837, 0.216532, 0.124994, 0.103569, -0.902341, 0.418395, -0.002831, 0.28318, -0.376496, -0.882077, -1.2e-05, 0.0, 0.0, 0.0, 1.0],
                [0.953457, 0.209659, 0.216707, 0.124994, 0.103537, -0.902643, 0.417752, -0.002831, 0.283195, -0.375871, -0.882339, -1.2e-05, 0.0, 0.0, 0.0, 1.0],
                [0.953457, 0.209505, 0.216859, 0.124994, 0.103508, -0.902904, 0.417195, -0.002831, 0.283207, -0.37533, -0.882565, -1.2e-05, 0.0, 0.0, 0.0, 1.0],
                [0.953456, 0.209378, 0.216985, 0.124994, 0.103486, -0.903122, 0.416729, -0.002831, 0.283218, -0.374877, -0.882754, -1.2e-05, 0.0, 0.0, 0.0, 1.0],
                [0.953455, 0.209276, 0.217086, 0.124994, 0.103469, -0.903294, 0.416359, -0.002831, 0.283226, -0.374518, -0.882904, -1.2e-05, 0.0, 0.0, 0.0, 1.0],
                [0.953455, 0.209202, 0.217159, 0.124994, 0.103455, -0.90342, 0.416089, -0.002831, 0.283232, -0.374256, -0.883013, -1.2e-05, 0.0, 0.0, 0.0, 1.0],
                [0.953455, 0.209157, 0.217203, 0.124994, 0.103447, -0.903496, 0.415925, -0.002831, 0.283236, -0.374097, -0.88308, -1.2e-05, 0.0, 0.0, 0.0, 1.0],
                [0.953455, 0.209142, 0.217218, 0.124994, 0.103445, -0.903522, 0.41587, -0.002831, 0.283237, -0.374043, -0.883102, -1.2e-05, 0.0, 0.0, 0.0, 1.0]
            ]
        },
        {
            "name": "Leg_R",
            "time": [0.0, 0.0167, 0.0333, 0.05, 0.0667, 0.0833, 0.1, 0.1167, 0.1333, 0.15, 0.1667, 0.1833, 0.2, 0.2167, 0.2333, 0.25, 0.2667, 0.2833, 0.3, 0.3167, 0.3333, 0.35, 0.3667, 0.3833, 0.4, 0.4167, 0.4333, 0.45, 0.4667, 0.4833, 0.5, 0.5167, 0.5333, 0.55, 0.5667, 0.5833, 0.6, 0.6167, 0.6333, 0.65, 0.6667, 0.6833, 0.7, 0.7167, 0.7333, 0.75, 0.7667, 0.7833, 0.8, 0.8167, 0.8333, 0.85, 0.8667, 0.8833, 0.9, 0.9167, 0.9333, 0.95, 0.9667, 0.9833, 1.0, 1.0167, 1.0333, 1.05, 1.0667, 1.0833, 1.1, 1.1167, 1.1333, 1.15, 1.1667, 1.1833, 1.2, 1.2167, 1.2333, 1.25, 1.2667, 1.2833, 1.3, 1.3167, 1.3333, 1.35, 1.3667, 1.3833, 1.4, 1.4167, 1.4333, 1.45, 1.4667, 1.4833, 1.5, 1.5167, 1.5333, 1.55, 1.5667, 1.5833, 1.6, 1.6167, 1.6333, 1.65, 1.6667, 1.6833, 1.7, 1.7167, 1.7333, 1.75, 1.7667, 1.7833, 1.8, 1.8167, 1.8333, 1.85, 1.8667, 1.8833, 1.9, 1.9167, 1.9333, 1.95, 1.9667, 1.9833, 2.0],
            "transform": [
                [1.0, 1.4e-05, 6e-06, 0.0, -1.4e-05, 0.696005, 0.718036, 0.374726, 5e-06, -0.718037, 0.696005, -0.0, 0.0, 0.0, 0.0, 1.0],
                [1.0, 1.6e-05, 8e-06, 0.0, -1.7e-05, 0.695917, 0.718122, 0.374726, 6e-06, -0.718122, 0.695917, -0.0, 0.0, 0.0, 0.0, 1.0],
                [1.0, 1.4e-05, 6e-06, 0.0, -1.4e-05, 0.695659, 0.718372, 0.374726, 5e-06, -0.718372, 0.695659, -0.0, 0.0, 0.0, 0.0, 1.0],
                [1.0, 1.3e-05, 6e-06, -0.0, -1.4e-05, 0.695235, 0.718783, 0.374726, 5e-06, -0.718783, 0.695235, -0.0, 0.0, 0.0, 0.0, 1.0],
                [1.0, 1.3e-05, 6e-06, 0.0, -1.4e-05, 0.694651, 0.719347, 0.374726, 5e-06, -0.719347, 0.694651, 0.0, 0.0, 0.0, 0.0, 1.0],
                [1.0, 1.6e-05, 7e-06, 0.0, -1.6e-05, 0.693914, 0.720057, 0.374726, 6e-06, -0.720057, 0.693915, 0.0, 0.0, 0.0, 0.0, 1.0],
                [1.0, 1.5e-05, 7e-06, -0.0, -1.5e-05, 0.693033, 0.720905, 0.374726, 6e-06, -0.720905, 0.693033, -0.0, 0.0, 0.0, 0.0, 1.0],
                [1.0, 1.4e-05, 7e-06, 0.0, -1.5e-05, 0.692014, 0.721883, 0.374726, 6e-06, -0.721884, 0.692015, 0.0, 0.0, 0.0, 0.0, 1.0],
                [1.0, 1.5e-05, 7e-06, 0.0, -1.5e-05, 0.690862, 0.722987, 0.374726, 6e-06, -0.722987, 0.690862, 0.0, 0.0, 0.0, 0.0, 1.0],
                [1.0, 1.6e-05, 8e-06, -0.0, -1.7e-05, 0.68958, 0.72421, 0.374726, 6e-06, -0.72421, 0.68958, 0.0, 0.0, 0.0, 0.0, 1.0],
                [1.0, 1.5e-05, 7e-06, -0.0, -1.5e-05, 0.688175, 0.725544, 0.374726, 6e-06, -0.725544, 0.688175, -0.0, 0.0, 0.0, 0.0, 1.0],
                [1.0, 1.4e-05, 7e-06, -0.0, -1.5e-05, 0.686655, 0.726983, 0.374726, 6e-06, -0.726984, 0.686655, 0.0, 0.0, 0.0, 0.0, 1.0],
                [1.0, 1.5e-05, 7e-06, -0.0, -1.6e-05, 0.685024, 0.72852, 0.374726, 6e-06, -0.728521, 0.685024, 0.0, 0.0, 0.0, 0.0, 1.0],
                [1.0, 1.6e-05, 8e-06, -0.0, -1.6e-05, 0.683288, 0.730148, 0.374726, 6e-06, -0.730149, 0.683288, -0.0, 0.0, 0.0, 0.0, 1.0],
                [1.0, 1.4e-05, 7e-06, 0.0, -1.5e-05, 0.681454, 0.73186, 0.374726, 6e-06, -0.731861, 0.681454, 0.0, 0.0, 0.0, 0.0, 1.0],
                [1.0, 1.4e-05, 7e-06, -0.0, -1.5e-05, 0.67938, 0.733787, 0.374726, 6e-06, -0.733787, 0.67938, 0.0, 0.0, 0.0, 0.0, 1.0],
                [1.0, 1.5e-05, 8e-06, 0.0, -1.6e-05, 0.677355, 0.735656, 0.374726, 6e-06, -0.735656, 0.677355, -0.0, 0.0, 0.0, 0.0, 1.0],
                [1.0, 1.4e-05, 7e-06, -0.0, -1.5e-05, 0.675251, 0.737588, 0.374726, 6e-06, -0.737588, 0.675251, -0.0, 0.0, 0.0, 0.0, 1.0],
                [1.0, 1.4e-05, 7e-06, 0.0, -1.5e-05, 0.673071, 0.739578, 0.374726, 6e-06, -0.739578, 0.673071, 0.0, 0.0, 0.0, 0.0, 1.0],
                [1.0, 1.6e-05, 8e-06, 0.0, -1.6e-05, 0.670823, 0.741617, 0.374726, 6e-06, -0.741617, 0.670823, 0.0, 0.0, 0.0, 0.0, 1.0],
                [1.0, 1.5e-05, 7e-06, -0.0, -1.5e-05, 0.668511, 0.743702, 0.374726, 6e-06, -0.743702, 0.668511, -0.0, 0.0, 0.0, 0.0, 1.0],
                [1.0, 1.5e-05, 7e-06, 0.0, -1.6e-05, 0.666142, 0.745825, 0.374726, 6e-06, -0.745825, 0.666142, -0.0, 0.0, 0.0, 0.0, 1.0],
                [1.0, 1.6e-05, 8e-06, -0.0, -1.7e-05, 0.663723, 0.747978, 0.374726, 7e-06, -0.747978, 0.663723, -0.0, 0.0, 0.0, 0.0, 1.0],
                [1.0, 1.4e-05, 7e-06, -0.0, -1.5e-05, 0.661258, 0.750159, 0.374726, 6e-06, -0.750158, 0.661258, 0.0, 0.0, 0.0, 0.0, 1.0],
                [1.0, 1.3e-05, 7e-06, 0.0, -1.4e-05, 0.658755, 0.752357, 0.374726, 6e-06, -0.752358, 0.658755, -0.0, 0.0, 0.0, 0.0, 1.0],
                [1.0, 1.4e-05, 7e-06, -0.0, -1.4e-05, 0.656218, 0.754571, 0.374726, 6e-06, -0.754572, 0.656218, 0.0, 0.0, 0.0, 0.0, 1.0],
                [1.0, 1.7e-05, 9e-06, 0.0, -1.8e-05, 0.653654, 0.756793, 0.374726, 8e-06, -0.756793, 0.653655, 0.0, 0.0, 0.0, 0.0, 1.0],
                [1.0, 1.5e-05, 8e-06, -0.0, -1.6e-05, 0.651069, 0.759018, 0.374726, 6e-06, -0.759018, 0.651069, 0.0, 0.0, 0.0, 0.0, 1.0],
                [1.0, 1.5e-05, 8e-06, -0.0, -1.6e-05, 0.648469, 0.761241, 0.374726, 6e-06, -0.761241, 0.648469, 0.0, 0.0, 0.0, 0.0, 1.0],
