{
    "animation": [
        {
            "name": "Root",
            "time": [0.0, 0.0167, 0.0333, 0.05, 0.0667, 0.0833, 0.1, 0.1167, 0.1333, 0.15, 0.1667, 0.1833, 0.2, 0.2167, 0.2333, 0.25, 0.2667, 0.2833, 0.3, 0.3167, 0.3333, 0.35, 0.3667, 0.3833, 0.4, 0.4167, 0.4333, 0.45, 0.4667, 0.4833, 0.5, 0.5167, 0.5333, 0.55, 0.5667, 0.5833, 0.6, 0.6167, 0.6333, 0.65, 0.6667, 0.6833, 0.7, 0.7167, 0.7333, 0.75, 0.7667, 0.7833, 0.8, 0.8167, 0.8333, 0.85, 0.8667, 0.8833, 0.9, 0.9167, 0.9333, 0.95, 0.9667, 0.9833, 1.0, 1.0167, 1.0333, 1.05, 1.0667, 1.0833, 1.1, 1.1167, 1.1333, 1.15, 1.1667, 1.1833, 1.2, 1.2167, 1.2333, 1.25, 1.2667, 1.2833, 1.3, 1.3167, 1.3333, 1.35, 1.3667, 1.3833, 1.4, 1.4167, 1.4333, 1.45, 1.4667, 1.4833, 1.5, 1.5167, 1.5333, 1.55, 1.5667, 1.5833, 1.6, 1.6167, 1.6333, 1.65, 1.6667, 1.6833, 1.7, 1.7167, 1.7333, 1.75, 1.7667, 1.7833, 1.8, 1.8167, 1.8333, 1.85, 1.8667, 1.8833, 1.9, 1.9167, 1.9333, 1.95, 1.9667, 1.9833, 2.0],
            "transform": [
                [1.0, 0.0, 0.0, -5e-06, 0.0, 0.0, -1.0, 0.000946, 0.0, 1.0, 0.0, 0.835209, 0.0, 0.0, 0.0, 1.0],
                [1.0, 0.0, 0.0, -5e-06, 0.0, 0.0, -1.0, 0.000946, 0.0, 1.0, 0.0, 0.835288, 0.0, 0.0, 0.0, 1.0],
                [1.0, 0.0, 0.0, -5e-06, 0.0, 0.0, -1.0, 0.000946, 0.0, 1.0, 0.0, 0.835521, 0.0, 0.0, 0.0, 1.0],
                [1.0, 0.0, 0.0, -5e-06, 0.0, 0.0, -1.0, 0.000946, 0.0, 1.0, 0.0, 0.835903, 0.0, 0.0, 0.0, 1.0],
                [1.0, 0.0, 0.0, -5e-06, 0.0, 0.0, -1.0, 0.000946, 0.0, 1.0, 0.0, 0.836429, 0.0, 0.0, 0.0, 1.0],
                [1.0, 0.0, 0.0, -5e-06, 0.0, 0.0, -1.0, 0.000946, 0.0, 1.0, 0.0, 0.837094, 0.0, 0.0, 0.0, 1.0],
                [1.0, 0.0, 0.0, -5e-06, 0.0, 0.0, -1.0, 0.000946, 0.0, 1.0, 0.0, 0.837891, 0.0, 0.0, 0.0, 1.0],
                [1.0, 0.0, 0.0, -5e-06, 0.0, 0.0, -1.0, 0.000946, 0.0, 1.0, 0.0, 0.838816, 0.0, 0.0, 0.0, 1.0],
                [1.0, 0.0, 0.0, -5e-06, 0.0, 0.0, -1.0, 0.000946, 0.0, 1.0, 0.0, 0.839864, 0.0, 0.0, 0.0, 1.0],
                [1.0, 0.0, 0.0, -5e-06, 0.0, 0.0, -1.0, 0.000946, 0.0, 1.0, 0.0, 0.841029, 0.0, 0.0, 0.0, 1.0],
                [1.0, 0.0, 0.0, -5e-06, 0.0, 0.0, -1.0, 0.000946, 0.0, 1.0, 0.0, 0.842305, 0.0, 0.0, 0.0, 1.0],
                [1.0, 0.0, 0.0, -5e-06, 0.0, 0.0, -1.0, 0.000946, 0.0, 1.0, 0.0, 0.843688, 0.0, 0.0, 0.0, 1.0],
                [1.0, 0.0, 0.0, -5e-06, 0.0, 0.0, -1.0, 0.000946, 0.0, 1.0, 0.0, 0.845172, 0.0, 0.0, 0.0, 1.0],
                [1.0, 0.0, 0.0, -5e-06, 0.0, 0.0, -1.0, 0.000946, 0.0, 1.0, 0.0, 0.846752, 0.0, 0.0, 0.0, 1.0],
                [1.0, 0.0, 0.0, -5e-06, 0.0, 0.0, -1.0, 0.000946, 0.0, 1.0, 0.0, 0.848422, 0.0, 0.0, 0.0, 1.0],
                [1.0, 0.0, 0.0, -5e-06, 0.0, 0.0, -1.0, 0.000946, 0.0, 1.0, 0.0, 0.850178, 0.0, 0.0, 0.0, 1.0],
                [1.0, 0.0, 0.0, -5e-06, 0.0, 0.0, -1.0, 0.000946, 0.0, 1.0, 0.0, 0.852013, 0.0, 0.0, 0.0, 1.0],
                [1.0, 0.0, 0.0, -5e-06, 0.0, 0.0, -1.0, 0.000946, 0.0, 1.0, 0.0, 0.853923, 0.0, 0.0, 0.0, 1.0],
                [1.0, 0.0, 0.0, -5e-06, 0.0, 0.0, -1.0, 0.000946, 0.0, 1.0, 0.0, 0.855902, 0.0, 0.0, 0.0, 1.0],
                [1.0, 0.0, 0.0, -5e-06, 0.0, 0.0, -1.0, 0.000946, 0.0, 1.0, 0.0, 0.857945, 0.0, 0.0, 0.0, 1.0],
                [1.0, 0.0, 0.0, -5e-06, 0.0, 0.0, -1.0, 0.000946, 0.0, 1.0, 0.0, 0.860046, 0.0, 0.0, 0.0, 1.0],
                [1.0, 0.0, 0.0, -5e-06, 0.0, 0.0, -1.0, 0.000946, 0.0, 1.0, 0.0, 0.862201, 0.0, 0.0, 0.0, 1.0],
                [1.0, 0.0, 0.0, -5e-06, 0.0, 0.0, -1.0, 0.000946, 0.0, 1.0, 0.0, 0.864403, 0.0, 0.0, 0.0, 1.0],
                [1.0, 0.0, 0.0, -5e-06, 0.0, 0.0, -1.0, 0.000946, 0.0, 1.0, 0.0, 0.866648, 0.0, 0.0, 0.0, 1.0],
                [1.0, 0.0, 0.0, -5e-06, 0.0, 0.0, -1.0, 0.000946, 0.0, 1.0, 0.0, 0.868931, 0.0, 0.0, 0.0, 1.0],
                [1.0, 0.0, 0.0, -5e-06, 0.0, 0.0, -1.0, 0.000946, 0.0, 1.0, 0.0, 0.871245, 0.0, 0.0, 0.0, 1.0],
                [1.0, 0.0, 0.0, -5e-06, 0.0, 0.0, -1.0, 0.000946, 0.0, 1.0, 0.0, 0.873586, 0.0, 0.0, 0.0, 1.0],
                [1.0, 0.0, 0.0, -5e-06, 0.0, 0.0, -1.0, 0.000946, 0.0, 1.0, 0.0, 0.875948, 0.0, 0.0, 0.0, 1.0],
                [1.0, 0.0, 0.0, -5e-06, 0.0, 0.0, -1.0, 0.000946, 0.0, 1.0, 0.0, 0.878326, 0.0, 0.0, 0.0, 1.0],
                [1.0, 0.0, 0.0, -5e-06, 0.0, 0.0, -1.0, 0.000946, 0.0, 1.0, 0.0, 0.880715, 0.0, 0.0, 0.0, 1.0],
                [1.0, 0.0, 0.0, -5e-06, 0.0, 0.0, -1.0, 0.000946, 0.0, 1.0, 0.0, 0.883109, 0.0, 0.0, 0.0, 1.0],
                [1.0, 0.0, 0.0, -5e-06, 0.0, 0.0, -1.0, 0.000946, 0.0, 1.0, 0.0, 0.885503, 0.0, 0.0, 0.0, 1.0],
                [1.0, 0.0, 0.0, -5e-06, 0.0, 0.0, -1.0, 0.000946, 0.0, 1.0, 0.0, 0.887892, 0.0, 0.0, 0.0, 1.0],
                [1.0, 0.0, 0.0, -5e-06, 0.0, 0.0, -1.0, 0.000946, 0.0, 1.0, 0.0, 0.89027, 0.0, 0.0, 0.0, 1.0],
                [1.0, 0.0, 0.0, -5e-06, 0.0, 0.0, -1.0, 0.000946, 0.0, 1.0, 0.0, 0.892632, 0.0, 0.0, 0.0, 1.0],
                [1.0, 0.0, 0.0, -5e-06, 0.0, 0.0, -1.0, 0.000946, 0.0, 1.0, 0.0, 0.894973, 0.0, 0.0, 0.0, 1.0],
                [1.0, 0.0, 0.0, -5e-06, 0.0, 0.0, -1.0, 0.000946, 0.0, 1.0, 0.0, 0.897288, 0.0, 0.0, 0.0, 1.0],
                [1.0, 0.0, 0.0, -5e-06, 0.0, 0.0, -1.0, 0.000946, 0.0, 1.0, 0.0, 0.89957, 0.0, 0.0, 0.0, 1.0],
                [1.0, 0.0, 0.0, -5e-06, 0.0, 0.0, -1.0, 0.000946, 0.0, 1.0, 0.0, 0.901815, 0.0, 0.0, 0.0, 1.0],
                [1.0, 0.0, 0.0, -5e-06, 0.0, 0.0, -1.0, 0.000946, 0.0, 1.0, 0.0, 0.904018, 0.0, 0.0, 0.0, 1.0],
                [1.0, 0.0, 0.0, -5e-06, 0.0, 0.0, -1.0, 0.000946, 0.0, 1.0, 0.0, 0.906172, 0.0, 0.0, 0.0, 1.0],
                [1.0, 0.0, 0.0, -5e-06, 0.0, 0.0, -1.0, 0.000946, 0.0, 1.0, 0.0, 0.908274, 0.0, 0.0, 0.0, 1.0],
                [1.0, 0.0, 0.0, -5e-06, 0.0, 0.0, -1.0, 0.000946, 0.0, 1.0, 0.0, 0.910317, 0.0, 0.0, 0.0, 1.0],
                [1.0, 0.0, 0.0, -5e-06, 0.0, 0.0, -1.0, 0.000946, 0.0, 1.0, 0.0, 0.912296, 0.0, 0.0, 0.0, 1.0],
                [1.0, 0.0, 0.0, -5e-06, 0.0, 0.0, -1.0, 0.000946, 0.0, 1.0, 0.0, 0.914205, 0.0, 0.0, 0.0, 1.0],
                [1.0, 0.0, 0.0, -5e-06, 0.0, 0.0, -1.0, 0.000946, 0.0, 1.0, 0.0, 0.916041, 0.0, 0.0, 0.0, 1.0],
                [1.0, 0.0, 0.0, -5e-06, 0.0, 0.0, -1.0, 0.000946, 0.0, 1.0, 0.0, 0.917796, 0.0, 0.0, 0.0, 1.0],
                [1.0, 0.0, 0.0, -5e-06, 0.0, 0.0, -1.0, 0.000946, 0.0, 1.0, 0.0, 0.919466, 0.0, 0.0, 0.0, 1.0],
                [1.0, 0.0, 0.0, -5e-06, 0.0, 0.0, -1.0, 0.000946, 0.0, 1.0, 0.0, 0.921046, 0.0, 0.0, 0.0, 1.0],
                [1.0, 0.0, 0.0, -5e-06, 0.0, 0.0, -1.0, 0.000946, 0.0, 1.0, 0.0, 0.92253, 0.0, 0.0, 0.0, 1.0],
                [1.0, 0.0, 0.0, -5e-06, 0.0, 0.0, -1.0, 0.000946, 0.0, 1.0, 0.0, 0.923913, 0.0, 0.0, 0.0, 1.0],
                [1.0, 0.0, 0.0, -5e-06, 0.0, 0.0, -1.0, 0.000946, 0.0, 1.0, 0.0, 0.92519, 0.0, 0.0, 0.0, 1.0],
                [1.0, 0.0, 0.0, -5e-06, 0.0, 0.0, -1.0, 0.000946, 0.0, 1.0, 0.0, 0.926354, 0.0, 0.0, 0.0, 1.0],
                [1.0, 0.0, 0.0, -5e-06, 0.0, 0.0, -1.0, 0.000946, 0.0, 1.0, 0.0, 0.927402, 0.0, 0.0, 0.0, 1.0],
                [1.0, 0.0, 0.0, -5e-06, 0.0, 0.0, -1.0, 0.000946, 0.0, 1.0, 0.0, 0.928327, 0.0, 0.0, 0.0, 1.0],
                [1.0, 0.0, 0.0, -5e-06, 0.0, 0.0, -1.0, 0.000946, 0.0, 1.0, 0.0, 0.929125, 0.0, 0.0, 0.0, 1.0],
                [1.0, 0.0, 0.0, -5e-06, 0.0, 0.0, -1.0, 0.000946, 0.0, 1.0, 0.0, 0.929789, 0.0, 0.0, 0.0, 1.0],
                [1.0, 0.0, 0.0, -5e-06, 0.0, 0.0, -1.0, 0.000946, 0.0, 1.0, 0.0, 0.930315, 0.0, 0.0, 0.0, 1.0],
                [1.0, 0.0, 0.0, -5e-06, 0.0, 0.0, -1.0, 0.000946, 0.0, 1.0, 0.0, 0.930697, 0.0, 0.0, 0.0, 1.0],
                [1.0, 0.0, 0.0, -5e-06, 0.0, 0.0, -1.0, 0.000946, 0.0, 1.0, 0.0, 0.930931, 0.0, 0.0, 0.0, 1.0],
                [1.0, 0.0, 0.0, -5e-06, 0.0, 0.0, -1.0, 0.000946, 0.0, 1.0, 0.0, 0.93101, 0.0, 0.0, 0.0, 1.0],
                [1.0, 0.0, 0.0, -5e-06, 0.0, 0.0, -1.0, 0.000946, 0.0, 1.0, 0.0, 0.930936, 0.0, 0.0, 0.0, 1.0],
                [1.0, 0.0, 0.0, -5e-06, 0.0, 0.0, -1.0, 0.000946, 0.0, 1.0, 0.0, 0.930717, 0.0, 0.0, 0.0, 1.0],
                [1.0, 0.0, 0.0, -5e-06, 0.0, 0.0, -1.0, 0.000946, 0.0, 1.0, 0.0, 0.930358, 0.0, 0.0, 0.0, 1.0],
                [1.0, 0.0, 0.0, -5e-06, 0.0, 0.0, -1.0, 0.000946, 0.0, 1.0, 0.0, 0.929865, 0.0, 0.0, 0.0, 1.0],
                [1.0, 0.0, 0.0, -5e-06, 0.0, 0.0, -1.0, 0.000946, 0.0, 1.0, 0.0, 0.929241, 0.0, 0.0, 0.0, 1.0],
                [1.0, 0.0, 0.0, -5e-06, 0.0, 0.0, -1.0, 0.000946, 0.0, 1.0, 0.0, 0.928492, 0.0, 0.0, 0.0, 1.0],
                [1.0, 0.0, 0.0, -5e-06, 0.0, 0.0, -1.0, 0.000946, 0.0, 1.0, 0.0, 0.927622, 0.0, 0.0, 0.0, 1.0],
                [1.0, 0.0, 0.0, -5e-06, 0.0, 0.0, -1.0, 0.000946, 0.0, 1.0, 0.0, 0.926636, 0.0, 0.0, 0.0, 1.0],
                [1.0, 0.0, 0.0, -5e-06, 0.0, 0.0, -1.0, 0.000946, 0.0, 1.0, 0.0, 0.925539, 0.0, 0.0, 0.0, 1.0],
                [1.0, 0.0, 0.0, -5e-06, 0.0, 0.0, -1.0, 0.000946, 0.0, 1.0, 0.0, 0.924337, 0.0, 0.0, 0.0, 1.0],
                [1.0, 0.0, 0.0, -5e-06, 0.0, 0.0, -1.0, 0.000946, 0.0, 1.0, 0.0, 0.923033, 0.0, 0.0, 0.0, 1.0],
                [1.0, 0.0, 0.0, -5e-06, 0.0, 0.0, -1.0, 0.000946, 0.0, 1.0, 0.0, 0.921632, 0.0, 0.0, 0.0, 1.0],
                [1.0, 0.0, 0.0, -5e-06, 0.0, 0.0, -1.0, 0.000946, 0.0, 1.0, 0.0, 0.92014, 0.0, 0.0, 0.0, 1.0],
                [1.0, 0.0, 0.0, -5e-06, 0.0, 0.0, -1.0, 0.000946, 0.0, 1.0, 0.0, 0.918561, 0.0, 0.0, 0.0, 1.0],
                [1.0, 0.0, 0.0, -5e-06, 0.0, 0.0, -1.0, 0.000946, 0.0, 1.0, 0.0, 0.9169, 0.0, 0.0, 0.0, 1.0],
                [1.0, 0.0, 0.0, -5e-06, 0.0, 0.0, -1.0, 0.000946, 0.0, 1.0, 0.0, 0.915162, 0.0, 0.0, 0.0, 1.0],
                [1.0, 0.0, 0.0, -5e-06, 0.0, 0.0, -1.0, 0.000946, 0.0, 1.0, 0.0, 0.913352, 0.0, 0.0, 0.0, 1.0],
                [1.0, 0.0, 0.0, -5e-06, 0.0, 0.0, -1.0, 0.000946, 0.0, 1.0, 0.0, 0.911474, 0.0, 0.0, 0.0, 1.0],
                [1.0, 0.0, 0.0, -5e-06, 0.0, 0.0, -1.0, 0.000946, 0.0, 1.0, 0.0, 0.909533, 0.0, 0.0, 0.0, 1.0],
                [1.0, 0.0, 0.0, -5e-06, 0.0, 0.0, -1.0, 0.000946, 0.0, 1.0, 0.0, 0.907534, 0.0, 0.0, 0.0, 1.0],
                [1.0, 0.0, 0.0, -5e-06, 0.0, 0.0, -1.0, 0.000946, 0.0, 1.0, 0.0, 0.905483, 0.0, 0.0, 0.0, 1.0],
                [1.0, 0.0, 0.0, -5e-06, 0.0, 0.0, -1.0, 0.000946, 0.0, 1.0, 0.0, 0.903383, 0.0, 0.0, 0.0, 1.0],
                [1.0, 0.0, 0.0, -5e-06, 0.0, 0.0, -1.0, 0.000946, 0.0, 1.0, 0.0, 0.90124, 0.0, 0.0, 0.0, 1.0],
                [1.0, 0.0, 0.0, -5e-06, 0.0, 0.0, -1.0, 0.000946, 0.0, 1.0, 0.0, 0.899058, 0.0, 0.0, 0.0, 1.0],
                [1.0, 0.0, 0.0, -5e-06, 0.0, 0.0, -1.0, 0.000946, 0.0, 1.0, 0.0, 0.896842, 0.0, 0.0, 0.0, 1.0],
                [1.0, 0.0, 0.0, -5e-06, 0.0, 0.0, -1.0, 0.000946, 0.0, 1.0, 0.0, 0.894597, 0.0, 0.0, 0.0, 1.0],
                [1.0, 0.0, 0.0, -5e-06, 0.0, 0.0, -1.0, 0.000946, 0.0, 1.0, 0.0, 0.892329, 0.0, 0.0, 0.0, 1.0],
                [1.0, 0.0, 0.0, -5e-06, 0.0, 0.0, -1.0, 0.000946, 0.0, 1.0, 0.0, 0.890041, 0.0, 0.0, 0.0, 1.0],
                [1.0, 0.0, 0.0, -5e-06, 0.0, 0.0, -1.0, 0.000946, 0.0, 1.0, 0.0, 0.887738, 0.0, 0.0, 0.0, 1.0],
                [1.0, 0.0, 0.0, -5e-06, 0.0, 0.0, -1.0, 0.000946, 0.0, 1.0, 0.0, 0.885426, 0.0, 0.0, 0.0, 1.0],
                [1.0, 0.0, 0.0, -5e-06, 0.0, 0.0, -1.0, 0.000946, 0.0, 1.0, 0.0, 0.883109, 0.0, 0.0, 0.0, 1.0],
                [1.0, 0.0, 0.0, -5e-06, 0.0, 0.0, -1.0, 0.000946, 0.0, 1.0, 0.0, 0.880792, 0.0, 0.0, 0.0, 1.0],
                [1.0, 0.0, 0.0, -5e-06, 0.0, 0.0, -1.0, 0.000946, 0.0, 1.0, 0.0, 0.87848, 0.0, 0.0, 0.0, 1.0],
                [1.0, 0.0, 0.0, -5e-06, 0.0, 0.0, -1.0, 0.000946, 0.0, 1.0, 0.0, 0.876178, 0.0, 0.0, 0.0, 1.0],
                [1.0, 0.0, 0.0, -5e-06, 0.0, 0.0, -1.0, 0.000946, 0.0, 1.0, 0.0, 0.87389, 0.0, 0.0, 0.0, 1.0],
                [1.0, 0.0, 0.0, -5e-06, 0.0, 0.0, -1.0, 0.000946, 0.0, 1.0, 0.0, 0.871621, 0.0, 0.0, 0.0, 1.0],
                [1.0, 0.0, 0.0, -5e-06, 0.0, 0.0, -1.0, 0.000946, 0.0, 1.0, 0.0, 0.869376, 0.0, 0.0, 0.0, 1.0],
                [1.0, 0.0, 0.0, -5e-06, 0.0, 0.0, -1.0, 0.000946, 0.0, 1.0, 0.0, 0.86716, 0.0, 0.0, 0.0, 1.0],
                [1.0, 0.0, 0.0, -5e-06, 0.0, 0.0, -1.0, 0.000946, 0.0, 1.0, 0.0, 0.864979, 0.0, 0.0, 0.0, 1.0],
                [1.0, 0.0, 0.0, -5e-06, 0.0, 0.0, -1.0, 0.000946, 0.0, 1.0, 0.0, 0.862835, 0.0, 0.0, 0.0, 1.0],
                [1.0, 0.0, 0.0, -5e-06, 0.0, 0.0, -1.0, 0.000946, 0.0, 1.0, 0.0, 0.860735, 0.0, 0.0, 0.0, 1.0],
                [1.0, 0.0, 0.0, -5e-06, 0.0, 0.0, -1.0, 0.000946, 0.0, 1.0, 0.0, 0.858684, 0.0, 0.0, 0.0, 1.0],
                [1.0, 0.0, 0.0, -5e-06, 0.0, 0.0, -1.0, 0.000946, 0.0, 1.0, 0.0, 0.856685, 0.0, 0.0, 0.0, 1.0],
                [1.0, 0.0, 0.0, -5e-06, 0.0, 0.0, -1.0, 0.000946, 0.0, 1.0, 0.0, 0.854744, 0.0, 0.0, 0.0, 1.0],
                [1.0, 0.0, 0.0, -5e-06, 0.0, 0.0, -1.0, 0.000946, 0.0, 1.0, 0.0, 0.852866, 0.0, 0.0, 0.0, 1.0],
                [1.0, 0.0, 0.0, -5e-06, 0.0, 0.0, -1.0, 0.000946, 0.0, 1.0, 0.0, 0.851056, 0.0, 0.0, 0.0, 1.0],
                [1.0, 0.0, 0.0, -5e-06, 0.0, 0.0, -1.0, 0.000946, 0.0, 1.0, 0.0, 0.849318, 0.0, 0.0, 0.0, 1.0],
                [1.0, 0.0, 0.0, -5e-06, 0.0, 0.0, -1.0, 0.000946, 0.0, 1.0, 0.0, 0.847657, 0.0, 0.0, 0.0, 1.0],
                [1.0, 0.0, 0.0, -5e-06, 0.0, 0.0, -1.0, 0.000946, 0.0, 1.0, 0.0, 0.846078, 0.0, 0.0, 0.0, 1.0],
                [1.0, 0.0, 0.0, -5e-06, 0.0, 0.0, -1.0, 0.000946, 0.0, 1.0, 0.0, 0.844586, 0.0, 0.0, 0.0, 1.0],
                [1.0, 0.0, 0.0, -5e-06, 0.0, 0.0, -1.0, 0.000946, 0.0, 1.0, 0.0, 0.843185, 0.0, 0.0, 0.0, 1.0],
                [1.0, 0.0, 0.0, -5e-06, 0.0, 0.0, -1.0, 0.000946, 0.0, 1.0, 0.0, 0.841881, 0.0, 0.0, 0.0, 1.0],
                [1.0, 0.0, 0.0, -5e-06, 0.0, 0.0, -1.0, 0.000946, 0.0, 1.0, 0.0, 0.840679, 0.0, 0.0, 0.0, 1.0],
                [1.0, 0.0, 0.0, -5e-06, 0.0, 0.0, -1.0, 0.000946, 0.0, 1.0, 0.0, 0.839582, 0.0, 0.0, 0.0, 1.0],
                [1.0, 0.0, 0.0, -5e-06, 0.0, 0.0, -1.0, 0.000946, 0.0, 1.0, 0.0, 0.838596, 0.0, 0.0, 0.0, 1.0],
                [1.0, 0.0, 0.0, -5e-06, 0.0, 0.0, -1.0, 0.000946, 0.0, 1.0, 0.0, 0.837727, 0.0, 0.0, 0.0, 1.0],
                [1.0, 0.0, 0.0, -5e-06, 0.0, 0.0, -1.0, 0.000946, 0.0, 1.0, 0.0, 0.836977, 0.0, 0.0, 0.0, 1.0],
                [1.0, 0.0, 0.0, -5e-06, 0.0, 0.0, -1.0, 0.000946, 0.0, 1.0, 0.0, 0.836354, 0.0, 0.0, 0.0, 1.0],
                [1.0, 0.0, 0.0, -5e-06, 0.0, 0.0, -1.0, 0.000946, 0.0, 1.0, 0.0, 0.83586, 0.0, 0.0, 0.0, 1.0],
                [1.0, 0.0, 0.0, -5e-06, 0.0, 0.0, -1.0, 0.000946, 0.0, 1.0, 0.0, 0.835501, 0.0, 0.0, 0.0, 1.0]
            ]
        },
        {
            "name": "Thigh_R",
            "time": [0.0, 0.0167, 0.0333, 0.05, 0.0667, 0.0833, 0.1, 0.1167, 0.1333, 0.15, 0.1667, 0.1833, 0.2, 0.2167, 0.2333, 0.25, 0.2667, 0.2833, 0.3, 0.3167, 0.3333, 0.35, 0.3667, 0.3833, 0.4, 0.4167, 0.4333, 0.45, 0.4667, 0.4833, 0.5, 0.5167, 0.5333, 0.55, 0.5667, 0.5833, 0.6, 0.6167, 0.6333, 0.65, 0.6667, 0.6833, 0.7, 0.7167, 0.7333, 0.75, 0.7667, 0.7833, 0.8, 0.8167, 0.8333, 0.85, 0.8667, 0.8833, 0.9, 0.9167, 0.9333, 0.95, 0.9667, 0.9833, 1.0, 1.0167, 1.0333, 1.05, 1.0667, 1.0833, 1.1, 1.1167, 1.1333, 1.15, 1.1667, 1.1833, 1.2, 1.2167, 1.2333, 1.25, 1.2667, 1.2833, 1.3, 1.3167, 1.3333, 1.35, 1.3667, 1.3833, 1.4, 1.4167, 1.4333, 1.45, 1.4667, 1.4833, 1.5, 1.5167, 1.5333, 1.55, 1.5667, 1.5833, 1.6, 1.6167, 1.6333, 1.65, 1.6667, 1.6833, 1.7, 1.7167, 1.7333, 1.75, 1.7667, 1.7833, 1.8, 1.8167, 1.8333, 1.85, 1.8667, 1.8833, 1.9, 1.9167, 1.9333, 1.95, 1.9667, 1.9833, 2.0],
            "transform": [
                [0.953455, 0.209142, 0.217218, 0.124994, 0.103445, -0.903522, 0.41587, -0.002831, 0.283237, -0.374043, -0.883102, -1.2e-05, 0.0, 0.0, 0.0, 1.0],
                [0.953455, 0.209146, 0.217214, 0.124994, 0.103445, -0.903516, 0.415884, -0.002831, 0.283237, -0.374057, -0.883096, -1.2e-05, 0.0, 0.0, 0.0, 1.0],
                [0.953455, 0.209158, 0.217203, 0.124994, 0.103448, -0.903496, 0.415927, -0.002831, 0.283236, -0.374098, -0.883079, -1.2e-05, 0.0, 0.0, 0.0, 1.0],
                [0.953455, 0.209177, 0.217184, 0.124994, 0.103451, -0.903463, 0.415997, -0.002831, 0.283234, -0.374166, -0.883051, -1.2e-05, 0.0, 0.0, 0.0, 1.0],
                [0.953455, 0.209203, 0.217158, 0.124994, 0.103455, -0.903418, 0.416093, -0.002831, 0.283232, -0.374259, -0.883012, -1.2e-05, 0.0, 0.0, 0.0, 1.0],
                [0.953456, 0.209235, 0.217125, 0.124994, 0.10346, -0.903362, 0.416214, -0.002831, 0.283229, -0.374377, -0.882963, -1.2e-05, 0.0, 0.0, 0.0, 1.0],
                [0.953456, 0.209276, 0.217086, 0.124994, 0.103468, -0.903294, 0.416359, -0.002831, 0.283226, -0.374518, -0.882904, -1.2e-05, 0.0, 0.0, 0.0, 1.0],
                [0.953456, 0.209322, 0.21704, 0.124994, 0.103476, -0.903215, 0.416528, -0.002831, 0.283222, -0.374682, -0.882836, -1.2e-05, 0.0, 0.0, 0.0, 1.0],
                [0.953456, 0.209375, 0.216988, 0.124994, 0.103486, -0.903126, 0.416719, -0.002831, 0.283218, -0.374868, -0.882758, -1.2e-05, 0.0, 0.0, 0.0, 1.0],
                [0.953456, 0.209434, 0.21693, 0.124994, 0.103497, -0.903027, 0.416931, -0.002831, 0.283213, -0.375074, -0.882672, -1.2e-05, 0.0, 0.0, 0.0, 1.0],
                [0.953457, 0.209497, 0.216867, 0.124994, 0.103507, -0.902919, 0.417163, -0.002831, 0.283208, -0.375299, -0.882578, -1.2e-05, 0.0, 0.0, 0.0, 1.0],
                [0.953457, 0.209565, 0.216799, 0.124994, 0.103519, -0.902801, 0.417415, -0.002831, 0.283202, -0.375544, -0.882476, -1.2e-05, 0.0, 0.0, 0.0, 1.0],
                [0.953457, 0.20964, 0.216726, 0.124994, 0.103533, -0.902675, 0.417683, -0.002831, 0.283196, -0.375805, -0.882367, -1.2e-05, 0.0, 0.0, 0.0, 1.0],
                [0.953458, 0.209718, 0.216649, 0.124994, 0.103546, -0.902542, 0.417968, -0.002831, 0.283189, -0.376081, -0.882251, -1.2e-05, 0.0, 0.0, 0.0, 1.0],
                [0.953458, 0.209801, 0.216567, 0.124994, 0.103562, -0.902401, 0.418269, -0.002831, 0.283183, -0.376373, -0.882129, -1.2e-05, 0.0, 0.0, 0.0, 1.0],
                [0.953459, 0.209888, 0.21648, 0.124994, 0.103578, -0.902252, 0.418585, -0.002831, 0.283176, -0.376681, -0.881999, -1.2e-05, 0.0, 0.0, 0.0, 1.0],
                [0.953459, 0.209979, 0.21639, 0.124994, 0.103594, -0.902097, 0.418915, -0.002831, 0.283168, -0.377001, -0.881865, -1.2e-05, 0.0, 0.0, 0.0, 1.0],
                [0.95346, 0.210074, 0.216296, 0.124994, 0.103611, -0.901936, 0.419258, -0.002831, 0.28316, -0.377334, -0.881725, -1.2e-05, 0.0, 0.0, 0.0, 1.0],
                [0.95346, 0.21017, 0.2162, 0.124994, 0.103628, -0.901769, 0.419613, -0.002831, 0.283152, -0.377679, -0.88158, -1.2e-05, 0.0, 0.0, 0.0, 1.0],
                [0.95346, 0.210273, 0.216099, 0.124994, 0.103648, -0.901596, 0.419979, -0.002831, 0.283144, -0.378035, -0.88143, -1.2e-05, 0.0, 0.0, 0.0, 1.0],
                [0.953461, 0.210375, 0.215997, 0.124994, 0.103665, -0.901419, 0.420356, -0.002831, 0.283135, -0.378401, -0.881276, -1.2e-05, 0.0, 0.0, 0.0, 1.0],
                [0.953462, 0.210482, 0.215891, 0.124994, 0.103686, -0.901236, 0.420741, -0.002831, 0.283127, -0.378775, -0.881118, -1.2e-05, 0.0, 0.0, 0.0, 1.0],
                [0.953462, 0.21059, 0.215783, 0.124994, 0.103705, -0.901051, 0.421134, -0.002831, 0.283118, -0.379157, -0.880957, -1.2e-05, 0.0, 0.0, 0.0, 1.0],
                [0.953463, 0.210699, 0.215673, 0.124994, 0.103724, -0.900861, 0.421535, -0.002831, 0.283108, -0.379547, -0.880792, -1.2e-05, 0.0, 0.0, 0.0, 1.0],
                [0.953463, 0.210811, 0.215561, 0.124994, 0.103745, -0.900668, 0.421942, -0.002831, 0.283099, -0.379942, -0.880624, -1.2e-05, 0.0, 0.0, 0.0, 1.0],
                [0.953464, 0.210925, 0.215448, 0.124994, 0.103766, -0.900473, 0.422354, -0.002831, 0.283089, -0.380343, -0.880455, -1.2e-05, 0.0, 0.0, 0.0, 1.0],
                [0.953465, 0.211039, 0.215333, 0.124994, 0.103787, -0.900275, 0.42277, -0.002831, 0.28308, -0.380747, -0.880283, -1.2e-05, 0.0, 0.0, 0.0, 1.0],
                [0.953465, 0.211155, 0.215218, 0.124994, 0.103808, -0.900075, 0.423189, -0.002831, 0.28307, -0.381155, -0.880109, -1.2e-05, 0.0, 0.0, 0.0, 1.0],
                [0.953465, 0.21127, 0.215101, 0.124994, 0.103829, -0.899875, 0.423611, -0.002831, 0.28306, -0.381564, -0.879935, -1.2e-05, 0.0, 0.0, 0.0, 1.0],
                [0.953466, 0.211387, 0.214984, 0.124994, 0.103851, -0.899673, 0.424034, -0.002831, 0.283051, -0.381975, -0.87976, -1.2e-05, 0.0, 0.0, 0.0, 1.0],
                [0.953467, 0.211503, 0.214868, 0.124994, 0.103872, -0.899471, 0.424457, -0.002831, 0.283041, -0.382387, -0.879584, -1.2e-05, 0.0, 0.0, 0.0, 1.0],
                [0.953467, 0.211619, 0.214751, 0.124994, 0.103894, -0.899269, 0.42488, -0.002831, 0.283031, -0.382798, -0.879409, -1.2e-05, 0.0, 0.0, 0.0, 1.0],
                [0.953468, 0.211736, 0.214634, 0.124994, 0.103916, -0.899067, 0.425301, -0.002831, 0.283021, -0.383207, -0.879234, -1.2e-05, 0.0, 0.0, 0.0, 1.0],
                [0.953468, 0.21185, 0.214518, 0.124994, 0.103936, -0.898866, 0.425721, -0.002831, 0.283011, -0.383615, -0.879059, -1.2e-05, 0.0, 0.0, 0.0, 1.0],
                [0.953469, 0.211986, 0.21438, 0.124994, 0.103958, -0.898622, 0.42623, -0.002831, 0.283002, -0.384111, -0.878846, -1.2e-05, 0.0, 0.0, 0.0, 1.0],
                [0.95347, 0.2121, 0.214265, 0.124994, 0.103979, -0.898423, 0.426644, -0.002831, 0.282992, -0.384513, -0.878673, -1.2e-05, 0.0, 0.0, 0.0, 1.0],
                [0.95347, 0.212212, 0.214152, 0.124994, 0.104, -0.898227, 0.427052, -0.002831, 0.282983, -0.38491, -0.878502, -1.2e-05, 0.0, 0.0, 0.0, 1.0],
                [0.953471, 0.212322, 0.21404, 0.124994, 0.10402, -0.898033, 0.427454, -0.002831, 0.282973, -0.385301, -0.878334, -1.2e-05, 0.0, 0.0, 0.0, 1.0],
                [0.953471, 0.212431, 0.21393, 0.124994, 0.104041, -0.897842, 0.42785, -0.002831, 0.282964, -0.385685, -0.878168, -1.2e-05, 0.0, 0.0, 0.0, 1.0],
                [0.953472, 0.212538, 0.213822, 0.124994, 0.104061, -0.897655, 0.428237, -0.002831, 0.282955, -0.386061, -0.878005, -1.2e-05, 0.0, 0.0, 0.0, 1.0],
                [0.953472, 0.212641, 0.213717, 0.124994, 0.10408, -0.897473, 0.428616, -0.002831, 0.282946, -0.386429, -0.877846, -1.2e-05, 0.0, 0.0, 0.0, 1.0],
                [0.953473, 0.212742, 0.213614, 0.124994, 0.104099, -0.897294, 0.428984, -0.002831, 0.282937, -0.386788, -0.877691, -1.2e-05, 0.0, 0.0, 0.0, 1.0],
                [0.953473, 0.212841, 0.213514, 0.124994, 0.104118, -0.897121, 0.429342, -0.002831, 0.282929, -0.387135, -0.877541, -1.2e-05, 0.0, 0.0, 0.0, 1.0],
                [0.953474, 0.212935, 0.213417, 0.124994, 0.104135, -0.896953, 0.429689, -0.002831, 0.282921, -0.387473, -0.877395, -1.2e-05, 0.0, 0.0, 0.0, 1.0],
                [0.953474, 0.213026, 0.213324, 0.124994, 0.104151, -0.896791, 0.430022, -0.002831, 0.282913, -0.387797, -0.877254, -1.2e-05, 0.0, 0.0, 0.0, 1.0],
                [0.953474, 0.213115, 0.213234, 0.124994, 0.104169, -0.896635, 0.430343, -0.002831, 0.282905, -0.388109, -0.877118, -1.2e-05, 0.0, 0.0, 0.0, 1.0],
                [0.953475, 0.213199, 0.213148, 0.124994, 0.104185, -0.896486, 0.43065, -0.002831, 0.282898, -0.388406, -0.876989, -1.2e-05, 0.0, 0.0, 0.0, 1.0],
                [0.953475, 0.213279, 0.213066, 0.124994, 0.1042, -0.896344, 0.430941, -0.002831, 0.282891, -0.38869, -0.876866, -1.2e-05, 0.0, 0.0, 0.0, 1.0],
                [0.953476, 0.213354, 0.212989, 0.124994, 0.104215, -0.89621, 0.431216, -0.002831, 0.282885, -0.388957, -0.876749, -1.2e-05, 0.0, 0.0, 0.0, 1.0],
                [0.953476, 0.213424, 0.212917, 0.124994, 0.104227, -0.896084, 0.431474, -0.002831, 0.282878, -0.389209, -0.87664, -1.2e-05, 0.0, 0.0, 0.0, 1.0],
                [0.953477, 0.21349, 0.212849, 0.124994, 0.104239, -0.895967, 0.431715, -0.002831, 0.282873, -0.389442, -0.876537, -1.2e-05, 0.0, 0.0, 0.0, 1.0],
                [0.953477, 0.213552, 0.212787, 0.124994, 0.104252, -0.895859, 0.431937, -0.002831, 0.282868, -0.389658, -0.876443, -1.2e-05, 0.0, 0.0, 0.0, 1.0],
                [0.953477, 0.213608, 0.21273, 0.124994, 0.104263, -0.89576, 0.432139, -0.002831, 0.282863, -0.389855, -0.876357, -1.2e-05, 0.0, 0.0, 0.0, 1.0],
                [0.953477, 0.213656, 0.212679, 0.124994, 0.104271, -0.895671, 0.432321, -0.002831, 0.282858, -0.390032, -0.87628, -1.2e-05, 0.0, 0.0, 0.0, 1.0],
                [0.953478, 0.2137, 0.212634, 0.124994, 0.10428, -0.895593, 0.432482, -0.002831, 0.282854, -0.390188, -0.876212, -1.2e-05, 0.0, 0.0, 0.0, 1.0],
                [0.953478, 0.213739, 0.212595, 0.124994, 0.104287, -0.895525, 0.43262, -0.002831, 0.282851, -0.390322, -0.876153, -1.2e-05, 0.0, 0.0, 0.0, 1.0],
                [0.953478, 0.21377, 0.212562, 0.124994, 0.104293, -0.895469, 0.432735, -0.002831, 0.282848, -0.390435, -0.876104, -1.2e-05, 0.0, 0.0, 0.0, 1.0],
                [0.953478, 0.213796, 0.212536, 0.124994, 0.104299, -0.895424, 0.432826, -0.002831, 0.282846, -0.390523, -0.876065, -1.2e-05, 0.0, 0.0, 0.0, 1.0],
                [0.953478, 0.213812, 0.212518, 0.124994, 0.104301, -0.895392, 0.432892, -0.002831, 0.282845, -0.390588, -0.876037, -1.2e-05, 0.0, 0.0, 0.0, 1.0],
                [0.953478, 0.213824, 0.212507, 0.124994, 0.104303, -0.895372, 0.432933, -0.002831, 0.282844, -0.390627, -0.876019, -1.2e-05, 0.0, 0.0, 0.0, 1.0],
                [0.953478, 0.213829, 0.212502, 0.124994, 0.104305, -0.895365, 0.432947, -0.002831, 0.282843, -0.39064, -0.876014, -1.2e-05, 0.0, 0.0, 0.0, 1.0],
                [0.953478, 0.213825, 0.212506, 0.124994, 0.104304, -0.895371, 0.432934, -0.002831, 0.282844, -0.390628, -0.876019, -1.2e-05, 0.0, 0.0, 0.0, 1.0],
                [0.953478, 0.213815, 0.212517, 0.124994, 0.104302, -0.89539, 0.432896, -0.002831, 0.282845, -0.390591, -0.876035, -1.2e-05, 0.0, 0.0, 0.0, 1.0],
                [0.953478, 0.213797, 0.212534, 0.124994, 0.104299, -0.89542, 0.432834, -0.002831, 0.282846, -0.39053, -0.876062, -1.2e-05, 0.0, 0.0, 0.0, 1.0],
                [0.953478, 0.213774, 0.212558, 0.124994, 0.104294, -0.895462, 0.432748, -0.002831, 0.282848, -0.390447, -0.876098, -1.2e-05, 0.0, 0.0, 0.0, 1.0],
                [0.953478, 0.213745, 0.212589, 0.124994, 0.104289, -0.895515, 0.43264, -0.002831, 0.282851, -0.390342, -0.876144, -1.2e-05, 0.0, 0.0, 0.0, 1.0],
                [0.953478, 0.213709, 0.212625, 0.124994, 0.104282, -0.895579, 0.43251, -0.002831, 0.282854, -0.390215, -0.8762, -1.2e-05, 0.0, 0.0, 0.0, 1.0],
                [0.953478, 0.213666, 0.212668, 0.124994, 0.104273, -0.895652, 0.432359, -0.002831, 0.282857, -0.390069, -0.876264, -1.2e-05, 0.0, 0.0, 0.0, 1.0],
                [0.953477, 0.213621, 0.212716, 0.124994, 0.104265, -0.895736, 0.432188, -0.002831, 0.282861, -0.389902, -0.876337, -1.2e-05, 0.0, 0.0, 0.0, 1.0],
                [0.953477, 0.213568, 0.21277, 0.124994, 0.104254, -0.895829, 0.431998, -0.002831, 0.282866, -0.389717, -0.876417, -1.2e-05, 0.0, 0.0, 0.0, 1.0],
                [0.953476, 0.213511, 0.212828, 0.124994, 0.104244, -0.895931, 0.431789, -0.002831, 0.282871, -0.389514, -0.876506, -1.2e-05, 0.0, 0.0, 0.0, 1.0],
                [0.953476, 0.213449, 0.212892, 0.124994, 0.104233, -0.896042, 0.431562, -0.002831, 0.282876, -0.389294, -0.876602, -1.2e-05, 0.0, 0.0, 0.0, 1.0],
                [0.953476, 0.213382, 0.21296, 0.124994, 0.10422, -0.896161, 0.431318, -0.002831, 0.282882, -0.389056, -0.876706, -1.2e-05, 0.0, 0.0, 0.0, 1.0],
                [0.953475, 0.213311, 0.213033, 0.124994, 0.104207, -0.896287, 0.431058, -0.002831, 0.282888, -0.388803, -0.876816, -1.2e-05, 0.0, 0.0, 0.0, 1.0],
                [0.953475, 0.213235, 0.213111, 0.124994, 0.104192, -0.896421, 0.430783, -0.002831, 0.282895, -0.388536, -0.876933, -1.2e-05, 0.0, 0.0, 0.0, 1.0],
                [0.953475, 0.213156, 0.213192, 0.124994, 0.104177, -0.896562, 0.430493, -0.002831, 0.282902, -0.388255, -0.877055, -1.2e-05, 0.0, 0.0, 0.0, 1.0],
                [0.953474, 0.213073, 0.213277, 0.124994, 0.104161, -0.89671, 0.43019, -0.002831, 0.282909, -0.38796, -0.877183, -1.2e-05, 0.0, 0.0, 0.0, 1.0],
                [0.953474, 0.212985, 0.213365, 0.124994, 0.104144, -0.896864, 0.429873, -0.002831, 0.282916, -0.387652, -0.877317, -1.2e-05, 0.0, 0.0, 0.0, 1.0],
                [0.953474, 0.212896, 0.213457, 0.124994, 0.104127, -0.897023, 0.429545, -0.002831, 0.282924, -0.387333, -0.877455, -1.2e-05, 0.0, 0.0, 0.0, 1.0],
                [0.953473, 0.212802, 0.213552, 0.124994, 0.104109, -0.897187, 0.429205, -0.002831, 0.282932, -0.387002, -0.877598, -1.2e-05, 0.0, 0.0, 0.0, 1.0],
                [0.953473, 0.212707, 0.21365, 0.124994, 0.104092, -0.897357, 0.428854, -0.002831, 0.28294, -0.386661, -0.877746, -1.2e-05, 0.0, 0.0, 0.0, 1.0],
                [0.953472, 0.212608, 0.21375, 0.124994, 0.104074, -0.897531, 0.428495, -0.002831, 0.282949, -0.386312, -0.877897, -1.2e-05, 0.0, 0.0, 0.0, 1.0],
                [0.953472, 0.212506, 0.213853, 0.124994, 0.104055, -0.897709, 0.428126, -0.002831, 0.282957, -0.385953, -0.878052, -1.2e-05, 0.0, 0.0, 0.0, 1.0],
                [0.953471, 0.212404, 0.213958, 0.124994, 0.104036, -0.897891, 0.427748, -0.002831, 0.282966, -0.385586, -0.87821, -1.2e-05, 0.0, 0.0, 0.0, 1.0],
                [0.95347, 0.212298, 0.214065, 0.124994, 0.104016, -0.898076, 0.427364, -0.002831, 0.282975, -0.385213, -0.878372, -1.2e-05, 0.0, 0.0, 0.0, 1.0],
                [0.95347, 0.212191, 0.214174, 0.124994, 0.103996, -0.898264, 0.426974, -0.002831, 0.282984, -0.384833, -0.878535, -1.2e-05, 0.0, 0.0, 0.0, 1.0],
                [0.953469, 0.212082, 0.214284, 0.124994, 0.103976, -0.898455, 0.426578, -0.002831, 0.282994, -0.384448, -0.8787, -1.2e-05, 0.0, 0.0, 0.0, 1.0],
                [0.953469, 0.211972, 0.214395, 0.124994, 0.103956, -0.898648, 0.426177, -0.002831, 0.283003, -0.384058, -0.878868, -1.2e-05, 0.0, 0.0, 0.0, 1.0],
                [0.953468, 0.211839, 0.214529, 0.124994, 0.103934, -0.898885, 0.42568, -0.002831, 0.283012, -0.383575, -0.879076, -1.2e-05, 0.0, 0.0, 0.0, 1.0],
                [0.953468, 0.211729, 0.214641, 0.124994, 0.103915, -0.89908, 0.425275, -0.002831, 0.283022, -0.383181, -0.879245, -1.2e-05, 0.0, 0.0, 0.0, 1.0],
                [0.953467, 0.211615, 0.214754, 0.124994, 0.103892, -0.899275, 0.424867, -0.002831, 0.283031, -0.382785, -0.879414, -1.2e-05, 0.0, 0.0, 0.0, 1.0],
                [0.953467, 0.211503, 0.214868, 0.124994, 0.103873, -0.899471, 0.424457, -0.002831, 0.283041, -0.382386, -0.879584, -1.2e-05, 0.0, 0.0, 0.0, 1.0],
                [0.953466, 0.211391, 0.214981, 0.124994, 0.103852, -0.899666, 0.424047, -0.002831, 0.28305, -0.381988, -0.879754, -1.2e-05, 0.0, 0.0, 0.0, 1.0],
                [0.953465, 0.211279, 0.215094, 0.124994, 0.103831, -0.899862, 0.423638, -0.002831, 0.28306, -0.38159, -0.879924, -1.2e-05, 0.0, 0.0, 0.0, 1.0],
                [0.953465, 0.211165, 0.215206, 0.124994, 0.10381, -0.900056, 0.42323, -0.002831, 0.283069, -0.381194, -0.880093, -1.2e-05, 0.0, 0.0, 0.0, 1.0],
                [0.953464, 0.211054, 0.215318, 0.124994, 0.10379, -0.900249, 0.422823, -0.002831, 0.283079, -0.380799, -0.880261, -1.2e-05, 0.0, 0.0, 0.0, 1.0],
                [0.953464, 0.210943, 0.215429, 0.124994, 0.103769, -0.900441, 0.42242, -0.002831, 0.283088, -0.380407, -0.880427, -1.2e-05, 0.0, 0.0, 0.0, 1.0],
                [0.953463, 0.210834, 0.215539, 0.124994, 0.10375, -0.900631, 0.422021, -0.002831, 0.283097, -0.380019, -0.880592, -1.2e-05, 0.0, 0.0, 0.0, 1.0],
                [0.953463, 0.210725, 0.215648, 0.124994, 0.103729, -0.900818, 0.421626, -0.002831, 0.283106, -0.379636, -0.880754, -1.2e-05, 0.0, 0.0, 0.0, 1.0],
                [0.953462, 0.210618, 0.215755, 0.124994, 0.10371, -0.901002, 0.421237, -0.002831, 0.283115, -0.379257, -0.880914, -1.2e-05, 0.0, 0.0, 0.0, 1.0],
                [0.953462, 0.210513, 0.21586, 0.124994, 0.103692, -0.901183, 0.420854, -0.002831, 0.283124, -0.378885, -0.881072, -1.2e-05, 0.0, 0.0, 0.0, 1.0],
                [0.953461, 0.210409, 0.215963, 0.124994, 0.103672, -0.901361, 0.420479, -0.002831, 0.283132, -0.378521, -0.881226, -1.2e-05, 0.0, 0.0, 0.0, 1.0],
                [0.953461, 0.210309, 0.216063, 0.124994, 0.103654, -0.901534, 0.420112, -0.002831, 0.283141, -0.378164, -0.881376, -1.2e-05, 0.0, 0.0, 0.0, 1.0],
                [0.95346, 0.21021, 0.216161, 0.124994, 0.103636, -0.901703, 0.419753, -0.002831, 0.283149, -0.377816, -0.881522, -1.2e-05, 0.0, 0.0, 0.0, 1.0],
                [0.95346, 0.210115, 0.216256, 0.124994, 0.103619, -0.901866, 0.419405, -0.002831, 0.283157, -0.377477, -0.881665, -1.2e-05, 0.0, 0.0, 0.0, 1.0],
                [0.953459, 0.210021, 0.216348, 0.124994, 0.103601, -0.902025, 0.419068, -0.002831, 0.283164, -0.37715, -0.881803, -1.2e-05, 0.0, 0.0, 0.0, 1.0],
                [0.953459, 0.209933, 0.216437, 0.124994, 0.103586, -0.902178, 0.418743, -0.002831, 0.283172, -0.376834, -0.881935, -1.2e-05, 0.0, 0.0, 0.0, 1.0],
                [0.953458, 0.209847, 0.216522, 0.124994, 0.103571, -0.902325, 0.41843, -0.002831, 0.283179, -0.37653, -0.882063, -1.2e-05, 0.0, 0.0, 0.0, 1.0],
                [0.953458, 0.209763, 0.216604, 0.124994, 0.103555, -0.902465, 0.418131, -0.002831, 0.283186, -0.376239, -0.882185, -1.2e-05, 0.0, 0.0, 0.0, 1.0],
                [0.953458, 0.209686, 0.216681, 0.124994, 0.103542, -0.902599, 0.417846, -0.002831, 0.283192, -0.375963, -0.8823, -1.2e-05, 0.0, 0.0, 0.0, 1.0],
                [0.953457, 0.209611, 0.216755, 0.124994, 0.103528, -0.902725, 0.417577, -0.002831, 0.283198, -0.375702, -0.88241, -1.2e-05, 0.0, 0.0, 0.0, 1.0],
                [0.953457, 0.209541, 0.216824, 0.124994, 0.103516, -0.902844, 0.417323, -0.002831, 0.283204, -0.375455, -0.882513, -1.2e-05, 0.0, 0.0, 0.0, 1.0],
                [0.953456, 0.209477, 0.216888, 0.124994, 0.103505, -0.902954, 0.417086, -0.002831, 0.28321, -0.375224, -0.882609, -1.2e-05, 0.0, 0.0, 0.0, 1.0],
                [0.953457, 0.209415, 0.216948, 0.124994, 0.103492, -0.903057, 0.416867, -0.002831, 0.283214, -0.375012, -0.882698, -1.2e-05, 0.0, 0.0, 0.0, 1.0],
                [0.953456, 0.20936, 0.217002, 0.124994, 0.103483, -0.90315, 0.416667, -0.002831, 0.283219, -0.374817, -0.882779, -1.2e-05, 0.0, 0.0, 0.0, 1.0],
                [0.953456, 0.20931, 0.217051, 0.124994, 0.103473, -0.903234, 0.416488, -0.002831, 0.283223, -0.374644, -0.882852, -1.2e-05, 0.0, 0.0, 0.0, 1.0],
                [0.953456, 0.209268, 0.217094, 0.124994, 0.103466, -0.903308, 0.416329, -0.002831, 0.283226, -0.374489, -0.882916, -1.2e-05, 0.0, 0.0, 0.0, 1.0],
                [0.953456, 0.20923, 0.217131, 0.124994, 0.103459, -0.903372, 0.416192, -0.002831, 0.283229, -0.374356, -0.882972, -1.2e-05, 0.0, 0.0, 0.0, 1.0],
                [0.953455, 0.2092, 0.217161, 0.124994, 0.103455, -0.903425, 0.416078, -0.002831, 0.283232, -0.374245, -0.883018, -1.2e-05, 0.0, 0.0, 0.0, 1.0],
                [0.953455, 0.209175, 0.217186, 0.124994, 0.103452, -0.903467, 0.415988, -0.002831, 0.283234, -0.374158, -0.883054, -1.2e-05, 0.0, 0.0, 0.0, 1.0],
                [0.953455, 0.209157, 0.217203, 0.124994, 0.103448, -0.903497, 0.415923, -0.002831, 0.283236, -0.374095, -0.883081, -1.2e-05, 0.0, 0.0, 0.0, 1.0]
            ]
        },
        {
            "name": "Leg_R",
            "time": [0.0, 0.0167, 0.0333, 0.05, 0.0667, 0.0833, 0.1, 0.1167, 0.1333, 0.15, 0.1667, 0.1833, 0.2, 0.2167, 0.2333, 0.25, 0.2667, 0.2833, 0.3, 0.3167, 0.3333, 0.35, 0.3667, 0.3833, 0.4, 0.4167, 0.4333, 0.45, 0.4667, 0.4833, 0.5, 0.5167, 0.5333, 0.55, 0.5667, 0.5833, 0.6, 0.6167, 0.6333, 0.65, 0.6667, 0.6833, 0.7, 0.7167, 0.7333, 0.75, 0.7667, 0.7833, 0.8, 0.8167, 0.8333, 0.85, 0.8667, 0.8833, 0.9, 0.9167, 0.9333, 0.95, 0.9667, 0.9833, 1.0, 1.0167, 1.0333, 1.05, 1.0667, 1.0833, 1.1, 1.1167, 1.1333, 1.15, 1.1667, 1.1833, 1.2, 1.2167, 1.2333, 1.25, 1.2667, 1.2833, 1.3, 1.3167, 1.3333, 1.35, 1.3667, 1.3833, 1.4, 1.4167, 1.4333, 1.45, 1.4667, 1.4833, 1.5, 1.5167, 1.5333, 1.55, 1.5667, 1.5833, 1.6, 1.6167, 1.6333, 1.65, 1.6667, 1.6833, 1.7, 1.7167, 1.7333, 1.75, 1.7667, 1.7833, 1.8, 1.8167, 1.8333, 1.85, 1.8667, 1.8833, 1.9, 1.9167, 1.9333, 1.95, 1.9667, 1.9833, 2.0],
            "transform": [
                [1.0, 1.4e-05, 6e-06, 0.0, -1.4e-05, 0.696005, 0.718036, 0.374726, 5e-06, -0.718037, 0.696005, -0.0, 0.0, 0.0, 0.0, 1.0],
                [1.0, 1.4e-05, 7e-06, -0.0, -1.4e-05, 0.695982, 0.718059, 0.374726, 5e-06, -0.718059, 0.695982, -0.0, 0.0, 0.0, 0.0, 1.0],
                [1.0, 1.3e-05, 6e-06, -0.0, -1.4e-05, 0.695915, 0.718124, 0.374726, 5e-06, -0.718124, 0.695915, -0.0, 0.0, 0.0, 0.0, 1.0],
                [1.0, 1.3e-05, 6e-06, 0.0, -1.3e-05, 0.695805, 0.718231, 0.374726, 5e-06, -0.718231, 0.695805, 0.0, 0.0, 0.0, 0.0, 1.0],
                [1.0, 1.4e-05, 7e-06, 0.0, -1.5e-05, 0.695654, 0.718377, 0.374726, 5e-06, -0.718377, 0.695654, 0.0, 0.0, 0.0, 0.0, 1.0],
                [1.0, 1.6e-05, 8e-06, -0.0, -1.7e-05, 0.695463, 0.718561, 0.374726, 6e-06, -0.718561, 0.695463, 0.0, 0.0, 0.0, 0.0, 1.0],
                [1.0, 1.5e-05, 7e-06, 0.0, -1.5e-05, 0.695234, 0.718783, 0.374726, 6e-06, -0.718784, 0.695234, -0.0, 0.0, 0.0, 0.0, 1.0],
                [1.0, 1.5e-05, 7e-06, 0.0, -1.6e-05, 0.694968, 0.719041, 0.374726, 6e-06, -0.71904, 0.694968, -0.0, 0.0, 0.0, 0.0, 1.0],
                [1.0, 1.4e-05, 7e-06, 0.0, -1.5e-05, 0.694666, 0.719332, 0.374726, 5e-06, -0.719332, 0.694666, -0.0, 0.0, 0.0, 0.0, 1.0],
                [1.0, 1.3e-05, 6e-06, 0.0, -1.3e-05, 0.694331, 0.719656, 0.374726, 5e-06, -0.719656, 0.694331, 0.0, 0.0, 0.0, 0.0, 1.0],
                [1.0, 1.5e-05, 7e-06, 0.0, -1.5e-05, 0.693965, 0.720009, 0.374726, 6e-06, -0.720009, 0.693965, -0.0, 0.0, 0.0, 0.0, 1.0],
                [1.0, 1.7e-05, 8e-06, 0.0, -1.7e-05, 0.693567, 0.720392, 0.374726, 7e-06, -0.720392, 0.693567, 0.0, 0.0, 0.0, 0.0, 1.0],
                [1.0, 1.5e-05, 7e-06, -0.0, -1.5e-05, 0.693143, 0.720801, 0.374726, 6e-06, -0.720801, 0.693143, -0.0, 0.0, 0.0, 0.0, 1.0],
                [1.0, 1.6e-05, 7e-06, -0.0, -1.6e-05, 0.692692, 0.721233, 0.374726, 6e-06, -0.721234, 0.692692, 0.0, 0.0, 0.0, 0.0, 1.0],
                [1.0, 1.5e-05, 7e-06, 0.0, -1.5e-05, 0.692215, 0.721691, 0.374726, 6e-06, -0.721691, 0.692215, -0.0, 0.0, 0.0, 0.0, 1.0],
                [1.0, 1.5e-05, 7e-06, 0.0, -1.5e-05, 0.691714, 0.722172, 0.374726, 6e-06, -0.722172, 0.691714, 0.0, 0.0, 0.0, 0.0, 1.0],
                [1.0, 1.5e-05, 7e-06, 0.0, -1.6e-05, 0.69119, 0.722673, 0.374726, 6e-06, -0.722673, 0.69119, 0.0, 0.0, 0.0, 0.0, 1.0],
                [1.0, 1.4e-05, 7e-06, 0.0, -1.5e-05, 0.690645, 0.723193, 0.374726, 6e-06, -0.723194, 0.690645, 0.0, 0.0, 0.0, 0.0, 1.0],
                [1.0, 1.6e-05, 8e-06, -0.0, -1.7e-05, 0.690081, 0.723732, 0.374726, 6e-06, -0.723732, 0.690081, 0.0, 0.0, 0.0, 0.0, 1.0],
                [1.0, 1.3e-05, 6e-06, 0.0, -1.4e-05, 0.689498, 0.724287, 0.374726, 5e-06, -0.724288, 0.689498, -0.0, 0.0, 0.0, 0.0, 1.0],
                [1.0, 1.7e-05, 8e-06, -0.0, -1.7e-05, 0.688898, 0.724858, 0.374726, 7e-06, -0.724858, 0.688898, -0.0, 0.0, 0.0, 0.0, 1.0],
                [1.0, 1.3e-05, 6e-06, -0.0, -1.4e-05, 0.688284, 0.725442, 0.374726, 5e-06, -0.725442, 0.688284, 0.0, 0.0, 0.0, 0.0, 1.0],
                [1.0, 1.5e-05, 7e-06, -0.0, -1.5e-05, 0.687656, 0.726036, 0.374726, 6e-06, -0.726037, 0.687656, -0.0, 0.0, 0.0, 0.0, 1.0],
                [1.0, 1.6e-05, 8e-06, -0.0, -1.7e-05, 0.687016, 0.726642, 0.374726, 7e-06, -0.726642, 0.687016, -0.0, 0.0, 0.0, 0.0, 1.0],
                [1.0, 1.6e-05, 8e-06, 0.0, -1.6e-05, 0.686365, 0.727257, 0.374726, 6e-06, -0.727257, 0.686365, 0.0, 0.0, 0.0, 0.0, 1.0],
                [1.0, 1.5e-05, 7e-06, -0.0, -1.6e-05, 0.685706, 0.727879, 0.374726, 6e-06, -0.727879, 0.685706, 0.0, 0.0, 0.0, 0.0, 1.0],
                [1.0, 1.5e-05, 7e-06, -0.0, -1.5e-05, 0.685039, 0.728506, 0.374726, 6e-06, -0.728507, 0.685039, -0.0, 0.0, 0.0, 0.0, 1.0],
                [1.0, 1.5e-05, 7e-06, -0.0, -1.6e-05, 0.684365, 0.729139, 0.374726, 6e-06, -0.72914, 0.684365, 0.0, 0.0, 0.0, 0.0, 1.0],
                [1.0, 1.5e-05, 7e-06, -0.0, -1.5e-05, 0.683689, 0.729774, 0.374726, 6e-06, -0.729774, 0.683689, 0.0, 0.0, 0.0, 0.0, 1.0],
