{
    "animation": [
        {
            "name": "Root",
            "time": [0.0, 0.0167, 0.0333, 0.05, 0.0667, 0.0833, 0.1, 0.1167, 0.1333, 0.15, 0.1667, 0.1833, 0.2, 0.2167, 0.2333, 0.25, 0.2667, 0.2833, 0.3, 0.3167, 0.3333, 0.35, 0.3667, 0.3833, 0.4, 0.4167, 0.4333, 0.45, 0.4667, 0.4833, 0.5, 0.5167, 0.5333, 0.55, 0.5667, 0.5833, 0.6, 0.6167, 0.6333, 0.65, 0.6667, 0.6833, 0.7, 0.7167, 0.7333, 0.75, 0.7667, 0.7833, 0.8],
            "transform": [
                [1.0, 0.0, 0.0, -5e-06, 0.0, 0.0, -1.0, 0.000946, 0.0, 1.0, 0.0, 0.674885, 0.0, 0.0, 0.0, 1.0],
                [1.0, 0.0, 0.0, -5e-06, 0.0, 0.0, -1.0, 0.000946, 0.0, 1.0, 0.0, 0.688413, 0.0, 0.0, 0.0, 1.0],
                [1.0, 0.0, 0.0, -5e-06, 0.0, 0.0, -1.0, 0.000946, 0.0, 1.0, 0.0, 0.701941, 0.0, 0.0, 0.0, 1.0],
                [1.0, 0.0, 0.0, -5e-06, 0.0, 0.0, -1.0, 0.000946, 0.0, 1.0, 0.0, 0.715469, 0.0, 0.0, 0.0, 1.0],
                [1.0, 0.0, 0.0, -5e-06, 0.0, 0.0, -1.0, 0.000946, 0.0, 1.0, 0.0, 0.728997, 0.0, 0.0, 0.0, 1.0],
                [1.0, 0.0, 0.0, -5e-06, 0.0, 0.0, -1.0, 0.000946, 0.0, 1.0, 0.0, 0.742525, 0.0, 0.0, 0.0, 1.0],
                [1.0, 0.0, 0.0, -5e-06, 0.0, 0.0, -1.0, 0.000946, 0.0, 1.0, 0.0, 0.756053, 0.0, 0.0, 0.0, 1.0],
                [1.0, 0.0, 0.0, -5e-06, 0.0, 0.0, -1.0, 0.000946, 0.0, 1.0, 0.0, 0.731611, 0.0, 0.0, 0.0, 1.0],
                [1.0, 0.0, 0.0, -5e-06, 0.0, 0.0, -1.0, 0.000946, 0.0, 1.0, 0.0, 0.707169, 0.0, 0.0, 0.0, 1.0],
                [1.0, 0.0, 0.0, -5e-06, 0.0, 0.0, -1.0, 0.000946, 0.0, 1.0, 0.0, 0.682726, 0.0, 0.0, 0.0, 1.0],
                [1.0, 0.0, 0.0, -5e-06, 0.0, 0.0, -1.0, 0.000946, 0.0, 1.0, 0.0, 0.658284, 0.0, 0.0, 0.0, 1.0],
                [1.0, 0.0, 0.0, -5e-06, 0.0, 0.0, -1.0, 0.000946, 0.0, 1.0, 0.0, 0.633842, 0.0, 0.0, 0.0, 1.0],
                [1.0, 0.0, 0.0, -5e-06, 0.0, 0.0, -1.0, 0.000946, 0.0, 1.0, 0.0, 0.6094, 0.0, 0.0, 0.0, 1.0],
                [1.0, 0.0, 0.0, -5e-06, 0.0, 0.0, -1.0, 0.000946, 0.0, 1.0, 0.0, 0.619418, 0.0, 0.0, 0.0, 1.0],
                [1.0, 0.0, 0.0, -5e-06, 0.0, 0.0, -1.0, 0.000946, 0.0, 1.0, 0.0, 0.629436, 0.0, 0.0, 0.0, 1.0],
                [1.0, 0.0, 0.0, -5e-06, 0.0, 0.0, -1.0, 0.000946, 0.0, 1.0, 0.0, 0.639455, 0.0, 0.0, 0.0, 1.0],
                [1.0, 0.0, 0.0, -5e-06, 0.0, 0.0, -1.0, 0.000946, 0.0, 1.0, 0.0, 0.649473, 0.0, 0.0, 0.0, 1.0],
                [1.0, 0.0, 0.0, -5e-06, 0.0, 0.0, -1.0, 0.000946, 0.0, 1.0, 0.0, 0.659491, 0.0, 0.0, 0.0, 1.0],
                [1.0, 0.0, 0.0, -5e-06, 0.0, 0.0, -1.0, 0.000946, 0.0, 1.0, 0.0, 0.669509, 0.0, 0.0, 0.0, 1.0],
                [1.0, 0.0, 0.0, -5e-06, 0.0, 0.0, -1.0, 0.000946, 0.0, 1.0, 0.0, 0.654817, 0.0, 0.0, 0.0, 1.0],
                [1.0, 0.0, 0.0, -5e-06, 0.0, 0.0, -1.0, 0.000946, 0.0, 1.0, 0.0, 0.640126, 0.0, 0.0, 0.0, 1.0],
                [1.0, 0.0, 0.0, -5e-06, 0.0, 0.0, -1.0, 0.000946, 0.0, 1.0, 0.0, 0.625434, 0.0, 0.0, 0.0, 1.0],
                [1.0, 0.0, 0.0, -5e-06, 0.0, 0.0, -1.0, 0.000946, 0.0, 1.0, 0.0, 0.610742, 0.0, 0.0, 0.0, 1.0],
                [1.0, 0.0, 0.0, -5e-06, 0.0, 0.0, -1.0, 0.000946, 0.0, 1.0, 0.0, 0.59605, 0.0, 0.0, 0.0, 1.0],
                [1.0, 0.0, 0.0, -5e-06, 0.0, 0.0, -1.0, 0.000946, 0.0, 1.0, 0.0, 0.581358, 0.0, 0.0, 0.0, 1.0],
                [1.0, 0.0, 0.0, -5e-06, 0.0, 0.0, -1.0, 0.000946, 0.0, 1.0, 0.0, 0.603095, 0.0, 0.0, 0.0, 1.0],
                [1.0, 0.0, 0.0, -5e-06, 0.0, 0.0, -1.0, 0.000946, 0.0, 1.0, 0.0, 0.624832, 0.0, 0.0, 0.0, 1.0],
                [1.0, 0.0, 0.0, -5e-06, 0.0, 0.0, -1.0, 0.000946, 0.0, 1.0, 0.0, 0.646568, 0.0, 0.0, 0.0, 1.0],
                [1.0, 0.0, 0.0, -5e-06, 0.0, 0.0, -1.0, 0.000946, 0.0, 1.0, 0.0, 0.668305, 0.0, 0.0, 0.0, 1.0],
                [1.0, 0.0, 0.0, -5e-06, 0.0, 0.0, -1.0, 0.000946, 0.0, 1.0, 0.0, 0.690042, 0.0, 0.0, 0.0, 1.0],
                [1.0, 0.0, 0.0, -5e-06, 0.0, 0.0, -1.0, 0.000946, 0.0, 1.0, 0.0, 0.711779, 0.0, 0.0, 0.0, 1.0],
                [1.0, 0.0, 0.0, -5e-06, 0.0, 0.0, -1.0, 0.000946, 0.0, 1.0, 0.0, 0.715291, 0.0, 0.0, 0.0, 1.0],
                [1.0, 0.0, 0.0, -5e-06, 0.0, 0.0, -1.0, 0.000946, 0.0, 1.0, 0.0, 0.718803, 0.0, 0.0, 0.0, 1.0],
                [1.0, 0.0, 0.0, -5e-06, 0.0, 0.0, -1.0, 0.000946, 0.0, 1.0, 0.0, 0.722316, 0.0, 0.0, 0.0, 1.0],
                [1.0, 0.0, 0.0, -5e-06, 0.0, 0.0, -1.0, 0.000946, 0.0, 1.0, 0.0, 0.725828, 0.0, 0.0, 0.0, 1.0],
                [1.0, 0.0, 0.0, -5e-06, 0.0, 0.0, -1.0, 0.000946, 0.0, 1.0, 0.0, 0.72934, 0.0, 0.0, 0.0, 1.0],
                [1.0, 0.0, 0.0, -5e-06, 0.0, 0.0, -1.0, 0.000946, 0.0, 1.0, 0.0, 0.732853, 0.0, 0.0, 0.0, 1.0],
                [1.0, 0.0, 0.0, -5e-06, 0.0, 0.0, -1.0, 0.000946, 0.0, 1.0, 0.0, 0.728022, 0.0, 0.0, 0.0, 1.0],
                [1.0, 0.0, 0.0, -5e-06, 0.0, 0.0, -1.0, 0.000946, 0.0, 1.0, 0.0, 0.723191, 0.0, 0.0, 0.0, 1.0],
                [1.0, 0.0, 0.0, -5e-06, 0.0, 0.0, -1.0, 0.000946, 0.0, 1.0, 0.0, 0.718361, 0.0, 0.0, 0.0, 1.0],
                [1.0, 0.0, 0.0, -5e-06, 0.0, 0.0, -1.0, 0.000946, 0.0, 1.0, 0.0, 0.71353, 0.0, 0.0, 0.0, 1.0],
                [1.0, 0.0, 0.0, -5e-06, 0.0, 0.0, -1.0, 0.000946, 0.0, 1.0, 0.0, 0.7087, 0.0, 0.0, 0.0, 1.0],
                [1.0, 0.0, 0.0, -5e-06, 0.0, 0.0, -1.0, 0.000946, 0.0, 1.0, 0.0, 0.703869, 0.0, 0.0, 0.0, 1.0],
                [1.0, 0.0, 0.0, -5e-06, 0.0, 0.0, -1.0, 0.000946, 0.0, 1.0, 0.0, 0.699038, 0.0, 0.0, 0.0, 1.0],
                [1.0, 0.0, 0.0, -5e-06, 0.0, 0.0, -1.0, 0.000946, 0.0, 1.0, 0.0, 0.694208, 0.0, 0.0, 0.0, 1.0],
                [1.0, 0.0, 0.0, -5e-06, 0.0, 0.0, -1.0, 0.000946, 0.0, 1.0, 0.0, 0.689377, 0.0, 0.0, 0.0, 1.0],
                [1.0, 0.0, 0.0, -5e-06, 0.0, 0.0, -1.0, 0.000946, 0.0, 1.0, 0.0, 0.684546, 0.0, 0.0, 0.0, 1.0],
                [1.0, 0.0, 0.0, -5e-06, 0.0, 0.0, -1.0, 0.000946, 0.0, 1.0, 0.0, 0.679716, 0.0, 0.0, 0.0, 1.0],
                [1.0, 0.0, 0.0, -5e-06, 0.0, 0.0, -1.0, 0.000946, 0.0, 1.0, 0.0, 0.674885, 0.0, 0.0, 0.0, 1.0]
            ]
        },
        {
            "name": "Thigh_R",
            "time": [0.0, 0.0167, 0.0333, 0.05, 0.0667, 0.0833, 0.1, 0.1167, 0.1333, 0.15, 0.1667, 0.1833, 0.2, 0.2167, 0.2333, 0.25, 0.2667, 0.2833, 0.3, 0.3167, 0.3333, 0.35, 0.3667, 0.3833, 0.4, 0.4167, 0.4333, 0.45, 0.4667, 0.4833, 0.5, 0.5167, 0.5333, 0.55, 0.5667, 0.5833, 0.6, 0.6167, 0.6333, 0.65, 0.6667, 0.6833, 0.7, 0.7167, 0.7333, 0.75, 0.7667, 0.7833, 0.8],
            "transform": [
                [1.0, -0.0, 0.0, 0.124994, -0.0, -0.769252, 0.638946, -0.002831, 0.0, -0.638946, -0.769251, -1.2e-05, 0.0, 0.0, 0.0, 1.0],
                [1.0, -4e-06, 1e-06, 0.124994, -3e-06, -0.691304, 0.722565, -0.002831, -2e-06, -0.722565, -0.691303, -1.2e-05, 0.0, 0.0, 0.0, 1.0],
                [1.0, -5e-06, 1e-06, 0.124994, -4e-06, -0.684797, 0.728735, -0.002831, -3e-06, -0.728735, -0.684796, -1.2e-05, 0.0, 0.0, 0.0, 1.0],
                [1.0, -6e-06, 1e-06, 0.124994, -5e-06, -0.695633, 0.718399, -0.002831, -3e-06, -0.718398, -0.695632, -1.2e-05, 0.0, 0.0, 0.0, 1.0],
                [1.0, -6e-06, 1e-06, 0.124994, -5e-06, -0.716726, 0.697355, -0.002831, -3e-06, -0.697355, -0.716726, -1.2e-05, 0.0, 0.0, 0.0, 1.0],
                [1.0, -6e-06, 1e-06, 0.124994, -6e-06, -0.744944, 0.667128, -0.002831, -3e-06, -0.667128, -0.744944, -1.2e-05, 0.0, 0.0, 0.0, 1.0],
                [1.0, -6e-06, 1e-06, 0.124994, -6e-06, -0.778203, 0.628013, -0.002831, -3e-06, -0.628013, -0.778203, -1.2e-05, 0.0, 0.0, 0.0, 1.0],
                [1.0, -9e-06, 2e-06, 0.124994, -9e-06, -0.768275, 0.64012, -0.002831, -4e-06, -0.64012, -0.768275, -1.2e-05, 0.0, 0.0, 0.0, 1.0],
                [1.0, -1.1e-05, 3e-06, 0.124994, -1.1e-05, -0.815225, 0.579146, -0.002831, -4e-06, -0.579145, -0.815225, -1.2e-05, 0.0, 0.0, 0.0, 1.0],
                [1.0, -1.2e-05, 4e-06, 0.124994, -1.2e-05, -0.88677, 0.462212, -0.002831, -2e-06, -0.462212, -0.88677, -1.2e-05, 0.0, 0.0, 0.0, 1.0],
                [1.0, -1.1e-05, 3e-06, 0.124994, -1.2e-05, -0.956361, 0.29219, -0.002831, -0.0, -0.29219, -0.95636, -1.2e-05, 0.0, 0.0, 0.0, 1.0],
                [1.0, -1e-05, 3e-06, 0.124994, -1e-05, -0.997371, 0.07247, -0.002831, 2e-06, -0.07247, -0.997371, -1.2e-05, 0.0, 0.0, 0.0, 1.0],
                [1.0, -8e-06, 1e-06, 0.124994, -7e-06, -0.979819, -0.199889, -0.002831, 3e-06, 0.199889, -0.979819, -1.2e-05, 0.0, 0.0, 0.0, 1.0],
                [1.0, -8e-06, 2e-06, 0.124994, -7e-06, -0.979178, -0.203007, -0.002831, 3e-06, 0.203007, -0.979177, -1.2e-05, 0.0, 0.0, 0.0, 1.0],
                [1.0, -8e-06, 2e-06, 0.124994, -8e-06, -0.978233, -0.207512, -0.002831, 3e-06, 0.207512, -0.978233, -1.2e-05, 0.0, 0.0, 0.0, 1.0],
                [1.0, -8e-06, 2e-06, 0.124994, -8e-06, -0.97699, -0.21329, -0.002831, 3e-06, 0.21329, -0.976989, -1.2e-05, 0.0, 0.0, 0.0, 1.0],
                [1.0, -9e-06, 2e-06, 0.124994, -8e-06, -0.975438, -0.220279, -0.002831, 4e-06, 0.220279, -0.975437, -1.2e-05, 0.0, 0.0, 0.0, 1.0],
                [1.0, -9e-06, 2e-06, 0.124994, -8e-06, -0.973601, -0.22826, -0.002831, 4e-06, 0.22826, -0.9736, -1.2e-05, 0.0, 0.0, 0.0, 1.0],
                [1.0, -9e-06, 2e-06, 0.124994, -8e-06, -0.971425, -0.237348, -0.002831, 4e-06, 0.237348, -0.971425, -1.2e-05, 0.0, 0.0, 0.0, 1.0],
                [0.99998, -0.005132, 0.00359, 0.124994, -0.004032, -0.966128, -0.258035, -0.002831, 0.004792, 0.258015, -0.966129, -1.2e-05, 0.0, 0.0, 0.0, 1.0],
                [0.999921, -0.010626, 0.006759, 0.124994, -0.008219, -0.957276, -0.289059, -0.002831, 0.009542, 0.288981, -0.957287, -1.2e-05, 0.0, 0.0, 0.0, 1.0],
                [0.999819, -0.016584, 0.009336, 0.124994, -0.012593, -0.944313, -0.32881, -0.002831, 0.014268, 0.328633, -0.94435, -1.2e-05, 0.0, 0.0, 0.0, 1.0],
                [0.999672, -0.023059, 0.011141, 0.124994, -0.017184, -0.926533, -0.375821, -0.002831, 0.018988, 0.375506, -0.926625, -1.2e-05, 0.0, 0.0, 0.0, 1.0],
                [0.999476, -0.030067, 0.011988, 0.124994, -0.022026, -0.903134, -0.428795, -0.002831, 0.023719, 0.428306, -0.903322, -1.2e-05, 0.0, 0.0, 0.0, 1.0],
                [0.999225, -0.037581, 0.011679, 0.124994, -0.027158, -0.873278, -0.486466, -0.002831, 0.028481, 0.485773, -0.873621, -1.2e-05, 0.0, 0.0, 0.0, 1.0],
                [0.999396, -0.033611, 0.008814, 0.124994, -0.02695, -0.909889, -0.413976, -0.002831, 0.021934, 0.413488, -0.910245, -1.2e-05, 0.0, 0.0, 0.0, 1.0],
                [0.999569, -0.028512, 0.006949, 0.124994, -0.02442, -0.939419, -0.3419, -0.002831, 0.016277, 0.341583, -0.939711, -1.2e-05, 0.0, 0.0, 0.0, 1.0],
                [0.999734, -0.022415, 0.005521, 0.124994, -0.020094, -0.962705, -0.269807, -0.002831, 0.011363, 0.269624, -0.962899, -1.2e-05, 0.0, 0.0, 0.0, 1.0],
                [0.999872, -0.015497, 0.004091, 0.124994, -0.014382, -0.98015, -0.197738, -0.002831, 0.007074, 0.197654, -0.980246, -1.2e-05, 0.0, 0.0, 0.0, 1.0],
                [0.999966, -0.00796, 0.002334, 0.124994, -0.007604, -0.992056, -0.125571, -0.002831, 0.003315, 0.125549, -0.992082, -1.2e-05, 0.0, 0.0, 0.0, 1.0],
                [1.0, -1.5e-05, 6e-06, 0.124994, -1.5e-05, -0.998581, -0.053261, -0.002831, 7e-06, 0.053261, -0.998581, -1.2e-05, 0.0, 0.0, 0.0, 1.0],
                [1.0, -1.6e-05, 8e-06, 0.124994, -1.8e-05, -0.973162, 0.230121, -0.002831, 4e-06, -0.23012, -0.973162, -1.2e-05, 0.0, 0.0, 0.0, 1.0],
                [1.0, -1.7e-05, 9e-06, 0.124994, -1.9e-05, -0.872632, 0.488378, -0.002831, -1e-06, -0.488378, -0.872632, -1.2e-05, 0.0, 0.0, 0.0, 1.0],
                [1.0, -1.7e-05, 9e-06, 0.124994, -1.8e-05, -0.722999, 0.690849, -0.002831, -5e-06, -0.690849, -0.722999, -1.2e-05, 0.0, 0.0, 0.0, 1.0],
                [1.0, -1.6e-05, 8e-06, 0.124994, -1.6e-05, -0.57159, 0.82054, -0.002831, -9e-06, -0.82054, -0.57159, -1.2e-05, 0.0, 0.0, 0.0, 1.0],
                [1.0, -1.5e-05, 7e-06, 0.124994, -1.3e-05, -0.463518, 0.886088, -0.002831, -1e-05, -0.886088, -0.463518, -1.2e-05, 0.0, 0.0, 0.0, 1.0],
                [1.0, -1.3e-05, 5e-06, 0.124994, -1e-05, -0.422902, 0.906176, -0.002831, -1e-05, -0.906176, -0.422902, -1.2e-05, 0.0, 0.0, 0.0, 1.0],
                [1.0, -1.3e-05, 5e-06, 0.124994, -1e-05, -0.387207, 0.921993, -0.002831, -1e-05, -0.921993, -0.387207, -1.2e-05, 0.0, 0.0, 0.0, 1.0],
                [1.0, -1.3e-05, 5e-06, 0.124994, -9e-06, -0.355007, 0.934864, -0.002831, -1e-05, -0.934864, -0.355007, -1.2e-05, 0.0, 0.0, 0.0, 1.0],
                [1.0, -1.3e-05, 5e-06, 0.124994, -9e-06, -0.326781, 0.9451, -0.002831, -1e-05, -0.9451, -0.326781, -1.2e-05, 0.0, 0.0, 0.0, 1.0],
                [1.0, -1.2e-05, 4e-06, 0.124994, -8e-06, -0.303077, 0.952966, -0.002831, -1e-05, -0.952967, -0.303077, -1.2e-05, 0.0, 0.0, 0.0, 1.0],
                [1.0, -1.2e-05, 4e-06, 0.124994, -7e-06, -0.284154, 0.958779, -0.002831, -1e-05, -0.958779, -0.284154, -1.2e-05, 0.0, 0.0, 0.0, 1.0],
                [1.0, -1.1e-05, 4e-06, 0.124994, -7e-06, -0.270563, 0.962703, -0.002831, -1e-05, -0.962703, -0.270563, -1.2e-05, 0.0, 0.0, 0.0, 1.0],
                [1.0, -1e-05, 3e-06, 0.124994, -7e-06, -0.325635, 0.945496, -0.002831, -9e-06, -0.945496, -0.325635, -1.2e-05, 0.0, 0.0, 0.0, 1.0],
                [1.0, -9e-06, 3e-06, 0.124994, -6e-06, -0.383922, 0.923366, -0.002831, -8e-06, -0.923366, -0.383922, -1.2e-05, 0.0, 0.0, 0.0, 1.0],
                [1.0, -8e-06, 2e-06, 0.124994, -6e-06, -0.446836, 0.894616, -0.002831, -6e-06, -0.894616, -0.446836, -1.2e-05, 0.0, 0.0, 0.0, 1.0],
                [1.0, -7e-06, 2e-06, 0.124994, -5e-06, -0.517096, 0.855928, -0.002831, -5e-06, -0.855928, -0.517095, -1.2e-05, 0.0, 0.0, 0.0, 1.0],
                [1.0, -5e-06, 1e-06, 0.124994, -4e-06, -0.601796, 0.798651, -0.002831, -3e-06, -0.798651, -0.601795, -1.2e-05, 0.0, 0.0, 0.0, 1.0],
                [1.0, -0.0, 0.0, 0.124994, -0.0, -0.769252, 0.638946, -0.002831, 0.0, -0.638946, -0.769251, -1.2e-05, 0.0, 0.0, 0.0, 1.0]
            ]
        },
        {
            "name": "Leg_R",
            "time": [0.0, 0.0167, 0.0333, 0.05, 0.0667, 0.0833, 0.1, 0.1167, 0.1333, 0.15, 0.1667, 0.1833, 0.2, 0.2167, 0.2333, 0.25, 0.2667, 0.2833, 0.3, 0.3167, 0.3333, 0.35, 0.3667, 0.3833, 0.4, 0.4167, 0.4333, 0.45, 0.4667, 0.4833, 0.5, 0.5167, 0.5333, 0.55, 0.5667, 0.5833, 0.6, 0.6167, 0.6333, 0.65, 0.6667, 0.6833, 0.7, 0.7167, 0.7333, 0.75, 0.7667, 0.7833, 0.8],
            "transform": [
                [1.0, 0.0, 1e-06, -0.0, -0.0, 0.999999, 0.00146, 0.374726, -1e-06, -0.00146, 0.999999, 0.0, 0.0, 0.0, 0.0, 1.0],
                [1.0, 7e-06, 2e-06, 0.0, -7e-06, 0.946012, 0.324131, 0.374726, 0.0, -0.324131, 0.946012, 0.0, 0.0, 0.0, 0.0, 1.0],
                [1.0, 9e-06, 3e-06, 0.0, -9e-06, 0.900168, 0.435543, 0.374726, 1e-06, -0.435543, 0.900168, 0.0, 0.0, 0.0, 0.0, 1.0],
                [1.0, 1.1e-05, 4e-06, -0.0, -1.1e-05, 0.865059, 0.50167, 0.374726, 2e-06, -0.50167, 0.865059, -0.0, 0.0, 0.0, 0.0, 1.0],
                [1.0, 1.1e-05, 4e-06, -0.0, -1.2e-05, 0.840566, 0.541709, 0.374726, 3e-06, -0.541709, 0.840566, -0.0, 0.0, 0.0, 0.0, 1.0],
                [1.0, 1.2e-05, 4e-06, -0.0, -1.2e-05, 0.826793, 0.562505, 0.374726, 3e-06, -0.562505, 0.826794, -0.0, 0.0, 0.0, 0.0, 1.0],
                [1.0, 1.2e-05, 4e-06, -0.0, -1.2e-05, 0.823709, 0.567013, 0.374726, 3e-06, -0.567012, 0.82371, 0.0, 0.0, 0.0, 0.0, 1.0],
                [1.0, 1.7e-05, 9e-06, -0.0, -1.7e-05, 0.60947, 0.792809, 0.374726, 8e-06, -0.792809, 0.60947, -0.0, 0.0, 0.0, 0.0, 1.0],
                [1.0, 1.8e-05, 1.2e-05, -0.0, -1.9e-05, 0.476312, 0.879277, 0.374726, 1.1e-05, -0.879277, 0.476312, -0.0, 0.0, 0.0, 0.0, 1.0],
                [1.0, 1.9e-05, 1.3e-05, 0.0, -2e-05, 0.424131, 0.9056, 0.374726, 1.2e-05, -0.905601, 0.424131, -0.0, 0.0, 0.0, 0.0, 1.0],
                [1.0, 1.9e-05, 1.2e-05, 0.0, -1.9e-05, 0.453221, 0.891398, 0.374726, 1.1e-05, -0.891398, 0.453221, -0.0, 0.0, 0.0, 0.0, 1.0],
                [1.0, 1.7e-05, 1e-05, -0.0, -1.8e-05, 0.563119, 0.826376, 0.374726, 9e-06, -0.826375, 0.563119, -0.0, 0.0, 0.0, 0.0, 1.0],
                [1.0, 1.4e-05, 6e-06, 0.0, -1.4e-05, 0.75421, 0.656633, 0.374726, 5e-06, -0.656633, 0.75421, 0.0, 0.0, 0.0, 0.0, 1.0],
                [1.0, 1.4e-05, 6e-06, 0.0, -1.5e-05, 0.7354, 0.677632, 0.374726, 5e-06, -0.677633, 0.735401, -0.0, 0.0, 0.0, 0.0, 1.0],
                [1.0, 1.5e-05, 7e-06, -0.0, -1.5e-05, 0.717731, 0.696321, 0.374726, 5e-06, -0.696321, 0.717731, 0.0, 0.0, 0.0, 0.0, 1.0],
                [1.0, 1.5e-05, 7e-06, -0.0, -1.5e-05, 0.7012, 0.712964, 0.374726, 6e-06, -0.712964, 0.7012, 0.0, 0.0, 0.0, 0.0, 1.0],
                [1.0, 1.5e-05, 7e-06, 0.0, -1.6e-05, 0.685861, 0.727732, 0.374726, 6e-06, -0.727733, 0.685861, 0.0, 0.0, 0.0, 0.0, 1.0],
                [1.0, 1.6e-05, 8e-06, 0.0, -1.6e-05, 0.671512, 0.740993, 0.374726, 6e-06, -0.740994, 0.671512, 0.0, 0.0, 0.0, 0.0, 1.0],
                [1.0, 1.6e-05, 8e-06, -0.0, -1.6e-05, 0.658418, 0.752652, 0.374726, 7e-06, -0.752653, 0.658418, 0.0, 0.0, 0.0, 0.0, 1.0],
                [1.0, 1.7e-05, 9e-06, -0.0, -1.7e-05, 0.601874, 0.798591, 0.374726, 8e-06, -0.798591, 0.601875, -0.0, 0.0, 0.0, 0.0, 1.0],
                [1.0, 1.7e-05, 1e-05, 0.0, -1.8e-05, 0.55723, 0.830357, 0.374726, 9e-06, -0.830358, 0.55723, -0.0, 0.0, 0.0, 0.0, 1.0],
                [1.0, 1.8e-05, 1.1e-05, -0.0, -1.9e-05, 0.524653, 0.851315, 0.374726, 1e-05, -0.851316, 0.524653, 0.0, 0.0, 0.0, 0.0, 1.0],
                [1.0, 1.8e-05, 1.1e-05, 0.0, -1.9e-05, 0.50405, 0.863673, 0.374726, 1e-05, -0.863674, 0.504051, -0.0, 0.0, 0.0, 0.0, 1.0],
                [1.0, 1.8e-05, 1.1e-05, 0.0, -1.9e-05, 0.495425, 0.868649, 0.374726, 1e-05, -0.868651, 0.495426, 0.0, 0.0, 0.0, 0.0, 1.0],
                [1.0, 1.9e-05, 1.2e-05, 0.0, -1.9e-05, 0.498783, 0.866726, 0.374726, 1e-05, -0.866727, 0.498783, 0.0, 0.0, 0.0, 0.0, 1.0],
                [1.0, 1.9e-05, 1.3e-05, 0.0, -2e-05, 0.408267, 0.912862, 0.374726, 1.2e-05, -0.912863, 0.408267, -0.0, 0.0, 0.0, 0.0, 1.0],
                [1.0, 1.9e-05, 1.5e-05, -0.0, -2e-05, 0.323427, 0.946253, 0.374726, 1.4e-05, -0.946253, 0.323427, 0.0, 0.0, 0.0, 0.0, 1.0],
                [1.0, 2e-05, 1.7e-05, 0.0, -2.1e-05, 0.243998, 0.969775, 0.374726, 1.6e-05, -0.969776, 0.243998, -0.0, 0.0, 0.0, 0.0, 1.0],
                [1.0, 2.1e-05, 1.8e-05, 0.0, -2.1e-05, 0.170291, 0.985393, 0.374726, 1.7e-05, -0.985394, 0.170291, 0.0, 0.0, 0.0, 0.0, 1.0],
                [1.0, 2.1e-05, 2e-05, 0.0, -2.2e-05, 0.10213, 0.994771, 0.374726, 1.9e-05, -0.994771, 0.10213, 0.0, 0.0, 0.0, 0.0, 1.0],
                [1.0, 2.1e-05, 2.1e-05, -0.0, -2.2e-05, 0.03934, 0.999226, 0.374726, 2e-05, -0.999226, 0.03934, -0.0, 0.0, 0.0, 0.0, 1.0],
                [1.0, 2.1e-05, 2.5e-05, 0.0, -2.1e-05, -0.151881, 0.988399, 0.374726, 2.4e-05, -0.988399, -0.151881, -0.0, 0.0, 0.0, 0.0, 1.0],
                [1.0, 2e-05, 2.7e-05, 0.0, -2.1e-05, -0.256388, 0.966574, 0.374726, 2.7e-05, -0.966574, -0.256388, -0.0, 0.0, 0.0, 0.0, 1.0],
                [1.0, 2e-05, 2.7e-05, -0.0, -2.1e-05, -0.274275, 0.961651, 0.374726, 2.7e-05, -0.961652, -0.274275, -0.0, 0.0, 0.0, 0.0, 1.0],
                [1.0, 2.1e-05, 2.6e-05, -0.0, -2.1e-05, -0.205593, 0.978637, 0.374726, 2.5e-05, -0.978637, -0.205593, 0.0, 0.0, 0.0, 0.0, 1.0],
                [1.0, 2.1e-05, 2.3e-05, 0.0, -2.2e-05, -0.050096, 0.998744, 0.374726, 2.2e-05, -0.998744, -0.050096, -0.0, 0.0, 0.0, 0.0, 1.0],
                [1.0, 2.1e-05, 1.8e-05, -0.0, -2.1e-05, 0.191908, 0.981413, 0.374726, 1.7e-05, -0.981413, 0.191908, -0.0, 0.0, 0.0, 0.0, 1.0],
                [1.0, 2e-05, 1.7e-05, -0.0, -2.1e-05, 0.21428, 0.976772, 0.374726, 1.6e-05, -0.976772, 0.21428, -0.0, 0.0, 0.0, 0.0, 1.0],
                [1.0, 2e-05, 1.7e-05, -0.0, -2.1e-05, 0.24298, 0.970031, 0.374726, 1.6e-05, -0.970031, 0.24298, 0.0, 0.0, 0.0, 0.0, 1.0],
                [1.0, 2e-05, 1.6e-05, -0.0, -2.1e-05, 0.278005, 0.960579, 0.374726, 1.5e-05, -0.960579, 0.278005, -0.0, 0.0, 0.0, 0.0, 1.0],
                [1.0, 2e-05, 1.5e-05, 0.0, -2.1e-05, 0.319532, 0.947575, 0.374726, 1.4e-05, -0.947576, 0.319532, -0.0, 0.0, 0.0, 0.0, 1.0],
                [1.0, 1.9e-05, 1.4e-05, -0.0, -2e-05, 0.367234, 0.930128, 0.374726, 1.3e-05, -0.930129, 0.367234, -0.0, 0.0, 0.0, 0.0, 1.0],
                [1.0, 1.9e-05, 1.3e-05, 0.0, -2e-05, 0.421255, 0.906942, 0.374726, 1.2e-05, -0.906942, 0.421255, -0.0, 0.0, 0.0, 0.0, 1.0],
                [1.0, 1.8e-05, 1.1e-05, 0.0, -1.9e-05, 0.510955, 0.859608, 0.374726, 1e-05, -0.859608, 0.510955, 0.0, 0.0, 0.0, 0.0, 1.0],
                [1.0, 1.7e-05, 9e-06, 0.0, -1.7e-05, 0.603497, 0.797365, 0.374726, 8e-06, -0.797365, 0.603498, -0.0, 0.0, 0.0, 0.0, 1.0],
                [1.0, 1.5e-05, 7e-06, 0.0, -1.6e-05, 0.698905, 0.715214, 0.374726, 6e-06, -0.715214, 0.698905, -0.0, 0.0, 0.0, 0.0, 1.0],
                [1.0, 1.3e-05, 5e-06, -0.0, -1.3e-05, 0.797182, 0.603739, 0.374726, 4e-06, -0.603739, 0.797182, 0.0, 0.0, 0.0, 0.0, 1.0],
                [1.0, 9e-06, 3e-06, 0.0, -1e-05, 0.898396, 0.439186, 0.374726, 1e-06, -0.439187, 0.898396, -0.0, 0.0, 0.0, 0.0, 1.0],
                [1.0, 0.0, 1e-06, -0.0, -0.0, 0.999999, 0.00146, 0.374726, -1e-06, -0.00146, 0.999999, 0.0, 0.0, 0.0, 0.0, 1.0]
            ]
        },
        {
            "name": "Knee_R",
            "time": [0.0, 0.8],
            "transform": [
                [1.0, 0.0, -0.0, -0.0, -0.0, 0.00567, -0.999984, 0.374726, -0.0, 0.999984, 0.00567, 0.0, 0.0, 0.0, 0.0, 1.0],
                [1.0, 0.0, -0.0, -0.0, -0.0, 0.00567, -0.999984, 0.374726, -0.0, 0.999984, 0.00567, 0.0, 0.0, 0.0, 0.0, 1.0]
            ]
        },
        {
            "name": "Thigh_L",
            "time": [0.0, 0.0167, 0.0333, 0.05, 0.0667, 0.0833, 0.1, 0.1167, 0.1333, 0.15, 0.1667, 0.1833, 0.2, 0.2167, 0.2333, 0.25, 0.2667, 0.2833, 0.3, 0.3167, 0.3333, 0.35, 0.3667, 0.3833, 0.4, 0.4167, 0.4333, 0.45, 0.4667, 0.4833, 0.5, 0.5167, 0.5333, 0.55, 0.5667, 0.5833, 0.6, 0.6167, 0.6333, 0.65, 0.6667, 0.6833, 0.7, 0.7167, 0.7333, 0.75, 0.7667, 0.7833, 0.8],
            "transform": [
                [0.999058, -0.043223, -0.003868, -0.125006, -0.039468, -0.867954, -0.495074, -0.002831, 0.018041, 0.49476, -0.868842, -1.2e-05, 0.0, 0.0, 0.0, 1.0],
                [0.999114, -0.042064, 0.0014, -0.125006, -0.03749, -0.904594, -0.424623, -0.002831, 0.019128, 0.424194, -0.905369, -1.2e-05, 0.0, 0.0, 0.0, 1.0],
                [0.99916, -0.040452, 0.006538, -0.125006, -0.035488, -0.934008, -0.355488, -0.002831, 0.020487, 0.354957, -0.934658, -1.2e-05, 0.0, 0.0, 0.0, 1.0],
                [0.999195, -0.038392, 0.011659, -0.125006, -0.033416, -0.957095, -0.287842, -0.002831, 0.02221, 0.287221, -0.957607, -1.2e-05, 0.0, 0.0, 0.0, 1.0],
                [0.999214, -0.035846, 0.016914, -0.125006, -0.031205, -0.974556, -0.221965, -0.002831, 0.02444, 0.221263, -0.974908, -1.2e-05, 0.0, 0.0, 0.0, 1.0],
                [0.999211, -0.032719, 0.022517, -0.125006, -0.028749, -0.98696, -0.158382, -0.002831, 0.027406, 0.15761, -0.987121, -1.2e-05, 0.0, 0.0, 0.0, 1.0],
                [0.999169, -0.028809, 0.028845, -0.125006, -0.025872, -0.994904, -0.097459, -0.002831, 0.031506, 0.096632, -0.994821, -1.2e-05, 0.0, 0.0, 0.0, 1.0],
                [0.99896, -0.02716, 0.036634, -0.125006, -0.033586, -0.981572, 0.18812, -0.002831, 0.030849, -0.189155, -0.981463, -1.2e-05, 0.0, 0.0, 0.0, 1.0],
                [0.998699, -0.023336, 0.045342, -0.125006, -0.041187, -0.893383, 0.447404, -0.002831, 0.030067, -0.44869, -0.893182, -1.2e-05, 0.0, 0.0, 0.0, 1.0],
                [0.998393, -0.016701, 0.054153, -0.125006, -0.048586, -0.744116, 0.666282, -0.002831, 0.029169, -0.667842, -0.743731, -1.2e-05, 0.0, 0.0, 0.0, 1.0],
                [0.99805, -0.007994, 0.061902, -0.125006, -0.055698, -0.561643, 0.825503, -0.002831, 0.028168, -0.827341, -0.560994, -1.2e-05, 0.0, 0.0, 0.0, 1.0],
                [0.997681, 0.000702, 0.068064, -0.125006, -0.06245, -0.388377, 0.919382, -0.002831, 0.02708, -0.921501, -0.387432, -1.2e-05, 0.0, 0.0, 0.0, 1.0],
                [0.997295, 0.006952, 0.073169, -0.125006, -0.068776, -0.262813, 0.962393, -0.002831, 0.02592, -0.964822, -0.261624, -1.2e-05, 0.0, 0.0, 0.0, 1.0],
                [0.996819, 0.01226, 0.078756, -0.125006, -0.073661, -0.235704, 0.969029, -0.002831, 0.030443, -0.971748, -0.234051, -1.2e-05, 0.0, 0.0, 0.0, 1.0],
                [0.996133, 0.018331, 0.085924, -0.125006, -0.080044, -0.213828, 0.973587, -0.002831, 0.03622, -0.9767, -0.211534, -1.2e-05, 0.0, 0.0, 0.0, 1.0],
                [0.995095, 0.025598, 0.095558, -0.125006, -0.088665, -0.197616, 0.976262, -0.002831, 0.043874, -0.979946, -0.194376, -1.2e-05, 0.0, 0.0, 0.0, 1.0],
                [0.993407, 0.034885, 0.109207, -0.125006, -0.100847, -0.187156, 0.97714, -0.002831, 0.054526, -0.981711, -0.182404, -1.2e-05, 0.0, 0.0, 0.0, 1.0],
                [0.990371, 0.047751, 0.129942, -0.125006, -0.119207, -0.183109, 0.975839, -0.002831, 0.070391, -0.981933, -0.175654, -1.2e-05, 0.0, 0.0, 0.0, 1.0],
                [0.984003, 0.067749, 0.164769, -0.125006, -0.149725, -0.186724, 0.970936, -0.002831, 0.096546, -0.980074, -0.173593, -1.2e-05, 0.0, 0.0, 0.0, 1.0],
                [0.989395, 0.043033, 0.13873, -0.125006, -0.125473, -0.227953, 0.965554, -0.002831, 0.073174, -0.972721, -0.220136, -1.2e-05, 0.0, 0.0, 0.0, 1.0],
                [0.992438, 0.025661, 0.12004, -0.125006, -0.108546, -0.273201, 0.955814, -0.002831, 0.057322, -0.961615, -0.268349, -1.2e-05, 0.0, 0.0, 0.0, 1.0],
                [0.994316, 0.012613, 0.105717, -0.125006, -0.096036, -0.322379, 0.941727, -0.002831, 0.045959, -0.946527, -0.319335, -1.2e-05, 0.0, 0.0, 0.0, 1.0],
                [0.995556, 0.002206, 0.094144, -0.125006, -0.086392, -0.376444, 0.922403, -0.002831, 0.037474, -0.926437, -0.374581, -1.2e-05, 0.0, 0.0, 0.0, 1.0],
                [0.996417, -0.006616, 0.084316, -0.125006, -0.078713, -0.437261, 0.895884, -0.002831, 0.030941, -0.899311, -0.436214, -1.2e-05, 0.0, 0.0, 0.0, 1.0],
                [0.997039, -0.014719, 0.075469, -0.125006, -0.072438, -0.508962, 0.857736, -0.002831, 0.025786, -0.860664, -0.508521, -1.2e-05, 0.0, 0.0, 0.0, 1.0],
                [0.998223, -0.01088, 0.05859, -0.125006, -0.055944, -0.509813, 0.858465, -0.002831, 0.02053, -0.860217, -0.509516, -1.2e-05, 0.0, 0.0, 0.0, 1.0],
                [0.99901, -0.008575, 0.043644, -0.125006, -0.041605, -0.527126, 0.848769, -0.002831, 0.015728, -0.849744, -0.526961, -1.2e-05, 0.0, 0.0, 0.0, 1.0],
                [0.999513, -0.006773, 0.030472, -0.125006, -0.029091, -0.556118, 0.830594, -0.002831, 0.011321, -0.831076, -0.556044, -1.2e-05, 0.0, 0.0, 0.0, 1.0],
                [0.999809, -0.004928, 0.018895, -0.125006, -0.018129, -0.59385, 0.804372, -0.002831, 0.007257, -0.804561, -0.593826, -1.2e-05, 0.0, 0.0, 0.0, 1.0],
                [0.999958, -0.002734, 0.00877, -0.125006, -0.008496, -0.638249, 0.769784, -0.002831, 0.003493, -0.769826, -0.638245, -1.2e-05, 0.0, 0.0, 0.0, 1.0],
                [1.0, -9e-06, 2e-06, -0.125006, -7e-06, -0.687415, 0.726265, -0.002831, -5e-06, -0.726265, -0.687415, -1.2e-05, 0.0, 0.0, 0.0, 1.0],
                [0.999997, -0.001091, 0.002407, -0.125006, -0.002435, -0.734249, 0.678877, -0.002831, 0.001027, -0.67888, -0.734249, -1.2e-05, 0.0, 0.0, 0.0, 1.0],
                [0.999988, -0.002548, 0.004137, -0.125006, -0.004471, -0.81585, 0.578247, -0.002831, 0.001901, -0.578258, -0.815852, -1.2e-05, 0.0, 0.0, 0.0, 1.0],
                [0.999977, -0.004485, 0.005034, -0.125006, -0.006199, -0.905258, 0.424818, -0.002831, 0.002652, -0.42484, -0.905265, -1.2e-05, 0.0, 0.0, 0.0, 1.0],
                [0.999965, -0.006781, 0.004891, -0.125006, -0.00768, -0.976151, 0.216957, -0.002831, 0.003303, -0.216987, -0.976169, -1.2e-05, 0.0, 0.0, 0.0, 1.0],
                [0.999952, -0.009162, 0.003369, -0.125006, -0.008961, -0.998413, -0.055609, -0.002831, 0.003873, 0.055576, -0.998447, -1.2e-05, 0.0, 0.0, 0.0, 1.0],
                [0.99994, -0.010924, -0.00112, -0.125006, -0.010073, -0.871786, -0.489785, -0.002831, 0.004374, 0.489767, -0.871843, -1.2e-05, 0.0, 0.0, 0.0, 1.0],
                [0.999916, -0.012899, -0.001556, -0.125006, -0.011909, -0.862103, -0.506594, -0.002831, 0.005193, 0.50657, -0.862183, -1.2e-05, 0.0, 0.0, 0.0, 1.0],
                [0.999887, -0.015063, 4.4e-05, -0.125006, -0.013798, -0.917107, -0.398403, -0.002831, 0.006042, 0.398357, -0.91721, -1.2e-05, 0.0, 0.0, 0.0, 1.0],
                [0.999852, -0.017169, 0.000845, -0.125006, -0.015736, -0.933962, -0.357026, -0.002831, 0.006919, 0.35696, -0.934094, -1.2e-05, 0.0, 0.0, 0.0, 1.0],
                [0.999812, -0.01932, 0.001502, -0.125006, -0.017727, -0.943169, -0.33184, -0.002831, 0.007828, 0.331751, -0.943335, -1.2e-05, 0.0, 0.0, 0.0, 1.0],
                [0.999766, -0.021528, 0.002084, -0.125006, -0.019772, -0.948747, -0.315419, -0.002831, 0.008768, 0.315304, -0.94895, -1.2e-05, 0.0, 0.0, 0.0, 1.0],
                [0.999713, -0.023802, 0.00261, -0.125006, -0.021874, -0.952146, -0.304861, -0.002831, 0.009741, 0.304716, -0.952393, -1.2e-05, 0.0, 0.0, 0.0, 1.0],
                [0.999643, -0.026578, 0.002749, -0.125006, -0.024391, -0.949697, -0.312219, -0.002831, 0.010909, 0.312041, -0.950006, -1.2e-05, 0.0, 0.0, 0.0, 1.0],
                [0.99956, -0.029557, 0.002471, -0.125006, -0.027056, -0.942768, -0.332352, -0.002831, 0.012153, 0.332139, -0.943152, -1.2e-05, 0.0, 0.0, 0.0, 1.0],
                [0.999463, -0.032735, 0.00174, -0.125006, -0.029881, -0.931581, -0.362305, -0.002831, 0.013481, 0.362058, -0.932058, -1.2e-05, 0.0, 0.0, 0.0, 1.0],
                [0.999348, -0.036096, 0.000489, -0.125006, -0.032881, -0.915766, -0.400366, -0.002831, 0.014899, 0.400089, -0.916355, -1.2e-05, 0.0, 0.0, 0.0, 1.0],
                [0.999214, -0.039608, -0.001353, -0.125006, -0.036071, -0.894785, -0.445038, -0.002831, 0.016416, 0.444738, -0.89551, -1.2e-05, 0.0, 0.0, 0.0, 1.0],
                [0.999058, -0.043223, -0.003868, -0.125006, -0.039468, -0.867954, -0.495074, -0.002831, 0.018041, 0.494761, -0.868842, -1.2e-05, 0.0, 0.0, 0.0, 1.0]
            ]
        },
        {
            "name": "Leg_L",
            "time": [0.0, 0.0167, 0.0333, 0.05, 0.0667, 0.0833, 0.1, 0.1167, 0.1333, 0.15, 0.1667, 0.1833, 0.2, 0.2167, 0.2333, 0.25, 0.2667, 0.2833, 0.3, 0.3167, 0.3333, 0.35, 0.3667, 0.3833, 0.4, 0.4167, 0.4333, 0.45, 0.4667, 0.4833, 0.5, 0.5167, 0.5333, 0.55, 0.5667, 0.5833, 0.6, 0.6167, 0.6333, 0.65, 0.6667, 0.6833, 0.7, 0.7167, 0.7333, 0.75, 0.7667, 0.7833, 0.8],
            "transform": [
                [1.0, 1.6e-05, 9e-06, 0.0, -1.7e-05, 0.608687, 0.79341, 0.374726, 8e-06, -0.793411, 0.608687, -0.0, 0.0, 0.0, 0.0, 1.0],
                [1.0, 1.8e-05, 1e-05, 0.0, -1.9e-05, 0.552304, 0.833642, 0.374726, 9e-06, -0.833643, 0.552304, 0.0, 0.0, 0.0, 0.0, 1.0],
                [1.0, 1.8e-05, 1.1e-05, -0.0, -1.9e-05, 0.503368, 0.864072, 0.374726, 1e-05, -0.864072, 0.503368, -0.0, 0.0, 0.0, 0.0, 1.0],
                [1.0, 1.8e-05, 1.2e-05, -0.0, -1.9e-05, 0.461782, 0.886993, 0.374726, 1.1e-05, -0.886994, 0.461782, -0.0, 0.0, 0.0, 0.0, 1.0],
                [1.0, 1.9e-05, 1.3e-05, -0.0, -2e-05, 0.427455, 0.904036, 0.374726, 1.2e-05, -0.904037, 0.427455, 0.0, 0.0, 0.0, 0.0, 1.0],
                [1.0, 1.9e-05, 1.3e-05, -0.0, -2e-05, 0.400606, 0.91625, 0.374726, 1.2e-05, -0.916251, 0.400606, 0.0, 0.0, 0.0, 0.0, 1.0],
                [1.0, 1.9e-05, 1.4e-05, -0.0, -2e-05, 0.381113, 0.924528, 0.374726, 1.3e-05, -0.924528, 0.381113, -0.0, 0.0, 0.0, 0.0, 1.0],
                [1.0, 2.1e-05, 2e-05, 0.0, -2.2e-05, 0.105748, 0.994393, 0.374726, 1.9e-05, -0.994393, 0.105748, 0.0, 0.0, 0.0, 0.0, 1.0],
                [1.0, 2.1e-05, 2.4e-05, 0.0, -2.2e-05, -0.087599, 0.996156, 0.374726, 2.3e-05, -0.996156, -0.087598, 0.0, 0.0, 0.0, 0.0, 1.0],
                [1.0, 2.1e-05, 2.6e-05, -0.0, -2.1e-05, -0.198954, 0.980009, 0.374726, 2.5e-05, -0.980009, -0.198954, -0.0, 0.0, 0.0, 0.0, 1.0],
                [1.0, 2e-05, 2.6e-05, 0.0, -2.1e-05, -0.228028, 0.973654, 0.374726, 2.6e-05, -0.973654, -0.228028, -0.0, 0.0, 0.0, 0.0, 1.0],
                [1.0, 2.1e-05, 2.5e-05, -0.0, -2.1e-05, -0.174992, 0.98457, 0.374726, 2.5e-05, -0.98457, -0.174992, -0.0, 0.0, 0.0, 0.0, 1.0],
                [1.0, 2.1e-05, 2.3e-05, 0.0, -2.2e-05, -0.039712, 0.99921, 0.374726, 2.2e-05, -0.999211, -0.039712, 0.0, 0.0, 0.0, 0.0, 1.0],
                [1.0, 2.1e-05, 2.2e-05, -0.0, -2.2e-05, 0.005295, 0.999985, 0.374726, 2.1e-05, -0.999986, 0.005295, 0.0, 0.0, 0.0, 0.0, 1.0],
                [1.0, 2.1e-05, 2.1e-05, 0.0, -2.2e-05, 0.056403, 0.998408, 0.374726, 2e-05, -0.998408, 0.056403, 0.0, 0.0, 0.0, 0.0, 1.0],
                [1.0, 2.1e-05, 1.9e-05, 0.0, -2.2e-05, 0.113844, 0.993498, 0.374726, 1.9e-05, -0.993499, 0.113844, -0.0, 0.0, 0.0, 0.0, 1.0],
                [1.0, 2e-05, 1.7e-05, -0.0, -2.1e-05, 0.17719, 0.984176, 0.374726, 1.7e-05, -0.984177, 0.17719, -0.0, 0.0, 0.0, 0.0, 1.0],
                [1.0, 2e-05, 1.6e-05, -0.0, -2.1e-05, 0.246628, 0.96911, 0.374726, 1.6e-05, -0.969111, 0.246628, 0.0, 0.0, 0.0, 0.0, 1.0],
                [1.0, 1.8e-05, 1.4e-05, 0.0, -1.9e-05, 0.322336, 0.946625, 0.374726, 1.3e-05, -0.946626, 0.322336, -0.0, 0.0, 0.0, 0.0, 1.0],
                [1.0, 1.8e-05, 1.3e-05, -0.0, -1.9e-05, 0.40481, 0.9144, 0.374726, 1.2e-05, -0.914401, 0.40481, -0.0, 0.0, 0.0, 0.0, 1.0],
                [1.0, 1.8e-05, 1.1e-05, -0.0, -1.9e-05, 0.489898, 0.87178, 0.374726, 1e-05, -0.87178, 0.489898, 0.0, 0.0, 0.0, 0.0, 1.0],
                [1.0, 1.7e-05, 9e-06, 0.0, -1.7e-05, 0.57737, 0.816482, 0.374726, 8e-06, -0.816483, 0.577371, -0.0, 0.0, 0.0, 0.0, 1.0],
                [1.0, 1.6e-05, 8e-06, -0.0, -1.6e-05, 0.667444, 0.744659, 0.374726, 6e-06, -0.744659, 0.667445, 0.0, 0.0, 0.0, 0.0, 1.0],
                [1.0, 1.4e-05, 6e-06, -0.0, -1.4e-05, 0.7601, 0.649806, 0.374726, 5e-06, -0.649806, 0.7601, 0.0, 0.0, 0.0, 0.0, 1.0],
                [1.0, 1.1e-05, 4e-06, -0.0, -1.1e-05, 0.855075, 0.518504, 0.374726, 3e-06, -0.518504, 0.855075, 0.0, 0.0, 0.0, 0.0, 1.0],
                [1.0, 1.3e-05, 5e-06, 0.0, -1.3e-05, 0.790495, 0.612469, 0.374726, 4e-06, -0.612468, 0.790495, 0.0, 0.0, 0.0, 0.0, 1.0],
                [1.0, 1.4e-05, 6e-06, -0.0, -1.5e-05, 0.739471, 0.673189, 0.374726, 5e-06, -0.673189, 0.739471, 0.0, 0.0, 0.0, 0.0, 1.0],
                [1.0, 1.5e-05, 7e-06, -0.0, -1.5e-05, 0.70206, 0.712118, 0.374726, 6e-06, -0.712118, 0.70206, -0.0, 0.0, 0.0, 0.0, 1.0],
                [1.0, 1.5e-05, 7e-06, -0.0, -1.6e-05, 0.678151, 0.734922, 0.374726, 6e-06, -0.734922, 0.678151, 0.0, 0.0, 0.0, 0.0, 1.0],
                [1.0, 1.6e-05, 8e-06, 0.0, -1.6e-05, 0.667882, 0.744267, 0.374726, 7e-06, -0.744267, 0.667882, -0.0, 0.0, 0.0, 0.0, 1.0],
                [1.0, 1.6e-05, 8e-06, 0.0, -1.6e-05, 0.671177, 0.741298, 0.374726, 6e-06, -0.741297, 0.671177, -0.0, 0.0, 0.0, 0.0, 1.0],
                [1.0, 1.8e-05, 1e-05, -0.0, -1.8e-05, 0.534511, 0.845161, 0.374726, 9e-06, -0.845161, 0.534511, -0.0, 0.0, 0.0, 0.0, 1.0],
                [1.0, 1.8e-05, 1.2e-05, -0.0, -1.9e-05, 0.478135, 0.878286, 0.374726, 1.1e-05, -0.878286, 0.478135, -0.0, 0.0, 0.0, 0.0, 1.0],
                [1.0, 1.8e-05, 1.1e-05, 0.0, -1.9e-05, 0.501982, 0.864878, 0.374726, 1e-05, -0.864878, 0.501982, -0.0, 0.0, 0.0, 0.0, 1.0],
                [1.0, 1.7e-05, 9e-06, 0.0, -1.7e-05, 0.606118, 0.795375, 0.374726, 8e-06, -0.795375, 0.606118, 0.0, 0.0, 0.0, 0.0, 1.0],
                [1.0, 1.3e-05, 5e-06, 0.0, -1.3e-05, 0.790501, 0.612461, 0.374726, 4e-06, -0.612461, 0.790501, 0.0, 0.0, 0.0, 0.0, 1.0],
                [1.0, 0.0, 1e-06, 0.0, -0.0, 0.999999, 0.001461, 0.374726, -1e-06, -0.001461, 0.999999, 0.0, 0.0, 0.0, 0.0, 1.0],
                [1.0, 0.0, 1e-06, 0.0, -0.0, 0.999999, 0.00146, 0.374726, -1e-06, -0.00146, 0.999999, 0.0, 0.0, 0.0, 0.0, 1.0],
                [1.0, 6e-06, 2e-06, 0.0, -6e-06, 0.959943, 0.280194, 0.374726, 0.0, -0.280195, 0.959943, -0.0, 0.0, 0.0, 0.0, 1.0],
                [1.0, 8e-06, 2e-06, -0.0, -9e-06, 0.915524, 0.402263, 0.374726, 1e-06, -0.402264, 0.915524, -0.0, 0.0, 0.0, 0.0, 1.0],
                [1.0, 1e-05, 3e-06, 0.0, -1.1e-05, 0.873139, 0.487471, 0.374726, 2e-06, -0.487471, 0.873139, -0.0, 0.0, 0.0, 0.0, 1.0],
                [1.0, 1.1e-05, 4e-06, -0.0, -1.2e-05, 0.832949, 0.553349, 0.374726, 3e-06, -0.553349, 0.832949, -0.0, 0.0, 0.0, 0.0, 1.0],
                [1.0, 1.3e-05, 5e-06, 0.0, -1.3e-05, 0.794877, 0.60677, 0.374726, 4e-06, -0.60677, 0.794877, 0.0, 0.0, 0.0, 0.0, 1.0],
                [1.0, 1.4e-05, 6e-06, -0.0, -1.5e-05, 0.735961, 0.677023, 0.374726, 5e-06, -0.677023, 0.735961, 0.0, 0.0, 0.0, 0.0, 1.0],
                [1.0, 1.5e-05, 7e-06, -0.0, -1.6e-05, 0.688262, 0.725462, 0.374726, 6e-06, -0.725462, 0.688262, 0.0, 0.0, 0.0, 0.0, 1.0],
                [1.0, 1.6e-05, 8e-06, -0.0, -1.7e-05, 0.651588, 0.758572, 0.374726, 7e-06, -0.758573, 0.651588, -0.0, 0.0, 0.0, 0.0, 1.0],
                [1.0, 1.6e-05, 9e-06, 0.0, -1.7e-05, 0.626146, 0.779705, 0.374726, 7e-06, -0.779706, 0.626146, -0.0, 0.0, 0.0, 0.0, 1.0],
                [1.0, 1.7e-05, 9e-06, 0.0, -1.7e-05, 0.611844, 0.790977, 0.374726, 8e-06, -0.790978, 0.611845, 0.0, 0.0, 0.0, 0.0, 1.0],
                [1.0, 1.7e-05, 9e-06, -0.0, -1.7e-05, 0.608687, 0.79341, 0.374726, 8e-06, -0.79341, 0.608687, -0.0, 0.0, 0.0, 0.0, 1.0]
            ]
        },
        {
            "name": "Knee_L",
            "time": [0.0, 0.8],
            "transform": [
                [1.0, 0.0, -0.0, 0.0, -0.0, 0.00567, -0.999984, 0.414795, -0.0, 0.999984, 0.00567, -0.000227, 0.0, 0.0, 0.0, 1.0],
                [1.0, 0.0, -0.0, -0.0, -0.0, 0.00567, -0.999984, 0.414795, -0.0, 0.999984, 0.00567, -0.000227, 0.0, 0.0, 0.0, 1.0]
            ]
        },
        {
            "name": "Torso",
            "time": [0.0, 0.0167, 0.0333, 0.05, 0.0667, 0.0833, 0.1, 0.1167, 0.1333, 0.15, 0.1667, 0.1833, 0.2, 0.2167, 0.2333, 0.25, 0.2667, 0.2833, 0.3, 0.3167, 0.3333, 0.35, 0.3667, 0.3833, 0.4, 0.4167, 0.4333, 0.45, 0.4667, 0.4833, 0.5, 0.5167, 0.5333, 0.55, 0.5667, 0.5833, 0.6, 0.6167, 0.6333, 0.65, 0.6667, 0.6833, 0.7, 0.7167, 0.7333, 0.75, 0.7667, 0.7833, 0.8],
            "transform": [
                [1.0, 0.0, 0.0, 0.0, 0.0, 0.874061, 0.485817, 0.05, 0.0, -0.485817, 0.874061, 0.0, 0.0, 0.0, 0.0, 1.0],
                [1.0, 0.0, 0.0, 0.0, 0.0, 0.888986, 0.457934, 0.05, 0.0, -0.457934, 0.888986, 0.0, 0.0, 0.0, 0.0, 1.0],
                [1.0, 0.0, 0.0, 0.0, 0.0, 0.903128, 0.429372, 0.05, 0.0, -0.429372, 0.903127, 0.0, 0.0, 0.0, 0.0, 1.0],
                [1.0, 0.0, 0.0, 0.0, 0.0, 0.916444, 0.400163, 0.05, 0.0, -0.400163, 0.916444, 0.0, 0.0, 0.0, 0.0, 1.0],
                [1.0, 0.0, 0.0, 0.0, 0.0, 0.928896, 0.37034, 0.05, 0.0, -0.370341, 0.928896, 0.0, 0.0, 0.0, 0.0, 1.0],
                [1.0, 0.0, 0.0, 0.0, 0.0, 0.940447, 0.339941, 0.05, 0.0, -0.339941, 0.940447, 0.0, 0.0, 0.0, 0.0, 1.0],
                [1.0, 0.0, 0.0, 0.0, 0.0, 0.95106, 0.309005, 0.05, 0.0, -0.309005, 0.95106, 0.0, 0.0, 0.0, 0.0, 1.0],
                [1.0, 0.0, 0.0, 0.0, 0.0, 0.950976, 0.309265, 0.05, 0.0, -0.309265, 0.950976, 0.0, 0.0, 0.0, 0.0, 1.0],
                [1.0, 0.0, 0.0, 0.0, 0.0, 0.950891, 0.309525, 0.05, 0.0, -0.309525, 0.950891, 0.0, 0.0, 0.0, 0.0, 1.0],
                [1.0, 0.0, 0.0, 0.0, 0.0, 0.950807, 0.309784, 0.05, 0.0, -0.309785, 0.950807, 0.0, 0.0, 0.0, 0.0, 1.0],
                [1.0, 0.0, 0.0, 0.0, 0.0, 0.950722, 0.310044, 0.05, 0.0, -0.310044, 0.950722, 0.0, 0.0, 0.0, 0.0, 1.0],
                [1.0, 0.0, 0.0, 0.0, 0.0, 0.950638, 0.310304, 0.05, 0.0, -0.310304, 0.950637, 0.0, 0.0, 0.0, 0.0, 1.0],
                [1.0, 0.0, 0.0, 0.0, 0.0, 0.950553, 0.310564, 0.05, 0.0, -0.310564, 0.950553, 0.0, 0.0, 0.0, 0.0, 1.0],
                [1.0, 0.0, 0.0, 0.0, 0.0, 0.950743, 0.309982, 0.05, 0.0, -0.309982, 0.950742, 0.0, 0.0, 0.0, 0.0, 1.0],
                [1.0, 0.0, 0.0, 0.0, 0.0, 0.950932, 0.3094, 0.05, 0.0, -0.3094, 0.950932, 0.0, 0.0, 0.0, 0.0, 1.0],
                [1.0, 0.0, 0.0, 0.0, 0.0, 0.951121, 0.308819, 0.05, 0.0, -0.308819, 0.951121, 0.0, 0.0, 0.0, 0.0, 1.0],
