{
    "animation": [
        {
            "name": "Root",
            "time": [0.0, 0.0167, 0.0333, 0.05, 0.0667, 0.0833, 0.1, 0.1167, 0.1333, 0.15, 0.1667, 0.1833, 0.2, 0.2167, 0.2333, 0.25, 0.2667, 0.2833, 0.3, 0.3167, 0.3333, 0.35, 0.3667, 0.3833, 0.4, 0.4167, 0.4333, 0.45, 0.4667, 0.4833, 0.5, 0.5167, 0.5333],
            "transform": [
                [1.0, 0.0, 0.0, -5e-06, 0.0, 0.0, -1.0, 0.000946, 0.0, 1.0, 0.0, 0.763972, 0.0, 0.0, 0.0, 1.0],
                [1.0, 0.0, 0.0, -5e-06, 0.0, 0.0, -1.0, 0.000946, 0.0, 1.0, 0.0, 0.755723, 0.0, 0.0, 0.0, 1.0],
                [1.0, 0.0, 0.0, -5e-06, 0.0, 0.0, -1.0, 0.000946, 0.0, 1.0, 0.0, 0.747475, 0.0, 0.0, 0.0, 1.0],
                [1.0, 0.0, 0.0, -5e-06, 0.0, 0.0, -1.0, 0.000946, 0.0, 1.0, 0.0, 0.739227, 0.0, 0.0, 0.0, 1.0],
                [1.0, 0.0, 0.0, -5e-06, 0.0, 0.0, -1.0, 0.000946, 0.0, 1.0, 0.0, 0.730979, 0.0, 0.0, 0.0, 1.0],
                [1.0, 0.0, 0.0, -5e-06, 0.0, 0.0, -1.0, 0.000946, 0.0, 1.0, 0.0, 0.722731, 0.0, 0.0, 0.0, 1.0],
                [1.0, 0.0, 0.0, -5e-06, 0.0, 0.0, -1.0, 0.000946, 0.0, 1.0, 0.0, 0.714483, 0.0, 0.0, 0.0, 1.0],
                [1.0, 0.0, 0.0, -5e-06, 0.0, 0.0, -1.0, 0.000946, 0.0, 1.0, 0.0, 0.706235, 0.0, 0.0, 0.0, 1.0],
                [1.0, 0.0, 0.0, -5e-06, 0.0, 0.0, -1.0, 0.000946, 0.0, 1.0, 0.0, 0.697987, 0.0, 0.0, 0.0, 1.0],
                [1.0, 0.0, 0.0, -5e-06, 0.0, 0.0, -1.0, 0.000946, 0.0, 1.0, 0.0, 0.689739, 0.0, 0.0, 0.0, 1.0],
                [1.0, 0.0, 0.0, -5e-06, 0.0, 0.0, -1.0, 0.000946, 0.0, 1.0, 0.0, 0.697777, 0.0, 0.0, 0.0, 1.0],
                [1.0, 0.0, 0.0, -5e-06, 0.0, 0.0, -1.0, 0.000946, 0.0, 1.0, 0.0, 0.705815, 0.0, 0.0, 0.0, 1.0],
                [1.0, 0.0, 0.0, -5e-06, 0.0, 0.0, -1.0, 0.000946, 0.0, 1.0, 0.0, 0.713853, 0.0, 0.0, 0.0, 1.0],
                [1.0, 0.0, 0.0, -5e-06, 0.0, 0.0, -1.0, 0.000946, 0.0, 1.0, 0.0, 0.721891, 0.0, 0.0, 0.0, 1.0],
                [1.0, 0.0, 0.0, -5e-06, 0.0, 0.0, -1.0, 0.000946, 0.0, 1.0, 0.0, 0.729929, 0.0, 0.0, 0.0, 1.0],
                [1.0, 0.0, 0.0, -5e-06, 0.0, 0.0, -1.0, 0.000946, 0.0, 1.0, 0.0, 0.737967, 0.0, 0.0, 0.0, 1.0],
                [1.0, 0.0, 0.0, -5e-06, 0.0, 0.0, -1.0, 0.000946, 0.0, 1.0, 0.0, 0.746005, 0.0, 0.0, 0.0, 1.0],
                [1.0, 0.0, 0.0, -5e-06, 0.0, 0.0, -1.0, 0.000946, 0.0, 1.0, 0.0, 0.737505, 0.0, 0.0, 0.0, 1.0],
                [1.0, 0.0, 0.0, -5e-06, 0.0, 0.0, -1.0, 0.000946, 0.0, 1.0, 0.0, 0.729006, 0.0, 0.0, 0.0, 1.0],
                [1.0, 0.0, 0.0, -5e-06, 0.0, 0.0, -1.0, 0.000946, 0.0, 1.0, 0.0, 0.720506, 0.0, 0.0, 0.0, 1.0],
                [1.0, 0.0, 0.0, -5e-06, 0.0, 0.0, -1.0, 0.000946, 0.0, 1.0, 0.0, 0.712007, 0.0, 0.0, 0.0, 1.0],
                [1.0, 0.0, 0.0, -5e-06, 0.0, 0.0, -1.0, 0.000946, 0.0, 1.0, 0.0, 0.703507, 0.0, 0.0, 0.0, 1.0],
                [1.0, 0.0, 0.0, -5e-06, 0.0, 0.0, -1.0, 0.000946, 0.0, 1.0, 0.0, 0.695008, 0.0, 0.0, 0.0, 1.0],
                [1.0, 0.0, 0.0, -5e-06, 0.0, 0.0, -1.0, 0.000946, 0.0, 1.0, 0.0, 0.686508, 0.0, 0.0, 0.0, 1.0],
                [1.0, 0.0, 0.0, -5e-06, 0.0, 0.0, -1.0, 0.000946, 0.0, 1.0, 0.0, 0.678009, 0.0, 0.0, 0.0, 1.0],
                [1.0, 0.0, 0.0, -5e-06, 0.0, 0.0, -1.0, 0.000946, 0.0, 1.0, 0.0, 0.669509, 0.0, 0.0, 0.0, 1.0],
                [1.0, 0.0, 0.0, -5e-06, 0.0, 0.0, -1.0, 0.000946, 0.0, 1.0, 0.0, 0.683004, 0.0, 0.0, 0.0, 1.0],
                [1.0, 0.0, 0.0, -5e-06, 0.0, 0.0, -1.0, 0.000946, 0.0, 1.0, 0.0, 0.696499, 0.0, 0.0, 0.0, 1.0],
                [1.0, 0.0, 0.0, -5e-06, 0.0, 0.0, -1.0, 0.000946, 0.0, 1.0, 0.0, 0.709993, 0.0, 0.0, 0.0, 1.0],
                [1.0, 0.0, 0.0, -5e-06, 0.0, 0.0, -1.0, 0.000946, 0.0, 1.0, 0.0, 0.723488, 0.0, 0.0, 0.0, 1.0],
                [1.0, 0.0, 0.0, -5e-06, 0.0, 0.0, -1.0, 0.000946, 0.0, 1.0, 0.0, 0.736982, 0.0, 0.0, 0.0, 1.0],
                [1.0, 0.0, 0.0, -5e-06, 0.0, 0.0, -1.0, 0.000946, 0.0, 1.0, 0.0, 0.750477, 0.0, 0.0, 0.0, 1.0],
                [1.0, 0.0, 0.0, -5e-06, 0.0, 0.0, -1.0, 0.000946, 0.0, 1.0, 0.0, 0.763972, 0.0, 0.0, 0.0, 1.0]
            ]
        },
        {
            "name": "Thigh_R",
            "time": [0.0, 0.0167, 0.0333, 0.05, 0.0667, 0.0833, 0.1, 0.1167, 0.1333, 0.15, 0.1667, 0.1833, 0.2, 0.2167, 0.2333, 0.25, 0.2667, 0.2833, 0.3, 0.3167, 0.3333, 0.35, 0.3667, 0.3833, 0.4, 0.4167, 0.4333, 0.45, 0.4667, 0.4833, 0.5, 0.5167, 0.5333],
            "transform": [
                [1.0, -1.4e-05, 6e-06, 0.124994, -1.2e-05, -0.470323, 0.882495, -0.002831, -9e-06, -0.882495, -0.470323, -1.2e-05, 0.0, 0.0, 0.0, 1.0],
                [1.0, -1.4e-05, 6e-06, 0.124994, -1.2e-05, -0.476802, 0.879011, -0.002831, -9e-06, -0.879012, -0.476802, -1.2e-05, 0.0, 0.0, 0.0, 1.0],
                [1.0, -1.3e-05, 5e-06, 0.124994, -1.1e-05, -0.487597, 0.873069, -0.002831, -9e-06, -0.873069, -0.487597, -1.2e-05, 0.0, 0.0, 0.0, 1.0],
                [1.0, -1.2e-05, 5e-06, 0.124994, -1e-05, -0.502948, 0.864317, -0.002831, -8e-06, -0.864317, -0.502947, -1.2e-05, 0.0, 0.0, 0.0, 1.0],
                [1.0, -1.1e-05, 4e-06, 0.124994, -9e-06, -0.522979, 0.852346, -0.002831, -8e-06, -0.852346, -0.522979, -1.2e-05, 0.0, 0.0, 0.0, 1.0],
                [1.0, -1.1e-05, 3e-06, 0.124994, -9e-06, -0.548314, 0.836274, -0.002831, -7e-06, -0.836274, -0.548313, -1.2e-05, 0.0, 0.0, 0.0, 1.0],
                [1.0, -9e-06, 3e-06, 0.124994, -8e-06, -0.579734, 0.814806, -0.002831, -6e-06, -0.814806, -0.579734, -1.2e-05, 0.0, 0.0, 0.0, 1.0],
                [1.0, -8e-06, 2e-06, 0.124994, -7e-06, -0.618851, 0.785509, -0.002831, -5e-06, -0.785509, -0.618851, -1.2e-05, 0.0, 0.0, 0.0, 1.0],
                [1.0, -7e-06, 2e-06, 0.124994, -6e-06, -0.669214, 0.743071, -0.002831, -4e-06, -0.743071, -0.669213, -1.2e-05, 0.0, 0.0, 0.0, 1.0],
                [1.0, -4e-06, 1e-06, 0.124994, -4e-06, -0.741853, 0.670563, -0.002831, -2e-06, -0.670563, -0.741853, -1.2e-05, 0.0, 0.0, 0.0, 1.0],
                [1.0, -7e-06, 2e-06, 0.124994, -6e-06, -0.722012, 0.691881, -0.002831, -4e-06, -0.691882, -0.722012, -1.2e-05, 0.0, 0.0, 0.0, 1.0],
                [1.0, -8e-06, 2e-06, 0.124994, -8e-06, -0.759551, 0.650448, -0.002831, -4e-06, -0.650448, -0.759551, -1.2e-05, 0.0, 0.0, 0.0, 1.0],
                [1.0, -9e-06, 2e-06, 0.124994, -8e-06, -0.822459, 0.568825, -0.002831, -3e-06, -0.568825, -0.822459, -1.2e-05, 0.0, 0.0, 0.0, 1.0],
                [1.0, -9e-06, 2e-06, 0.124994, -9e-06, -0.894056, 0.447956, -0.002831, -2e-06, -0.447956, -0.894056, -1.2e-05, 0.0, 0.0, 0.0, 1.0],
                [1.0, -8e-06, 2e-06, 0.124994, -8e-06, -0.959057, 0.283217, -0.002831, -1e-06, -0.283217, -0.959056, -1.2e-05, 0.0, 0.0, 0.0, 1.0],
                [1.0, -5e-06, 1e-06, 0.124994, -5e-06, -0.998501, 0.054759, -0.002831, 0.0, -0.054759, -0.9985, -1.2e-05, 0.0, 0.0, 0.0, 1.0],
                [1.0, -0.0, 0.0, 0.124994, -0.0, -0.958875, -0.283833, -0.002831, 0.0, 0.283833, -0.958874, -1.2e-05, 0.0, 0.0, 0.0, 1.0],
                [1.0, -0.0, -0.0, 0.124994, -0.0, -0.94787, -0.31866, -0.002831, 0.0, 0.31866, -0.947869, -1.2e-05, 0.0, 0.0, 0.0, 1.0],
                [1.0, -0.0, 0.0, 0.124994, -0.0, -0.936118, -0.351688, -0.002831, 0.0, 0.351688, -0.936117, -1.2e-05, 0.0, 0.0, 0.0, 1.0],
                [1.0, -0.0, -0.0, 0.124994, -0.0, -0.923778, -0.382932, -0.002831, 0.0, 0.382932, -0.923777, -1.2e-05, 0.0, 0.0, 0.0, 1.0],
                [1.0, -0.0, -0.0, 0.124994, -0.0, -0.910991, -0.412429, -0.002831, 0.0, 0.412429, -0.91099, -1.2e-05, 0.0, 0.0, 0.0, 1.0],
                [1.0, -0.0, -0.0, 0.124994, -0.0, -0.897887, -0.440228, -0.002831, 0.0, 0.440228, -0.897886, -1.2e-05, 0.0, 0.0, 0.0, 1.0],
                [1.0, -0.0, -0.0, 0.124994, -0.0, -0.884579, -0.466393, -0.002831, 0.0, 0.466393, -0.884578, -1.2e-05, 0.0, 0.0, 0.0, 1.0],
                [1.0, -0.0, -0.0, 0.124994, -0.0, -0.871164, -0.490993, -0.002831, 0.0, 0.490994, -0.871163, -1.2e-05, 0.0, 0.0, 0.0, 1.0],
                [1.0, -0.0, -0.0, 0.124994, -0.0, -0.857728, -0.514105, -0.002831, 0.0, 0.514105, -0.857728, -1.2e-05, 0.0, 0.0, 0.0, 1.0],
                [1.0, -0.0, -0.0, 0.124994, -0.0, -0.844343, -0.535805, -0.002831, 0.0, 0.535805, -0.844342, -1.2e-05, 0.0, 0.0, 0.0, 1.0],
                [1.0, -0.0, -0.0, 0.124994, -0.0, -0.880641, -0.473785, -0.002831, 0.0, 0.473785, -0.880641, -1.2e-05, 0.0, 0.0, 0.0, 1.0],
                [1.0, -0.0, -0.0, 0.124994, -0.0, -0.918356, -0.395757, -0.002831, 0.0, 0.395757, -0.918355, -1.2e-05, 0.0, 0.0, 0.0, 1.0],
                [1.0, -7e-06, 1e-06, 0.124994, -8e-06, -0.998933, 0.046197, -0.002831, 1e-06, -0.046197, -0.998932, -1.2e-05, 0.0, 0.0, 0.0, 1.0],
                [1.0, -1.1e-05, 3e-06, 0.124994, -1.1e-05, -0.935547, 0.353205, -0.002831, -1e-06, -0.353205, -0.935546, -1.2e-05, 0.0, 0.0, 0.0, 1.0],
                [1.0, -1.3e-05, 5e-06, 0.124994, -1.3e-05, -0.81069, 0.585477, -0.002831, -4e-06, -0.585477, -0.81069, -1.2e-05, 0.0, 0.0, 0.0, 1.0],
                [1.0, -1.4e-05, 6e-06, 0.124994, -1.3e-05, -0.648072, 0.76158, -0.002831, -7e-06, -0.76158, -0.648072, -1.2e-05, 0.0, 0.0, 0.0, 1.0],
                [1.0, -1.4e-05, 6e-06, 0.124994, -1.2e-05, -0.470323, 0.882495, -0.002831, -9e-06, -0.882495, -0.470323, -1.2e-05, 0.0, 0.0, 0.0, 1.0]
            ]
        },
        {
            "name": "Leg_R",
            "time": [0.0, 0.0167, 0.0333, 0.05, 0.0667, 0.0833, 0.1, 0.1167, 0.1333, 0.15, 0.1667, 0.1833, 0.2, 0.2167, 0.2333, 0.25, 0.2667, 0.2833, 0.3, 0.3167, 0.3333, 0.35, 0.3667, 0.3833, 0.4, 0.4167, 0.4333, 0.45, 0.4667, 0.4833, 0.5, 0.5167, 0.5333],
            "transform": [
                [1.0, 2.1e-05, 2e-05, 0.0, -2.2e-05, 0.069259, 0.997598, 0.374726, 1.9e-05, -0.997599, 0.069259, 0.0, 0.0, 0.0, 0.0, 1.0],
                [1.0, 2.1e-05, 1.9e-05, 0.0, -2.1e-05, 0.14577, 0.989318, 0.374726, 1.8e-05, -0.989319, 0.14577, 0.0, 0.0, 0.0, 0.0, 1.0],
                [1.0, 2e-05, 1.7e-05, 0.0, -2.1e-05, 0.227052, 0.973882, 0.374726, 1.6e-05, -0.973883, 0.227052, -0.0, 0.0, 0.0, 0.0, 1.0],
                [1.0, 2e-05, 1.5e-05, 0.0, -2.1e-05, 0.313273, 0.949663, 0.374726, 1.4e-05, -0.949663, 0.313273, 0.0, 0.0, 0.0, 0.0, 1.0],
                [1.0, 1.9e-05, 1.3e-05, 0.0, -2e-05, 0.404141, 0.914697, 0.374726, 1.2e-05, -0.914697, 0.404141, -0.0, 0.0, 0.0, 0.0, 1.0],
                [1.0, 1.8e-05, 1.1e-05, -0.0, -1.9e-05, 0.499908, 0.866078, 0.374726, 1e-05, -0.866078, 0.499909, -0.0, 0.0, 0.0, 0.0, 1.0],
                [1.0, 1.7e-05, 9e-06, -0.0, -1.7e-05, 0.600433, 0.799675, 0.374726, 8e-06, -0.799674, 0.600434, 0.0, 0.0, 0.0, 0.0, 1.0],
                [1.0, 1.5e-05, 7e-06, 0.0, -1.5e-05, 0.705734, 0.708476, 0.374726, 6e-06, -0.708476, 0.705735, 0.0, 0.0, 0.0, 0.0, 1.0],
                [1.0, 1.2e-05, 5e-06, 0.0, -1.3e-05, 0.815906, 0.578184, 0.374726, 3e-06, -0.578184, 0.815906, -0.0, 0.0, 0.0, 0.0, 1.0],
                [1.0, 8e-06, 2e-06, 0.0, -8e-06, 0.93072, 0.365733, 0.374726, 1e-06, -0.365734, 0.93072, 0.0, 0.0, 0.0, 0.0, 1.0],
                [1.0, 1.3e-05, 5e-06, -0.0, -1.3e-05, 0.789211, 0.614122, 0.374726, 4e-06, -0.614123, 0.789211, -0.0, 0.0, 0.0, 0.0, 1.0],
                [1.0, 1.5e-05, 7e-06, 0.0, -1.5e-05, 0.701647, 0.712524, 0.374726, 6e-06, -0.712524, 0.701647, -0.0, 0.0, 0.0, 0.0, 1.0],
                [1.0, 1.6e-05, 8e-06, -0.0, -1.6e-05, 0.667967, 0.744191, 0.374726, 6e-06, -0.744192, 0.667967, -0.0, 0.0, 0.0, 0.0, 1.0],
                [1.0, 1.5e-05, 7e-06, 0.0, -1.6e-05, 0.688342, 0.725386, 0.374726, 6e-06, -0.725386, 0.688342, 0.0, 0.0, 0.0, 0.0, 1.0],
                [1.0, 1.4e-05, 6e-06, -0.0, -1.4e-05, 0.762581, 0.646893, 0.374726, 4e-06, -0.646894, 0.762581, 0.0, 0.0, 0.0, 0.0, 1.0],
                [1.0, 1e-05, 3e-06, 0.0, -1e-05, 0.890767, 0.454459, 0.374726, 2e-06, -0.454459, 0.890768, -0.0, 0.0, 0.0, 0.0, 1.0],
                [1.0, 0.0, 1e-06, 0.0, -0.0, 0.999999, 0.001461, 0.374726, -1e-06, -0.001461, 0.999999, 0.0, 0.0, 0.0, 0.0, 1.0],
                [1.0, 0.0, 1e-06, 0.0, -0.0, 0.999998, 0.001462, 0.374726, -1e-06, -0.001462, 0.999999, -0.0, 0.0, 0.0, 0.0, 1.0],
                [1.0, 0.0, 1e-06, 0.0, -0.0, 0.999999, 0.001464, 0.374726, -1e-06, -0.001464, 0.999999, -0.0, 0.0, 0.0, 0.0, 1.0],
                [1.0, 0.0, 1e-06, 0.0, -0.0, 0.999999, 0.001465, 0.374726, -1e-06, -0.001465, 0.999999, 0.0, 0.0, 0.0, 0.0, 1.0],
                [1.0, 0.0, 1e-06, 0.0, -0.0, 0.999999, 0.001467, 0.374726, -1e-06, -0.001467, 0.999999, 0.0, 0.0, 0.0, 0.0, 1.0],
                [1.0, 0.0, 1e-06, 0.0, -0.0, 0.999998, 0.001468, 0.374726, -1e-06, -0.001468, 0.999999, 0.0, 0.0, 0.0, 0.0, 1.0],
                [1.0, 0.0, 1e-06, -0.0, -0.0, 0.999999, 0.00147, 0.374726, -1e-06, -0.00147, 0.999999, 0.0, 0.0, 0.0, 0.0, 1.0],
                [1.0, 0.0, 1e-06, 0.0, -0.0, 0.999999, 0.001471, 0.374726, -1e-06, -0.001471, 0.999999, 0.0, 0.0, 0.0, 0.0, 1.0],
                [1.0, 0.0, 1e-06, -0.0, -0.0, 0.999999, 0.001473, 0.374726, -1e-06, -0.001472, 0.999999, 0.0, 0.0, 0.0, 0.0, 1.0],
                [1.0, 0.0, 1e-06, -0.0, -0.0, 0.999999, 0.001474, 0.374726, -1e-06, -0.001474, 0.999999, 0.0, 0.0, 0.0, 0.0, 1.0],
                [1.0, 0.0, 1e-06, 0.0, -0.0, 0.999999, 0.001468, 0.374726, -1e-06, -0.001468, 0.999999, 0.0, 0.0, 0.0, 0.0, 1.0],
                [1.0, 0.0, 1e-06, 0.0, -0.0, 0.999999, 0.001462, 0.374726, -1e-06, -0.001462, 0.999999, -0.0, 0.0, 0.0, 0.0, 1.0],
                [1.0, 1.3e-05, 6e-06, -0.0, -1.4e-05, 0.766305, 0.642477, 0.374726, 4e-06, -0.642478, 0.766305, -0.0, 0.0, 0.0, 0.0, 1.0],
                [1.0, 1.8e-05, 1.2e-05, 0.0, -1.9e-05, 0.475942, 0.879476, 0.374726, 1.1e-05, -0.879477, 0.475942, -0.0, 0.0, 0.0, 0.0, 1.0],
                [1.0, 2e-05, 1.6e-05, -0.0, -2.1e-05, 0.262866, 0.964832, 0.374726, 1.5e-05, -0.964832, 0.262866, -0.0, 0.0, 0.0, 0.0, 1.0],
                [1.0, 2.1e-05, 1.9e-05, 0.0, -2.2e-05, 0.127405, 0.991851, 0.374726, 1.8e-05, -0.991851, 0.127405, 0.0, 0.0, 0.0, 0.0, 1.0],
                [1.0, 2.1e-05, 2e-05, 0.0, -2.2e-05, 0.069259, 0.997598, 0.374726, 1.9e-05, -0.997599, 0.069259, -0.0, 0.0, 0.0, 0.0, 1.0]
            ]
        },
        {
            "name": "Knee_R",
            "time": [0.0, 0.5333],
            "transform": [
                [1.0, 0.0, -0.0, 0.0, -0.0, 0.00567, -0.999984, 0.476253, -0.0, 0.999984, 0.00567, -0.000576, 0.0, 0.0, 0.0, 1.0],
                [1.0, 0.0, -0.0, 0.0, -0.0, 0.00567, -0.999984, 0.476253, -0.0, 0.999984, 0.00567, -0.000576, 0.0, 0.0, 0.0, 1.0]
            ]
        },
        {
            "name": "Thigh_L",
            "time": [0.0, 0.0167, 0.0333, 0.05, 0.0667, 0.0833, 0.1, 0.1167, 0.1333, 0.15, 0.1667, 0.1833, 0.2, 0.2167, 0.2333, 0.25, 0.2667, 0.2833, 0.3, 0.3167, 0.3333, 0.35, 0.3667, 0.3833, 0.4, 0.4167, 0.4333, 0.45, 0.4667, 0.4833, 0.5, 0.5167, 0.5333],
            "transform": [
                [0.999219, -0.033096, 0.021611, -0.125006, -0.025081, -0.953455, -0.300492, -0.002831, 0.03055, 0.299715, -0.95354, -1.2e-05, 0.0, 0.0, 0.0, 1.0],
                [0.999264, -0.032833, 0.019832, -0.125006, -0.024339, -0.942343, -0.333765, -0.002831, 0.029647, 0.333037, -0.942448, -1.2e-05, 0.0, 0.0, 0.0, 1.0],
                [0.999306, -0.032535, 0.01815, -0.125006, -0.023639, -0.930286, -0.366074, -0.002831, 0.028795, 0.365391, -0.930409, -1.2e-05, 0.0, 0.0, 0.0, 1.0],
                [0.999344, -0.032205, 0.016562, -0.125006, -0.022979, -0.917383, -0.397343, -0.002831, 0.02799, 0.396702, -0.917521, -1.2e-05, 0.0, 0.0, 0.0, 1.0],
                [0.999379, -0.031847, 0.015065, -0.125006, -0.022355, -0.903735, -0.42751, -0.002831, 0.02723, 0.426908, -0.903885, -1.2e-05, 0.0, 0.0, 0.0, 1.0],
                [0.999412, -0.031463, 0.013655, -0.125006, -0.021763, -0.889444, -0.456527, -0.002831, 0.026509, 0.455961, -0.889605, -1.2e-05, 0.0, 0.0, 0.0, 1.0],
                [0.999442, -0.031056, 0.012329, -0.125006, -0.021202, -0.87461, -0.484364, -0.002831, 0.025826, 0.483832, -0.87478, -1.2e-05, 0.0, 0.0, 0.0, 1.0],
                [0.999469, -0.030631, 0.011083, -0.125006, -0.020669, -0.859332, -0.511001, -0.002831, 0.025177, 0.5105, -0.859509, -1.2e-05, 0.0, 0.0, 0.0, 1.0],
                [0.999495, -0.030189, 0.009915, -0.125006, -0.020163, -0.843703, -0.536432, -0.002831, 0.024559, 0.535961, -0.843885, -1.2e-05, 0.0, 0.0, 0.0, 1.0],
                [0.999519, -0.029735, 0.008819, -0.125006, -0.01968, -0.827812, -0.560662, -0.002831, 0.023972, 0.560218, -0.827998, -1.2e-05, 0.0, 0.0, 0.0, 1.0],
                [0.999467, -0.031134, 0.009857, -0.125006, -0.021531, -0.855169, -0.517904, -0.002831, 0.024554, 0.517415, -0.855383, -1.2e-05, 0.0, 0.0, 0.0, 1.0],
                [0.999406, -0.032574, 0.011213, -0.125006, -0.023499, -0.882604, -0.469531, -0.002831, 0.025192, 0.468988, -0.882845, -1.2e-05, 0.0, 0.0, 0.0, 1.0],
                [0.999337, -0.030398, 0.020047, -0.125006, -0.025604, -0.97806, -0.206746, -0.002831, 0.025892, 0.206096, -0.978189, -1.2e-05, 0.0, 0.0, 0.0, 1.0],
                [0.999256, -0.027922, 0.026593, -0.125006, -0.027857, -0.999608, -0.00281, -0.002831, 0.026661, 0.002067, -0.999643, -1.2e-05, 0.0, 0.0, 0.0, 1.0],
                [0.999163, -0.025541, 0.031957, -0.125006, -0.030282, -0.986979, 0.157978, -0.002831, 0.027506, -0.158813, -0.986926, -1.2e-05, 0.0, 0.0, 0.0, 1.0],
                [0.999054, -0.022964, 0.036935, -0.125006, -0.032903, -0.954436, 0.296597, -0.002831, 0.028441, -0.297531, -0.954288, -1.2e-05, 0.0, 0.0, 0.0, 1.0],
                [0.998926, -0.020112, 0.041744, -0.125006, -0.035752, -0.907636, 0.418233, -0.002831, 0.029476, -0.419276, -0.90738, -1.2e-05, 0.0, 0.0, 0.0, 1.0],
                [0.998807, -0.017663, 0.045532, -0.125006, -0.0382, -0.863423, 0.503033, -0.002831, 0.030428, -0.504171, -0.863068, -1.2e-05, 0.0, 0.0, 0.0, 1.0],
                [0.998671, -0.015211, 0.049252, -0.125006, -0.040818, -0.81688, 0.575362, -0.002831, 0.031481, -0.576607, -0.816415, -1.2e-05, 0.0, 0.0, 0.0, 1.0],
                [0.998514, -0.012879, 0.05295, -0.125006, -0.043631, -0.771091, 0.635229, -0.002831, 0.032648, -0.636595, -0.770507, -1.2e-05, 0.0, 0.0, 0.0, 1.0],
                [0.998333, -0.010821, 0.056689, -0.125006, -0.046674, -0.729124, 0.682788, -0.002831, 0.033945, -0.684296, -0.728414, -1.2e-05, 0.0, 0.0, 0.0, 1.0],
                [0.998123, -0.009234, 0.060544, -0.125006, -0.049984, -0.694067, 0.718174, -0.002831, 0.03539, -0.719852, -0.693226, -1.2e-05, 0.0, 0.0, 0.0, 1.0],
                [0.997876, -0.008366, 0.064602, -0.125006, -0.053608, -0.668875, 0.74144, -0.002831, 0.037007, -0.743328, -0.667903, -1.2e-05, 0.0, 0.0, 0.0, 1.0],
                [0.997584, -0.008612, 0.06893, -0.125006, -0.057603, -0.65714, 0.751565, -0.002831, 0.038824, -0.75372, -0.656049, -1.2e-05, 0.0, 0.0, 0.0, 1.0],
                [0.997236, -0.010661, 0.073527, -0.125006, -0.06204, -0.663981, 0.745172, -0.002831, 0.040876, -0.747674, -0.662808, -1.2e-05, 0.0, 0.0, 0.0, 1.0],
                [0.996816, -0.016242, 0.078058, -0.125006, -0.067007, -0.70123, 0.70978, -0.002831, 0.043208, -0.712751, -0.700085, -1.2e-05, 0.0, 0.0, 0.0, 1.0],
                [0.997528, -0.011381, 0.069344, -0.125006, -0.057958, -0.691249, 0.720289, -0.002831, 0.039736, -0.722528, -0.6902, -1.2e-05, 0.0, 0.0, 0.0, 1.0],
                [0.998037, -0.011871, 0.061485, -0.125006, -0.050485, -0.733431, 0.677887, -0.002831, 0.037048, -0.679661, -0.732591, -1.2e-05, 0.0, 0.0, 0.0, 1.0],
                [0.998414, -0.014471, 0.054415, -0.125006, -0.044145, -0.801076, 0.596933, -0.002831, 0.034952, -0.598388, -0.800444, -1.2e-05, 0.0, 0.0, 0.0, 1.0],
                [0.998698, -0.017974, 0.047748, -0.125006, -0.038631, -0.877723, 0.477609, -0.002831, 0.033325, -0.478831, -0.877274, -1.2e-05, 0.0, 0.0, 0.0, 1.0],
                [0.998916, -0.021813, 0.041118, -0.125006, -0.033723, -0.948047, 0.316339, -0.002831, 0.032082, -0.317383, -0.947755, -1.2e-05, 0.0, 0.0, 0.0, 1.0],
                [0.999086, -0.025935, 0.033979, -0.125006, -0.029253, -0.994448, 0.101081, -0.002831, 0.031169, -0.101983, -0.994298, -1.2e-05, 0.0, 0.0, 0.0, 1.0],
                [0.999219, -0.033096, 0.021611, -0.125006, -0.025081, -0.953455, -0.300492, -0.002831, 0.03055, 0.299715, -0.95354, -1.2e-05, 0.0, 0.0, 0.0, 1.0]
            ]
        },
        {
            "name": "Leg_L",
            "time": [0.0, 0.0167, 0.0333, 0.05, 0.0667, 0.0833, 0.1, 0.1167, 0.1333, 0.15, 0.1667, 0.1833, 0.2, 0.2167, 0.2333, 0.25, 0.2667, 0.2833, 0.3, 0.3167, 0.3333, 0.35, 0.3667, 0.3833, 0.4, 0.4167, 0.4333, 0.45, 0.4667, 0.4833, 0.5, 0.5167, 0.5333],
            "transform": [
                [1.0, 0.0, 1e-06, 0.0, -0.0, 0.999999, 0.00146, 0.374726, -1e-06, -0.00146, 0.999999, -0.0, 0.0, 0.0, 0.0, 1.0],
                [1.0, 0.0, 1e-06, 0.0, -0.0, 0.999999, 0.00146, 0.374726, -1e-06, -0.00146, 0.999999, -0.0, 0.0, 0.0, 0.0, 1.0],
                [1.0, 0.0, 1e-06, -0.0, -0.0, 0.999999, 0.001461, 0.374726, -1e-06, -0.001461, 0.999999, -0.0, 0.0, 0.0, 0.0, 1.0],
                [1.0, 0.0, 1e-06, 0.0, -0.0, 0.999999, 0.001462, 0.374726, -1e-06, -0.001462, 0.999999, 0.0, 0.0, 0.0, 0.0, 1.0],
                [1.0, 0.0, 1e-06, -0.0, -0.0, 0.999999, 0.001463, 0.374726, -1e-06, -0.001463, 0.999999, -0.0, 0.0, 0.0, 0.0, 1.0],
                [1.0, 0.0, 1e-06, -0.0, -0.0, 0.999998, 0.001463, 0.374726, -1e-06, -0.001463, 0.999999, 0.0, 0.0, 0.0, 0.0, 1.0],
                [1.0, 0.0, 1e-06, -0.0, -0.0, 0.999999, 0.001464, 0.374726, -1e-06, -0.001464, 0.999999, 0.0, 0.0, 0.0, 0.0, 1.0],
                [1.0, 0.0, 1e-06, -0.0, -0.0, 0.999999, 0.001465, 0.374726, -1e-06, -0.001465, 0.999999, -0.0, 0.0, 0.0, 0.0, 1.0],
                [1.0, 0.0, 1e-06, -0.0, -0.0, 0.999999, 0.001466, 0.374726, -1e-06, -0.001466, 0.999999, 0.0, 0.0, 0.0, 0.0, 1.0],
                [1.0, 0.0, 1e-06, -0.0, -0.0, 0.999999, 0.001467, 0.374726, -1e-06, -0.001467, 0.999999, 0.0, 0.0, 0.0, 0.0, 1.0],
                [1.0, 0.0, 1e-06, 0.0, -0.0, 0.999999, 0.001464, 0.374726, -1e-06, -0.001464, 0.999999, -0.0, 0.0, 0.0, 0.0, 1.0],
                [1.0, 0.0, 1e-06, -0.0, -0.0, 0.999999, 0.001461, 0.374726, -1e-06, -0.001461, 0.999999, 0.0, 0.0, 0.0, 0.0, 1.0],
                [1.0, 9e-06, 3e-06, 0.0, -9e-06, 0.904403, 0.426678, 0.374726, 1e-06, -0.426679, 0.904403, 0.0, 0.0, 0.0, 0.0, 1.0],
                [1.0, 1.4e-05, 6e-06, -0.0, -1.5e-05, 0.752338, 0.658777, 0.374726, 5e-06, -0.658777, 0.752339, 0.0, 0.0, 0.0, 0.0, 1.0],
                [1.0, 1.7e-05, 9e-06, -0.0, -1.7e-05, 0.622717, 0.782446, 0.374726, 8e-06, -0.782447, 0.622717, -0.0, 0.0, 0.0, 0.0, 1.0],
                [1.0, 1.8e-05, 1.1e-05, 0.0, -1.8e-05, 0.515447, 0.856921, 0.374726, 1e-05, -0.856921, 0.515447, -0.0, 0.0, 0.0, 0.0, 1.0],
                [1.0, 1.9e-05, 1.3e-05, 0.0, -2e-05, 0.430512, 0.902585, 0.374726, 1.2e-05, -0.902585, 0.430512, 0.0, 0.0, 0.0, 0.0, 1.0],
                [1.0, 1.9e-05, 1.3e-05, 0.0, -2e-05, 0.404891, 0.914365, 0.374726, 1.2e-05, -0.914364, 0.404892, -0.0, 0.0, 0.0, 0.0, 1.0],
                [1.0, 1.9e-05, 1.3e-05, 0.0, -2e-05, 0.398397, 0.917213, 0.374726, 1.2e-05, -0.917213, 0.398397, -0.0, 0.0, 0.0, 0.0, 1.0],
                [1.0, 1.9e-05, 1.3e-05, -0.0, -2e-05, 0.411028, 0.911622, 0.374726, 1.2e-05, -0.911623, 0.411028, -0.0, 0.0, 0.0, 0.0, 1.0],
                [1.0, 1.9e-05, 1.2e-05, 0.0, -1.9e-05, 0.442783, 0.896629, 0.374726, 1.1e-05, -0.896629, 0.442783, 0.0, 0.0, 0.0, 0.0, 1.0],
                [1.0, 1.8e-05, 1.1e-05, -0.0, -1.9e-05, 0.493799, 0.869577, 0.374726, 1e-05, -0.869576, 0.493799, 0.0, 0.0, 0.0, 0.0, 1.0],
                [1.0, 1.7e-05, 1e-05, 0.0, -1.8e-05, 0.563818, 0.825899, 0.374726, 9e-06, -0.825899, 0.563818, 0.0, 0.0, 0.0, 0.0, 1.0],
                [1.0, 1.6e-05, 8e-06, 0.0, -1.6e-05, 0.653059, 0.757307, 0.374726, 7e-06, -0.757306, 0.65306, -0.0, 0.0, 0.0, 0.0, 1.0],
                [1.0, 1.3e-05, 6e-06, 0.0, -1.4e-05, 0.761498, 0.648167, 0.374726, 4e-06, -0.648167, 0.761498, -0.0, 0.0, 0.0, 0.0, 1.0],
                [1.0, 9e-06, 3e-06, 0.0, -1e-05, 0.888927, 0.458048, 0.374726, 2e-06, -0.458049, 0.888927, 0.0, 0.0, 0.0, 0.0, 1.0],
                [1.0, 1.4e-05, 6e-06, -0.0, -1.5e-05, 0.740124, 0.67247, 0.374726, 5e-06, -0.67247, 0.740124, 0.0, 0.0, 0.0, 0.0, 1.0],
                [1.0, 1.6e-05, 8e-06, 0.0, -1.7e-05, 0.646834, 0.76263, 0.374726, 7e-06, -0.76263, 0.646835, -0.0, 0.0, 0.0, 0.0, 1.0],
                [1.0, 1.7e-05, 9e-06, 0.0, -1.7e-05, 0.609071, 0.793116, 0.374726, 8e-06, -0.793115, 0.609072, -0.0, 0.0, 0.0, 0.0, 1.0],
                [1.0, 1.6e-05, 9e-06, -0.0, -1.7e-05, 0.62678, 0.779196, 0.374726, 7e-06, -0.779196, 0.62678, 0.0, 0.0, 0.0, 0.0, 1.0],
                [1.0, 1.5e-05, 7e-06, -0.0, -1.6e-05, 0.700012, 0.71413, 0.374726, 6e-06, -0.714131, 0.700013, 0.0, 0.0, 0.0, 0.0, 1.0],
                [1.0, 1.2e-05, 4e-06, -0.0, -1.2e-05, 0.828736, 0.55964, 0.374726, 3e-06, -0.55964, 0.828736, -0.0, 0.0, 0.0, 0.0, 1.0],
                [1.0, 0.0, 1e-06, 0.0, -0.0, 0.999999, 0.00146, 0.374726, -1e-06, -0.00146, 0.999999, -0.0, 0.0, 0.0, 0.0, 1.0]
            ]
        },
        {
            "name": "Knee_L",
            "time": [0.0, 0.5333],
            "transform": [
                [1.0, 0.0, -0.0, 0.0, -0.0, 0.00567, -0.999984, 0.374726, -0.0, 0.999984, 0.00567, -0.0, 0.0, 0.0, 0.0, 1.0],
                [1.0, 0.0, -0.0, 0.0, -0.0, 0.00567, -0.999984, 0.374726, -0.0, 0.999984, 0.00567, -0.0, 0.0, 0.0, 0.0, 1.0]
            ]
        },
        {
            "name": "Torso",
            "time": [0.0, 0.0167, 0.0333, 0.05, 0.0667, 0.0833, 0.1, 0.1167, 0.1333, 0.15, 0.1667, 0.1833, 0.2, 0.2167, 0.2333, 0.25, 0.2667, 0.2833, 0.3, 0.3167, 0.3333, 0.35, 0.3667, 0.3833, 0.4, 0.4167, 0.4333, 0.45, 0.4667, 0.4833, 0.5, 0.5167, 0.5333],
            "transform": [
                [1.0, 0.0, 0.0, 0.0, 0.0, 0.94929, 0.314401, 0.05, 0.0, -0.314401, 0.94929, 0.0, 0.0, 0.0, 0.0, 1.0],
                [0.999736, 0.00723, -0.021829, 0.0, -0.0, 0.94929, 0.314401, 0.05, 0.022995, -0.314318, 0.949039, 0.0, 0.0, 0.0, 0.0, 1.0],
                [0.998941, 0.014462, -0.043667, 0.0, -0.0, 0.94929, 0.314401, 0.05, 0.045999, -0.314068, 0.948285, 0.0, 0.0, 0.0, 0.0, 1.0],
                [0.997617, 0.021692, -0.065496, 0.0, -0.0, 0.94929, 0.314401, 0.05, 0.068995, -0.313652, 0.947028, 0.0, 0.0, 0.0, 0.0, 1.0],
                [0.995762, 0.028913, -0.087299, 0.0, -0.0, 0.94929, 0.314401, 0.05, 0.091962, -0.313069, 0.945268, 0.0, 0.0, 0.0, 0.0, 1.0],
                [0.993379, 0.03612, -0.109058, 0.0, -0.0, 0.94929, 0.314401, 0.05, 0.114884, -0.31232, 0.943005, 0.0, 0.0, 0.0, 0.0, 1.0],
                [0.990468, 0.043306, -0.130757, 0.0, -0.0, 0.94929, 0.314401, 0.05, 0.137742, -0.311404, 0.940242, 0.0, 0.0, 0.0, 0.0, 1.0],
                [0.987033, 0.050467, -0.152378, 0.0, -0.0, 0.94929, 0.314401, 0.05, 0.160518, -0.310324, 0.936981, 0.0, 0.0, 0.0, 0.0, 1.0],
                [0.983077, 0.057596, -0.173903, 0.0, 0.0, 0.94929, 0.314401, 0.05, 0.183193, -0.309081, 0.933225, 0.0, 0.0, 0.0, 0.0, 1.0],
                [0.978604, 0.064688, -0.195317, 0.0, 0.0, 0.94929, 0.314401, 0.05, 0.205751, -0.307674, 0.92898, 0.0, 0.0, 0.0, 0.0, 1.0],
                [0.983585, 0.056733, -0.171297, 0.0, -0.0, 0.94929, 0.314401, 0.05, 0.180447, -0.30924, 0.933707, 0.0, 0.0, 0.0, 0.0, 1.0],
                [0.987914, 0.048733, -0.147143, 0.0, 0.0, 0.94929, 0.314401, 0.05, 0.155003, -0.310601, 0.937817, 0.0, 0.0, 0.0, 0.0, 1.0],
                [0.991587, 0.040697, -0.122878, 0.0, 0.0, 0.94929, 0.314401, 0.05, 0.129442, -0.311756, 0.941304, 0.0, 0.0, 0.0, 0.0, 1.0],
                [0.994599, 0.032632, -0.098528, 0.0, -0.0, 0.94929, 0.314401, 0.05, 0.103791, -0.312703, 0.944163, 0.0, 0.0, 0.0, 0.0, 1.0],
                [0.996947, 0.024547, -0.074116, 0.0, -0.0, 0.94929, 0.314401, 0.05, 0.078075, -0.313442, 0.946392, 0.0, 0.0, 0.0, 0.0, 1.0],
                [0.99863, 0.016449, -0.049667, 0.0, 0.0, 0.94929, 0.314401, 0.05, 0.05232, -0.313971, 0.94799, 0.0, 0.0, 0.0, 0.0, 1.0],
                [0.999647, 0.008348, -0.025205, 0.0, -0.0, 0.94929, 0.314401, 0.05, 0.026551, -0.31429, 0.948956, 0.0, 0.0, 0.0, 0.0, 1.0],
                [0.999944, -0.003332, 0.010059, 0.0, -0.0, 0.94929, 0.314401, 0.05, -0.010597, -0.314384, 0.949237, 0.0, 0.0, 0.0, 0.0, 1.0],
                [0.998856, -0.015035, 0.045395, 0.0, -0.0, 0.94929, 0.314401, 0.05, -0.04782, -0.314042, 0.948204, 0.0, 0.0, 0.0, 0.0, 1.0],
                [0.996377, -0.026737, 0.080729, 0.0, -0.0, 0.94929, 0.314401, 0.05, -0.085042, -0.313262, 0.945851, 0.0, 0.0, 0.0, 0.0, 1.0],
                [0.992507, -0.038415, 0.115988, 0.0, 0.0, 0.94929, 0.314401, 0.05, -0.122184, -0.312046, 0.942178, 0.0, 0.0, 0.0, 0.0, 1.0],
                [0.987251, -0.050043, 0.151097, 0.0, 0.0, 0.94929, 0.314401, 0.05, -0.159169, -0.310393, 0.937188, 0.0, 0.0, 0.0, 0.0, 1.0],
                [0.98062, -0.061597, 0.185984, 0.0, -0.0, 0.94929, 0.314401, 0.05, -0.195919, -0.308308, 0.930893, 0.0, 0.0, 0.0, 0.0, 1.0],
                [0.972631, -0.073053, 0.220574, 0.0, -0.0, 0.94929, 0.314401, 0.05, -0.232357, -0.305796, 0.923309, 0.0, 0.0, 0.0, 0.0, 1.0],
                [0.963305, -0.084388, 0.254799, 0.0, -0.0, 0.94929, 0.314401, 0.05, -0.26841, -0.302864, 0.914456, 0.0, 0.0, 0.0, 0.0, 1.0],
                [0.952671, -0.095579, 0.288588, 0.0, 0.0, 0.94929, 0.314401, 0.05, -0.304004, -0.299521, 0.904361, 0.0, 0.0, 0.0, 0.0, 1.0],
                [0.965126, -0.082306, 0.248512, 0.0, -0.0, 0.94929, 0.314401, 0.05, -0.261787, -0.303437, 0.916184, 0.0, 0.0, 0.0, 0.0, 1.0],
                [0.975734, -0.06884, 0.207854, 0.0, -0.0, 0.94929, 0.314401, 0.05, -0.218957, -0.306772, 0.926255, 0.0, 0.0, 0.0, 0.0, 1.0],
                [0.984455, -0.055221, 0.166731, 0.0, 0.0, 0.94929, 0.314401, 0.05, -0.175638, -0.309514, 0.934533, 0.0, 0.0, 0.0, 0.0, 1.0],
                [0.991256, -0.041486, 0.125262, 0.0, -0.0, 0.94929, 0.314401, 0.05, -0.131954, -0.311652, 0.940989, 0.0, 0.0, 0.0, 0.0, 1.0],
                [0.996118, -0.027678, 0.083569, 0.0, -0.0, 0.94929, 0.314401, 0.05, -0.088034, -0.313181, 0.945605, 0.0, 0.0, 0.0, 0.0, 1.0],
                [0.999031, -0.013836, 0.041774, 0.0, 0.0, 0.94929, 0.314401, 0.05, -0.044006, -0.314097, 0.948371, 0.0, 0.0, 0.0, 0.0, 1.0],
                [1.0, 0.0, -0.0, 0.0, 0.0, 0.94929, 0.314401, 0.05, 0.0, -0.314401, 0.94929, 0.0, 0.0, 0.0, 0.0, 1.0]
            ]
        },
        {
            "name": "Chest",
            "time": [0.0, 0.0167, 0.0333, 0.05, 0.0667, 0.0833, 0.1, 0.1167, 0.1333, 0.15, 0.1667, 0.1833, 0.2, 0.2167, 0.2333, 0.25, 0.2667, 0.2833, 0.3, 0.3167, 0.3333, 0.35, 0.3667, 0.3833, 0.4, 0.4167, 0.4333, 0.45, 0.4667, 0.4833, 0.5, 0.5167, 0.5333],
            "transform": [
                [1.0, 0.0, 0.0, -0.0, 0.0, 1.0, 0.0, 0.3, 0.0, 0.0, 1.0, 0.0, 0.0, 0.0, 0.0, 1.0],
                [1.0, 0.0, -0.0, 0.0, -0.0, 1.0, 0.0, 0.3, 0.0, -0.0, 1.0, -0.0, 0.0, 0.0, 0.0, 1.0],
                [1.0, -0.0, 0.0, 0.0, 0.0, 1.0, 0.0, 0.3, -0.0, -0.0, 1.0, 0.0, 0.0, 0.0, 0.0, 1.0],
                [1.0, 0.0, 0.0, -0.0, 0.0, 1.0, 0.0, 0.3, -0.0, 0.0, 1.0, 0.0, 0.0, 0.0, 0.0, 1.0],
                [1.0, 0.0, 0.0, -0.0, 0.0, 1.0, 0.0, 0.3, -0.0, 0.0, 1.0, 0.0, 0.0, 0.0, 0.0, 1.0],
                [1.0, -0.0, 0.0, -0.0, 0.0, 1.0, -0.0, 0.3, -0.0, 0.0, 1.0, 0.0, 0.0, 0.0, 0.0, 1.0],
                [1.0, -0.0, 0.0, -0.0, 0.0, 1.0, -0.0, 0.3, -0.0, 0.0, 1.0, -0.0, 0.0, 0.0, 0.0, 1.0],
                [1.0, 0.0, 0.0, -0.0, -0.0, 1.0, -0.0, 0.3, -0.0, 0.0, 1.0, 0.0, 0.0, 0.0, 0.0, 1.0],
                [1.0, 0.0, -0.0, -0.0, 0.0, 1.0, 0.0, 0.3, 0.0, -0.0, 1.0, -0.0, 0.0, 0.0, 0.0, 1.0],
                [1.0, 0.0, 0.0, -0.0, 0.0, 1.0, 0.0, 0.3, 0.0, 0.0, 1.0, 0.0, 0.0, 0.0, 0.0, 1.0],
                [1.0, -0.0, 0.0, -0.0, 0.0, 1.0, -0.0, 0.3, -0.0, 0.0, 1.0, 0.0, 0.0, 0.0, 0.0, 1.0],
                [1.0, -0.0, 0.0, -0.0, -0.0, 1.0, -0.0, 0.3, 0.0, -0.0, 1.0, -0.0, 0.0, 0.0, 0.0, 1.0],
                [1.0, 0.0, -0.0, 0.0, 0.0, 1.0, 0.0, 0.3, 0.0, 0.0, 1.0, -0.0, 0.0, 0.0, 0.0, 1.0],
                [1.0, -0.0, 0.0, -0.0, -0.0, 1.0, -0.0, 0.3, 0.0, -0.0, 1.0, 0.0, 0.0, 0.0, 0.0, 1.0],
                [1.0, 0.0, 0.0, -0.0, -0.0, 1.0, -0.0, 0.3, -0.0, 0.0, 1.0, -0.0, 0.0, 0.0, 0.0, 1.0],
                [1.0, -0.0, 0.0, -0.0, 0.0, 1.0, 0.0, 0.3, 0.0, -0.0, 1.0, -0.0, 0.0, 0.0, 0.0, 1.0],
                [1.0, -0.0, -0.0, -0.0, 0.0, 1.0, 0.0, 0.3, -0.0, -0.0, 1.0, 0.0, 0.0, 0.0, 0.0, 1.0],
                [1.0, 0.0, 0.0, -0.0, 0.0, 1.0, -0.0, 0.3, 0.0, 0.0, 1.0, -0.0, 0.0, 0.0, 0.0, 1.0],
                [1.0, 0.0, 0.0, 0.0, 0.0, 1.0, 0.0, 0.3, -0.0, 0.0, 1.0, 0.0, 0.0, 0.0, 0.0, 1.0],
                [1.0, 0.0, -0.0, -0.0, -0.0, 1.0, 0.0, 0.3, 0.0, 0.0, 1.0, 0.0, 0.0, 0.0, 0.0, 1.0],
                [1.0, 0.0, 0.0, -0.0, -0.0, 1.0, -0.0, 0.3, -0.0, -0.0, 1.0, -0.0, 0.0, 0.0, 0.0, 1.0],
                [1.0, 0.0, -0.0, 0.0, 0.0, 1.0, -0.0, 0.3, 0.0, 0.0, 1.0, 0.0, 0.0, 0.0, 0.0, 1.0],
                [1.0, -0.0, 0.0, 0.0, -0.0, 1.0, -0.0, 0.3, -0.0, 0.0, 1.0, 0.0, 0.0, 0.0, 0.0, 1.0],
                [1.0, -0.0, 0.0, -0.0, -0.0, 1.0, -0.0, 0.3, -0.0, 0.0, 1.0, 0.0, 0.0, 0.0, 0.0, 1.0],
                [1.0, 0.0, -0.0, 0.0, -0.0, 1.0, -0.0, 0.3, -0.0, 0.0, 1.0, 0.0, 0.0, 0.0, 0.0, 1.0],
                [1.0, 0.0, 0.0, 0.0, 0.0, 1.0, -0.0, 0.3, 0.0, 0.0, 1.0, 0.0, 0.0, 0.0, 0.0, 1.0],
                [1.0, -0.0, 0.0, -0.0, 0.0, 1.0, -0.0, 0.3, 0.0, 0.0, 1.0, 0.0, 0.0, 0.0, 0.0, 1.0],
                [1.0, -0.0, 0.0, 0.0, 0.0, 1.0, 0.0, 0.3, 0.0, -0.0, 1.0, -0.0, 0.0, 0.0, 0.0, 1.0],
                [1.0, 0.0, 0.0, 0.0, -0.0, 1.0, 0.0, 0.3, -0.0, 0.0, 1.0, 0.0, 0.0, 0.0, 0.0, 1.0],
                [1.0, 0.0, -0.0, -0.0, -0.0, 1.0, -0.0, 0.3, -0.0, 0.0, 1.0, 0.0, 0.0, 0.0, 0.0, 1.0],
                [1.0, 0.0, 0.0, 0.0, -0.0, 1.0, 0.0, 0.3, -0.0, -0.0, 1.0, 0.0, 0.0, 0.0, 0.0, 1.0],
                [1.0, -0.0, 0.0, 0.0, -0.0, 1.0, 0.0, 0.3, 0.0, -0.0, 1.0, -0.0, 0.0, 0.0, 0.0, 1.0],
                [1.0, 0.0, -0.0, 0.0, 0.0, 1.0, 0.0, 0.3, -0.0, 0.0, 1.0, 0.0, 0.0, 0.0, 0.0, 1.0]
            ]
        },
        {
            "name": "Head",
            "time": [0.0, 0.0167, 0.0333, 0.05, 0.0667, 0.0833, 0.1, 0.1167, 0.1333, 0.15, 0.1667, 0.1833, 0.2, 0.2167, 0.2333, 0.25, 0.2667, 0.2833, 0.3, 0.3167, 0.3333, 0.35, 0.3667, 0.3833, 0.4, 0.4167, 0.4333, 0.45, 0.4667, 0.4833, 0.5, 0.5167, 0.5333],
            "transform": [
                [1.0, 0.0, 0.0, 0.0, 0.0, 0.976147, -0.217113, 0.4, 0.0, 0.217113, 0.976146, -0.0, 0.0, 0.0, 0.0, 1.0],
                [0.999805, -0.00199, 0.019645, -0.0, 0.006208, 0.97614, -0.217052, 0.4, -0.018745, 0.217131, 0.975962, 0.0, 0.0, 0.0, 0.0, 1.0],
                [0.99922, -0.003981, 0.039296, -0.0, 0.012418, 0.976122, -0.216868, 0.4, -0.037495, 0.217187, 0.975409, -0.0, 0.0, 0.0, 0.0, 1.0],
                [0.998244, -0.005972, 0.058942, -0.0, 0.018626, 0.976091, -0.216563, 0.4, -0.056239, 0.217281, 0.974488, 0.0, 0.0, 0.0, 0.0, 1.0],
                [0.996877, -0.00796, 0.07857, 0.0, 0.024829, 0.976048, -0.216136, 0.4, -0.074967, 0.217412, 0.973197, -0.0, 0.0, 0.0, 0.0, 1.0],
                [0.99512, -0.009946, 0.098169, 0.0, 0.031022, 0.975992, -0.215586, 0.4, -0.093668, 0.21758, 0.971538, 0.0, 0.0, 0.0, 0.0, 1.0],
                [0.992974, -0.011928, 0.117728, -0.0, 0.037203, 0.975924, -0.214915, 0.4, -0.11233, 0.217785, 0.969511, 0.0, 0.0, 0.0, 0.0, 1.0],
                [0.990441, -0.013904, 0.137235, -0.0, 0.043368, 0.975844, -0.214123, 0.4, -0.130943, 0.218027, 0.967118, 0.0, 0.0, 0.0, 0.0, 1.0],
                [0.987522, -0.015874, 0.156679, 0.0, 0.049512, 0.975751, -0.21321, 0.4, -0.149495, 0.218307, 0.964362, 0.0, 0.0, 0.0, 0.0, 1.0],
                [0.98422, -0.017836, 0.176049, -0.0, 0.055633, 0.975646, -0.212177, 0.4, -0.167977, 0.218623, 0.961243, 0.0, 0.0, 0.0, 0.0, 1.0],
                [0.98822, -0.015753, 0.152224, 0.0, 0.048412, 0.975786, -0.213304, 0.4, -0.145178, 0.218161, 0.965054, 0.0, 0.0, 0.0, 0.0, 1.0],
                [0.991647, -0.013655, 0.128261, 0.0, 0.041151, 0.97591, -0.214259, 0.4, -0.122245, 0.217747, 0.968319, 0.0, 0.0, 0.0, 0.0, 1.0],
                [0.994492, -0.011543, 0.104179, 0.0, 0.033855, 0.976018, -0.215039, 0.4, -0.099198, 0.217382, 0.971033, 0.0, 0.0, 0.0, 0.0, 1.0],
                [0.996751, -0.009419, 0.079999, 0.0, 0.026532, 0.976112, -0.215643, 0.4, -0.076057, 0.217064, 0.97319, 0.0, 0.0, 0.0, 0.0, 1.0],
                [0.998419, -0.007286, 0.055743, -0.0, 0.019187, 0.97619, -0.216069, 0.4, -0.052841, 0.216796, 0.974786, 0.0, 0.0, 0.0, 0.0, 1.0],
                [0.999493, -0.005144, 0.031432, -0.0, 0.011827, 0.976252, -0.216316, 0.4, -0.029573, 0.216578, 0.975817, 0.0, 0.0, 0.0, 0.0, 1.0],
                [0.99997, -0.002996, 0.007088, 0.0, 0.004459, 0.976298, -0.216384, 0.4, -0.006272, 0.216409, 0.976283, -0.0, 0.0, 0.0, 0.0, 1.0],
                [0.999851, -0.000844, -0.017268, -0.0, -0.002911, 0.976329, -0.216273, 0.4, 0.017041, 0.216291, 0.97618, 0.0, 0.0, 0.0, 0.0, 1.0],
                [0.999133, 0.001311, -0.041612, -0.0, -0.010277, 0.976343, -0.215982, 0.4, 0.040345, 0.216223, 0.97551, 0.0, 0.0, 0.0, 0.0, 1.0],
                [0.997819, 0.003466, -0.065925, 0.0, -0.01763, 0.976342, -0.215512, 0.4, 0.063618, 0.216205, 0.974273, 0.0, 0.0, 0.0, 0.0, 1.0],
                [0.995909, 0.00562, -0.090184, 0.0, -0.024966, 0.976325, -0.214864, 0.4, 0.086841, 0.216237, 0.972471, 0.0, 0.0, 0.0, 0.0, 1.0],
                [0.993408, 0.00777, -0.114367, 0.0, -0.032277, 0.976292, -0.214039, 0.4, 0.109992, 0.216319, 0.970107, -0.0, 0.0, 0.0, 0.0, 1.0],
                [0.99032, 0.009914, -0.138452, 0.0, -0.039557, 0.976243, -0.213037, 0.4, 0.133051, 0.216451, 0.967185, -0.0, 0.0, 0.0, 0.0, 1.0],
                [0.986648, 0.012052, -0.16242, 0.0, -0.0468, 0.976179, -0.21186, 0.4, 0.155998, 0.216633, 0.963709, 0.0, 0.0, 0.0, 0.0, 1.0],
                [0.9824, 0.01418, -0.186249, -0.0, -0.053999, 0.976099, -0.210511, 0.4, 0.178813, 0.216863, 0.959686, 0.0, 0.0, 0.0, 0.0, 1.0],
                [0.977583, 0.016298, -0.209919, -0.0, -0.061149, 0.976004, -0.208991, 0.4, 0.201476, 0.217143, 0.955121, -0.0, 0.0, 0.0, 0.0, 1.0],
                [0.983508, 0.013978, -0.180326, 0.0, -0.052549, 0.976086, -0.210939, 0.4, 0.173065, 0.216936, 0.960722, 0.0, 0.0, 0.0, 0.0, 1.0],
                [0.988537, 0.011651, -0.150533, 0.0, -0.043883, 0.976147, -0.212628, 0.4, 0.144465, 0.216796, 0.965468, -0.0, 0.0, 0.0, 0.0, 1.0],
                [0.99266, 0.009318, -0.12058, 0.0, -0.035165, 0.976188, -0.214055, 0.4, 0.115714, 0.216724, 0.969351, 0.0, 0.0, 0.0, 0.0, 1.0],
                [0.995871, 0.006983, -0.090508, -0.0, -0.026405, 0.976209, -0.215219, 0.4, 0.086852, 0.21672, 0.972363, -0.0, 0.0, 0.0, 0.0, 1.0],
                [0.998166, 0.00465, -0.06036, 0.0, -0.017617, 0.976209, -0.216117, 0.4, 0.057919, 0.216784, 0.9745, 0.0, 0.0, 0.0, 0.0, 1.0],
                [0.999542, 0.002321, -0.030177, -0.0, -0.008811, 0.976188, -0.216748, 0.4, 0.028955, 0.216915, 0.975761, -0.0, 0.0, 0.0, 0.0, 1.0],
                [1.0, -0.0, 0.0, 0.0, 0.0, 0.976147, -0.217113, 0.4, -0.0, 0.217113, 0.976146, -0.0, 0.0, 0.0, 0.0, 1.0]
            ]
        },
        {
            "name": "Shoulder_R",
            "time": [0.0, 0.0167, 0.0333, 0.05, 0.0667, 0.0833, 0.1, 0.1167, 0.1333, 0.15, 0.1667, 0.1833, 0.2, 0.2167, 0.2333, 0.25, 0.2667, 0.2833, 0.3, 0.3167, 0.3333, 0.35, 0.3667, 0.3833, 0.4, 0.4167, 0.4333, 0.45, 0.4667, 0.4833, 0.5, 0.5167, 0.5333],
            "transform": [
                [0.0, 0.952114, 0.305743, 0.0, 0.0, -0.305743, 0.952114, 0.4, 1.0, 0.0, -0.0, -0.0, 0.0, 0.0, 0.0, 1.0],
                [0.0, 0.952114, 0.305743, -0.0, 0.0, -0.305743, 0.952114, 0.4, 1.0, 0.0, -0.0, -0.0, 0.0, 0.0, 0.0, 1.0],
                [0.0, 0.952114, 0.305743, -0.0, 0.0, -0.305743, 0.952114, 0.4, 1.0, 0.0, -0.0, -0.0, 0.0, 0.0, 0.0, 1.0],
                [0.0, 0.952114, 0.305743, -0.0, 0.0, -0.305743, 0.952114, 0.4, 1.0, -0.0, 0.0, 0.0, 0.0, 0.0, 0.0, 1.0],
