{
    "animation": [
        {
            "name": "Root",
            "time": [0.0, 0.0167, 0.0333, 0.05, 0.0667, 0.0833, 0.1, 0.1167, 0.1333, 0.15, 0.1667, 0.1833, 0.2, 0.2167, 0.2333, 0.25, 0.2667, 0.2833, 0.3, 0.3167, 0.3333, 0.35, 0.3667, 0.3833, 0.4, 0.4167, 0.4333, 0.45, 0.4667, 0.4833, 0.5, 0.5167, 0.5333, 0.55, 0.5667, 0.5833, 0.6, 0.6167, 0.6333, 0.65, 0.6667, 0.6833, 0.7, 0.7167, 0.7333, 0.75, 0.7667, 0.7833, 0.8, 0.8167, 0.8333, 0.85, 0.8667, 0.8833, 0.9, 0.9167, 0.9333, 0.95, 0.9667, 0.9833, 1.0],
            "transform": [
                [1.0, 0.0, 0.0, -5e-06, 0.0, 0.0, -1.0, 0.000946, 0.0, 1.0, 0.0, 0.576184, 0.0, 0.0, 0.0, 1.0],
                [1.0, 0.0, 0.0, -5e-06, 0.0, 0.0, -1.0, 0.000946, 0.0, 1.0, 0.0, 0.576184, 0.0, 0.0, 0.0, 1.0],
                [1.0, 0.0, 0.0, -5e-06, 0.0, 0.0, -1.0, 0.000946, 0.0, 1.0, 0.0, 0.576184, 0.0, 0.0, 0.0, 1.0],
                [1.0, 0.0, 0.0, -5e-06, 0.0, 0.0, -1.0, 0.000946, 0.0, 1.0, 0.0, 0.576184, 0.0, 0.0, 0.0, 1.0],
                [1.0, 0.0, 0.0, -5e-06, 0.0, 0.0, -1.0, 0.000946, 0.0, 1.0, 0.0, 0.576184, 0.0, 0.0, 0.0, 1.0],
                [1.0, 0.0, 0.0, -5e-06, 0.0, 0.0, -1.0, 0.000946, 0.0, 1.0, 0.0, 0.576184, 0.0, 0.0, 0.0, 1.0],
                [1.0, 0.0, 0.0, -5e-06, 0.0, 0.0, -1.0, 0.000946, 0.0, 1.0, 0.0, 0.576184, 0.0, 0.0, 0.0, 1.0],
                [1.0, 0.0, 0.0, -5e-06, 0.0, 0.0, -1.0, 0.000946, 0.0, 1.0, 0.0, 0.576184, 0.0, 0.0, 0.0, 1.0],
                [1.0, 0.0, 0.0, -5e-06, 0.0, 0.0, -1.0, 0.000946, 0.0, 1.0, 0.0, 0.576184, 0.0, 0.0, 0.0, 1.0],
                [1.0, 0.0, 0.0, -5e-06, 0.0, 0.0, -1.0, 0.000946, 0.0, 1.0, 0.0, 0.576184, 0.0, 0.0, 0.0, 1.0],
                [1.0, 0.0, 0.0, -5e-06, 0.0, 0.0, -1.0, 0.000946, 0.0, 1.0, 0.0, 0.576184, 0.0, 0.0, 0.0, 1.0],
                [1.0, 0.0, 0.0, -5e-06, 0.0, 0.0, -1.0, 0.000946, 0.0, 1.0, 0.0, 0.576184, 0.0, 0.0, 0.0, 1.0],
                [1.0, 0.0, 0.0, -5e-06, 0.0, 0.0, -1.0, 0.000946, 0.0, 1.0, 0.0, 0.576184, 0.0, 0.0, 0.0, 1.0],
                [1.0, 0.0, 0.0, -5e-06, 0.0, 0.0, -1.0, 0.000946, 0.0, 1.0, 0.0, 0.576184, 0.0, 0.0, 0.0, 1.0],
                [1.0, 0.0, 0.0, -5e-06, 0.0, 0.0, -1.0, 0.000946, 0.0, 1.0, 0.0, 0.576184, 0.0, 0.0, 0.0, 1.0],
                [1.0, 0.0, 0.0, -5e-06, 0.0, 0.0, -1.0, 0.000946, 0.0, 1.0, 0.0, 0.576184, 0.0, 0.0, 0.0, 1.0],
                [1.0, 0.0, 0.0, -5e-06, 0.0, 0.0, -1.0, 0.000946, 0.0, 1.0, 0.0, 0.576184, 0.0, 0.0, 0.0, 1.0],
                [1.0, 0.0, 0.0, -5e-06, 0.0, 0.0, -1.0, 0.000946, 0.0, 1.0, 0.0, 0.576184, 0.0, 0.0, 0.0, 1.0],
                [1.0, 0.0, 0.0, -5e-06, 0.0, 0.0, -1.0, 0.000946, 0.0, 1.0, 0.0, 0.576184, 0.0, 0.0, 0.0, 1.0],
                [1.0, 0.0, 0.0, -5e-06, 0.0, 0.0, -1.0, 0.000946, 0.0, 1.0, 0.0, 0.576184, 0.0, 0.0, 0.0, 1.0],
                [1.0, 0.0, 0.0, -5e-06, 0.0, 0.0, -1.0, 0.000946, 0.0, 1.0, 0.0, 0.576184, 0.0, 0.0, 0.0, 1.0],
                [1.0, 0.0, 0.0, -5e-06, 0.0, 0.0, -1.0, 0.000946, 0.0, 1.0, 0.0, 0.576184, 0.0, 0.0, 0.0, 1.0],
                [1.0, 0.0, 0.0, -5e-06, 0.0, 0.0, -1.0, 0.000946, 0.0, 1.0, 0.0, 0.576184, 0.0, 0.0, 0.0, 1.0],
                [1.0, 0.0, 0.0, -5e-06, 0.0, 0.0, -1.0, 0.000946, 0.0, 1.0, 0.0, 0.576184, 0.0, 0.0, 0.0, 1.0],
                [1.0, 0.0, 0.0, -5e-06, 0.0, 0.0, -1.0, 0.000946, 0.0, 1.0, 0.0, 0.576184, 0.0, 0.0, 0.0, 1.0],
                [1.0, 0.0, 0.0, -5e-06, 0.0, 0.0, -1.0, 0.000946, 0.0, 1.0, 0.0, 0.576184, 0.0, 0.0, 0.0, 1.0],
                [1.0, 0.0, 0.0, -5e-06, 0.0, 0.0, -1.0, 0.000946, 0.0, 1.0, 0.0, 0.576184, 0.0, 0.0, 0.0, 1.0],
                [1.0, 0.0, 0.0, -5e-06, 0.0, 0.0, -1.0, 0.000946, 0.0, 1.0, 0.0, 0.576184, 0.0, 0.0, 0.0, 1.0],
                [1.0, 0.0, 0.0, -5e-06, 0.0, 0.0, -1.0, 0.000946, 0.0, 1.0, 0.0, 0.576184, 0.0, 0.0, 0.0, 1.0],
                [1.0, 0.0, 0.0, -5e-06, 0.0, 0.0, -1.0, 0.000946, 0.0, 1.0, 0.0, 0.576184, 0.0, 0.0, 0.0, 1.0],
                [1.0, 0.0, 0.0, -5e-06, 0.0, 0.0, -1.0, 0.000946, 0.0, 1.0, 0.0, 0.576184, 0.0, 0.0, 0.0, 1.0],
                [1.0, 0.0, 0.0, -5e-06, 0.0, 0.0, -1.0, 0.000946, 0.0, 1.0, 0.0, 0.576184, 0.0, 0.0, 0.0, 1.0],
                [1.0, 0.0, 0.0, -5e-06, 0.0, 0.0, -1.0, 0.000946, 0.0, 1.0, 0.0, 0.576184, 0.0, 0.0, 0.0, 1.0],
                [1.0, 0.0, 0.0, -5e-06, 0.0, 0.0, -1.0, 0.000946, 0.0, 1.0, 0.0, 0.576184, 0.0, 0.0, 0.0, 1.0],
                [1.0, 0.0, 0.0, -5e-06, 0.0, 0.0, -1.0, 0.000946, 0.0, 1.0, 0.0, 0.576184, 0.0, 0.0, 0.0, 1.0],
                [1.0, 0.0, 0.0, -5e-06, 0.0, 0.0, -1.0, 0.000946, 0.0, 1.0, 0.0, 0.576184, 0.0, 0.0, 0.0, 1.0],
                [1.0, 0.0, 0.0, -5e-06, 0.0, 0.0, -1.0, 0.000946, 0.0, 1.0, 0.0, 0.576184, 0.0, 0.0, 0.0, 1.0],
                [1.0, 0.0, 0.0, -5e-06, 0.0, 0.0, -1.0, 0.000946, 0.0, 1.0, 0.0, 0.576184, 0.0, 0.0, 0.0, 1.0],
                [1.0, 0.0, 0.0, -5e-06, 0.0, 0.0, -1.0, 0.000946, 0.0, 1.0, 0.0, 0.576184, 0.0, 0.0, 0.0, 1.0],
                [1.0, 0.0, 0.0, -5e-06, 0.0, 0.0, -1.0, 0.000946, 0.0, 1.0, 0.0, 0.576184, 0.0, 0.0, 0.0, 1.0],
                [1.0, 0.0, 0.0, -5e-06, 0.0, 0.0, -1.0, 0.000946, 0.0, 1.0, 0.0, 0.576184, 0.0, 0.0, 0.0, 1.0],
                [1.0, 0.0, 0.0, -5e-06, 0.0, 0.0, -1.0, 0.000946, 0.0, 1.0, 0.0, 0.576184, 0.0, 0.0, 0.0, 1.0],
                [1.0, 0.0, 0.0, -5e-06, 0.0, 0.0, -1.0, 0.000946, 0.0, 1.0, 0.0, 0.576184, 0.0, 0.0, 0.0, 1.0],
                [1.0, 0.0, 0.0, -5e-06, 0.0, 0.0, -1.0, 0.000946, 0.0, 1.0, 0.0, 0.576184, 0.0, 0.0, 0.0, 1.0],
                [1.0, 0.0, 0.0, -5e-06, 0.0, 0.0, -1.0, 0.000946, 0.0, 1.0, 0.0, 0.576184, 0.0, 0.0, 0.0, 1.0],
                [1.0, 0.0, 0.0, -5e-06, 0.0, 0.0, -1.0, 0.000946, 0.0, 1.0, 0.0, 0.576184, 0.0, 0.0, 0.0, 1.0],
                [1.0, 0.0, 0.0, -5e-06, 0.0, 0.0, -1.0, 0.000946, 0.0, 1.0, 0.0, 0.576184, 0.0, 0.0, 0.0, 1.0],
                [1.0, 0.0, 0.0, -5e-06, 0.0, 0.0, -1.0, 0.000946, 0.0, 1.0, 0.0, 0.576184, 0.0, 0.0, 0.0, 1.0],
                [1.0, 0.0, 0.0, -5e-06, 0.0, 0.0, -1.0, 0.000946, 0.0, 1.0, 0.0, 0.576184, 0.0, 0.0, 0.0, 1.0],
                [1.0, 0.0, 0.0, -5e-06, 0.0, 0.0, -1.0, 0.000946, 0.0, 1.0, 0.0, 0.576184, 0.0, 0.0, 0.0, 1.0],
                [1.0, 0.0, 0.0, -5e-06, 0.0, 0.0, -1.0, 0.000946, 0.0, 1.0, 0.0, 0.576184, 0.0, 0.0, 0.0, 1.0],
                [1.0, 0.0, 0.0, -5e-06, 0.0, 0.0, -1.0, 0.000946, 0.0, 1.0, 0.0, 0.576184, 0.0, 0.0, 0.0, 1.0],
                [1.0, 0.0, 0.0, -5e-06, 0.0, 0.0, -1.0, 0.000946, 0.0, 1.0, 0.0, 0.576184, 0.0, 0.0, 0.0, 1.0],
                [1.0, 0.0, 0.0, -5e-06, 0.0, 0.0, -1.0, 0.000946, 0.0, 1.0, 0.0, 0.576184, 0.0, 0.0, 0.0, 1.0],
                [1.0, 0.0, 0.0, -5e-06, 0.0, 0.0, -1.0, 0.000946, 0.0, 1.0, 0.0, 0.576184, 0.0, 0.0, 0.0, 1.0],
                [1.0, 0.0, 0.0, -5e-06, 0.0, 0.0, -1.0, 0.000946, 0.0, 1.0, 0.0, 0.576184, 0.0, 0.0, 0.0, 1.0],
                [1.0, 0.0, 0.0, -5e-06, 0.0, 0.0, -1.0, 0.000946, 0.0, 1.0, 0.0, 0.576184, 0.0, 0.0, 0.0, 1.0],
                [1.0, 0.0, 0.0, -5e-06, 0.0, 0.0, -1.0, 0.000946, 0.0, 1.0, 0.0, 0.576184, 0.0, 0.0, 0.0, 1.0],
                [1.0, 0.0, 0.0, -5e-06, 0.0, 0.0, -1.0, 0.000946, 0.0, 1.0, 0.0, 0.576184, 0.0, 0.0, 0.0, 1.0],
                [1.0, 0.0, 0.0, -5e-06, 0.0, 0.0, -1.0, 0.000946, 0.0, 1.0, 0.0, 0.576184, 0.0, 0.0, 0.0, 1.0],
                [1.0, 0.0, 0.0, -5e-06, 0.0, 0.0, -1.0, 0.000946, 0.0, 1.0, 0.0, 0.576184, 0.0, 0.0, 0.0, 1.0]
            ]
        },
        {
            "name": "Thigh_R",
            "time": [0.0, 0.0167, 0.0333, 0.05, 0.0667, 0.0833, 0.1, 0.1167, 0.1333, 0.15, 0.1667, 0.1833, 0.2, 0.2167, 0.2333, 0.25, 0.2667, 0.2833, 0.3, 0.3167, 0.3333, 0.35, 0.3667, 0.3833, 0.4, 0.4167, 0.4333, 0.45, 0.4667, 0.4833, 0.5, 0.5167, 0.5333, 0.55, 0.5667, 0.5833, 0.6, 0.6167, 0.6333, 0.65, 0.6667, 0.6833, 0.7, 0.7167, 0.7333, 0.75, 0.7667, 0.7833, 0.8, 0.8167, 0.8333, 0.85, 0.8667, 0.8833, 0.9, 0.9167, 0.9333, 0.95, 0.9667, 0.9833, 1.0],
            "transform": [
                [1.0, -1.6e-05, 7e-06, 0.124994, -1.5e-05, -0.651472, 0.758673, -0.002831, -7e-06, -0.758673, -0.651471, -1.2e-05, 0.0, 0.0, 0.0, 1.0],
                [1.0, -1.5e-05, 7e-06, 0.124994, -1.5e-05, -0.598321, 0.801257, -0.002831, -8e-06, -0.801257, -0.598321, -1.2e-05, 0.0, 0.0, 0.0, 1.0],
                [1.0, -1.5e-05, 7e-06, 0.124994, -1.4e-05, -0.549669, 0.835383, -0.002831, -9e-06, -0.835383, -0.549669, -1.2e-05, 0.0, 0.0, 0.0, 1.0],
                [1.0, -1.5e-05, 6e-06, 0.124994, -1.3e-05, -0.50724, 0.861805, -0.002831, -1e-05, -0.861805, -0.50724, -1.2e-05, 0.0, 0.0, 0.0, 1.0],
                [1.0, -1.4e-05, 6e-06, 0.124994, -1.2e-05, -0.472563, 0.881297, -0.002831, -1e-05, -0.881297, -0.472563, -1.2e-05, 0.0, 0.0, 0.0, 1.0],
                [1.0, -1.4e-05, 5e-06, 0.124994, -1.1e-05, -0.446558, 0.894755, -0.002831, -1e-05, -0.894755, -0.446558, -1.2e-05, 0.0, 0.0, 0.0, 1.0],
                [1.0, -1.3e-05, 5e-06, 0.124994, -1e-05, -0.430279, 0.902696, -0.002831, -1e-05, -0.902696, -0.430279, -1.2e-05, 0.0, 0.0, 0.0, 1.0],
                [1.0, -1.2e-05, 4e-06, 0.124994, -9e-06, -0.42479, 0.905292, -0.002831, -9e-06, -0.905292, -0.42479, -1.2e-05, 0.0, 0.0, 0.0, 1.0],
                [1.0, -1.1e-05, 3e-06, 0.124994, -8e-06, -0.431223, 0.902246, -0.002831, -9e-06, -0.902246, -0.431223, -1.2e-05, 0.0, 0.0, 0.0, 1.0],
                [1.0, -1e-05, 3e-06, 0.124994, -7e-06, -0.451525, 0.892259, -0.002831, -8e-06, -0.892259, -0.451525, -1.2e-05, 0.0, 0.0, 0.0, 1.0],
                [1.0, -8e-06, 2e-06, 0.124994, -5e-06, -0.489993, 0.871727, -0.002831, -6e-06, -0.871727, -0.489993, -1.2e-05, 0.0, 0.0, 0.0, 1.0],
                [1.0, -9e-06, 2e-06, 0.124994, -6e-06, -0.467047, 0.884233, -0.002831, -7e-06, -0.884233, -0.467047, -1.2e-05, 0.0, 0.0, 0.0, 1.0],
                [1.0, -1.1e-05, 3e-06, 0.124994, -7e-06, -0.459101, 0.888384, -0.002831, -8e-06, -0.888384, -0.459101, -1.2e-05, 0.0, 0.0, 0.0, 1.0],
                [1.0, -1.1e-05, 3e-06, 0.124994, -8e-06, -0.462962, 0.886378, -0.002831, -9e-06, -0.886379, -0.462962, -1.2e-05, 0.0, 0.0, 0.0, 1.0],
                [1.0, -1.2e-05, 4e-06, 0.124994, -9e-06, -0.476893, 0.878962, -0.002831, -9e-06, -0.878962, -0.476893, -1.2e-05, 0.0, 0.0, 0.0, 1.0],
                [1.0, -1.3e-05, 4e-06, 0.124994, -1e-05, -0.499449, 0.866344, -0.002831, -9e-06, -0.866344, -0.499449, -1.2e-05, 0.0, 0.0, 0.0, 1.0],
                [1.0, -1.3e-05, 5e-06, 0.124994, -1.1e-05, -0.529691, 0.848192, -0.002831, -9e-06, -0.848192, -0.529691, -1.2e-05, 0.0, 0.0, 0.0, 1.0],
                [1.0, -1.4e-05, 5e-06, 0.124994, -1.2e-05, -0.566403, 0.824129, -0.002831, -8e-06, -0.824129, -0.566403, -1.2e-05, 0.0, 0.0, 0.0, 1.0],
                [1.0, -1.4e-05, 5e-06, 0.124994, -1.3e-05, -0.608374, 0.793651, -0.002831, -8e-06, -0.793651, -0.608374, -1.2e-05, 0.0, 0.0, 0.0, 1.0],
                [1.0, -1.4e-05, 5e-06, 0.124994, -1.3e-05, -0.654258, 0.756272, -0.002831, -7e-06, -0.756272, -0.654258, -1.2e-05, 0.0, 0.0, 0.0, 1.0],
                [1.0, -1.4e-05, 5e-06, 0.124994, -1.4e-05, -0.702578, 0.711607, -0.002831, -6e-06, -0.711607, -0.702578, -1.2e-05, 0.0, 0.0, 0.0, 1.0],
                [1.0, -1.4e-05, 5e-06, 0.124994, -1.4e-05, -0.73689, 0.676013, -0.002831, -6e-06, -0.676013, -0.73689, -1.2e-05, 0.0, 0.0, 0.0, 1.0],
                [1.0, -1.4e-05, 5e-06, 0.124994, -1.4e-05, -0.771159, 0.636644, -0.002831, -5e-06, -0.636644, -0.771158, -1.2e-05, 0.0, 0.0, 0.0, 1.0],
                [1.0, -1.4e-05, 5e-06, 0.124994, -1.4e-05, -0.804818, 0.593523, -0.002831, -4e-06, -0.593523, -0.804818, -1.2e-05, 0.0, 0.0, 0.0, 1.0],
                [1.0, -1.4e-05, 5e-06, 0.124994, -1.4e-05, -0.837317, 0.546719, -0.002831, -3e-06, -0.546719, -0.837317, -1.2e-05, 0.0, 0.0, 0.0, 1.0],
                [1.0, -1.4e-05, 5e-06, 0.124994, -1.4e-05, -0.868128, 0.496341, -0.002831, -2e-06, -0.496341, -0.868128, -1.2e-05, 0.0, 0.0, 0.0, 1.0],
                [1.0, -1.4e-05, 5e-06, 0.124994, -1.4e-05, -0.896756, 0.442527, -0.002831, -2e-06, -0.442527, -0.896755, -1.2e-05, 0.0, 0.0, 0.0, 1.0],
                [1.0, -1.3e-05, 5e-06, 0.124994, -1.4e-05, -0.922737, 0.385432, -0.002831, -1e-06, -0.385432, -0.922736, -1.2e-05, 0.0, 0.0, 0.0, 1.0],
                [1.0, -1.3e-05, 4e-06, 0.124994, -1.4e-05, -0.945643, 0.325209, -0.002831, -0.0, -0.325209, -0.945642, -1.2e-05, 0.0, 0.0, 0.0, 1.0],
                [1.0, -1.3e-05, 4e-06, 0.124994, -1.3e-05, -0.965096, 0.2619, -0.002831, 1e-06, -0.2619, -0.965095, -1.2e-05, 0.0, 0.0, 0.0, 1.0],
                [1.0, -1.2e-05, 4e-06, 0.124994, -1.3e-05, -0.98065, 0.195772, -0.002831, 1e-06, -0.195772, -0.980649, -1.2e-05, 0.0, 0.0, 0.0, 1.0],
                [1.0, -1.2e-05, 4e-06, 0.124994, -1.2e-05, -0.987878, 0.155237, -0.002831, 2e-06, -0.155237, -0.987877, -1.2e-05, 0.0, 0.0, 0.0, 1.0],
                [1.0, -1.2e-05, 3e-06, 0.124994, -1.2e-05, -0.99353, 0.113574, -0.002831, 2e-06, -0.113574, -0.99353, -1.2e-05, 0.0, 0.0, 0.0, 1.0],
                [1.0, -1.1e-05, 3e-06, 0.124994, -1.2e-05, -0.997491, 0.070797, -0.002831, 2e-06, -0.070797, -0.997491, -1.2e-05, 0.0, 0.0, 0.0, 1.0],
                [1.0, -1.1e-05, 3e-06, 0.124994, -1.1e-05, -0.999641, 0.026826, -0.002831, 3e-06, -0.026826, -0.99964, -1.2e-05, 0.0, 0.0, 0.0, 1.0],
                [1.0, -1.1e-05, 3e-06, 0.124994, -1.1e-05, -0.999835, -0.018221, -0.002831, 3e-06, 0.018221, -0.999834, -1.2e-05, 0.0, 0.0, 0.0, 1.0],
                [1.0, -1e-05, 3e-06, 0.124994, -1e-05, -0.997922, -0.064451, -0.002831, 3e-06, 0.064451, -0.997921, -1.2e-05, 0.0, 0.0, 0.0, 1.0],
                [1.0, -1e-05, 2e-06, 0.124994, -9e-06, -0.993716, -0.111942, -0.002831, 3e-06, 0.111942, -0.993715, -1.2e-05, 0.0, 0.0, 0.0, 1.0],
                [1.0, -9e-06, 2e-06, 0.124994, -9e-06, -0.986972, -0.160895, -0.002831, 4e-06, 0.160896, -0.986972, -1.2e-05, 0.0, 0.0, 0.0, 1.0],
                [1.0, -9e-06, 2e-06, 0.124994, -8e-06, -0.977405, -0.21138, -0.002831, 4e-06, 0.21138, -0.977404, -1.2e-05, 0.0, 0.0, 0.0, 1.0],
                [1.0, -8e-06, 2e-06, 0.124994, -7e-06, -0.964575, -0.263812, -0.002831, 4e-06, 0.263812, -0.964574, -1.2e-05, 0.0, 0.0, 0.0, 1.0],
                [1.0, -9e-06, 2e-06, 0.124994, -8e-06, -0.974098, -0.226128, -0.002831, 4e-06, 0.226128, -0.974098, -1.2e-05, 0.0, 0.0, 0.0, 1.0],
                [1.0, -1e-05, 2e-06, 0.124994, -9e-06, -0.981458, -0.191681, -0.002831, 4e-06, 0.191681, -0.981457, -1.2e-05, 0.0, 0.0, 0.0, 1.0],
                [1.0, -1e-05, 3e-06, 0.124994, -1e-05, -0.987169, -0.159684, -0.002831, 4e-06, 0.159684, -0.987168, -1.2e-05, 0.0, 0.0, 0.0, 1.0],
                [1.0, -1.1e-05, 3e-06, 0.124994, -1.1e-05, -0.991535, -0.12984, -0.002831, 4e-06, 0.12984, -0.991535, -1.2e-05, 0.0, 0.0, 0.0, 1.0],
                [1.0, -1.2e-05, 3e-06, 0.124994, -1.1e-05, -0.994815, -0.101709, -0.002831, 5e-06, 0.101709, -0.994814, -1.2e-05, 0.0, 0.0, 0.0, 1.0],
                [1.0, -1.2e-05, 4e-06, 0.124994, -1.2e-05, -0.99717, -0.075194, -0.002831, 5e-06, 0.075194, -0.997169, -1.2e-05, 0.0, 0.0, 0.0, 1.0],
                [1.0, -1.3e-05, 4e-06, 0.124994, -1.2e-05, -0.998748, -0.050039, -0.002831, 5e-06, 0.05004, -0.998747, -1.2e-05, 0.0, 0.0, 0.0, 1.0],
                [1.0, -1.3e-05, 4e-06, 0.124994, -1.3e-05, -0.999662, -0.02603, -0.002831, 5e-06, 0.02603, -0.999661, -1.2e-05, 0.0, 0.0, 0.0, 1.0],
                [1.0, -1.4e-05, 5e-06, 0.124994, -1.4e-05, -0.999995, -0.003238, -0.002831, 5e-06, 0.003238, -0.999995, -1.2e-05, 0.0, 0.0, 0.0, 1.0],
                [1.0, -1.4e-05, 5e-06, 0.124994, -1.4e-05, -0.999829, 0.018524, -0.002831, 5e-06, -0.018524, -0.999829, -1.2e-05, 0.0, 0.0, 0.0, 1.0],
                [1.0, -1.5e-05, 6e-06, 0.124994, -1.5e-05, -0.993333, 0.115283, -0.002831, 4e-06, -0.115283, -0.993333, -1.2e-05, 0.0, 0.0, 0.0, 1.0],
                [1.0, -1.5e-05, 6e-06, 0.124994, -1.6e-05, -0.977822, 0.209442, -0.002831, 3e-06, -0.209442, -0.977821, -1.2e-05, 0.0, 0.0, 0.0, 1.0],
                [1.0, -1.5e-05, 7e-06, 0.124994, -1.7e-05, -0.953965, 0.299921, -0.002831, 2e-06, -0.299921, -0.953964, -1.2e-05, 0.0, 0.0, 0.0, 1.0],
                [1.0, -1.6e-05, 7e-06, 0.124994, -1.7e-05, -0.922552, 0.385875, -0.002831, 0.0, -0.385875, -0.922551, -1.2e-05, 0.0, 0.0, 0.0, 1.0],
                [1.0, -1.6e-05, 7e-06, 0.124994, -1.7e-05, -0.884637, 0.466281, -0.002831, -1e-06, -0.466281, -0.884637, -1.2e-05, 0.0, 0.0, 0.0, 1.0],
                [1.0, -1.6e-05, 7e-06, 0.124994, -1.7e-05, -0.841554, 0.540174, -0.002831, -2e-06, -0.540174, -0.841554, -1.2e-05, 0.0, 0.0, 0.0, 1.0],
                [1.0, -1.6e-05, 7e-06, 0.124994, -1.7e-05, -0.794891, 0.606753, -0.002831, -4e-06, -0.606753, -0.794891, -1.2e-05, 0.0, 0.0, 0.0, 1.0],
                [1.0, -1.6e-05, 7e-06, 0.124994, -1.7e-05, -0.746425, 0.66547, -0.002831, -5e-06, -0.66547, -0.746425, -1.2e-05, 0.0, 0.0, 0.0, 1.0],
                [1.0, -1.6e-05, 7e-06, 0.124994, -1.6e-05, -0.698014, 0.716085, -0.002831, -6e-06, -0.716085, -0.698014, -1.2e-05, 0.0, 0.0, 0.0, 1.0],
                [1.0, -1.6e-05, 7e-06, 0.124994, -1.5e-05, -0.651472, 0.758673, -0.002831, -7e-06, -0.758673, -0.651472, -1.2e-05, 0.0, 0.0, 0.0, 1.0]
            ]
        },
        {
            "name": "Leg_R",
            "time": [0.0, 0.0167, 0.0333, 0.05, 0.0667, 0.0833, 0.1, 0.1167, 0.1333, 0.15, 0.1667, 0.1833, 0.2, 0.2167, 0.2333, 0.25, 0.2667, 0.2833, 0.3, 0.3167, 0.3333, 0.35, 0.3667, 0.3833, 0.4, 0.4167, 0.4333, 0.45, 0.4667, 0.4833, 0.5, 0.5167, 0.5333, 0.55, 0.5667, 0.5833, 0.6, 0.6167, 0.6333, 0.65, 0.6667, 0.6833, 0.7, 0.7167, 0.7333, 0.75, 0.7667, 0.7833, 0.8, 0.8167, 0.8333, 0.85, 0.8667, 0.8833, 0.9, 0.9167, 0.9333, 0.95, 0.9667, 0.9833, 1.0],
            "transform": [
                [1.0, 2.1e-05, 2.3e-05, 0.0, -2.2e-05, -0.082935, 0.996554, 0.374726, 2.3e-05, -0.996555, -0.082935, 0.0, 0.0, 0.0, 0.0, 1.0],
                [1.0, 2.1e-05, 2.3e-05, -0.0, -2.2e-05, -0.0586, 0.998281, 0.374726, 2.2e-05, -0.998281, -0.0586, 0.0, 0.0, 0.0, 0.0, 1.0],
                [1.0, 2.1e-05, 2.2e-05, -0.0, -2.2e-05, -0.021979, 0.999758, 0.374726, 2.1e-05, -0.999758, -0.021979, 0.0, 0.0, 0.0, 0.0, 1.0],
                [1.0, 2.1e-05, 2.1e-05, 0.0, -2.2e-05, 0.026922, 0.999637, 0.374726, 2e-05, -0.999638, 0.026922, 0.0, 0.0, 0.0, 0.0, 1.0],
                [1.0, 2.1e-05, 2e-05, -0.0, -2.2e-05, 0.088316, 0.996092, 0.374726, 1.9e-05, -0.996093, 0.088316, 0.0, 0.0, 0.0, 0.0, 1.0],
                [1.0, 2.1e-05, 1.8e-05, -0.0, -2.1e-05, 0.161815, 0.986821, 0.374726, 1.7e-05, -0.986821, 0.161815, -0.0, 0.0, 0.0, 0.0, 1.0],
                [1.0, 2e-05, 1.7e-05, -0.0, -2.1e-05, 0.24758, 0.968867, 0.374726, 1.6e-05, -0.968868, 0.24758, 0.0, 0.0, 0.0, 0.0, 1.0],
                [1.0, 2e-05, 1.4e-05, 0.0, -2e-05, 0.345798, 0.938309, 0.374726, 1.3e-05, -0.938309, 0.345798, -0.0, 0.0, 0.0, 0.0, 1.0],
                [1.0, 1.9e-05, 1.2e-05, -0.0, -1.9e-05, 0.456278, 0.889838, 0.374726, 1.1e-05, -0.889837, 0.456278, -0.0, 0.0, 0.0, 0.0, 1.0],
                [1.0, 1.7e-05, 1e-05, 0.0, -1.8e-05, 0.578886, 0.815409, 0.374726, 8e-06, -0.815409, 0.578886, 0.0, 0.0, 0.0, 0.0, 1.0],
                [1.0, 1.5e-05, 7e-06, -0.0, -1.5e-05, 0.713966, 0.70018, 0.374726, 5e-06, -0.70018, 0.713966, -0.0, 0.0, 0.0, 0.0, 1.0],
                [1.0, 1.7e-05, 9e-06, 0.0, -1.7e-05, 0.60335, 0.797476, 0.374726, 8e-06, -0.797477, 0.60335, -0.0, 0.0, 0.0, 0.0, 1.0],
                [1.0, 1.8e-05, 1.1e-05, 0.0, -1.9e-05, 0.50392, 0.86375, 0.374726, 1e-05, -0.86375, 0.50392, -0.0, 0.0, 0.0, 0.0, 1.0],
                [1.0, 1.9e-05, 1.3e-05, -0.0, -2e-05, 0.415652, 0.909523, 0.374726, 1.2e-05, -0.909523, 0.415652, -0.0, 0.0, 0.0, 0.0, 1.0],
                [1.0, 2e-05, 1.5e-05, -0.0, -2e-05, 0.338703, 0.940893, 0.374726, 1.4e-05, -0.940893, 0.338703, 0.0, 0.0, 0.0, 0.0, 1.0],
                [1.0, 2e-05, 1.6e-05, 0.0, -2.1e-05, 0.272788, 0.962074, 0.374726, 1.5e-05, -0.962074, 0.272788, -0.0, 0.0, 0.0, 0.0, 1.0],
                [1.0, 2e-05, 1.7e-05, 0.0, -2.1e-05, 0.218248, 0.975893, 0.374726, 1.6e-05, -0.975893, 0.218248, -0.0, 0.0, 0.0, 0.0, 1.0],
                [1.0, 2.1e-05, 1.8e-05, 0.0, -2.1e-05, 0.174898, 0.984587, 0.374726, 1.7e-05, -0.984587, 0.174898, 0.0, 0.0, 0.0, 0.0, 1.0],
                [1.0, 2.1e-05, 1.9e-05, 0.0, -2.1e-05, 0.142741, 0.98976, 0.374726, 1.8e-05, -0.98976, 0.142741, -0.0, 0.0, 0.0, 0.0, 1.0],
                [1.0, 2.1e-05, 1.9e-05, 0.0, -2.2e-05, 0.121783, 0.992557, 0.374726, 1.8e-05, -0.992557, 0.121783, 0.0, 0.0, 0.0, 0.0, 1.0],
                [1.0, 2.1e-05, 1.9e-05, -0.0, -2.2e-05, 0.112026, 0.993705, 0.374726, 1.9e-05, -0.993705, 0.112026, -0.0, 0.0, 0.0, 0.0, 1.0],
                [1.0, 2.1e-05, 1.9e-05, 0.0, -2.2e-05, 0.110553, 0.99387, 0.374726, 1.9e-05, -0.99387, 0.110553, -0.0, 0.0, 0.0, 0.0, 1.0],
                [1.0, 2.1e-05, 1.9e-05, -0.0, -2.2e-05, 0.114672, 0.993403, 0.374726, 1.8e-05, -0.993403, 0.114672, 0.0, 0.0, 0.0, 0.0, 1.0],
                [1.0, 2.1e-05, 1.9e-05, -0.0, -2.2e-05, 0.124384, 0.992234, 0.374726, 1.8e-05, -0.992234, 0.124384, 0.0, 0.0, 0.0, 0.0, 1.0],
                [1.0, 2.1e-05, 1.9e-05, 0.0, -2.1e-05, 0.139687, 0.990195, 0.374726, 1.8e-05, -0.990196, 0.139687, 0.0, 0.0, 0.0, 0.0, 1.0],
                [1.0, 2.1e-05, 1.8e-05, 0.0, -2.1e-05, 0.160582, 0.987022, 0.374726, 1.7e-05, -0.987023, 0.160582, -0.0, 0.0, 0.0, 0.0, 1.0],
                [1.0, 2.1e-05, 1.8e-05, -0.0, -2.1e-05, 0.187067, 0.982347, 0.374726, 1.7e-05, -0.982348, 0.187067, 0.0, 0.0, 0.0, 0.0, 1.0],
                [1.0, 2e-05, 1.7e-05, 0.0, -2.1e-05, 0.21914, 0.975693, 0.374726, 1.6e-05, -0.975694, 0.21914, 0.0, 0.0, 0.0, 0.0, 1.0],
                [1.0, 2e-05, 1.6e-05, -0.0, -2.1e-05, 0.256799, 0.966464, 0.374726, 1.5e-05, -0.966465, 0.256799, 0.0, 0.0, 0.0, 0.0, 1.0],
                [1.0, 2e-05, 1.5e-05, 0.0, -2.1e-05, 0.300208, 0.953873, 0.374726, 1.4e-05, -0.953874, 0.300208, 0.0, 0.0, 0.0, 0.0, 1.0],
                [1.0, 2e-05, 1.4e-05, -0.0, -2e-05, 0.349067, 0.937097, 0.374726, 1.3e-05, -0.937098, 0.349068, 0.0, 0.0, 0.0, 0.0, 1.0],
                [1.0, 1.9e-05, 1.4e-05, -0.0, -2e-05, 0.374829, 0.927094, 0.374726, 1.3e-05, -0.927094, 0.374829, 0.0, 0.0, 0.0, 0.0, 1.0],
                [1.0, 1.9e-05, 1.3e-05, -0.0, -2e-05, 0.402867, 0.915258, 0.374726, 1.2e-05, -0.915259, 0.402867, -0.0, 0.0, 0.0, 0.0, 1.0],
                [1.0, 1.9e-05, 1.3e-05, 0.0, -2e-05, 0.43318, 0.901307, 0.374726, 1.2e-05, -0.901308, 0.43318, -0.0, 0.0, 0.0, 0.0, 1.0],
                [1.0, 1.9e-05, 1.2e-05, -0.0, -1.9e-05, 0.465893, 0.884841, 0.374726, 1.1e-05, -0.884841, 0.465893, -0.0, 0.0, 0.0, 0.0, 1.0],
                [1.0, 1.8e-05, 1.1e-05, 0.0, -1.9e-05, 0.500779, 0.865574, 0.374726, 1e-05, -0.865575, 0.50078, 0.0, 0.0, 0.0, 0.0, 1.0],
                [1.0, 1.8e-05, 1e-05, -0.0, -1.8e-05, 0.537939, 0.842983, 0.374726, 9e-06, -0.842984, 0.53794, 0.0, 0.0, 0.0, 0.0, 1.0],
                [1.0, 1.7e-05, 1e-05, -0.0, -1.8e-05, 0.577369, 0.816483, 0.374726, 8e-06, -0.816484, 0.577369, -0.0, 0.0, 0.0, 0.0, 1.0],
                [1.0, 1.6e-05, 9e-06, -0.0, -1.7e-05, 0.619181, 0.785248, 0.374726, 8e-06, -0.785249, 0.619181, 0.0, 0.0, 0.0, 0.0, 1.0],
                [1.0, 1.6e-05, 8e-06, 0.0, -1.6e-05, 0.663178, 0.748461, 0.374726, 7e-06, -0.748462, 0.663178, 0.0, 0.0, 0.0, 0.0, 1.0],
                [1.0, 1.5e-05, 7e-06, -0.0, -1.5e-05, 0.70952, 0.704685, 0.374726, 6e-06, -0.704686, 0.70952, -0.0, 0.0, 0.0, 0.0, 1.0],
                [1.0, 1.6e-05, 8e-06, 0.0, -1.7e-05, 0.648351, 0.761341, 0.374726, 7e-06, -0.761342, 0.648351, 0.0, 0.0, 0.0, 0.0, 1.0],
                [1.0, 1.7e-05, 9e-06, -0.0, -1.8e-05, 0.588405, 0.808565, 0.374726, 8e-06, -0.808567, 0.588406, 0.0, 0.0, 0.0, 0.0, 1.0],
                [1.0, 1.8e-05, 1.1e-05, -0.0, -1.8e-05, 0.529475, 0.848325, 0.374726, 9e-06, -0.848326, 0.529475, -0.0, 0.0, 0.0, 0.0, 1.0],
                [1.0, 1.8e-05, 1.2e-05, 0.0, -1.9e-05, 0.471783, 0.881714, 0.374726, 1.1e-05, -0.881715, 0.471783, -0.0, 0.0, 0.0, 0.0, 1.0],
                [1.0, 1.9e-05, 1.3e-05, -0.0, -2e-05, 0.415127, 0.909763, 0.374726, 1.2e-05, -0.909764, 0.415127, -0.0, 0.0, 0.0, 0.0, 1.0],
                [1.0, 2e-05, 1.4e-05, -0.0, -2e-05, 0.359727, 0.933057, 0.374726, 1.3e-05, -0.933058, 0.359727, -0.0, 0.0, 0.0, 0.0, 1.0],
                [1.0, 2e-05, 1.5e-05, -0.0, -2.1e-05, 0.305453, 0.952207, 0.374726, 1.4e-05, -0.952208, 0.305453, -0.0, 0.0, 0.0, 0.0, 1.0],
                [1.0, 2e-05, 1.6e-05, 0.0, -2.1e-05, 0.252179, 0.96768, 0.374726, 1.5e-05, -0.967681, 0.252179, -0.0, 0.0, 0.0, 0.0, 1.0],
                [1.0, 2.1e-05, 1.8e-05, -0.0, -2.1e-05, 0.200203, 0.979754, 0.374726, 1.7e-05, -0.979755, 0.200203, -0.0, 0.0, 0.0, 0.0, 1.0],
                [1.0, 2.1e-05, 1.9e-05, 0.0, -2.1e-05, 0.149359, 0.988783, 0.374726, 1.8e-05, -0.988783, 0.149359, -0.0, 0.0, 0.0, 0.0, 1.0],
                [1.0, 2.1e-05, 2e-05, 0.0, -2.2e-05, 0.078383, 0.996923, 0.374726, 1.9e-05, -0.996924, 0.078383, -0.0, 0.0, 0.0, 0.0, 1.0],
                [1.0, 2.1e-05, 2.1e-05, 0.0, -2.2e-05, 0.017843, 0.99984, 0.374726, 2.1e-05, -0.999841, 0.017843, -0.0, 0.0, 0.0, 0.0, 1.0],
                [1.0, 2.1e-05, 2.2e-05, 0.0, -2.2e-05, -0.031888, 0.999491, 0.374726, 2.2e-05, -0.999492, -0.031888, -0.0, 0.0, 0.0, 0.0, 1.0],
                [1.0, 2.1e-05, 2.3e-05, -0.0, -2.2e-05, -0.071014, 0.997475, 0.374726, 2.3e-05, -0.997476, -0.071014, -0.0, 0.0, 0.0, 0.0, 1.0],
                [1.0, 2.1e-05, 2.4e-05, 0.0, -2.2e-05, -0.099532, 0.995034, 0.374726, 2.3e-05, -0.995034, -0.099532, -0.0, 0.0, 0.0, 0.0, 1.0],
                [1.0, 2.1e-05, 2.4e-05, 0.0, -2.2e-05, -0.117438, 0.99308, 0.374726, 2.4e-05, -0.99308, -0.117438, 0.0, 0.0, 0.0, 0.0, 1.0],
                [1.0, 2.1e-05, 2.4e-05, -0.0, -2.2e-05, -0.124732, 0.99219, 0.374726, 2.4e-05, -0.992191, -0.124732, 0.0, 0.0, 0.0, 0.0, 1.0],
                [1.0, 2.1e-05, 2.4e-05, 0.0, -2.2e-05, -0.121412, 0.992602, 0.374726, 2.4e-05, -0.992602, -0.121412, -0.0, 0.0, 0.0, 0.0, 1.0],
                [1.0, 2.1e-05, 2.4e-05, -0.0, -2.2e-05, -0.10748, 0.994207, 0.374726, 2.3e-05, -0.994207, -0.10748, 0.0, 0.0, 0.0, 0.0, 1.0],
                [1.0, 2.1e-05, 2.3e-05, -0.0, -2.2e-05, -0.082935, 0.996554, 0.374726, 2.3e-05, -0.996555, -0.082935, 0.0, 0.0, 0.0, 0.0, 1.0]
            ]
        },
        {
            "name": "Knee_R",
            "time": [0.0, 1.0],
            "transform": [
                [1.0, 0.0, -0.0, 0.0, -0.0, 0.00567, -0.999984, 0.484724, -0.0, 0.999984, 0.00567, -0.000624, 0.0, 0.0, 0.0, 1.0],
                [1.0, 0.0, -0.0, 0.0, -0.0, 0.00567, -0.999984, 0.484724, -0.0, 0.999984, 0.00567, -0.000624, 0.0, 0.0, 0.0, 1.0]
            ]
        },
        {
            "name": "Thigh_L",
            "time": [0.0, 0.0167, 0.0333, 0.05, 0.0667, 0.0833, 0.1, 0.1167, 0.1333, 0.15, 0.1667, 0.1833, 0.2, 0.2167, 0.2333, 0.25, 0.2667, 0.2833, 0.3, 0.3167, 0.3333, 0.35, 0.3667, 0.3833, 0.4, 0.4167, 0.4333, 0.45, 0.4667, 0.4833, 0.5, 0.5167, 0.5333, 0.55, 0.5667, 0.5833, 0.6, 0.6167, 0.6333, 0.65, 0.6667, 0.6833, 0.7, 0.7167, 0.7333, 0.75, 0.7667, 0.7833, 0.8, 0.8167, 0.8333, 0.85, 0.8667, 0.8833, 0.9, 0.9167, 0.9333, 0.95, 0.9667, 0.9833, 1.0],
            "transform": [
                [1.0, -1.4e-05, 5e-06, -0.125006, -1.4e-05, -0.90623, 0.422786, -0.002831, -1e-06, -0.422786, -0.90623, -1.2e-05, 0.0, 0.0, 0.0, 1.0],
                [1.0, -1.4e-05, 5e-06, -0.125006, -1.4e-05, -0.930794, 0.365546, -0.002831, -0.0, -0.365546, -0.930793, -1.2e-05, 0.0, 0.0, 0.0, 1.0],
                [1.0, -1.3e-05, 5e-06, -0.125006, -1.4e-05, -0.952921, 0.303219, -0.002831, 1e-06, -0.303218, -0.952921, -1.2e-05, 0.0, 0.0, 0.0, 1.0],
                [1.0, -1.3e-05, 5e-06, -0.125006, -1.4e-05, -0.97171, 0.23618, -0.002831, 1e-06, -0.23618, -0.971709, -1.2e-05, 0.0, 0.0, 0.0, 1.0],
                [1.0, -1.3e-05, 4e-06, -0.125006, -1.4e-05, -0.986318, 0.164859, -0.002831, 2e-06, -0.164859, -0.986317, -1.2e-05, 0.0, 0.0, 0.0, 1.0],
                [1.0, -1.3e-05, 4e-06, -0.125006, -1.3e-05, -0.995978, 0.089605, -0.002831, 3e-06, -0.089605, -0.995978, -1.2e-05, 0.0, 0.0, 0.0, 1.0],
                [1.0, -1.2e-05, 4e-06, -0.125006, -1.2e-05, -0.99994, 0.011011, -0.002831, 4e-06, -0.011011, -0.99994, -1.2e-05, 0.0, 0.0, 0.0, 1.0],
                [1.0, -1.2e-05, 4e-06, -0.125006, -1.2e-05, -0.997502, -0.070642, -0.002831, 4e-06, 0.070642, -0.997502, -1.2e-05, 0.0, 0.0, 0.0, 1.0],
                [1.0, -1.1e-05, 3e-06, -0.125006, -1.1e-05, -0.987883, -0.155204, -0.002831, 5e-06, 0.155204, -0.987882, -1.2e-05, 0.0, 0.0, 0.0, 1.0],
                [1.0, -1e-05, 3e-06, -0.125006, -1e-05, -0.970162, -0.242459, -0.002831, 5e-06, 0.242459, -0.970162, -1.2e-05, 0.0, 0.0, 0.0, 1.0],
                [1.0, -1e-05, 2e-06, -0.125006, -8e-06, -0.942983, -0.332843, -0.002831, 5e-06, 0.332843, -0.942982, -1.2e-05, 0.0, 0.0, 0.0, 1.0],
                [1.0, -1e-05, 2e-06, -0.125006, -9e-06, -0.953333, -0.301922, -0.002831, 5e-06, 0.301922, -0.953333, -1.2e-05, 0.0, 0.0, 0.0, 1.0],
                [1.0, -1e-05, 3e-06, -0.125006, -9e-06, -0.962329, -0.271889, -0.002831, 5e-06, 0.271888, -0.962329, -1.2e-05, 0.0, 0.0, 0.0, 1.0],
                [1.0, -1.1e-05, 3e-06, -0.125006, -1e-05, -0.97014, -0.242547, -0.002831, 5e-06, 0.242547, -0.97014, -1.2e-05, 0.0, 0.0, 0.0, 1.0],
                [1.0, -1.1e-05, 3e-06, -0.125006, -1e-05, -0.976893, -0.213733, -0.002831, 6e-06, 0.213733, -0.976892, -1.2e-05, 0.0, 0.0, 0.0, 1.0],
                [1.0, -1.2e-05, 3e-06, -0.125006, -1.1e-05, -0.982643, -0.185511, -0.002831, 6e-06, 0.185511, -0.982642, -1.2e-05, 0.0, 0.0, 0.0, 1.0],
                [1.0, -1.2e-05, 4e-06, -0.125006, -1.1e-05, -0.987482, -0.157732, -0.002831, 6e-06, 0.157732, -0.987482, -1.2e-05, 0.0, 0.0, 0.0, 1.0],
                [1.0, -1.3e-05, 4e-06, -0.125006, -1.2e-05, -0.991469, -0.130341, -0.002831, 6e-06, 0.130341, -0.991469, -1.2e-05, 0.0, 0.0, 0.0, 1.0],
                [1.0, -1.3e-05, 4e-06, -0.125006, -1.2e-05, -0.99465, -0.103305, -0.002831, 6e-06, 0.103305, -0.99465, -1.2e-05, 0.0, 0.0, 0.0, 1.0],
                [1.0, -1.3e-05, 4e-06, -0.125006, -1.3e-05, -0.997073, -0.076463, -0.002831, 5e-06, 0.076463, -0.997073, -1.2e-05, 0.0, 0.0, 0.0, 1.0],
                [1.0, -1.3e-05, 5e-06, -0.125006, -1.3e-05, -0.99875, -0.049994, -0.002831, 5e-06, 0.049994, -0.99875, -1.2e-05, 0.0, 0.0, 0.0, 1.0],
                [1.0, -1.5e-05, 6e-06, -0.125006, -1.5e-05, -0.994713, 0.102698, -0.002831, 4e-06, -0.102698, -0.994713, -1.2e-05, 0.0, 0.0, 0.0, 1.0],
                [1.0, -1.5e-05, 7e-06, -0.125006, -1.7e-05, -0.968112, 0.250517, -0.002831, 3e-06, -0.250517, -0.968112, -1.2e-05, 0.0, 0.0, 0.0, 1.0],
                [1.0, -1.6e-05, 7e-06, -0.125006, -1.8e-05, -0.920477, 0.390797, -0.002831, 0.0, -0.390796, -0.920477, -1.2e-05, 0.0, 0.0, 0.0, 1.0],
                [1.0, -1.6e-05, 8e-06, -0.125006, -1.8e-05, -0.854015, 0.520249, -0.002831, -2e-06, -0.520249, -0.854015, -1.2e-05, 0.0, 0.0, 0.0, 1.0],
                [1.0, -1.7e-05, 8e-06, -0.125006, -1.8e-05, -0.772795, 0.634657, -0.002831, -4e-06, -0.634657, -0.772795, -1.2e-05, 0.0, 0.0, 0.0, 1.0],
                [1.0, -1.7e-05, 8e-06, -0.125006, -1.7e-05, -0.682591, 0.730801, -0.002831, -7e-06, -0.730801, -0.682591, -1.2e-05, 0.0, 0.0, 0.0, 1.0],
                [1.0, -1.7e-05, 8e-06, -0.125006, -1.6e-05, -0.590568, 0.806989, -0.002831, -8e-06, -0.806989, -0.590568, -1.2e-05, 0.0, 0.0, 0.0, 1.0],
                [1.0, -1.6e-05, 8e-06, -0.125006, -1.5e-05, -0.504127, 0.86363, -0.002831, -1e-05, -0.86363, -0.504127, -1.2e-05, 0.0, 0.0, 0.0, 1.0],
                [1.0, -1.6e-05, 7e-06, -0.125006, -1.4e-05, -0.429738, 0.902954, -0.002831, -1.1e-05, -0.902954, -0.429738, -1.2e-05, 0.0, 0.0, 0.0, 1.0],
                [1.0, -1.5e-05, 7e-06, -0.125006, -1.2e-05, -0.371739, 0.928338, -0.002831, -1.2e-05, -0.928337, -0.37174, -1.2e-05, 0.0, 0.0, 0.0, 1.0],
                [1.0, -1.5e-05, 6e-06, -0.125006, -1.1e-05, -0.366549, 0.930399, -0.002831, -1.1e-05, -0.930399, -0.366549, -1.2e-05, 0.0, 0.0, 0.0, 1.0],
                [1.0, -1.4e-05, 6e-06, -0.125006, -1.1e-05, -0.365357, 0.930868, -0.002831, -1.1e-05, -0.930868, -0.365357, -1.2e-05, 0.0, 0.0, 0.0, 1.0],
                [1.0, -1.4e-05, 5e-06, -0.125006, -1e-05, -0.367985, 0.929832, -0.002831, -1.1e-05, -0.929832, -0.367985, -1.2e-05, 0.0, 0.0, 0.0, 1.0],
                [1.0, -1.3e-05, 5e-06, -0.125006, -9e-06, -0.374615, 0.927181, -0.002831, -1e-05, -0.927181, -0.374616, -1.2e-05, 0.0, 0.0, 0.0, 1.0],
                [1.0, -1.3e-05, 4e-06, -0.125006, -9e-06, -0.385481, 0.922716, -0.002831, -1e-05, -0.922716, -0.385481, -1.2e-05, 0.0, 0.0, 0.0, 1.0],
                [1.0, -1.2e-05, 4e-06, -0.125006, -8e-06, -0.400666, 0.916224, -0.002831, -9e-06, -0.916224, -0.400666, -1.2e-05, 0.0, 0.0, 0.0, 1.0],
                [1.0, -1.1e-05, 3e-06, -0.125006, -7e-06, -0.420685, 0.907208, -0.002831, -9e-06, -0.907207, -0.420685, -1.2e-05, 0.0, 0.0, 0.0, 1.0],
                [1.0, -1e-05, 3e-06, -0.125006, -7e-06, -0.44605, 0.895009, -0.002831, -8e-06, -0.895008, -0.44605, -1.2e-05, 0.0, 0.0, 0.0, 1.0],
                [1.0, -9e-06, 2e-06, -0.125006, -6e-06, -0.477927, 0.8784, -0.002831, -7e-06, -0.8784, -0.477927, -1.2e-05, 0.0, 0.0, 0.0, 1.0],
                [1.0, -8e-06, 1e-06, -0.125006, -5e-06, -0.518207, 0.855256, -0.002831, -6e-06, -0.855255, -0.518207, -1.2e-05, 0.0, 0.0, 0.0, 1.0],
                [1.0, -9e-06, 2e-06, -0.125006, -6e-06, -0.491635, 0.870802, -0.002831, -7e-06, -0.870802, -0.491635, -1.2e-05, 0.0, 0.0, 0.0, 1.0],
                [1.0, -1e-05, 3e-06, -0.125006, -7e-06, -0.478767, 0.877943, -0.002831, -8e-06, -0.877943, -0.478767, -1.2e-05, 0.0, 0.0, 0.0, 1.0],
                [1.0, -1.1e-05, 3e-06, -0.125006, -8e-06, -0.476544, 0.879151, -0.002831, -8e-06, -0.879151, -0.476544, -1.2e-05, 0.0, 0.0, 0.0, 1.0],
                [1.0, -1.2e-05, 4e-06, -0.125006, -9e-06, -0.483382, 0.87541, -0.002831, -9e-06, -0.87541, -0.483382, -1.2e-05, 0.0, 0.0, 0.0, 1.0],
                [1.0, -1.3e-05, 4e-06, -0.125006, -1e-05, -0.498077, 0.867133, -0.002831, -9e-06, -0.867133, -0.498077, -1.2e-05, 0.0, 0.0, 0.0, 1.0],
                [1.0, -1.3e-05, 4e-06, -0.125006, -1.1e-05, -0.519684, 0.854359, -0.002831, -9e-06, -0.854359, -0.519684, -1.2e-05, 0.0, 0.0, 0.0, 1.0],
                [1.0, -1.3e-05, 5e-06, -0.125006, -1.1e-05, -0.547538, 0.836782, -0.002831, -9e-06, -0.836782, -0.547538, -1.2e-05, 0.0, 0.0, 0.0, 1.0],
                [1.0, -1.4e-05, 5e-06, -0.125006, -1.2e-05, -0.580707, 0.814113, -0.002831, -8e-06, -0.814113, -0.580707, -1.2e-05, 0.0, 0.0, 0.0, 1.0],
                [1.0, -1.4e-05, 5e-06, -0.125006, -1.3e-05, -0.618267, 0.785969, -0.002831, -8e-06, -0.785969, -0.618267, -1.2e-05, 0.0, 0.0, 0.0, 1.0],
                [1.0, -1.4e-05, 5e-06, -0.125006, -1.4e-05, -0.659186, 0.75198, -0.002831, -7e-06, -0.75198, -0.659186, -1.2e-05, 0.0, 0.0, 0.0, 1.0],
                [1.0, -1.4e-05, 6e-06, -0.125006, -1.4e-05, -0.68502, 0.728525, -0.002831, -7e-06, -0.728524, -0.68502, -1.2e-05, 0.0, 0.0, 0.0, 1.0],
                [1.0, -1.4e-05, 6e-06, -0.125006, -1.4e-05, -0.711243, 0.702947, -0.002831, -6e-06, -0.702947, -0.711243, -1.2e-05, 0.0, 0.0, 0.0, 1.0],
                [1.0, -1.4e-05, 6e-06, -0.125006, -1.4e-05, -0.737611, 0.675226, -0.002831, -6e-06, -0.675226, -0.737611, -1.2e-05, 0.0, 0.0, 0.0, 1.0],
                [1.0, -1.4e-05, 6e-06, -0.125006, -1.4e-05, -0.763881, 0.645358, -0.002831, -5e-06, -0.645358, -0.763881, -1.2e-05, 0.0, 0.0, 0.0, 1.0],
                [1.0, -1.4e-05, 5e-06, -0.125006, -1.5e-05, -0.789807, 0.613356, -0.002831, -4e-06, -0.613356, -0.789807, -1.2e-05, 0.0, 0.0, 0.0, 1.0],
                [1.0, -1.4e-05, 5e-06, -0.125006, -1.5e-05, -0.815151, 0.579249, -0.002831, -4e-06, -0.579249, -0.815151, -1.2e-05, 0.0, 0.0, 0.0, 1.0],
                [1.0, -1.4e-05, 5e-06, -0.125006, -1.5e-05, -0.839682, 0.543079, -0.002831, -3e-06, -0.543078, -0.839682, -1.2e-05, 0.0, 0.0, 0.0, 1.0],
                [1.0, -1.4e-05, 5e-06, -0.125006, -1.5e-05, -0.863178, 0.504901, -0.002831, -3e-06, -0.504901, -0.863178, -1.2e-05, 0.0, 0.0, 0.0, 1.0],
                [1.0, -1.4e-05, 5e-06, -0.125006, -1.5e-05, -0.885426, 0.46478, -0.002831, -2e-06, -0.46478, -0.885426, -1.2e-05, 0.0, 0.0, 0.0, 1.0],
                [1.0, -1.4e-05, 5e-06, -0.125006, -1.4e-05, -0.90623, 0.422786, -0.002831, -1e-06, -0.422786, -0.90623, -1.2e-05, 0.0, 0.0, 0.0, 1.0]
            ]
        },
        {
            "name": "Leg_L",
            "time": [0.0, 0.0167, 0.0333, 0.05, 0.0667, 0.0833, 0.1, 0.1167, 0.1333, 0.15, 0.1667, 0.1833, 0.2, 0.2167, 0.2333, 0.25, 0.2667, 0.2833, 0.3, 0.3167, 0.3333, 0.35, 0.3667, 0.3833, 0.4, 0.4167, 0.4333, 0.45, 0.4667, 0.4833, 0.5, 0.5167, 0.5333, 0.55, 0.5667, 0.5833, 0.6, 0.6167, 0.6333, 0.65, 0.6667, 0.6833, 0.7, 0.7167, 0.7333, 0.75, 0.7667, 0.7833, 0.8, 0.8167, 0.8333, 0.85, 0.8667, 0.8833, 0.9, 0.9167, 0.9333, 0.95, 0.9667, 0.9833, 1.0],
            "transform": [
                [1.0, 2.1e-05, 1.8e-05, 0.0, -2.1e-05, 0.179618, 0.983736, 0.374726, 1.7e-05, -0.983736, 0.179618, -0.0, 0.0, 0.0, 0.0, 1.0],
                [1.0, 2.1e-05, 1.8e-05, 0.0, -2.1e-05, 0.184526, 0.982827, 0.374726, 1.7e-05, -0.982828, 0.184526, 0.0, 0.0, 0.0, 0.0, 1.0],
                [1.0, 2.1e-05, 1.8e-05, 0.0, -2.1e-05, 0.197888, 0.980225, 0.374726, 1.7e-05, -0.980225, 0.197888, 0.0, 0.0, 0.0, 0.0, 1.0],
                [1.0, 2e-05, 1.7e-05, 0.0, -2.1e-05, 0.219701, 0.975567, 0.374726, 1.6e-05, -0.975567, 0.219701, -0.0, 0.0, 0.0, 0.0, 1.0],
                [1.0, 2e-05, 1.6e-05, 0.0, -2.1e-05, 0.249964, 0.968255, 0.374726, 1.6e-05, -0.968255, 0.249964, 0.0, 0.0, 0.0, 0.0, 1.0],
                [1.0, 2e-05, 1.6e-05, 0.0, -2.1e-05, 0.28883, 0.95738, 0.374726, 1.5e-05, -0.957381, 0.28883, 0.0, 0.0, 0.0, 0.0, 1.0],
                [1.0, 2e-05, 1.5e-05, -0.0, -2e-05, 0.336018, 0.941855, 0.374726, 1.4e-05, -0.941856, 0.336018, -0.0, 0.0, 0.0, 0.0, 1.0],
                [1.0, 1.9e-05, 1.3e-05, -0.0, -2e-05, 0.391647, 0.920115, 0.374726, 1.2e-05, -0.920115, 0.391647, -0.0, 0.0, 0.0, 0.0, 1.0],
                [1.0, 1.9e-05, 1.2e-05, -0.0, -1.9e-05, 0.455862, 0.89005, 0.374726, 1.1e-05, -0.890051, 0.455862, -0.0, 0.0, 0.0, 0.0, 1.0],
                [1.0, 1.8e-05, 1.1e-05, -0.0, -1.8e-05, 0.528378, 0.849009, 0.374726, 1e-05, -0.849009, 0.528378, 0.0, 0.0, 0.0, 0.0, 1.0],
                [1.0, 1.7e-05, 9e-06, -0.0, -1.7e-05, 0.609447, 0.792826, 0.374726, 8e-06, -0.792827, 0.609447, 0.0, 0.0, 0.0, 0.0, 1.0],
                [1.0, 1.7e-05, 1e-05, -0.0, -1.8e-05, 0.566187, 0.824276, 0.374726, 9e-06, -0.824277, 0.566188, -0.0, 0.0, 0.0, 0.0, 1.0],
                [1.0, 1.8e-05, 1.1e-05, -0.0, -1.8e-05, 0.523719, 0.851891, 0.374726, 1e-05, -0.851891, 0.523719, 0.0, 0.0, 0.0, 0.0, 1.0],
                [1.0, 1.8e-05, 1.2e-05, -0.0, -1.9e-05, 0.481935, 0.876206, 0.374726, 1.1e-05, -0.876207, 0.481935, 0.0, 0.0, 0.0, 0.0, 1.0],
                [1.0, 1.9e-05, 1.2e-05, 0.0, -1.9e-05, 0.440732, 0.897638, 0.374726, 1.1e-05, -0.897639, 0.440733, 0.0, 0.0, 0.0, 0.0, 1.0],
                [1.0, 1.9e-05, 1.3e-05, -0.0, -2e-05, 0.400355, 0.91636, 0.374726, 1.2e-05, -0.91636, 0.400355, 0.0, 0.0, 0.0, 0.0, 1.0],
                [1.0, 2e-05, 1.4e-05, -0.0, -2e-05, 0.360665, 0.932695, 0.374726, 1.3e-05, -0.932696, 0.360665, 0.0, 0.0, 0.0, 0.0, 1.0],
                [1.0, 2e-05, 1.5e-05, -0.0, -2.1e-05, 0.321665, 0.946853, 0.374726, 1.4e-05, -0.946854, 0.321665, -0.0, 0.0, 0.0, 0.0, 1.0],
                [1.0, 2e-05, 1.6e-05, -0.0, -2.1e-05, 0.283379, 0.959007, 0.374726, 1.5e-05, -0.959008, 0.28338, -0.0, 0.0, 0.0, 0.0, 1.0],
                [1.0, 2e-05, 1.7e-05, 0.0, -2.1e-05, 0.24561, 0.969369, 0.374726, 1.6e-05, -0.969369, 0.24561, -0.0, 0.0, 0.0, 0.0, 1.0],
                [1.0, 2.1e-05, 1.7e-05, -0.0, -2.1e-05, 0.20871, 0.977978, 0.374726, 1.6e-05, -0.977978, 0.20871, -0.0, 0.0, 0.0, 0.0, 1.0],
                [1.0, 2.1e-05, 2e-05, -0.0, -2.2e-05, 0.074216, 0.997242, 0.374726, 1.9e-05, -0.997242, 0.074216, 0.0, 0.0, 0.0, 0.0, 1.0],
