{
    "animation": [
        {
            "name": "Root",
            "time": [0.0, 0.0167, 0.0333, 0.05, 0.0667, 0.0833, 0.1, 0.1167, 0.1333, 0.15, 0.1667, 0.1833, 0.2, 0.2167, 0.2333, 0.25, 0.2667, 0.2833, 0.3, 0.3167, 0.3333, 0.35, 0.3667, 0.3833, 0.4, 0.4167, 0.4333, 0.45, 0.4667, 0.4833, 0.5, 0.5167, 0.5333, 0.55, 0.5667, 0.5833, 0.6, 0.6167, 0.6333, 0.65, 0.6667, 0.6833, 0.7, 0.7167, 0.7333, 0.75, 0.7667, 0.7833, 0.8, 0.8167, 0.8333, 0.85, 0.8667, 0.8833, 0.9, 0.9167, 0.9333, 0.95, 0.9667, 0.9833, 1.0, 1.0167, 1.0333, 1.05, 1.0667, 1.0833, 1.1, 1.1167, 1.1333, 1.15, 1.1667, 1.1833, 1.2, 1.2167, 1.2333, 1.25, 1.2667, 1.2833, 1.3, 1.3167, 1.3333, 1.35, 1.3667, 1.3833, 1.4, 1.4167, 1.4333, 1.45, 1.4667, 1.4833, 1.5, 1.5167, 1.5333, 1.55, 1.5667, 1.5833, 1.6, 1.6167, 1.6333, 1.65, 1.6667, 1.6833, 1.7, 1.7167, 1.7333, 1.75, 1.7667, 1.7833, 1.8, 1.8167, 1.8333, 1.85, 1.8667, 1.8833, 1.9, 1.9167, 1.9333, 1.95, 1.9667, 1.9833, 2.0],
            "transform": [
                [1.0, 0.0, 0.0, -5e-06, 0.0, 0.0, -1.0, 0.000946, 0.0, 1.0, 0.0, 0.835209, 0.0, 0.0, 0.0, 1.0],
                [1.0, 0.0, 0.0, -5e-06, 0.0, 0.0, -1.0, 0.000946, 0.0, 1.0, 0.0, 0.835288, 0.0, 0.0, 0.0, 1.0],
                [1.0, 0.0, 0.0, -5e-06, 0.0, 0.0, -1.0, 0.000946, 0.0, 1.0, 0.0, 0.835521, 0.0, 0.0, 0.0, 1.0],
                [1.0, 0.0, 0.0, -5e-06, 0.0, 0.0, -1.0, 0.000946, 0.0, 1.0, 0.0, 0.835903, 0.0, 0.0, 0.0, 1.0],
                [1.0, 0.0, 0.0, -5e-06, 0.0, 0.0, -1.0, 0.000946, 0.0, 1.0, 0.0, 0.836429, 0.0, 0.0, 0.0, 1.0],
                [1.0, 0.0, 0.0, -5e-06, 0.0, 0.0, -1.0, 0.000946, 0.0, 1.0, 0.0, 0.837094, 0.0, 0.0, 0.0, 1.0],
                [1.0, 0.0, 0.0, -5e-06, 0.0, 0.0, -1.0, 0.000946, 0.0, 1.0, 0.0, 0.837891, 0.0, 0.0, 0.0, 1.0],
                [1.0, 0.0, 0.0, -5e-06, 0.0, 0.0, -1.0, 0.000946, 0.0, 1.0, 0.0, 0.838816, 0.0, 0.0, 0.0, 1.0],
                [1.0, 0.0, 0.0, -5e-06, 0.0, 0.0, -1.0, 0.000946, 0.0, 1.0, 0.0, 0.839864, 0.0, 0.0, 0.0, 1.0],
                [1.0, 0.0, 0.0, -5e-06, 0.0, 0.0, -1.0, 0.000946, 0.0, 1.0, 0.0, 0.841029, 0.0, 0.0, 0.0, 1.0],
                [1.0, 0.0, 0.0, -5e-06, 0.0, 0.0, -1.0, 0.000946, 0.0, 1.0, 0.0, 0.842305, 0.0, 0.0, 0.0, 1.0],
                [1.0, 0.0, 0.0, -5e-06, 0.0, 0.0, -1.0, 0.000946, 0.0, 1.0, 0.0, 0.843688, 0.0, 0.0, 0.0, 1.0],
                [1.0, 0.0, 0.0, -5e-06, 0.0, 0.0, -1.0, 0.000946, 0.0, 1.0, 0.0, 0.845172, 0.0, 0.0, 0.0, 1.0],
                [1.0, 0.0, 0.0, -5e-06, 0.0, 0.0, -1.0, 0.000946, 0.0, 1.0, 0.0, 0.846752, 0.0, 0.0, 0.0, 1.0],
                [1.0, 0.0, 0.0, -5e-06, 0.0, 0.0, -1.0, 0.000946, 0.0, 1.0, 0.0, 0.848422, 0.0, 0.0, 0.0, 1.0],
                [1.0, 0.0, 0.0, -5e-06, 0.0, 0.0, -1.0, 0.000946, 0.0, 1.0, 0.0, 0.850178, 0.0, 0.0, 0.0, 1.0],
                [1.0, 0.0, 0.0, -5e-06, 0.0, 0.0, -1.0, 0.000946, 0.0, 1.0, 0.0, 0.852013, 0.0, 0.0, 0.0, 1.0],
                [1.0, 0.0, 0.0, -5e-06, 0.0, 0.0, -1.0, 0.000946, 0.0, 1.0, 0.0, 0.853923, 0.0, 0.0, 0.0, 1.0],
                [1.0, 0.0, 0.0, -5e-06, 0.0, 0.0, -1.0, 0.000946, 0.0, 1.0, 0.0, 0.855902, 0.0, 0.0, 0.0, 1.0],
                [1.0, 0.0, 0.0, -5e-06, 0.0, 0.0, -1.0, 0.000946, 0.0, 1.0, 0.0, 0.857945, 0.0, 0.0, 0.0, 1.0],
                [1.0, 0.0, 0.0, -5e-06, 0.0, 0.0, -1.0, 0.000946, 0.0, 1.0, 0.0, 0.860046, 0.0, 0.0, 0.0, 1.0],
                [1.0, 0.0, 0.0, -5e-06, 0.0, 0.0, -1.0, 0.000946, 0.0, 1.0, 0.0, 0.862201, 0.0, 0.0, 0.0, 1.0],
                [1.0, 0.0, 0.0, -5e-06, 0.0, 0.0, -1.0, 0.000946, 0.0, 1.0, 0.0, 0.864403, 0.0, 0.0, 0.0, 1.0],
                [1.0, 0.0, 0.0, -5e-06, 0.0, 0.0, -1.0, 0.000946, 0.0, 1.0, 0.0, 0.866648, 0.0, 0.0, 0.0, 1.0],
                [1.0, 0.0, 0.0, -5e-06, 0.0, 0.0, -1.0, 0.000946, 0.0, 1.0, 0.0, 0.868931, 0.0, 0.0, 0.0, 1.0],
                [1.0, 0.0, 0.0, -5e-06, 0.0, 0.0, -1.0, 0.000946, 0.0, 1.0, 0.0, 0.871245, 0.0, 0.0, 0.0, 1.0],
                [1.0, 0.0, 0.0, -5e-06, 0.0, 0.0, -1.0, 0.000946, 0.0, 1.0, 0.0, 0.873586, 0.0, 0.0, 0.0, 1.0],
                [1.0, 0.0, 0.0, -5e-06, 0.0, 0.0, -1.0, 0.000946, 0.0, 1.0, 0.0, 0.875948, 0.0, 0.0, 0.0, 1.0],
                [1.0, 0.0, 0.0, -5e-06, 0.0, 0.0, -1.0, 0.000946, 0.0, 1.0, 0.0, 0.878326, 0.0, 0.0, 0.0, 1.0],
                [1.0, 0.0, 0.0, -5e-06, 0.0, 0.0, -1.0, 0.000946, 0.0, 1.0, 0.0, 0.880715, 0.0, 0.0, 0.0, 1.0],
                [1.0, 0.0, 0.0, -5e-06, 0.0, 0.0, -1.0, 0.000946, 0.0, 1.0, 0.0, 0.883109, 0.0, 0.0, 0.0, 1.0],
                [1.0, 0.0, 0.0, -5e-06, 0.0, 0.0, -1.0, 0.000946, 0.0, 1.0, 0.0, 0.885503, 0.0, 0.0, 0.0, 1.0],
                [1.0, 0.0, 0.0, -5e-06, 0.0, 0.0, -1.0, 0.000946, 0.0, 1.0, 0.0, 0.887892, 0.0, 0.0, 0.0, 1.0],
                [1.0, 0.0, 0.0, -5e-06, 0.0, 0.0, -1.0, 0.000946, 0.0, 1.0, 0.0, 0.89027, 0.0, 0.0, 0.0, 1.0],
                [1.0, 0.0, 0.0, -5e-06, 0.0, 0.0, -1.0, 0.000946, 0.0, 1.0, 0.0, 0.892632, 0.0, 0.0, 0.0, 1.0],
                [1.0, 0.0, 0.0, -5e-06, 0.0, 0.0, -1.0, 0.000946, 0.0, 1.0, 0.0, 0.894973, 0.0, 0.0, 0.0, 1.0],
                [1.0, 0.0, 0.0, -5e-06, 0.0, 0.0, -1.0, 0.000946, 0.0, 1.0, 0.0, 0.897288, 0.0, 0.0, 0.0, 1.0],
                [1.0, 0.0, 0.0, -5e-06, 0.0, 0.0, -1.0, 0.000946, 0.0, 1.0, 0.0, 0.89957, 0.0, 0.0, 0.0, 1.0],
                [1.0, 0.0, 0.0, -5e-06, 0.0, 0.0, -1.0, 0.000946, 0.0, 1.0, 0.0, 0.901815, 0.0, 0.0, 0.0, 1.0],
                [1.0, 0.0, 0.0, -5e-06, 0.0, 0.0, -1.0, 0.000946, 0.0, 1.0, 0.0, 0.904018, 0.0, 0.0, 0.0, 1.0],
                [1.0, 0.0, 0.0, -5e-06, 0.0, 0.0, -1.0, 0.000946, 0.0, 1.0, 0.0, 0.906172, 0.0, 0.0, 0.0, 1.0],
                [1.0, 0.0, 0.0, -5e-06, 0.0, 0.0, -1.0, 0.000946, 0.0, 1.0, 0.0, 0.908274, 0.0, 0.0, 0.0, 1.0],
                [1.0, 0.0, 0.0, -5e-06, 0.0, 0.0, -1.0, 0.000946, 0.0, 1.0, 0.0, 0.910317, 0.0, 0.0, 0.0, 1.0],
                [1.0, 0.0, 0.0, -5e-06, 0.0, 0.0, -1.0, 0.000946, 0.0, 1.0, 0.0, 0.912296, 0.0, 0.0, 0.0, 1.0],
                [1.0, 0.0, 0.0, -5e-06, 0.0, 0.0, -1.0, 0.000946, 0.0, 1.0, 0.0, 0.914205, 0.0, 0.0, 0.0, 1.0],
                [1.0, 0.0, 0.0, -5e-06, 0.0, 0.0, -1.0, 0.000946, 0.0, 1.0, 0.0, 0.916041, 0.0, 0.0, 0.0, 1.0],
                [1.0, 0.0, 0.0, -5e-06, 0.0, 0.0, -1.0, 0.000946, 0.0, 1.0, 0.0, 0.917796, 0.0, 0.0, 0.0, 1.0],
                [1.0, 0.0, 0.0, -5e-06, 0.0, 0.0, -1.0, 0.000946, 0.0, 1.0, 0.0, 0.919466, 0.0, 0.0, 0.0, 1.0],
                [1.0, 0.0, 0.0, -5e-06, 0.0, 0.0, -1.0, 0.000946, 0.0, 1.0, 0.0, 0.921046, 0.0, 0.0, 0.0, 1.0],
                [1.0, 0.0, 0.0, -5e-06, 0.0, 0.0, -1.0, 0.000946, 0.0, 1.0, 0.0, 0.92253, 0.0, 0.0, 0.0, 1.0],
                [1.0, 0.0, 0.0, -5e-06, 0.0, 0.0, -1.0, 0.000946, 0.0, 1.0, 0.0, 0.923913, 0.0, 0.0, 0.0, 1.0],
                [1.0, 0.0, 0.0, -5e-06, 0.0, 0.0, -1.0, 0.000946, 0.0, 1.0, 0.0, 0.92519, 0.0, 0.0, 0.0, 1.0],
                [1.0, 0.0, 0.0, -5e-06, 0.0, 0.0, -1.0, 0.000946, 0.0, 1.0, 0.0, 0.926354, 0.0, 0.0, 0.0, 1.0],
                [1.0, 0.0, 0.0, -5e-06, 0.0, 0.0, -1.0, 0.000946, 0.0, 1.0, 0.0, 0.927402, 0.0, 0.0, 0.0, 1.0],
                [1.0, 0.0, 0.0, -5e-06, 0.0, 0.0, -1.0, 0.000946, 0.0, 1.0, 0.0, 0.928327, 0.0, 0.0, 0.0, 1.0],
                [1.0, 0.0, 0.0, -5e-06, 0.0, 0.0, -1.0, 0.000946, 0.0, 1.0, 0.0, 0.929125, 0.0, 0.0, 0.0, 1.0],
                [1.0, 0.0, 0.0, -5e-06, 0.0, 0.0, -1.0, 0.000946, 0.0, 1.0, 0.0, 0.929789, 0.0, 0.0, 0.0, 1.0],
                [1.0, 0.0, 0.0, -5e-06, 0.0, 0.0, -1.0, 0.000946, 0.0, 1.0, 0.0, 0.930315, 0.0, 0.0, 0.0, 1.0],
                [1.0, 0.0, 0.0, -5e-06, 0.0, 0.0, -1.0, 0.000946, 0.0, 1.0, 0.0, 0.930697, 0.0, 0.0, 0.0, 1.0],
                [1.0, 0.0, 0.0, -5e-06, 0.0, 0.0, -1.0, 0.000946, 0.0, 1.0, 0.0, 0.930931, 0.0, 0.0, 0.0, 1.0],
                [1.0, 0.0, 0.0, -5e-06, 0.0, 0.0, -1.0, 0.000946, 0.0, 1.0, 0.0, 0.93101, 0.0, 0.0, 0.0, 1.0],
                [1.0, 0.0, 0.0, -5e-06, 0.0, 0.0, -1.0, 0.000946, 0.0, 1.0, 0.0, 0.930936, 0.0, 0.0, 0.0, 1.0],
                [1.0, 0.0, 0.0, -5e-06, 0.0, 0.0, -1.0, 0.000946, 0.0, 1.0, 0.0, 0.930717, 0.0, 0.0, 0.0, 1.0],
                [1.0, 0.0, 0.0, -5e-06, 0.0, 0.0, -1.0, 0.000946, 0.0, 1.0, 0.0, 0.930358, 0.0, 0.0, 0.0, 1.0],
                [1.0, 0.0, 0.0, -5e-06, 0.0, 0.0, -1.0, 0.000946, 0.0, 1.0, 0.0, 0.929865, 0.0, 0.0, 0.0, 1.0],
                [1.0, 0.0, 0.0, -5e-06, 0.0, 0.0, -1.0, 0.000946, 0.0, 1.0, 0.0, 0.929241, 0.0, 0.0, 0.0, 1.0],
                [1.0, 0.0, 0.0, -5e-06, 0.0, 0.0, -1.0, 0.000946, 0.0, 1.0, 0.0, 0.928492, 0.0, 0.0, 0.0, 1.0],
                [1.0, 0.0, 0.0, -5e-06, 0.0, 0.0, -1.0, 0.000946, 0.0, 1.0, 0.0, 0.927622, 0.0, 0.0, 0.0, 1.0],
                [1.0, 0.0, 0.0, -5e-06, 0.0, 0.0, -1.0, 0.000946, 0.0, 1.0, 0.0, 0.926636, 0.0, 0.0, 0.0, 1.0],
                [1.0, 0.0, 0.0, -5e-06, 0.0, 0.0, -1.0, 0.000946, 0.0, 1.0, 0.0, 0.925539, 0.0, 0.0, 0.0, 1.0],
                [1.0, 0.0, 0.0, -5e-06, 0.0, 0.0, -1.0, 0.000946, 0.0, 1.0, 0.0, 0.924337, 0.0, 0.0, 0.0, 1.0],
                [1.0, 0.0, 0.0, -5e-06, 0.0, 0.0, -1.0, 0.000946, 0.0, 1.0, 0.0, 0.923033, 0.0, 0.0, 0.0, 1.0],
                [1.0, 0.0, 0.0, -5e-06, 0.0, 0.0, -1.0, 0.000946, 0.0, 1.0, 0.0, 0.921632, 0.0, 0.0, 0.0, 1.0],
                [1.0, 0.0, 0.0, -5e-06, 0.0, 0.0, -1.0, 0.000946, 0.0, 1.0, 0.0, 0.92014, 0.0, 0.0, 0.0, 1.0],
                [1.0, 0.0, 0.0, -5e-06, 0.0, 0.0, -1.0, 0.000946, 0.0, 1.0, 0.0, 0.918561, 0.0, 0.0, 0.0, 1.0],
                [1.0, 0.0, 0.0, -5e-06, 0.0, 0.0, -1.0, 0.000946, 0.0, 1.0, 0.0, 0.9169, 0.0, 0.0, 0.0, 1.0],
                [1.0, 0.0, 0.0, -5e-06, 0.0, 0.0, -1.0, 0.000946, 0.0, 1.0, 0.0, 0.915162, 0.0, 0.0, 0.0, 1.0],
                [1.0, 0.0, 0.0, -5e-06, 0.0, 0.0, -1.0, 0.000946, 0.0, 1.0, 0.0, 0.913352, 0.0, 0.0, 0.0, 1.0],
                [1.0, 0.0, 0.0, -5e-06, 0.0, 0.0, -1.0, 0.000946, 0.0, 1.0, 0.0, 0.911474, 0.0, 0.0, 0.0, 1.0],
                [1.0, 0.0, 0.0, -5e-06, 0.0, 0.0, -1.0, 0.000946, 0.0, 1.0, 0.0, 0.909533, 0.0, 0.0, 0.0, 1.0],
                [1.0, 0.0, 0.0, -5e-06, 0.0, 0.0, -1.0, 0.000946, 0.0, 1.0, 0.0, 0.907534, 0.0, 0.0, 0.0, 1.0],
                [1.0, 0.0, 0.0, -5e-06, 0.0, 0.0, -1.0, 0.000946, 0.0, 1.0, 0.0, 0.905483, 0.0, 0.0, 0.0, 1.0],
                [1.0, 0.0, 0.0, -5e-06, 0.0, 0.0, -1.0, 0.000946, 0.0, 1.0, 0.0, 0.903383, 0.0, 0.0, 0.0, 1.0],
                [1.0, 0.0, 0.0, -5e-06, 0.0, 0.0, -1.0, 0.000946, 0.0, 1.0, 0.0, 0.90124, 0.0, 0.0, 0.0, 1.0],
                [1.0, 0.0, 0.0, -5e-06, 0.0, 0.0, -1.0, 0.000946, 0.0, 1.0, 0.0, 0.899058, 0.0, 0.0, 0.0, 1.0],
                [1.0, 0.0, 0.0, -5e-06, 0.0, 0.0, -1.0, 0.000946, 0.0, 1.0, 0.0, 0.896842, 0.0, 0.0, 0.0, 1.0],
                [1.0, 0.0, 0.0, -5e-06, 0.0, 0.0, -1.0, 0.000946, 0.0, 1.0, 0.0, 0.894597, 0.0, 0.0, 0.0, 1.0],
                [1.0, 0.0, 0.0, -5e-06, 0.0, 0.0, -1.0, 0.000946, 0.0, 1.0, 0.0, 0.892329, 0.0, 0.0, 0.0, 1.0],
                [1.0, 0.0, 0.0, -5e-06, 0.0, 0.0, -1.0, 0.000946, 0.0, 1.0, 0.0, 0.890041, 0.0, 0.0, 0.0, 1.0],
                [1.0, 0.0, 0.0, -5e-06, 0.0, 0.0, -1.0, 0.000946, 0.0, 1.0, 0.0, 0.887738, 0.0, 0.0, 0.0, 1.0],
                [1.0, 0.0, 0.0, -5e-06, 0.0, 0.0, -1.0, 0.000946, 0.0, 1.0, 0.0, 0.885426, 0.0, 0.0, 0.0, 1.0],
                [1.0, 0.0, 0.0, -5e-06, 0.0, 0.0, -1.0, 0.000946, 0.0, 1.0, 0.0, 0.883109, 0.0, 0.0, 0.0, 1.0],
                [1.0, 0.0, 0.0, -5e-06, 0.0, 0.0, -1.0, 0.000946, 0.0, 1.0, 0.0, 0.880792, 0.0, 0.0, 0.0, 1.0],
                [1.0, 0.0, 0.0, -5e-06, 0.0, 0.0, -1.0, 0.000946, 0.0, 1.0, 0.0, 0.87848, 0.0, 0.0, 0.0, 1.0],
                [1.0, 0.0, 0.0, -5e-06, 0.0, 0.0, -1.0, 0.000946, 0.0, 1.0, 0.0, 0.876178, 0.0, 0.0, 0.0, 1.0],
                [1.0, 0.0, 0.0, -5e-06, 0.0, 0.0, -1.0, 0.000946, 0.0, 1.0, 0.0, 0.87389, 0.0, 0.0, 0.0, 1.0],
                [1.0, 0.0, 0.0, -5e-06, 0.0, 0.0, -1.0, 0.000946, 0.0, 1.0, 0.0, 0.871621, 0.0, 0.0, 0.0, 1.0],
                [1.0, 0.0, 0.0, -5e-06, 0.0, 0.0, -1.0, 0.000946, 0.0, 1.0, 0.0, 0.869376, 0.0, 0.0, 0.0, 1.0],
                [1.0, 0.0, 0.0, -5e-06, 0.0, 0.0, -1.0, 0.000946, 0.0, 1.0, 0.0, 0.86716, 0.0, 0.0, 0.0, 1.0],
                [1.0, 0.0, 0.0, -5e-06, 0.0, 0.0, -1.0, 0.000946, 0.0, 1.0, 0.0, 0.864979, 0.0, 0.0, 0.0, 1.0],
                [1.0, 0.0, 0.0, -5e-06, 0.0, 0.0, -1.0, 0.000946, 0.0, 1.0, 0.0, 0.862835, 0.0, 0.0, 0.0, 1.0],
                [1.0, 0.0, 0.0, -5e-06, 0.0, 0.0, -1.0, 0.000946, 0.0, 1.0, 0.0, 0.860735, 0.0, 0.0, 0.0, 1.0],
                [1.0, 0.0, 0.0, -5e-06, 0.0, 0.0, -1.0, 0.000946, 0.0, 1.0, 0.0, 0.858684, 0.0, 0.0, 0.0, 1.0],
                [1.0, 0.0, 0.0, -5e-06, 0.0, 0.0, -1.0, 0.000946, 0.0, 1.0, 0.0, 0.856685, 0.0, 0.0, 0.0, 1.0],
                [1.0, 0.0, 0.0, -5e-06, 0.0, 0.0, -1.0, 0.000946, 0.0, 1.0, 0.0, 0.854744, 0.0, 0.0, 0.0, 1.0],
                [1.0, 0.0, 0.0, -5e-06, 0.0, 0.0, -1.0, 0.000946, 0.0, 1.0, 0.0, 0.852866, 0.0, 0.0, 0.0, 1.0],
                [1.0, 0.0, 0.0, -5e-06, 0.0, 0.0, -1.0, 0.000946, 0.0, 1.0, 0.0, 0.851056, 0.0, 0.0, 0.0, 1.0],
                [1.0, 0.0, 0.0, -5e-06, 0.0, 0.0, -1.0, 0.000946, 0.0, 1.0, 0.0, 0.849318, 0.0, 0.0, 0.0, 1.0],
                [1.0, 0.0, 0.0, -5e-06, 0.0, 0.0, -1.0, 0.000946, 0.0, 1.0, 0.0, 0.847657, 0.0, 0.0, 0.0, 1.0],
                [1.0, 0.0, 0.0, -5e-06, 0.0, 0.0, -1.0, 0.000946, 0.0, 1.0, 0.0, 0.846078, 0.0, 0.0, 0.0, 1.0],
                [1.0, 0.0, 0.0, -5e-06, 0.0, 0.0, -1.0, 0.000946, 0.0, 1.0, 0.0, 0.844586, 0.0, 0.0, 0.0, 1.0],
                [1.0, 0.0, 0.0, -5e-06, 0.0, 0.0, -1.0, 0.000946, 0.0, 1.0, 0.0, 0.843185, 0.0, 0.0, 0.0, 1.0],
                [1.0, 0.0, 0.0, -5e-06, 0.0, 0.0, -1.0, 0.000946, 0.0, 1.0, 0.0, 0.841881, 0.0, 0.0, 0.0, 1.0],
                [1.0, 0.0, 0.0, -5e-06, 0.0, 0.0, -1.0, 0.000946, 0.0, 1.0, 0.0, 0.840679, 0.0, 0.0, 0.0, 1.0],
                [1.0, 0.0, 0.0, -5e-06, 0.0, 0.0, -1.0, 0.000946, 0.0, 1.0, 0.0, 0.839582, 0.0, 0.0, 0.0, 1.0],
                [1.0, 0.0, 0.0, -5e-06, 0.0, 0.0, -1.0, 0.000946, 0.0, 1.0, 0.0, 0.838596, 0.0, 0.0, 0.0, 1.0],
                [1.0, 0.0, 0.0, -5e-06, 0.0, 0.0, -1.0, 0.000946, 0.0, 1.0, 0.0, 0.837727, 0.0, 0.0, 0.0, 1.0],
                [1.0, 0.0, 0.0, -5e-06, 0.0, 0.0, -1.0, 0.000946, 0.0, 1.0, 0.0, 0.836977, 0.0, 0.0, 0.0, 1.0],
                [1.0, 0.0, 0.0, -5e-06, 0.0, 0.0, -1.0, 0.000946, 0.0, 1.0, 0.0, 0.836354, 0.0, 0.0, 0.0, 1.0],
                [1.0, 0.0, 0.0, -5e-06, 0.0, 0.0, -1.0, 0.000946, 0.0, 1.0, 0.0, 0.83586, 0.0, 0.0, 0.0, 1.0],
                [1.0, 0.0, 0.0, -5e-06, 0.0, 0.0, -1.0, 0.000946, 0.0, 1.0, 0.0, 0.835501, 0.0, 0.0, 0.0, 1.0]
            ]
        },
        {
            "name": "Thigh_R",
            "time": [0.0, 0.0167, 0.0333, 0.05, 0.0667, 0.0833, 0.1, 0.1167, 0.1333, 0.15, 0.1667, 0.1833, 0.2, 0.2167, 0.2333, 0.25, 0.2667, 0.2833, 0.3, 0.3167, 0.3333, 0.35, 0.3667, 0.3833, 0.4, 0.4167, 0.4333, 0.45, 0.4667, 0.4833, 0.5, 0.5167, 0.5333, 0.55, 0.5667, 0.5833, 0.6, 0.6167, 0.6333, 0.65, 0.6667, 0.6833, 0.7, 0.7167, 0.7333, 0.75, 0.7667, 0.7833, 0.8, 0.8167, 0.8333, 0.85, 0.8667, 0.8833, 0.9, 0.9167, 0.9333, 0.95, 0.9667, 0.9833, 1.0, 1.0167, 1.0333, 1.05, 1.0667, 1.0833, 1.1, 1.1167, 1.1333, 1.15, 1.1667, 1.1833, 1.2, 1.2167, 1.2333, 1.25, 1.2667, 1.2833, 1.3, 1.3167, 1.3333, 1.35, 1.3667, 1.3833, 1.4, 1.4167, 1.4333, 1.45, 1.4667, 1.4833, 1.5, 1.5167, 1.5333, 1.55, 1.5667, 1.5833, 1.6, 1.6167, 1.6333, 1.65, 1.6667, 1.6833, 1.7, 1.7167, 1.7333, 1.75, 1.7667, 1.7833, 1.8, 1.8167, 1.8333, 1.85, 1.8667, 1.8833, 1.9, 1.9167, 1.9333, 1.95, 1.9667, 1.9833, 2.0],
            "transform": [
                [0.953455, 0.209142, 0.217218, 0.124994, 0.103444, -0.903522, 0.415871, -0.002831, 0.283237, -0.374045, -0.883101, -1.2e-05, 0.0, 0.0, 0.0, 1.0],
                [0.953455, 0.209223, 0.217141, 0.124994, 0.103437, -0.903358, 0.416229, -0.002831, 0.28324, -0.374395, -0.882952, -1.2e-05, 0.0, 0.0, 0.0, 1.0],
                [0.953454, 0.209463, 0.216912, 0.124994, 0.103417, -0.902873, 0.417286, -0.002831, 0.28325, -0.37543, -0.882509, -1.2e-05, 0.0, 0.0, 0.0, 1.0],
                [0.953454, 0.209851, 0.21654, 0.124994, 0.103383, -0.90208, 0.419006, -0.002831, 0.283265, -0.377116, -0.881785, -1.2e-05, 0.0, 0.0, 0.0, 1.0],
                [0.953452, 0.210382, 0.21603, 0.124994, 0.103337, -0.90099, 0.421357, -0.002831, 0.283286, -0.37942, -0.880789, -1.2e-05, 0.0, 0.0, 0.0, 1.0],
                [0.95345, 0.211048, 0.215386, 0.124994, 0.103278, -0.899609, 0.424311, -0.002831, 0.283313, -0.382315, -0.879528, -1.2e-05, 0.0, 0.0, 0.0, 1.0],
                [0.953449, 0.21184, 0.214616, 0.124994, 0.103206, -0.897948, 0.427833, -0.002831, 0.283346, -0.385767, -0.878009, -1.2e-05, 0.0, 0.0, 0.0, 1.0],
                [0.953447, 0.212774, 0.213699, 0.124994, 0.103122, -0.895963, 0.431994, -0.002831, 0.283383, -0.389846, -0.876193, -1.2e-05, 0.0, 0.0, 0.0, 1.0],
                [0.953443, 0.213799, 0.212687, 0.124994, 0.103029, -0.893757, 0.436562, -0.002831, 0.283427, -0.394324, -0.874173, -1.2e-05, 0.0, 0.0, 0.0, 1.0],
                [0.953441, 0.214921, 0.211567, 0.124994, 0.102924, -0.891295, 0.44159, -0.002831, 0.283475, -0.399255, -0.871917, -1.2e-05, 0.0, 0.0, 0.0, 1.0],
                [0.953438, 0.216132, 0.210343, 0.124994, 0.102807, -0.888587, 0.447041, -0.002831, 0.283527, -0.404601, -0.869431, -1.2e-05, 0.0, 0.0, 0.0, 1.0],
                [0.953434, 0.217426, 0.209021, 0.124994, 0.102681, -0.88564, 0.452879, -0.002831, 0.283585, -0.410328, -0.866724, -1.2e-05, 0.0, 0.0, 0.0, 1.0],
                [0.95343, 0.218791, 0.207609, 0.124994, 0.102544, -0.882464, 0.459069, -0.002831, 0.283647, -0.416402, -0.863802, -1.2e-05, 0.0, 0.0, 0.0, 1.0],
                [0.953426, 0.220221, 0.206111, 0.124994, 0.102398, -0.879066, 0.465576, -0.002831, 0.283714, -0.422787, -0.860673, -1.2e-05, 0.0, 0.0, 0.0, 1.0],
                [0.953422, 0.221707, 0.204533, 0.124994, 0.102242, -0.875455, 0.472364, -0.002831, 0.283785, -0.429451, -0.857344, -1.2e-05, 0.0, 0.0, 0.0, 1.0],
                [0.953417, 0.223238, 0.202882, 0.124994, 0.102076, -0.871639, 0.479403, -0.002831, 0.28386, -0.436362, -0.853822, -1.2e-05, 0.0, 0.0, 0.0, 1.0],
                [0.953412, 0.224811, 0.201162, 0.124994, 0.101902, -0.867629, 0.48666, -0.002831, 0.28394, -0.443489, -0.850115, -1.2e-05, 0.0, 0.0, 0.0, 1.0],
                [0.953407, 0.226412, 0.199383, 0.124994, 0.101719, -0.86344, 0.494092, -0.002831, 0.284023, -0.45079, -0.846239, -1.2e-05, 0.0, 0.0, 0.0, 1.0],
                [0.953401, 0.228057, 0.197527, 0.124994, 0.101528, -0.859031, 0.501757, -0.002831, 0.28411, -0.458321, -0.842155, -1.2e-05, 0.0, 0.0, 0.0, 1.0],
                [0.953396, 0.229705, 0.195636, 0.124994, 0.101329, -0.854492, 0.509488, -0.002831, 0.2842, -0.46592, -0.837943, -1.2e-05, 0.0, 0.0, 0.0, 1.0],
                [0.953389, 0.231368, 0.193697, 0.124994, 0.101123, -0.849794, 0.517326, -0.002831, 0.284295, -0.473626, -0.83358, -1.2e-05, 0.0, 0.0, 0.0, 1.0],
                [0.953383, 0.233037, 0.191717, 0.124994, 0.100909, -0.844948, 0.525245, -0.002831, 0.284392, -0.481414, -0.829073, -1.2e-05, 0.0, 0.0, 0.0, 1.0],
                [0.953376, 0.234709, 0.1897, 0.124994, 0.100689, -0.839963, 0.533222, -0.002831, 0.284493, -0.489261, -0.824432, -1.2e-05, 0.0, 0.0, 0.0, 1.0],
                [0.953369, 0.236378, 0.187651, 0.124994, 0.100461, -0.83485, 0.541235, -0.002831, 0.284596, -0.497145, -0.819666, -1.2e-05, 0.0, 0.0, 0.0, 1.0],
                [0.953362, 0.238039, 0.185576, 0.124994, 0.100226, -0.829619, 0.549262, -0.002831, 0.284702, -0.505047, -0.814784, -1.2e-05, 0.0, 0.0, 0.0, 1.0],
                [0.953355, 0.23969, 0.183477, 0.124994, 0.099987, -0.824281, 0.557283, -0.002831, 0.284812, -0.512944, -0.809797, -1.2e-05, 0.0, 0.0, 0.0, 1.0],
                [0.953347, 0.241326, 0.181361, 0.124994, 0.099742, -0.818847, 0.565281, -0.002831, 0.284923, -0.52082, -0.804715, -1.2e-05, 0.0, 0.0, 0.0, 1.0],
                [0.953339, 0.242944, 0.179231, 0.124994, 0.099494, -0.813329, 0.573236, -0.002831, 0.285037, -0.528656, -0.799548, -1.2e-05, 0.0, 0.0, 0.0, 1.0],
                [0.953331, 0.244533, 0.177098, 0.124994, 0.099237, -0.807747, 0.581119, -0.002831, 0.285152, -0.536425, -0.794316, -1.2e-05, 0.0, 0.0, 0.0, 1.0],
                [0.953323, 0.246116, 0.174936, 0.124994, 0.098978, -0.802046, 0.589005, -0.002831, 0.28527, -0.544197, -0.788969, -1.2e-05, 0.0, 0.0, 0.0, 1.0],
                [0.953314, 0.247657, 0.172796, 0.124994, 0.098717, -0.796349, 0.59673, -0.002831, 0.28539, -0.551813, -0.783617, -1.2e-05, 0.0, 0.0, 0.0, 1.0],
                [0.953306, 0.249164, 0.170662, 0.124994, 0.09845, -0.790615, 0.604349, -0.002831, 0.28551, -0.559328, -0.778227, -1.2e-05, 0.0, 0.0, 0.0, 1.0],
                [0.953297, 0.250641, 0.168537, 0.124994, 0.098184, -0.784858, 0.611849, -0.002831, 0.285632, -0.566726, -0.772811, -1.2e-05, 0.0, 0.0, 0.0, 1.0],
                [0.953288, 0.252081, 0.166427, 0.124994, 0.097913, -0.779091, 0.619219, -0.002831, 0.285754, -0.573999, -0.767379, -1.2e-05, 0.0, 0.0, 0.0, 1.0],
                [0.953279, 0.253485, 0.164334, 0.124994, 0.097643, -0.773328, 0.626444, -0.002831, 0.285878, -0.58113, -0.761947, -1.2e-05, 0.0, 0.0, 0.0, 1.0],
                [0.953269, 0.254849, 0.162265, 0.124994, 0.09737, -0.767582, 0.633513, -0.002831, 0.286001, -0.588109, -0.756526, -1.2e-05, 0.0, 0.0, 0.0, 1.0],
                [0.95326, 0.256172, 0.160223, 0.124994, 0.097098, -0.761868, 0.640415, -0.002831, 0.286125, -0.594925, -0.751131, -1.2e-05, 0.0, 0.0, 0.0, 1.0],
                [0.953251, 0.257453, 0.158213, 0.124994, 0.096826, -0.756199, 0.647139, -0.002831, 0.286248, -0.601568, -0.745775, -1.2e-05, 0.0, 0.0, 0.0, 1.0],
                [0.953242, 0.25869, 0.156238, 0.124994, 0.096556, -0.750591, 0.653676, -0.002831, 0.28637, -0.608025, -0.740472, -1.2e-05, 0.0, 0.0, 0.0, 1.0],
                [0.953232, 0.259883, 0.154304, 0.124994, 0.096288, -0.745058, 0.660014, -0.002831, 0.286492, -0.61429, -0.735236, -1.2e-05, 0.0, 0.0, 0.0, 1.0],
                [0.953223, 0.261031, 0.152415, 0.124994, 0.096024, -0.739616, 0.666144, -0.002831, 0.286612, -0.620349, -0.730083, -1.2e-05, 0.0, 0.0, 0.0, 1.0],
                [0.953213, 0.26213, 0.150575, 0.124994, 0.095762, -0.73428, 0.672059, -0.002831, 0.28673, -0.626197, -0.725027, -1.2e-05, 0.0, 0.0, 0.0, 1.0],
                [0.953205, 0.26318, 0.148789, 0.124994, 0.095503, -0.729066, 0.677749, -0.002831, 0.286846, -0.631824, -0.720083, -1.2e-05, 0.0, 0.0, 0.0, 1.0],
                [0.953196, 0.264182, 0.147061, 0.124994, 0.095252, -0.723994, 0.683199, -0.002831, 0.28696, -0.637215, -0.715271, -1.2e-05, 0.0, 0.0, 0.0, 1.0],
                [0.953186, 0.265151, 0.145369, 0.124994, 0.095009, -0.719006, 0.688481, -0.002831, 0.287072, -0.642439, -0.710537, -1.2e-05, 0.0, 0.0, 0.0, 1.0],
                [0.953177, 0.266052, 0.14377, 0.124994, 0.09477, -0.714255, 0.69344, -0.002831, 0.287179, -0.647347, -0.706025, -1.2e-05, 0.0, 0.0, 0.0, 1.0],
                [0.953169, 0.266904, 0.142242, 0.124994, 0.094541, -0.709691, 0.698141, -0.002831, 0.287284, -0.651999, -0.701688, -1.2e-05, 0.0, 0.0, 0.0, 1.0],
                [0.95316, 0.267703, 0.140789, 0.124994, 0.094322, -0.70533, 0.702576, -0.002831, 0.287384, -0.656389, -0.697542, -1.2e-05, 0.0, 0.0, 0.0, 1.0],
                [0.953152, 0.268448, 0.139416, 0.124994, 0.094111, -0.701189, 0.706738, -0.002831, 0.287479, -0.660508, -0.693604, -1.2e-05, 0.0, 0.0, 0.0, 1.0],
                [0.953145, 0.26914, 0.138128, 0.124994, 0.093911, -0.697285, 0.710617, -0.002831, 0.287569, -0.664349, -0.689888, -1.2e-05, 0.0, 0.0, 0.0, 1.0],
                [0.953138, 0.269777, 0.136928, 0.124994, 0.093724, -0.693634, 0.714206, -0.002831, 0.287654, -0.667903, -0.686412, -1.2e-05, 0.0, 0.0, 0.0, 1.0],
                [0.953131, 0.27036, 0.135821, 0.124994, 0.09355, -0.690252, 0.717497, -0.002831, 0.287733, -0.671163, -0.683192, -1.2e-05, 0.0, 0.0, 0.0, 1.0],
                [0.953124, 0.270888, 0.134811, 0.124994, 0.093392, -0.687158, 0.720481, -0.002831, 0.287806, -0.674118, -0.680245, -1.2e-05, 0.0, 0.0, 0.0, 1.0],
                [0.953119, 0.271357, 0.133904, 0.124994, 0.093247, -0.684367, 0.723152, -0.002831, 0.287871, -0.676764, -0.677586, -1.2e-05, 0.0, 0.0, 0.0, 1.0],
                [0.953114, 0.271767, 0.133103, 0.124994, 0.093117, -0.681897, 0.725498, -0.002831, 0.287929, -0.679089, -0.675231, -1.2e-05, 0.0, 0.0, 0.0, 1.0],
                [0.95311, 0.27212, 0.132413, 0.124994, 0.093006, -0.679763, 0.727512, -0.002831, 0.287979, -0.681084, -0.673197, -1.2e-05, 0.0, 0.0, 0.0, 1.0],
                [0.953106, 0.272411, 0.131838, 0.124994, 0.092912, -0.677982, 0.729184, -0.002831, 0.288021, -0.682741, -0.671499, -1.2e-05, 0.0, 0.0, 0.0, 1.0],
                [0.953103, 0.27264, 0.131383, 0.124994, 0.092838, -0.67657, 0.730503, -0.002831, 0.288054, -0.684048, -0.670152, -1.2e-05, 0.0, 0.0, 0.0, 1.0],
                [0.953101, 0.27281, 0.131051, 0.124994, 0.092788, -0.675543, 0.731461, -0.002831, 0.28808, -0.684996, -0.669173, -1.2e-05, 0.0, 0.0, 0.0, 1.0],
                [0.9531, 0.272909, 0.13085, 0.124994, 0.092752, -0.674915, 0.732043, -0.002831, 0.288094, -0.685575, -0.668574, -1.2e-05, 0.0, 0.0, 0.0, 1.0],
                [0.9531, 0.272943, 0.130782, 0.124994, 0.092741, -0.674703, 0.732241, -0.002831, 0.288099, -0.68577, -0.668371, -1.2e-05, 0.0, 0.0, 0.0, 1.0],
                [0.9531, 0.27291, 0.130846, 0.124994, 0.092751, -0.674902, 0.732056, -0.002831, 0.288093, -0.685587, -0.668561, -1.2e-05, 0.0, 0.0, 0.0, 1.0],
                [0.953101, 0.272816, 0.131035, 0.124994, 0.092782, -0.67549, 0.731509, -0.002831, 0.28808, -0.685045, -0.669122, -1.2e-05, 0.0, 0.0, 0.0, 1.0],
                [0.953103, 0.272658, 0.131346, 0.124994, 0.092831, -0.676454, 0.730612, -0.002831, 0.288056, -0.684156, -0.670041, -1.2e-05, 0.0, 0.0, 0.0, 1.0],
                [0.953106, 0.272446, 0.131772, 0.124994, 0.092904, -0.677779, 0.729374, -0.002831, 0.288026, -0.682929, -0.671305, -1.2e-05, 0.0, 0.0, 0.0, 1.0],
                [0.953109, 0.27217, 0.132312, 0.124994, 0.092989, -0.679452, 0.727805, -0.002831, 0.287986, -0.681374, -0.6729, -1.2e-05, 0.0, 0.0, 0.0, 1.0],
                [0.953113, 0.271842, 0.13296, 0.124994, 0.093096, -0.681457, 0.725914, -0.002831, 0.28794, -0.6795, -0.674812, -1.2e-05, 0.0, 0.0, 0.0, 1.0],
                [0.953118, 0.271455, 0.133713, 0.124994, 0.093216, -0.683781, 0.72371, -0.002831, 0.287885, -0.677317, -0.677027, -1.2e-05, 0.0, 0.0, 0.0, 1.0],
                [0.953123, 0.271014, 0.134567, 0.124994, 0.093353, -0.686408, 0.721201, -0.002831, 0.287823, -0.674831, -0.679531, -1.2e-05, 0.0, 0.0, 0.0, 1.0],
                [0.953129, 0.270518, 0.135518, 0.124994, 0.093502, -0.689324, 0.718395, -0.002831, 0.287754, -0.672053, -0.682308, -1.2e-05, 0.0, 0.0, 0.0, 1.0],
                [0.953135, 0.269972, 0.13656, 0.124994, 0.093666, -0.692513, 0.7153, -0.002831, 0.28768, -0.668987, -0.685345, -1.2e-05, 0.0, 0.0, 0.0, 1.0],
                [0.953142, 0.269372, 0.137692, 0.124994, 0.093843, -0.69596, 0.711924, -0.002831, 0.2876, -0.665644, -0.688626, -1.2e-05, 0.0, 0.0, 0.0, 1.0],
                [0.953149, 0.268723, 0.138907, 0.124994, 0.094032, -0.699649, 0.708273, -0.002831, 0.287515, -0.662029, -0.692138, -1.2e-05, 0.0, 0.0, 0.0, 1.0],
                [0.953157, 0.268021, 0.140204, 0.124994, 0.094231, -0.703566, 0.704355, -0.002831, 0.287424, -0.65815, -0.695864, -1.2e-05, 0.0, 0.0, 0.0, 1.0],
                [0.953165, 0.26727, 0.141576, 0.124994, 0.09444, -0.707696, 0.700178, -0.002831, 0.287329, -0.654015, -0.699791, -1.2e-05, 0.0, 0.0, 0.0, 1.0],
                [0.953173, 0.266471, 0.143022, 0.124994, 0.094659, -0.712023, 0.695748, -0.002831, 0.28723, -0.64963, -0.703904, -1.2e-05, 0.0, 0.0, 0.0, 1.0],
                [0.953181, 0.265623, 0.144535, 0.124994, 0.094885, -0.716531, 0.691072, -0.002831, 0.287128, -0.645003, -0.708187, -1.2e-05, 0.0, 0.0, 0.0, 1.0],
                [0.95319, 0.26471, 0.146143, 0.124994, 0.095119, -0.721286, 0.686076, -0.002831, 0.287022, -0.64006, -0.712701, -1.2e-05, 0.0, 0.0, 0.0, 1.0],
                [0.953199, 0.263772, 0.147776, 0.124994, 0.09536, -0.726101, 0.680945, -0.002831, 0.286914, -0.634984, -0.71727, -1.2e-05, 0.0, 0.0, 0.0, 1.0],
                [0.953208, 0.262781, 0.149473, 0.124994, 0.095604, -0.731069, 0.675573, -0.002831, 0.286802, -0.629672, -0.721983, -1.2e-05, 0.0, 0.0, 0.0, 1.0],
                [0.953217, 0.261746, 0.151222, 0.124994, 0.095855, -0.736161, 0.669986, -0.002831, 0.286689, -0.624147, -0.726809, -1.2e-05, 0.0, 0.0, 0.0, 1.0],
                [0.953225, 0.260667, 0.153018, 0.124994, 0.09611, -0.741361, 0.664191, -0.002831, 0.286574, -0.618417, -0.731735, -1.2e-05, 0.0, 0.0, 0.0, 1.0],
                [0.953235, 0.259542, 0.154861, 0.124994, 0.096366, -0.746656, 0.658195, -0.002831, 0.286457, -0.612491, -0.736748, -1.2e-05, 0.0, 0.0, 0.0, 1.0],
                [0.953244, 0.258375, 0.156744, 0.124994, 0.096625, -0.752032, 0.652007, -0.002831, 0.286338, -0.606377, -0.741834, -1.2e-05, 0.0, 0.0, 0.0, 1.0],
                [0.953253, 0.257168, 0.158663, 0.124994, 0.096888, -0.757474, 0.645637, -0.002831, 0.28622, -0.600083, -0.74698, -1.2e-05, 0.0, 0.0, 0.0, 1.0],
                [0.953262, 0.255919, 0.160616, 0.124994, 0.097151, -0.762971, 0.639092, -0.002831, 0.286101, -0.593619, -0.752173, -1.2e-05, 0.0, 0.0, 0.0, 1.0],
                [0.953271, 0.25463, 0.162597, 0.124994, 0.097413, -0.768507, 0.632384, -0.002831, 0.285981, -0.586994, -0.757399, -1.2e-05, 0.0, 0.0, 0.0, 1.0],
                [0.95328, 0.253307, 0.164603, 0.124994, 0.097678, -0.774071, 0.62552, -0.002831, 0.285862, -0.580218, -0.762647, -1.2e-05, 0.0, 0.0, 0.0, 1.0],
                [0.953289, 0.251943, 0.16663, 0.124994, 0.097939, -0.779649, 0.618511, -0.002831, 0.285742, -0.5733, -0.767905, -1.2e-05, 0.0, 0.0, 0.0, 1.0],
                [0.953297, 0.250547, 0.168674, 0.124994, 0.098201, -0.78523, 0.611369, -0.002831, 0.285624, -0.566253, -0.773161, -1.2e-05, 0.0, 0.0, 0.0, 1.0],
                [0.953306, 0.249118, 0.17073, 0.124994, 0.098461, -0.7908, 0.604105, -0.002831, 0.285507, -0.559087, -0.778402, -1.2e-05, 0.0, 0.0, 0.0, 1.0],
                [0.953314, 0.247656, 0.172796, 0.124994, 0.098716, -0.796349, 0.596729, -0.002831, 0.285389, -0.551813, -0.783617, -1.2e-05, 0.0, 0.0, 0.0, 1.0],
                [0.953322, 0.246168, 0.174867, 0.124994, 0.098971, -0.801863, 0.589256, -0.002831, 0.285274, -0.544444, -0.788796, -1.2e-05, 0.0, 0.0, 0.0, 1.0],
                [0.953331, 0.244635, 0.17696, 0.124994, 0.099221, -0.807385, 0.581624, -0.002831, 0.28516, -0.536922, -0.793977, -1.2e-05, 0.0, 0.0, 0.0, 1.0],
                [0.953338, 0.243098, 0.179025, 0.124994, 0.099468, -0.812791, 0.574003, -0.002831, 0.285048, -0.529412, -0.799044, -1.2e-05, 0.0, 0.0, 0.0, 1.0],
                [0.953346, 0.241536, 0.181086, 0.124994, 0.099711, -0.81814, 0.56631, -0.002831, 0.284938, -0.521834, -0.804053, -1.2e-05, 0.0, 0.0, 0.0, 1.0],
                [0.953354, 0.239955, 0.183136, 0.124994, 0.099948, -0.823411, 0.558576, -0.002831, 0.28483, -0.514216, -0.808984, -1.2e-05, 0.0, 0.0, 0.0, 1.0],
                [0.953361, 0.23836, 0.185171, 0.124994, 0.100181, -0.828594, 0.550816, -0.002831, 0.284724, -0.506576, -0.813827, -1.2e-05, 0.0, 0.0, 0.0, 1.0],
                [0.953368, 0.236754, 0.187185, 0.124994, 0.100408, -0.833678, 0.543047, -0.002831, 0.28462, -0.498929, -0.818573, -1.2e-05, 0.0, 0.0, 0.0, 1.0],
                [0.953374, 0.23514, 0.189174, 0.124994, 0.100631, -0.838655, 0.535288, -0.002831, 0.284519, -0.491293, -0.823213, -1.2e-05, 0.0, 0.0, 0.0, 1.0],
                [0.953381, 0.233521, 0.191136, 0.124994, 0.100845, -0.843514, 0.527556, -0.002831, 0.284421, -0.483687, -0.827739, -1.2e-05, 0.0, 0.0, 0.0, 1.0],
                [0.953387, 0.231905, 0.193063, 0.124994, 0.101055, -0.848246, 0.519873, -0.002831, 0.284326, -0.47613, -0.832141, -1.2e-05, 0.0, 0.0, 0.0, 1.0],
                [0.953393, 0.230293, 0.194953, 0.124994, 0.101257, -0.852842, 0.512259, -0.002831, 0.284234, -0.468644, -0.836412, -1.2e-05, 0.0, 0.0, 0.0, 1.0],
                [0.953399, 0.228694, 0.1968, 0.124994, 0.101453, -0.857293, 0.504735, -0.002831, 0.284145, -0.461248, -0.840543, -1.2e-05, 0.0, 0.0, 0.0, 1.0],
                [0.953404, 0.22709, 0.198622, 0.124994, 0.101641, -0.861636, 0.497248, -0.002831, 0.284059, -0.45389, -0.844568, -1.2e-05, 0.0, 0.0, 0.0, 1.0],
                [0.95341, 0.225533, 0.200364, 0.124994, 0.101821, -0.865756, 0.490001, -0.002831, 0.283977, -0.446771, -0.848383, -1.2e-05, 0.0, 0.0, 0.0, 1.0],
                [0.953415, 0.223995, 0.202057, 0.124994, 0.101993, -0.869723, 0.482889, -0.002831, 0.283898, -0.439785, -0.852051, -1.2e-05, 0.0, 0.0, 0.0, 1.0],
                [0.953419, 0.222492, 0.20369, 0.124994, 0.102157, -0.873511, 0.475968, -0.002831, 0.283823, -0.432988, -0.85555, -1.2e-05, 0.0, 0.0, 0.0, 1.0],
                [0.953424, 0.221028, 0.205255, 0.124994, 0.102312, -0.877111, 0.469265, -0.002831, 0.283752, -0.426409, -0.858872, -1.2e-05, 0.0, 0.0, 0.0, 1.0],
                [0.953428, 0.219614, 0.206749, 0.124994, 0.10246, -0.880517, 0.46281, -0.002831, 0.283686, -0.420073, -0.86201, -1.2e-05, 0.0, 0.0, 0.0, 1.0],
                [0.953432, 0.218255, 0.208166, 0.124994, 0.102598, -0.88372, 0.456634, -0.002831, 0.283623, -0.414012, -0.864959, -1.2e-05, 0.0, 0.0, 0.0, 1.0],
                [0.953436, 0.216958, 0.209501, 0.124994, 0.102727, -0.886713, 0.450766, -0.002831, 0.283564, -0.408255, -0.86771, -1.2e-05, 0.0, 0.0, 0.0, 1.0],
                [0.953439, 0.215732, 0.210748, 0.124994, 0.102846, -0.889487, 0.445239, -0.002831, 0.28351, -0.402833, -0.870258, -1.2e-05, 0.0, 0.0, 0.0, 1.0],
                [0.953442, 0.214584, 0.211903, 0.124994, 0.102955, -0.892036, 0.440084, -0.002831, 0.28346, -0.397778, -0.872596, -1.2e-05, 0.0, 0.0, 0.0, 1.0],
                [0.953444, 0.213525, 0.212959, 0.124994, 0.103055, -0.894351, 0.435337, -0.002831, 0.283415, -0.393123, -0.874718, -1.2e-05, 0.0, 0.0, 0.0, 1.0],
                [0.953447, 0.212559, 0.213911, 0.124994, 0.103142, -0.896424, 0.43103, -0.002831, 0.283374, -0.388901, -0.876616, -1.2e-05, 0.0, 0.0, 0.0, 1.0],
                [0.953449, 0.211678, 0.214775, 0.124994, 0.103221, -0.898291, 0.427108, -0.002831, 0.283339, -0.385057, -0.878323, -1.2e-05, 0.0, 0.0, 0.0, 1.0],
                [0.953451, 0.210931, 0.215499, 0.124994, 0.103287, -0.899851, 0.423795, -0.002831, 0.283308, -0.38181, -0.879749, -1.2e-05, 0.0, 0.0, 0.0, 1.0],
                [0.953452, 0.210306, 0.216103, 0.124994, 0.103343, -0.901147, 0.421019, -0.002831, 0.283283, -0.379088, -0.880933, -1.2e-05, 0.0, 0.0, 0.0, 1.0],
                [0.953453, 0.209808, 0.216582, 0.124994, 0.103388, -0.90217, 0.418811, -0.002831, 0.283263, -0.376925, -0.881868, -1.2e-05, 0.0, 0.0, 0.0, 1.0],
                [0.953455, 0.209441, 0.216932, 0.124994, 0.103418, -0.902914, 0.417197, -0.002831, 0.283248, -0.375344, -0.882546, -1.2e-05, 0.0, 0.0, 0.0, 1.0]
            ]
        },
        {
            "name": "Leg_R",
            "time": [0.0, 0.0167, 0.0333, 0.05, 0.0667, 0.0833, 0.1, 0.1167, 0.1333, 0.15, 0.1667, 0.1833, 0.2, 0.2167, 0.2333, 0.25, 0.2667, 0.2833, 0.3, 0.3167, 0.3333, 0.35, 0.3667, 0.3833, 0.4, 0.4167, 0.4333, 0.45, 0.4667, 0.4833, 0.5, 0.5167, 0.5333, 0.55, 0.5667, 0.5833, 0.6, 0.6167, 0.6333, 0.65, 0.6667, 0.6833, 0.7, 0.7167, 0.7333, 0.75, 0.7667, 0.7833, 0.8, 0.8167, 0.8333, 0.85, 0.8667, 0.8833, 0.9, 0.9167, 0.9333, 0.95, 0.9667, 0.9833, 1.0, 1.0167, 1.0333, 1.05, 1.0667, 1.0833, 1.1, 1.1167, 1.1333, 1.15, 1.1667, 1.1833, 1.2, 1.2167, 1.2333, 1.25, 1.2667, 1.2833, 1.3, 1.3167, 1.3333, 1.35, 1.3667, 1.3833, 1.4, 1.4167, 1.4333, 1.45, 1.4667, 1.4833, 1.5, 1.5167, 1.5333, 1.55, 1.5667, 1.5833, 1.6, 1.6167, 1.6333, 1.65, 1.6667, 1.6833, 1.7, 1.7167, 1.7333, 1.75, 1.7667, 1.7833, 1.8, 1.8167, 1.8333, 1.85, 1.8667, 1.8833, 1.9, 1.9167, 1.9333, 1.95, 1.9667, 1.9833, 2.0],
            "transform": [
                [1.0, 1.5e-05, 7e-06, 0.0, -1.5e-05, 0.696002, 0.718038, 0.374726, 6e-06, -0.71804, 0.696003, 0.0, 0.0, 0.0, 0.0, 1.0],
                [1.0, 1.4e-05, 7e-06, 0.0, -1.5e-05, 0.695543, 0.718484, 0.374726, 5e-06, -0.718485, 0.695543, 0.0, 0.0, 0.0, 0.0, 1.0],
                [1.0, 1.4e-05, 7e-06, 0.0, -1.4e-05, 0.694184, 0.719797, 0.374726, 5e-06, -0.719798, 0.694184, 0.0, 0.0, 0.0, 0.0, 1.0],
                [1.0, 1.4e-05, 7e-06, 0.0, -1.5e-05, 0.691969, 0.721927, 0.374726, 5e-06, -0.721928, 0.691969, -0.0, 0.0, 0.0, 0.0, 1.0],
                [1.0, 1.4e-05, 7e-06, 0.0, -1.4e-05, 0.688931, 0.724825, 0.374726, 5e-06, -0.724827, 0.688932, -0.0, 0.0, 0.0, 0.0, 1.0],
                [1.0, 1.3e-05, 6e-06, -0.0, -1.4e-05, 0.685099, 0.728449, 0.374726, 5e-06, -0.728451, 0.6851, 0.0, 0.0, 0.0, 0.0, 1.0],
                [1.0, 1.5e-05, 7e-06, 0.0, -1.5e-05, 0.680505, 0.732742, 0.374726, 6e-06, -0.732744, 0.680506, -0.0, 0.0, 0.0, 0.0, 1.0],
                [1.0, 1.7e-05, 8e-06, -0.0, -1.8e-05, 0.675016, 0.737802, 0.374726, 7e-06, -0.737803, 0.675016, 0.0, 0.0, 0.0, 0.0, 1.0],
                [1.0, 1.4e-05, 7e-06, 0.0, -1.4e-05, 0.668974, 0.743285, 0.374726, 6e-06, -0.743287, 0.668974, 0.0, 0.0, 0.0, 0.0, 1.0],
                [1.0, 1.4e-05, 7e-06, 0.0, -1.4e-05, 0.662273, 0.749261, 0.374726, 6e-06, -0.749263, 0.662274, 0.0, 0.0, 0.0, 0.0, 1.0],
                [1.0, 1.6e-05, 8e-06, 0.0, -1.6e-05, 0.654951, 0.755671, 0.374726, 7e-06, -0.755672, 0.654951, -0.0, 0.0, 0.0, 0.0, 1.0],
                [1.0, 1.4e-05, 7e-06, 0.0, -1.5e-05, 0.64704, 0.762456, 0.374726, 6e-06, -0.762456, 0.64704, 0.0, 0.0, 0.0, 0.0, 1.0],
                [1.0, 1.6e-05, 8e-06, -0.0, -1.7e-05, 0.638578, 0.769556, 0.374726, 7e-06, -0.769557, 0.638578, -0.0, 0.0, 0.0, 0.0, 1.0],
                [1.0, 1.6e-05, 8e-06, 0.0, -1.6e-05, 0.629601, 0.776917, 0.374726, 7e-06, -0.776919, 0.629601, 0.0, 0.0, 0.0, 0.0, 1.0],
                [1.0, 1.4e-05, 8e-06, -0.0, -1.5e-05, 0.620145, 0.784486, 0.374726, 6e-06, -0.784488, 0.620145, 0.0, 0.0, 0.0, 0.0, 1.0],
                [1.0, 1.7e-05, 9e-06, -0.0, -1.7e-05, 0.610246, 0.792211, 0.374726, 8e-06, -0.792213, 0.610246, 0.0, 0.0, 0.0, 0.0, 1.0],
                [1.0, 1.6e-05, 9e-06, -0.0, -1.7e-05, 0.599939, 0.800045, 0.374726, 8e-06, -0.800047, 0.599939, -0.0, 0.0, 0.0, 0.0, 1.0],
                [1.0, 1.7e-05, 9e-06, 0.0, -1.8e-05, 0.589283, 0.807925, 0.374726, 8e-06, -0.807927, 0.589284, 0.0, 0.0, 0.0, 0.0, 1.0],
                [1.0, 1.7e-05, 1e-05, 0.0, -1.8e-05, 0.578162, 0.815922, 0.374726, 8e-06, -0.815923, 0.578162, 0.0, 0.0, 0.0, 0.0, 1.0],
                [1.0, 1.8e-05, 1e-05, 0.0, -1.8e-05, 0.566852, 0.823819, 0.374726, 9e-06, -0.82382, 0.566852, 0.0, 0.0, 0.0, 0.0, 1.0],
                [1.0, 1.6e-05, 1e-05, 0.0, -1.7e-05, 0.555274, 0.831667, 0.374726, 8e-06, -0.831669, 0.555274, 0.0, 0.0, 0.0, 0.0, 1.0],
                [1.0, 1.8e-05, 1e-05, -0.0, -1.8e-05, 0.543462, 0.839432, 0.374726, 9e-06, -0.839434, 0.543463, 0.0, 0.0, 0.0, 0.0, 1.0],
                [1.0, 1.7e-05, 1e-05, 0.0, -1.7e-05, 0.531451, 0.847089, 0.374726, 9e-06, -0.84709, 0.53145, 0.0, 0.0, 0.0, 0.0, 1.0],
                [1.0, 1.7e-05, 1e-05, -0.0, -1.7e-05, 0.51927, 0.85461, 0.374726, 9e-06, -0.854611, 0.519269, 0.0, 0.0, 0.0, 0.0, 1.0],
                [1.0, 1.9e-05, 1.2e-05, -0.0, -2e-05, 0.506954, 0.861972, 0.374726, 1.1e-05, -0.861974, 0.506955, 0.0, 0.0, 0.0, 0.0, 1.0],
                [1.0, 1.9e-05, 1.2e-05, -0.0, -1.9e-05, 0.494536, 0.869156, 0.374726, 1.1e-05, -0.869158, 0.494536, 0.0, 0.0, 0.0, 0.0, 1.0],
                [1.0, 1.8e-05, 1.2e-05, -0.0, -1.9e-05, 0.482044, 0.876146, 0.374726, 1.1e-05, -0.876148, 0.482044, -0.0, 0.0, 0.0, 0.0, 1.0],
                [1.0, 1.5e-05, 1e-05, -0.0, -1.6e-05, 0.469512, 0.882926, 0.374726, 9e-06, -0.882927, 0.469512, 0.0, 0.0, 0.0, 0.0, 1.0],
                [1.0, 2e-05, 1.3e-05, -0.0, -2.1e-05, 0.456992, 0.88947, 0.374726, 1.2e-05, -0.889471, 0.456993, -0.0, 0.0, 0.0, 0.0, 1.0],
