{
    "animation": [
        {
            "name": "Root",
            "time": [0.0, 0.0167, 0.0333, 0.05, 0.0667, 0.0833, 0.1, 0.1167, 0.1333, 0.15, 0.1667, 0.1833, 0.2, 0.2167, 0.2333, 0.25, 0.2667, 0.2833, 0.3, 0.3167, 0.3333, 0.35, 0.3667, 0.3833, 0.4, 0.4167, 0.4333, 0.45, 0.4667, 0.4833, 0.5, 0.5167, 0.5333, 0.55, 0.5667, 0.5833, 0.6, 0.6167, 0.6333, 0.65, 0.6667, 0.6833, 0.7, 0.7167, 0.7333, 0.75, 0.7667, 0.7833, 0.8, 0.8167, 0.8333, 0.85, 0.8667, 0.8833, 0.9, 0.9167, 0.9333, 0.95, 0.9667, 0.9833, 1.0, 1.0167, 1.0333, 1.05, 1.0667, 1.0833, 1.1, 1.1167, 1.1333, 1.15, 1.1667, 1.1833, 1.2, 1.2167, 1.2333, 1.25, 1.2667, 1.2833, 1.3, 1.3167, 1.3333, 1.35, 1.3667, 1.3833, 1.4, 1.4167, 1.4333, 1.45, 1.4667, 1.4833, 1.5, 1.5167, 1.5333, 1.55, 1.5667, 1.5833, 1.6, 1.6167, 1.6333, 1.65, 1.6667, 1.6833, 1.7, 1.7167, 1.7333, 1.75, 1.7667, 1.7833, 1.8, 1.8167, 1.8333, 1.85, 1.8667, 1.8833, 1.9, 1.9167, 1.9333, 1.95, 1.9667, 1.9833, 2.0],
            "transform": [
                [1.0, 0.0, 0.0, -5e-06, 0.0, 0.0, -1.0, 0.000946, 0.0, 1.0, 0.0, 0.763972, 0.0, 0.0, 0.0, 1.0],
                [1.0, 0.0, 0.0, -5e-06, 0.0, 0.0, -1.0, 0.000946, 0.0, 1.0, 0.0, 0.763972, 0.0, 0.0, 0.0, 1.0],
                [1.0, 0.0, 0.0, -5e-06, 0.0, 0.0, -1.0, 0.000946, 0.0, 1.0, 0.0, 0.763972, 0.0, 0.0, 0.0, 1.0],
                [1.0, 0.0, 0.0, -5e-06, 0.0, 0.0, -1.0, 0.000946, 0.0, 1.0, 0.0, 0.763972, 0.0, 0.0, 0.0, 1.0],
                [1.0, 0.0, 0.0, -5e-06, 0.0, 0.0, -1.0, 0.000946, 0.0, 1.0, 0.0, 0.763972, 0.0, 0.0, 0.0, 1.0],
                [1.0, 0.0, 0.0, -5e-06, 0.0, 0.0, -1.0, 0.000946, 0.0, 1.0, 0.0, 0.763972, 0.0, 0.0, 0.0, 1.0],
                [1.0, 0.0, 0.0, -5e-06, 0.0, 0.0, -1.0, 0.000946, 0.0, 1.0, 0.0, 0.763972, 0.0, 0.0, 0.0, 1.0],
                [1.0, 0.0, 0.0, -5e-06, 0.0, 0.0, -1.0, 0.000946, 0.0, 1.0, 0.0, 0.763972, 0.0, 0.0, 0.0, 1.0],
                [1.0, 0.0, 0.0, -5e-06, 0.0, 0.0, -1.0, 0.000946, 0.0, 1.0, 0.0, 0.763972, 0.0, 0.0, 0.0, 1.0],
                [1.0, 0.0, 0.0, -5e-06, 0.0, 0.0, -1.0, 0.000946, 0.0, 1.0, 0.0, 0.763972, 0.0, 0.0, 0.0, 1.0],
                [1.0, 0.0, 0.0, -5e-06, 0.0, 0.0, -1.0, 0.000946, 0.0, 1.0, 0.0, 0.763972, 0.0, 0.0, 0.0, 1.0],
                [1.0, 0.0, 0.0, -5e-06, 0.0, 0.0, -1.0, 0.000946, 0.0, 1.0, 0.0, 0.763972, 0.0, 0.0, 0.0, 1.0],
                [1.0, 0.0, 0.0, -5e-06, 0.0, 0.0, -1.0, 0.000946, 0.0, 1.0, 0.0, 0.763972, 0.0, 0.0, 0.0, 1.0],
                [1.0, 0.0, 0.0, -5e-06, 0.0, 0.0, -1.0, 0.000946, 0.0, 1.0, 0.0, 0.763972, 0.0, 0.0, 0.0, 1.0],
                [1.0, 0.0, 0.0, -5e-06, 0.0, 0.0, -1.0, 0.000946, 0.0, 1.0, 0.0, 0.763972, 0.0, 0.0, 0.0, 1.0],
                [1.0, 0.0, 0.0, -5e-06, 0.0, 0.0, -1.0, 0.000946, 0.0, 1.0, 0.0, 0.763972, 0.0, 0.0, 0.0, 1.0],
                [1.0, 0.0, 0.0, -5e-06, 0.0, 0.0, -1.0, 0.000946, 0.0, 1.0, 0.0, 0.763972, 0.0, 0.0, 0.0, 1.0],
                [1.0, 0.0, 0.0, -5e-06, 0.0, 0.0, -1.0, 0.000946, 0.0, 1.0, 0.0, 0.763972, 0.0, 0.0, 0.0, 1.0],
                [1.0, 0.0, 0.0, -5e-06, 0.0, 0.0, -1.0, 0.000946, 0.0, 1.0, 0.0, 0.763972, 0.0, 0.0, 0.0, 1.0],
                [1.0, 0.0, 0.0, -5e-06, 0.0, 0.0, -1.0, 0.000946, 0.0, 1.0, 0.0, 0.763972, 0.0, 0.0, 0.0, 1.0],
                [1.0, 0.0, 0.0, -5e-06, 0.0, 0.0, -1.0, 0.000946, 0.0, 1.0, 0.0, 0.763972, 0.0, 0.0, 0.0, 1.0],
                [1.0, 0.0, 0.0, -5e-06, 0.0, 0.0, -1.0, 0.000946, 0.0, 1.0, 0.0, 0.763972, 0.0, 0.0, 0.0, 1.0],
                [1.0, 0.0, 0.0, -5e-06, 0.0, 0.0, -1.0, 0.000946, 0.0, 1.0, 0.0, 0.763972, 0.0, 0.0, 0.0, 1.0],
                [1.0, 0.0, 0.0, -5e-06, 0.0, 0.0, -1.0, 0.000946, 0.0, 1.0, 0.0, 0.763972, 0.0, 0.0, 0.0, 1.0],
                [1.0, 0.0, 0.0, -5e-06, 0.0, 0.0, -1.0, 0.000946, 0.0, 1.0, 0.0, 0.763972, 0.0, 0.0, 0.0, 1.0],
                [1.0, 0.0, 0.0, -5e-06, 0.0, 0.0, -1.0, 0.000946, 0.0, 1.0, 0.0, 0.763972, 0.0, 0.0, 0.0, 1.0],
                [1.0, 0.0, 0.0, -5e-06, 0.0, 0.0, -1.0, 0.000946, 0.0, 1.0, 0.0, 0.763972, 0.0, 0.0, 0.0, 1.0],
                [1.0, 0.0, 0.0, -5e-06, 0.0, 0.0, -1.0, 0.000946, 0.0, 1.0, 0.0, 0.763972, 0.0, 0.0, 0.0, 1.0],
                [1.0, 0.0, 0.0, -5e-06, 0.0, 0.0, -1.0, 0.000946, 0.0, 1.0, 0.0, 0.763972, 0.0, 0.0, 0.0, 1.0],
                [1.0, 0.0, 0.0, -5e-06, 0.0, 0.0, -1.0, 0.000946, 0.0, 1.0, 0.0, 0.763972, 0.0, 0.0, 0.0, 1.0],
                [1.0, 0.0, 0.0, -5e-06, 0.0, 0.0, -1.0, 0.000946, 0.0, 1.0, 0.0, 0.763972, 0.0, 0.0, 0.0, 1.0],
                [1.0, 0.0, 0.0, -5e-06, 0.0, 0.0, -1.0, 0.000946, 0.0, 1.0, 0.0, 0.763972, 0.0, 0.0, 0.0, 1.0],
                [1.0, 0.0, 0.0, -5e-06, 0.0, 0.0, -1.0, 0.000946, 0.0, 1.0, 0.0, 0.763972, 0.0, 0.0, 0.0, 1.0],
                [1.0, 0.0, 0.0, -5e-06, 0.0, 0.0, -1.0, 0.000946, 0.0, 1.0, 0.0, 0.763972, 0.0, 0.0, 0.0, 1.0],
                [1.0, 0.0, 0.0, -5e-06, 0.0, 0.0, -1.0, 0.000946, 0.0, 1.0, 0.0, 0.763972, 0.0, 0.0, 0.0, 1.0],
                [1.0, 0.0, 0.0, -5e-06, 0.0, 0.0, -1.0, 0.000946, 0.0, 1.0, 0.0, 0.763972, 0.0, 0.0, 0.0, 1.0],
                [1.0, 0.0, 0.0, -5e-06, 0.0, 0.0, -1.0, 0.000946, 0.0, 1.0, 0.0, 0.763972, 0.0, 0.0, 0.0, 1.0],
                [1.0, 0.0, 0.0, -5e-06, 0.0, 0.0, -1.0, 0.000946, 0.0, 1.0, 0.0, 0.763972, 0.0, 0.0, 0.0, 1.0],
                [1.0, 0.0, 0.0, -5e-06, 0.0, 0.0, -1.0, 0.000946, 0.0, 1.0, 0.0, 0.763972, 0.0, 0.0, 0.0, 1.0],
                [1.0, 0.0, 0.0, -5e-06, 0.0, 0.0, -1.0, 0.000946, 0.0, 1.0, 0.0, 0.763972, 0.0, 0.0, 0.0, 1.0],
                [1.0, 0.0, 0.0, -5e-06, 0.0, 0.0, -1.0, 0.000946, 0.0, 1.0, 0.0, 0.763972, 0.0, 0.0, 0.0, 1.0],
                [1.0, 0.0, 0.0, -5e-06, 0.0, 0.0, -1.0, 0.000946, 0.0, 1.0, 0.0, 0.763972, 0.0, 0.0, 0.0, 1.0],
                [1.0, 0.0, 0.0, -5e-06, 0.0, 0.0, -1.0, 0.000946, 0.0, 1.0, 0.0, 0.763972, 0.0, 0.0, 0.0, 1.0],
                [1.0, 0.0, 0.0, -5e-06, 0.0, 0.0, -1.0, 0.000946, 0.0, 1.0, 0.0, 0.763972, 0.0, 0.0, 0.0, 1.0],
                [1.0, 0.0, 0.0, -5e-06, 0.0, 0.0, -1.0, 0.000946, 0.0, 1.0, 0.0, 0.763972, 0.0, 0.0, 0.0, 1.0],
                [1.0, 0.0, 0.0, -5e-06, 0.0, 0.0, -1.0, 0.000946, 0.0, 1.0, 0.0, 0.763972, 0.0, 0.0, 0.0, 1.0],
                [1.0, 0.0, 0.0, -5e-06, 0.0, 0.0, -1.0, 0.000946, 0.0, 1.0, 0.0, 0.763972, 0.0, 0.0, 0.0, 1.0],
                [1.0, 0.0, 0.0, -5e-06, 0.0, 0.0, -1.0, 0.000946, 0.0, 1.0, 0.0, 0.763972, 0.0, 0.0, 0.0, 1.0],
                [1.0, 0.0, 0.0, -5e-06, 0.0, 0.0, -1.0, 0.000946, 0.0, 1.0, 0.0, 0.763972, 0.0, 0.0, 0.0, 1.0],
                [1.0, 0.0, 0.0, -5e-06, 0.0, 0.0, -1.0, 0.000946, 0.0, 1.0, 0.0, 0.763972, 0.0, 0.0, 0.0, 1.0],
                [1.0, 0.0, 0.0, -5e-06, 0.0, 0.0, -1.0, 0.000946, 0.0, 1.0, 0.0, 0.763972, 0.0, 0.0, 0.0, 1.0],
                [1.0, 0.0, 0.0, -5e-06, 0.0, 0.0, -1.0, 0.000946, 0.0, 1.0, 0.0, 0.763972, 0.0, 0.0, 0.0, 1.0],
                [1.0, 0.0, 0.0, -5e-06, 0.0, 0.0, -1.0, 0.000946, 0.0, 1.0, 0.0, 0.763972, 0.0, 0.0, 0.0, 1.0],
                [1.0, 0.0, 0.0, -5e-06, 0.0, 0.0, -1.0, 0.000946, 0.0, 1.0, 0.0, 0.763972, 0.0, 0.0, 0.0, 1.0],
                [1.0, 0.0, 0.0, -5e-06, 0.0, 0.0, -1.0, 0.000946, 0.0, 1.0, 0.0, 0.763972, 0.0, 0.0, 0.0, 1.0],
                [1.0, 0.0, 0.0, -5e-06, 0.0, 0.0, -1.0, 0.000946, 0.0, 1.0, 0.0, 0.763972, 0.0, 0.0, 0.0, 1.0],
                [1.0, 0.0, 0.0, -5e-06, 0.0, 0.0, -1.0, 0.000946, 0.0, 1.0, 0.0, 0.763972, 0.0, 0.0, 0.0, 1.0],
                [1.0, 0.0, 0.0, -5e-06, 0.0, 0.0, -1.0, 0.000946, 0.0, 1.0, 0.0, 0.763972, 0.0, 0.0, 0.0, 1.0],
                [1.0, 0.0, 0.0, -5e-06, 0.0, 0.0, -1.0, 0.000946, 0.0, 1.0, 0.0, 0.763972, 0.0, 0.0, 0.0, 1.0],
                [1.0, 0.0, 0.0, -5e-06, 0.0, 0.0, -1.0, 0.000946, 0.0, 1.0, 0.0, 0.763972, 0.0, 0.0, 0.0, 1.0],
                [1.0, 0.0, 0.0, -5e-06, 0.0, 0.0, -1.0, 0.000946, 0.0, 1.0, 0.0, 0.763972, 0.0, 0.0, 0.0, 1.0],
                [1.0, 0.0, 0.0, -5e-06, 0.0, 0.0, -1.0, 0.000946, 0.0, 1.0, 0.0, 0.763972, 0.0, 0.0, 0.0, 1.0],
                [1.0, 0.0, 0.0, -5e-06, 0.0, 0.0, -1.0, 0.000946, 0.0, 1.0, 0.0, 0.763972, 0.0, 0.0, 0.0, 1.0],
                [1.0, 0.0, 0.0, -5e-06, 0.0, 0.0, -1.0, 0.000946, 0.0, 1.0, 0.0, 0.763972, 0.0, 0.0, 0.0, 1.0],
                [1.0, 0.0, 0.0, -5e-06, 0.0, 0.0, -1.0, 0.000946, 0.0, 1.0, 0.0, 0.763972, 0.0, 0.0, 0.0, 1.0],
                [1.0, 0.0, 0.0, -5e-06, 0.0, 0.0, -1.0, 0.000946, 0.0, 1.0, 0.0, 0.763972, 0.0, 0.0, 0.0, 1.0],
                [1.0, 0.0, 0.0, -5e-06, 0.0, 0.0, -1.0, 0.000946, 0.0, 1.0, 0.0, 0.763972, 0.0, 0.0, 0.0, 1.0],
                [1.0, 0.0, 0.0, -5e-06, 0.0, 0.0, -1.0, 0.000946, 0.0, 1.0, 0.0, 0.763972, 0.0, 0.0, 0.0, 1.0],
                [1.0, 0.0, 0.0, -5e-06, 0.0, 0.0, -1.0, 0.000946, 0.0, 1.0, 0.0, 0.763972, 0.0, 0.0, 0.0, 1.0],
                [1.0, 0.0, 0.0, -5e-06, 0.0, 0.0, -1.0, 0.000946, 0.0, 1.0, 0.0, 0.763972, 0.0, 0.0, 0.0, 1.0],
                [1.0, 0.0, 0.0, -5e-06, 0.0, 0.0, -1.0, 0.000946, 0.0, 1.0, 0.0, 0.763972, 0.0, 0.0, 0.0, 1.0],
                [1.0, 0.0, 0.0, -5e-06, 0.0, 0.0, -1.0, 0.000946, 0.0, 1.0, 0.0, 0.763972, 0.0, 0.0, 0.0, 1.0],
                [1.0, 0.0, 0.0, -5e-06, 0.0, 0.0, -1.0, 0.000946, 0.0, 1.0, 0.0, 0.763972, 0.0, 0.0, 0.0, 1.0],
                [1.0, 0.0, 0.0, -5e-06, 0.0, 0.0, -1.0, 0.000946, 0.0, 1.0, 0.0, 0.763972, 0.0, 0.0, 0.0, 1.0],
                [1.0, 0.0, 0.0, -5e-06, 0.0, 0.0, -1.0, 0.000946, 0.0, 1.0, 0.0, 0.763972, 0.0, 0.0, 0.0, 1.0],
                [1.0, 0.0, 0.0, -5e-06, 0.0, 0.0, -1.0, 0.000946, 0.0, 1.0, 0.0, 0.763972, 0.0, 0.0, 0.0, 1.0],
                [1.0, 0.0, 0.0, -5e-06, 0.0, 0.0, -1.0, 0.000946, 0.0, 1.0, 0.0, 0.763972, 0.0, 0.0, 0.0, 1.0],
                [1.0, 0.0, 0.0, -5e-06, 0.0, 0.0, -1.0, 0.000946, 0.0, 1.0, 0.0, 0.763972, 0.0, 0.0, 0.0, 1.0],
                [1.0, 0.0, 0.0, -5e-06, 0.0, 0.0, -1.0, 0.000946, 0.0, 1.0, 0.0, 0.763972, 0.0, 0.0, 0.0, 1.0],
                [1.0, 0.0, 0.0, -5e-06, 0.0, 0.0, -1.0, 0.000946, 0.0, 1.0, 0.0, 0.763972, 0.0, 0.0, 0.0, 1.0],
                [1.0, 0.0, 0.0, -5e-06, 0.0, 0.0, -1.0, 0.000946, 0.0, 1.0, 0.0, 0.763972, 0.0, 0.0, 0.0, 1.0],
                [1.0, 0.0, 0.0, -5e-06, 0.0, 0.0, -1.0, 0.000946, 0.0, 1.0, 0.0, 0.763972, 0.0, 0.0, 0.0, 1.0],
                [1.0, 0.0, 0.0, -5e-06, 0.0, 0.0, -1.0, 0.000946, 0.0, 1.0, 0.0, 0.763972, 0.0, 0.0, 0.0, 1.0],
                [1.0, 0.0, 0.0, -5e-06, 0.0, 0.0, -1.0, 0.000946, 0.0, 1.0, 0.0, 0.763972, 0.0, 0.0, 0.0, 1.0],
                [1.0, 0.0, 0.0, -5e-06, 0.0, 0.0, -1.0, 0.000946, 0.0, 1.0, 0.0, 0.763972, 0.0, 0.0, 0.0, 1.0],
                [1.0, 0.0, 0.0, -5e-06, 0.0, 0.0, -1.0, 0.000946, 0.0, 1.0, 0.0, 0.763972, 0.0, 0.0, 0.0, 1.0],
                [1.0, 0.0, 0.0, -5e-06, 0.0, 0.0, -1.0, 0.000946, 0.0, 1.0, 0.0, 0.763972, 0.0, 0.0, 0.0, 1.0],
                [1.0, 0.0, 0.0, -5e-06, 0.0, 0.0, -1.0, 0.000946, 0.0, 1.0, 0.0, 0.763972, 0.0, 0.0, 0.0, 1.0],
                [1.0, 0.0, 0.0, -5e-06, 0.0, 0.0, -1.0, 0.000946, 0.0, 1.0, 0.0, 0.763972, 0.0, 0.0, 0.0, 1.0],
                [1.0, 0.0, 0.0, -5e-06, 0.0, 0.0, -1.0, 0.000946, 0.0, 1.0, 0.0, 0.763972, 0.0, 0.0, 0.0, 1.0],
                [1.0, 0.0, 0.0, -5e-06, 0.0, 0.0, -1.0, 0.000946, 0.0, 1.0, 0.0, 0.763972, 0.0, 0.0, 0.0, 1.0],
                [1.0, 0.0, 0.0, -5e-06, 0.0, 0.0, -1.0, 0.000946, 0.0, 1.0, 0.0, 0.763972, 0.0, 0.0, 0.0, 1.0],
                [1.0, 0.0, 0.0, -5e-06, 0.0, 0.0, -1.0, 0.000946, 0.0, 1.0, 0.0, 0.763972, 0.0, 0.0, 0.0, 1.0],
                [1.0, 0.0, 0.0, -5e-06, 0.0, 0.0, -1.0, 0.000946, 0.0, 1.0, 0.0, 0.763972, 0.0, 0.0, 0.0, 1.0],
                [1.0, 0.0, 0.0, -5e-06, 0.0, 0.0, -1.0, 0.000946, 0.0, 1.0, 0.0, 0.763972, 0.0, 0.0, 0.0, 1.0],
                [1.0, 0.0, 0.0, -5e-06, 0.0, 0.0, -1.0, 0.000946, 0.0, 1.0, 0.0, 0.763972, 0.0, 0.0, 0.0, 1.0],
                [1.0, 0.0, 0.0, -5e-06, 0.0, 0.0, -1.0, 0.000946, 0.0, 1.0, 0.0, 0.763972, 0.0, 0.0, 0.0, 1.0],
                [1.0, 0.0, 0.0, -5e-06, 0.0, 0.0, -1.0, 0.000946, 0.0, 1.0, 0.0, 0.763972, 0.0, 0.0, 0.0, 1.0],
                [1.0, 0.0, 0.0, -5e-06, 0.0, 0.0, -1.0, 0.000946, 0.0, 1.0, 0.0, 0.763972, 0.0, 0.0, 0.0, 1.0],
                [1.0, 0.0, 0.0, -5e-06, 0.0, 0.0, -1.0, 0.000946, 0.0, 1.0, 0.0, 0.763972, 0.0, 0.0, 0.0, 1.0],
                [1.0, 0.0, 0.0, -5e-06, 0.0, 0.0, -1.0, 0.000946, 0.0, 1.0, 0.0, 0.763972, 0.0, 0.0, 0.0, 1.0],
                [1.0, 0.0, 0.0, -5e-06, 0.0, 0.0, -1.0, 0.000946, 0.0, 1.0, 0.0, 0.763972, 0.0, 0.0, 0.0, 1.0],
                [1.0, 0.0, 0.0, -5e-06, 0.0, 0.0, -1.0, 0.000946, 0.0, 1.0, 0.0, 0.763972, 0.0, 0.0, 0.0, 1.0],
                [1.0, 0.0, 0.0, -5e-06, 0.0, 0.0, -1.0, 0.000946, 0.0, 1.0, 0.0, 0.763972, 0.0, 0.0, 0.0, 1.0],
                [1.0, 0.0, 0.0, -5e-06, 0.0, 0.0, -1.0, 0.000946, 0.0, 1.0, 0.0, 0.763972, 0.0, 0.0, 0.0, 1.0],
                [1.0, 0.0, 0.0, -5e-06, 0.0, 0.0, -1.0, 0.000946, 0.0, 1.0, 0.0, 0.763972, 0.0, 0.0, 0.0, 1.0],
                [1.0, 0.0, 0.0, -5e-06, 0.0, 0.0, -1.0, 0.000946, 0.0, 1.0, 0.0, 0.763972, 0.0, 0.0, 0.0, 1.0],
                [1.0, 0.0, 0.0, -5e-06, 0.0, 0.0, -1.0, 0.000946, 0.0, 1.0, 0.0, 0.763972, 0.0, 0.0, 0.0, 1.0],
                [1.0, 0.0, 0.0, -5e-06, 0.0, 0.0, -1.0, 0.000946, 0.0, 1.0, 0.0, 0.763972, 0.0, 0.0, 0.0, 1.0],
                [1.0, 0.0, 0.0, -5e-06, 0.0, 0.0, -1.0, 0.000946, 0.0, 1.0, 0.0, 0.763972, 0.0, 0.0, 0.0, 1.0],
                [1.0, 0.0, 0.0, -5e-06, 0.0, 0.0, -1.0, 0.000946, 0.0, 1.0, 0.0, 0.763972, 0.0, 0.0, 0.0, 1.0],
                [1.0, 0.0, 0.0, -5e-06, 0.0, 0.0, -1.0, 0.000946, 0.0, 1.0, 0.0, 0.763972, 0.0, 0.0, 0.0, 1.0],
                [1.0, 0.0, 0.0, -5e-06, 0.0, 0.0, -1.0, 0.000946, 0.0, 1.0, 0.0, 0.763972, 0.0, 0.0, 0.0, 1.0],
                [1.0, 0.0, 0.0, -5e-06, 0.0, 0.0, -1.0, 0.000946, 0.0, 1.0, 0.0, 0.763972, 0.0, 0.0, 0.0, 1.0],
                [1.0, 0.0, 0.0, -5e-06, 0.0, 0.0, -1.0, 0.000946, 0.0, 1.0, 0.0, 0.763972, 0.0, 0.0, 0.0, 1.0],
                [1.0, 0.0, 0.0, -5e-06, 0.0, 0.0, -1.0, 0.000946, 0.0, 1.0, 0.0, 0.763972, 0.0, 0.0, 0.0, 1.0],
                [1.0, 0.0, 0.0, -5e-06, 0.0, 0.0, -1.0, 0.000946, 0.0, 1.0, 0.0, 0.763972, 0.0, 0.0, 0.0, 1.0],
                [1.0, 0.0, 0.0, -5e-06, 0.0, 0.0, -1.0, 0.000946, 0.0, 1.0, 0.0, 0.763972, 0.0, 0.0, 0.0, 1.0],
                [1.0, 0.0, 0.0, -5e-06, 0.0, 0.0, -1.0, 0.000946, 0.0, 1.0, 0.0, 0.763972, 0.0, 0.0, 0.0, 1.0],
                [1.0, 0.0, 0.0, -5e-06, 0.0, 0.0, -1.0, 0.000946, 0.0, 1.0, 0.0, 0.763972, 0.0, 0.0, 0.0, 1.0],
                [1.0, 0.0, 0.0, -5e-06, 0.0, 0.0, -1.0, 0.000946, 0.0, 1.0, 0.0, 0.763972, 0.0, 0.0, 0.0, 1.0]
            ]
        },
        {
            "name": "Thigh_R",
            "time": [0.0, 0.0167, 0.0333, 0.05, 0.0667, 0.0833, 0.1, 0.1167, 0.1333, 0.15, 0.1667, 0.1833, 0.2, 0.2167, 0.2333, 0.25, 0.2667, 0.2833, 0.3, 0.3167, 0.3333, 0.35, 0.3667, 0.3833, 0.4, 0.4167, 0.4333, 0.45, 0.4667, 0.4833, 0.5, 0.5167, 0.5333, 0.55, 0.5667, 0.5833, 0.6, 0.6167, 0.6333, 0.65, 0.6667, 0.6833, 0.7, 0.7167, 0.7333, 0.75, 0.7667, 0.7833, 0.8, 0.8167, 0.8333, 0.85, 0.8667, 0.8833, 0.9, 0.9167, 0.9333, 0.95, 0.9667, 0.9833, 1.0, 1.0167, 1.0333, 1.05, 1.0667, 1.0833, 1.1, 1.1167, 1.1333, 1.15, 1.1667, 1.1833, 1.2, 1.2167, 1.2333, 1.25, 1.2667, 1.2833, 1.3, 1.3167, 1.3333, 1.35, 1.3667, 1.3833, 1.4, 1.4167, 1.4333, 1.45, 1.4667, 1.4833, 1.5, 1.5167, 1.5333, 1.55, 1.5667, 1.5833, 1.6, 1.6167, 1.6333, 1.65, 1.6667, 1.6833, 1.7, 1.7167, 1.7333, 1.75, 1.7667, 1.7833, 1.8, 1.8167, 1.8333, 1.85, 1.8667, 1.8833, 1.9, 1.9167, 1.9333, 1.95, 1.9667, 1.9833, 2.0],
            "transform": [
                [0.994221, 0.059397, -0.089425, 0.124994, 0.068118, -0.992867, 0.097863, -0.002831, -0.082974, -0.103389, -0.991174, -1.2e-05, 0.0, 0.0, 0.0, 1.0],
                [0.994217, 0.059414, -0.089456, 0.124994, 0.068141, -0.992863, 0.09789, -0.002831, -0.083002, -0.103419, -0.991168, -1.2e-05, 0.0, 0.0, 0.0, 1.0],
                [0.994206, 0.059464, -0.089547, 0.124994, 0.068206, -0.992851, 0.097965, -0.002831, -0.083081, -0.103505, -0.991153, -1.2e-05, 0.0, 0.0, 0.0, 1.0],
                [0.994188, 0.059542, -0.08969, 0.124994, 0.06831, -0.992832, 0.098084, -0.002831, -0.083207, -0.10364, -0.991128, -1.2e-05, 0.0, 0.0, 0.0, 1.0],
                [0.994165, 0.059646, -0.08988, 0.124994, 0.068446, -0.992807, 0.098241, -0.002831, -0.083374, -0.10382, -0.991095, -1.2e-05, 0.0, 0.0, 0.0, 1.0],
                [0.994136, 0.059772, -0.090111, 0.124994, 0.068612, -0.992777, 0.098431, -0.002831, -0.083576, -0.104037, -0.991055, -1.2e-05, 0.0, 0.0, 0.0, 1.0],
                [0.994104, 0.054831, -0.093548, 0.124994, 0.068802, -0.985775, 0.153348, -0.002831, -0.083809, -0.15888, -0.983734, -1.2e-05, 0.0, 0.0, 0.0, 1.0],
                [0.994067, 0.051563, -0.095767, 0.124994, 0.069013, -0.979561, 0.188942, -0.002831, -0.084067, -0.194431, -0.977307, -1.2e-05, 0.0, 0.0, 0.0, 1.0],
                [0.994028, 0.049092, -0.097458, 0.124994, 0.06924, -0.97403, 0.215576, -0.002831, -0.084344, -0.221037, -0.971611, -1.2e-05, 0.0, 0.0, 0.0, 1.0],
                [0.993987, 0.04699, -0.098904, 0.124994, 0.069478, -0.968784, 0.237976, -0.002831, -0.084634, -0.243417, -0.966222, -1.2e-05, 0.0, 0.0, 0.0, 1.0],
                [0.993944, 0.04513, -0.10019, 0.124994, 0.069723, -0.96374, 0.257576, -0.002831, -0.084933, -0.263002, -0.96105, -1.2e-05, 0.0, 0.0, 0.0, 1.0],
                [0.993901, 0.043459, -0.10135, 0.124994, 0.069969, -0.958901, 0.274983, -0.002831, -0.085234, -0.280397, -0.956092, -1.2e-05, 0.0, 0.0, 0.0, 1.0],
                [0.993859, 0.041951, -0.102398, 0.124994, 0.070212, -0.954293, 0.290512, -0.002831, -0.08553, -0.295917, -0.951377, -1.2e-05, 0.0, 0.0, 0.0, 1.0],
                [0.993817, 0.040601, -0.103339, 0.124994, 0.070447, -0.949984, 0.304252, -0.002831, -0.085817, -0.309651, -0.94697, -1.2e-05, 0.0, 0.0, 0.0, 1.0],
                [0.993778, 0.039409, -0.104172, 0.124994, 0.070668, -0.946037, 0.316263, -0.002831, -0.086087, -0.321657, -0.942935, -1.2e-05, 0.0, 0.0, 0.0, 1.0],
                [0.993742, 0.03838, -0.104896, 0.124994, 0.070871, -0.942522, 0.326547, -0.002831, -0.086334, -0.331937, -0.939343, -1.2e-05, 0.0, 0.0, 0.0, 1.0],
                [0.993711, 0.037497, -0.105512, 0.124994, 0.071048, -0.939441, 0.335269, -0.002831, -0.086551, -0.340657, -0.936196, -1.2e-05, 0.0, 0.0, 0.0, 1.0],
                [0.993685, 0.036794, -0.106007, 0.124994, 0.071196, -0.936934, 0.342181, -0.002831, -0.086731, -0.347567, -0.933635, -1.2e-05, 0.0, 0.0, 0.0, 1.0],
                [0.993664, 0.036272, -0.106374, 0.124994, 0.071309, -0.935047, 0.34728, -0.002831, -0.086868, -0.352665, -0.931709, -1.2e-05, 0.0, 0.0, 0.0, 1.0],
                [0.993652, 0.035945, -0.106603, 0.124994, 0.07138, -0.933857, 0.350453, -0.002831, -0.086955, -0.355838, -0.930494, -1.2e-05, 0.0, 0.0, 0.0, 1.0],
                [0.993647, 0.035833, -0.106683, 0.124994, 0.071405, -0.933445, 0.351544, -0.002831, -0.086986, -0.356929, -0.930073, -1.2e-05, 0.0, 0.0, 0.0, 1.0],
                [0.993651, 0.03592, -0.106621, 0.124994, 0.071385, -0.933767, 0.350691, -0.002831, -0.086962, -0.356076, -0.930402, -1.2e-05, 0.0, 0.0, 0.0, 1.0],
                [0.993661, 0.036175, -0.106442, 0.124994, 0.07133, -0.934697, 0.348218, -0.002831, -0.086894, -0.353604, -0.931351, -1.2e-05, 0.0, 0.0, 0.0, 1.0],
                [0.993676, 0.036581, -0.106156, 0.124994, 0.071242, -0.936169, 0.344259, -0.002831, -0.086786, -0.349645, -0.932854, -1.2e-05, 0.0, 0.0, 0.0, 1.0],
                [0.993697, 0.037126, -0.105773, 0.124994, 0.071126, -0.938123, 0.338921, -0.002831, -0.086645, -0.344308, -0.93485, -1.2e-05, 0.0, 0.0, 0.0, 1.0],
                [0.993722, 0.037798, -0.105301, 0.124994, 0.070987, -0.940499, 0.332302, -0.002831, -0.086475, -0.337691, -0.937276, -1.2e-05, 0.0, 0.0, 0.0, 1.0],
                [0.99375, 0.038594, -0.104745, 0.124994, 0.070828, -0.943261, 0.324414, -0.002831, -0.086281, -0.329805, -0.940098, -1.2e-05, 0.0, 0.0, 0.0, 1.0],
                [0.993781, 0.039485, -0.104119, 0.124994, 0.070654, -0.946291, 0.315504, -0.002831, -0.086069, -0.320898, -0.943195, -1.2e-05, 0.0, 0.0, 0.0, 1.0],
                [0.993813, 0.04048, -0.103423, 0.124994, 0.070469, -0.949588, 0.305481, -0.002831, -0.085844, -0.310879, -0.946565, -1.2e-05, 0.0, 0.0, 0.0, 1.0],
                [0.993847, 0.04157, -0.102664, 0.124994, 0.070277, -0.953095, 0.294402, -0.002831, -0.08561, -0.299805, -0.950151, -1.2e-05, 0.0, 0.0, 0.0, 1.0],
                [0.993881, 0.042732, -0.101853, 0.124994, 0.070083, -0.95671, 0.282484, -0.002831, -0.085373, -0.287894, -0.953849, -1.2e-05, 0.0, 0.0, 0.0, 1.0],
                [0.993915, 0.043977, -0.100989, 0.124994, 0.069889, -0.960434, 0.2696, -0.002831, -0.085136, -0.275018, -0.957662, -1.2e-05, 0.0, 0.0, 0.0, 1.0],
                [0.993948, 0.045285, -0.100083, 0.124994, 0.069701, -0.964176, 0.255948, -0.002831, -0.084906, -0.261375, -0.961496, -1.2e-05, 0.0, 0.0, 0.0, 1.0],
                [0.993979, 0.046637, -0.099146, 0.124994, 0.069521, -0.967857, 0.241707, -0.002831, -0.084687, -0.247145, -0.965271, -1.2e-05, 0.0, 0.0, 0.0, 1.0],
                [0.994008, 0.048039, -0.098181, 0.124994, 0.069353, -0.971465, 0.226823, -0.002831, -0.084482, -0.232274, -0.968974, -1.2e-05, 0.0, 0.0, 0.0, 1.0],
                [0.994035, 0.049461, -0.097204, 0.124994, 0.069202, -0.974902, 0.211609, -0.002831, -0.084298, -0.217073, -0.972509, -1.2e-05, 0.0, 0.0, 0.0, 1.0],
                [0.994058, 0.050876, -0.096236, 0.124994, 0.06907, -0.978094, 0.196377, -0.002831, -0.084136, -0.201857, -0.975794, -1.2e-05, 0.0, 0.0, 0.0, 1.0],
                [0.994076, 0.052233, -0.09531, 0.124994, 0.068961, -0.980938, 0.181679, -0.002831, -0.084004, -0.187175, -0.978728, -1.2e-05, 0.0, 0.0, 0.0, 1.0],
                [0.99409, 0.053441, -0.094489, 0.124994, 0.068879, -0.983288, 0.168528, -0.002831, -0.083903, -0.17404, -0.981157, -1.2e-05, 0.0, 0.0, 0.0, 1.0],
                [0.994099, 0.054347, -0.093876, 0.124994, 0.068827, -0.984935, 0.158642, -0.002831, -0.08384, -0.164167, -0.982863, -1.2e-05, 0.0, 0.0, 0.0, 1.0],
                [0.994102, 0.054691, -0.093643, 0.124994, 0.068809, -0.985534, 0.154885, -0.002831, -0.083818, -0.160415, -0.983484, -1.2e-05, 0.0, 0.0, 0.0, 1.0],
                [0.994099, 0.054347, -0.093876, 0.124994, 0.068827, -0.984935, 0.158642, -0.002831, -0.08384, -0.164167, -0.982863, -1.2e-05, 0.0, 0.0, 0.0, 1.0],
                [0.99409, 0.053441, -0.094489, 0.124994, 0.068879, -0.983288, 0.168528, -0.002831, -0.083903, -0.17404, -0.981157, -1.2e-05, 0.0, 0.0, 0.0, 1.0],
                [0.994076, 0.052233, -0.09531, 0.124994, 0.068961, -0.980938, 0.181678, -0.002831, -0.084004, -0.187175, -0.978728, -1.2e-05, 0.0, 0.0, 0.0, 1.0],
                [0.994058, 0.050876, -0.096235, 0.124994, 0.06907, -0.978094, 0.196376, -0.002831, -0.084136, -0.201856, -0.975795, -1.2e-05, 0.0, 0.0, 0.0, 1.0],
                [0.994035, 0.049461, -0.097204, 0.124994, 0.069202, -0.974902, 0.211608, -0.002831, -0.084297, -0.217073, -0.972509, -1.2e-05, 0.0, 0.0, 0.0, 1.0],
                [0.994008, 0.048039, -0.098181, 0.124994, 0.069353, -0.971465, 0.226824, -0.002831, -0.084482, -0.232275, -0.968974, -1.2e-05, 0.0, 0.0, 0.0, 1.0],
                [0.993979, 0.046637, -0.099146, 0.124994, 0.069521, -0.967857, 0.241706, -0.002831, -0.084687, -0.247144, -0.965271, -1.2e-05, 0.0, 0.0, 0.0, 1.0],
                [0.993948, 0.045285, -0.100082, 0.124994, 0.069701, -0.964176, 0.255948, -0.002831, -0.084906, -0.261375, -0.961496, -1.2e-05, 0.0, 0.0, 0.0, 1.0],
                [0.993915, 0.043977, -0.100989, 0.124994, 0.069889, -0.960434, 0.2696, -0.002831, -0.085136, -0.275018, -0.957662, -1.2e-05, 0.0, 0.0, 0.0, 1.0],
                [0.993881, 0.042732, -0.101853, 0.124994, 0.070083, -0.95671, 0.282484, -0.002831, -0.085373, -0.287894, -0.953849, -1.2e-05, 0.0, 0.0, 0.0, 1.0],
                [0.993847, 0.04157, -0.102664, 0.124994, 0.070277, -0.953095, 0.294403, -0.002831, -0.08561, -0.299806, -0.950151, -1.2e-05, 0.0, 0.0, 0.0, 1.0],
                [0.993813, 0.04048, -0.103423, 0.124994, 0.070469, -0.949588, 0.305481, -0.002831, -0.085844, -0.310879, -0.946565, -1.2e-05, 0.0, 0.0, 0.0, 1.0],
                [0.993781, 0.039485, -0.104119, 0.124994, 0.070654, -0.946291, 0.315504, -0.002831, -0.086069, -0.320898, -0.943195, -1.2e-05, 0.0, 0.0, 0.0, 1.0],
                [0.99375, 0.038594, -0.104745, 0.124994, 0.070828, -0.943261, 0.324413, -0.002831, -0.086281, -0.329805, -0.940098, -1.2e-05, 0.0, 0.0, 0.0, 1.0],
                [0.993722, 0.037798, -0.105301, 0.124994, 0.070987, -0.940499, 0.332302, -0.002831, -0.086475, -0.337691, -0.937277, -1.2e-05, 0.0, 0.0, 0.0, 1.0],
                [0.993697, 0.037126, -0.105773, 0.124994, 0.071126, -0.938123, 0.338921, -0.002831, -0.086645, -0.344308, -0.93485, -1.2e-05, 0.0, 0.0, 0.0, 1.0],
                [0.993676, 0.036581, -0.106156, 0.124994, 0.071242, -0.936169, 0.344259, -0.002831, -0.086786, -0.349645, -0.932854, -1.2e-05, 0.0, 0.0, 0.0, 1.0],
                [0.993661, 0.036175, -0.106442, 0.124994, 0.07133, -0.934697, 0.348219, -0.002831, -0.086894, -0.353604, -0.931351, -1.2e-05, 0.0, 0.0, 0.0, 1.0],
                [0.993651, 0.035921, -0.106621, 0.124994, 0.071386, -0.933767, 0.350691, -0.002831, -0.086962, -0.356076, -0.930402, -1.2e-05, 0.0, 0.0, 0.0, 1.0],
                [0.993647, 0.035833, -0.106683, 0.124994, 0.071405, -0.933445, 0.351544, -0.002831, -0.086986, -0.356929, -0.930073, -1.2e-05, 0.0, 0.0, 0.0, 1.0],
                [0.993651, 0.035921, -0.106621, 0.124994, 0.071386, -0.933767, 0.350691, -0.002831, -0.086962, -0.356076, -0.930402, -1.2e-05, 0.0, 0.0, 0.0, 1.0],
                [0.993661, 0.036175, -0.106442, 0.124994, 0.07133, -0.934697, 0.348218, -0.002831, -0.086894, -0.353604, -0.931351, -1.2e-05, 0.0, 0.0, 0.0, 1.0],
                [0.993676, 0.036581, -0.106156, 0.124994, 0.071242, -0.936169, 0.344259, -0.002831, -0.086786, -0.349645, -0.932854, -1.2e-05, 0.0, 0.0, 0.0, 1.0],
                [0.993697, 0.037126, -0.105773, 0.124994, 0.071126, -0.938123, 0.338922, -0.002831, -0.086645, -0.344309, -0.93485, -1.2e-05, 0.0, 0.0, 0.0, 1.0],
                [0.993722, 0.037798, -0.105301, 0.124994, 0.070987, -0.940499, 0.332302, -0.002831, -0.086475, -0.337691, -0.937276, -1.2e-05, 0.0, 0.0, 0.0, 1.0],
                [0.99375, 0.038594, -0.104745, 0.124994, 0.070828, -0.943261, 0.324414, -0.002831, -0.086281, -0.329805, -0.940098, -1.2e-05, 0.0, 0.0, 0.0, 1.0],
                [0.993781, 0.039485, -0.104119, 0.124994, 0.070654, -0.946291, 0.315504, -0.002831, -0.086069, -0.320898, -0.943195, -1.2e-05, 0.0, 0.0, 0.0, 1.0],
                [0.993813, 0.04048, -0.103423, 0.124994, 0.070469, -0.949588, 0.305481, -0.002831, -0.085844, -0.310879, -0.946565, -1.2e-05, 0.0, 0.0, 0.0, 1.0],
                [0.993847, 0.041571, -0.102664, 0.124994, 0.070277, -0.953095, 0.294402, -0.002831, -0.08561, -0.299805, -0.950152, -1.2e-05, 0.0, 0.0, 0.0, 1.0],
                [0.993881, 0.042732, -0.101853, 0.124994, 0.070083, -0.95671, 0.282484, -0.002831, -0.085373, -0.287894, -0.953849, -1.2e-05, 0.0, 0.0, 0.0, 1.0],
                [0.993915, 0.043977, -0.100989, 0.124994, 0.069889, -0.960434, 0.2696, -0.002831, -0.085136, -0.275018, -0.957662, -1.2e-05, 0.0, 0.0, 0.0, 1.0],
                [0.993948, 0.045285, -0.100083, 0.124994, 0.069701, -0.964176, 0.255948, -0.002831, -0.084906, -0.261375, -0.961496, -1.2e-05, 0.0, 0.0, 0.0, 1.0],
                [0.993979, 0.046637, -0.099146, 0.124994, 0.069521, -0.967857, 0.241707, -0.002831, -0.084687, -0.247145, -0.965271, -1.2e-05, 0.0, 0.0, 0.0, 1.0],
                [0.994008, 0.048039, -0.098181, 0.124994, 0.069353, -0.971465, 0.226823, -0.002831, -0.084482, -0.232274, -0.968974, -1.2e-05, 0.0, 0.0, 0.0, 1.0],
                [0.994035, 0.049461, -0.097204, 0.124994, 0.069202, -0.974902, 0.211609, -0.002831, -0.084298, -0.217073, -0.972509, -1.2e-05, 0.0, 0.0, 0.0, 1.0],
                [0.994058, 0.050876, -0.096236, 0.124994, 0.06907, -0.978094, 0.196377, -0.002831, -0.084136, -0.201857, -0.975794, -1.2e-05, 0.0, 0.0, 0.0, 1.0],
                [0.994076, 0.052233, -0.09531, 0.124994, 0.068961, -0.980938, 0.181679, -0.002831, -0.084004, -0.187175, -0.978728, -1.2e-05, 0.0, 0.0, 0.0, 1.0],
                [0.99409, 0.053441, -0.094489, 0.124994, 0.068879, -0.983288, 0.168528, -0.002831, -0.083903, -0.17404, -0.981157, -1.2e-05, 0.0, 0.0, 0.0, 1.0],
                [0.994099, 0.054347, -0.093876, 0.124994, 0.068827, -0.984935, 0.158642, -0.002831, -0.08384, -0.164167, -0.982863, -1.2e-05, 0.0, 0.0, 0.0, 1.0],
                [0.994102, 0.054691, -0.093643, 0.124994, 0.068809, -0.985534, 0.154886, -0.002831, -0.083818, -0.160416, -0.983484, -1.2e-05, 0.0, 0.0, 0.0, 1.0],
                [0.994099, 0.054347, -0.093876, 0.124994, 0.068827, -0.984935, 0.158642, -0.002831, -0.08384, -0.164167, -0.982863, -1.2e-05, 0.0, 0.0, 0.0, 1.0],
                [0.99409, 0.053441, -0.094489, 0.124994, 0.068879, -0.983288, 0.168528, -0.002831, -0.083903, -0.17404, -0.981157, -1.2e-05, 0.0, 0.0, 0.0, 1.0],
                [0.994076, 0.052233, -0.09531, 0.124994, 0.068961, -0.980938, 0.181678, -0.002831, -0.084004, -0.187175, -0.978728, -1.2e-05, 0.0, 0.0, 0.0, 1.0],
                [0.994058, 0.050876, -0.096235, 0.124994, 0.06907, -0.978094, 0.196376, -0.002831, -0.084136, -0.201856, -0.975795, -1.2e-05, 0.0, 0.0, 0.0, 1.0],
                [0.994035, 0.049461, -0.097204, 0.124994, 0.069202, -0.974902, 0.211608, -0.002831, -0.084297, -0.217073, -0.972509, -1.2e-05, 0.0, 0.0, 0.0, 1.0],
                [0.994008, 0.048039, -0.098181, 0.124994, 0.069353, -0.971464, 0.226825, -0.002831, -0.084482, -0.232275, -0.968974, -1.2e-05, 0.0, 0.0, 0.0, 1.0],
                [0.993979, 0.046637, -0.099146, 0.124994, 0.069521, -0.967857, 0.241707, -0.002831, -0.084687, -0.247145, -0.965271, -1.2e-05, 0.0, 0.0, 0.0, 1.0],
                [0.993948, 0.045285, -0.100083, 0.124994, 0.069701, -0.964176, 0.255948, -0.002831, -0.084906, -0.261375, -0.961496, -1.2e-05, 0.0, 0.0, 0.0, 1.0],
                [0.993915, 0.043977, -0.100989, 0.124994, 0.069889, -0.960434, 0.2696, -0.002831, -0.085136, -0.275018, -0.957662, -1.2e-05, 0.0, 0.0, 0.0, 1.0],
                [0.993881, 0.042732, -0.101853, 0.124994, 0.070083, -0.95671, 0.282484, -0.002831, -0.085373, -0.287894, -0.953849, -1.2e-05, 0.0, 0.0, 0.0, 1.0],
                [0.993847, 0.04157, -0.102664, 0.124994, 0.070277, -0.953095, 0.294403, -0.002831, -0.08561, -0.299806, -0.950151, -1.2e-05, 0.0, 0.0, 0.0, 1.0],
                [0.993813, 0.04048, -0.103423, 0.124994, 0.070469, -0.949588, 0.305481, -0.002831, -0.085844, -0.310879, -0.946565, -1.2e-05, 0.0, 0.0, 0.0, 1.0],
                [0.993781, 0.039485, -0.104119, 0.124994, 0.070654, -0.946291, 0.315504, -0.002831, -0.086069, -0.320898, -0.943195, -1.2e-05, 0.0, 0.0, 0.0, 1.0],
                [0.99375, 0.038594, -0.104745, 0.124994, 0.070828, -0.943261, 0.324414, -0.002831, -0.086281, -0.329805, -0.940098, -1.2e-05, 0.0, 0.0, 0.0, 1.0],
                [0.993722, 0.037798, -0.105301, 0.124994, 0.070987, -0.940499, 0.332302, -0.002831, -0.086475, -0.337691, -0.937276, -1.2e-05, 0.0, 0.0, 0.0, 1.0],
                [0.993697, 0.037126, -0.105773, 0.124994, 0.071126, -0.938123, 0.338921, -0.002831, -0.086645, -0.344308, -0.93485, -1.2e-05, 0.0, 0.0, 0.0, 1.0],
                [0.993676, 0.036582, -0.106156, 0.124994, 0.071242, -0.936169, 0.344259, -0.002831, -0.086786, -0.349645, -0.932854, -1.2e-05, 0.0, 0.0, 0.0, 1.0],
                [0.993661, 0.036175, -0.106442, 0.124994, 0.07133, -0.934697, 0.348219, -0.002831, -0.086894, -0.353604, -0.931351, -1.2e-05, 0.0, 0.0, 0.0, 1.0],
                [0.993651, 0.035921, -0.106621, 0.124994, 0.071386, -0.933767, 0.350691, -0.002831, -0.086962, -0.356076, -0.930402, -1.2e-05, 0.0, 0.0, 0.0, 1.0],
                [0.993647, 0.035833, -0.106683, 0.124994, 0.071405, -0.933445, 0.351545, -0.002831, -0.086986, -0.356929, -0.930073, -1.2e-05, 0.0, 0.0, 0.0, 1.0],
                [0.993652, 0.035945, -0.106603, 0.124994, 0.07138, -0.933857, 0.350453, -0.002831, -0.086955, -0.355838, -0.930494, -1.2e-05, 0.0, 0.0, 0.0, 1.0],
                [0.993664, 0.036271, -0.106374, 0.124994, 0.071309, -0.935047, 0.34728, -0.002831, -0.086868, -0.352665, -0.931709, -1.2e-05, 0.0, 0.0, 0.0, 1.0],
                [0.993685, 0.036794, -0.106007, 0.124994, 0.071196, -0.936934, 0.342182, -0.002831, -0.086731, -0.347568, -0.933635, -1.2e-05, 0.0, 0.0, 0.0, 1.0],
                [0.993711, 0.037497, -0.105512, 0.124994, 0.071048, -0.939441, 0.335269, -0.002831, -0.086551, -0.340657, -0.936195, -1.2e-05, 0.0, 0.0, 0.0, 1.0],
                [0.993742, 0.03838, -0.104896, 0.124994, 0.07087, -0.942522, 0.326546, -0.002831, -0.086334, -0.331937, -0.939343, -1.2e-05, 0.0, 0.0, 0.0, 1.0],
                [0.993778, 0.039409, -0.104172, 0.124994, 0.070668, -0.946037, 0.316264, -0.002831, -0.086087, -0.321658, -0.942934, -1.2e-05, 0.0, 0.0, 0.0, 1.0],
                [0.993817, 0.040601, -0.103339, 0.124994, 0.070447, -0.949984, 0.304252, -0.002831, -0.085817, -0.309651, -0.94697, -1.2e-05, 0.0, 0.0, 0.0, 1.0],
                [0.993858, 0.041951, -0.102398, 0.124994, 0.070212, -0.954293, 0.290512, -0.002831, -0.08553, -0.295917, -0.951377, -1.2e-05, 0.0, 0.0, 0.0, 1.0],
                [0.993901, 0.043459, -0.10135, 0.124994, 0.069969, -0.958901, 0.274982, -0.002831, -0.085234, -0.280397, -0.956093, -1.2e-05, 0.0, 0.0, 0.0, 1.0],
                [0.993944, 0.04513, -0.10019, 0.124994, 0.069722, -0.96374, 0.257577, -0.002831, -0.084933, -0.263003, -0.961049, -1.2e-05, 0.0, 0.0, 0.0, 1.0],
                [0.993987, 0.04699, -0.098904, 0.124994, 0.069478, -0.968784, 0.237976, -0.002831, -0.084634, -0.243417, -0.966222, -1.2e-05, 0.0, 0.0, 0.0, 1.0],
                [0.994028, 0.049091, -0.097458, 0.124994, 0.06924, -0.97403, 0.215577, -0.002831, -0.084344, -0.221037, -0.971611, -1.2e-05, 0.0, 0.0, 0.0, 1.0],
                [0.994067, 0.051563, -0.095767, 0.124994, 0.069013, -0.979561, 0.188943, -0.002831, -0.084067, -0.194431, -0.977307, -1.2e-05, 0.0, 0.0, 0.0, 1.0],
                [0.994104, 0.054832, -0.093548, 0.124994, 0.068802, -0.985776, 0.153345, -0.002831, -0.083809, -0.158878, -0.983735, -1.2e-05, 0.0, 0.0, 0.0, 1.0],
                [0.994137, 0.059772, -0.090111, 0.124994, 0.068613, -0.992777, 0.098431, -0.002831, -0.083576, -0.104037, -0.991055, -1.2e-05, 0.0, 0.0, 0.0, 1.0],
                [0.994165, 0.059646, -0.08988, 0.124994, 0.068446, -0.992807, 0.098241, -0.002831, -0.083374, -0.10382, -0.991095, -1.2e-05, 0.0, 0.0, 0.0, 1.0],
                [0.994188, 0.059542, -0.08969, 0.124994, 0.06831, -0.992832, 0.098084, -0.002831, -0.083207, -0.10364, -0.991128, -1.2e-05, 0.0, 0.0, 0.0, 1.0],
                [0.994206, 0.059464, -0.089547, 0.124994, 0.068206, -0.992851, 0.097965, -0.002831, -0.083081, -0.103505, -0.991153, -1.2e-05, 0.0, 0.0, 0.0, 1.0],
                [0.994217, 0.059414, -0.089457, 0.124994, 0.068141, -0.992863, 0.09789, -0.002831, -0.083002, -0.103419, -0.991169, -1.2e-05, 0.0, 0.0, 0.0, 1.0],
                [0.994221, 0.059397, -0.089425, 0.124994, 0.068118, -0.992867, 0.097863, -0.002831, -0.082974, -0.103389, -0.991174, -1.2e-05, 0.0, 0.0, 0.0, 1.0]
            ]
        },
        {
            "name": "Leg_R",
            "time": [0.0, 0.0167, 0.0333, 0.05, 0.0667, 0.0833, 0.1, 0.1167, 0.1333, 0.15, 0.1667, 0.1833, 0.2, 0.2167, 0.2333, 0.25, 0.2667, 0.2833, 0.3, 0.3167, 0.3333, 0.35, 0.3667, 0.3833, 0.4, 0.4167, 0.4333, 0.45, 0.4667, 0.4833, 0.5, 0.5167, 0.5333, 0.55, 0.5667, 0.5833, 0.6, 0.6167, 0.6333, 0.65, 0.6667, 0.6833, 0.7, 0.7167, 0.7333, 0.75, 0.7667, 0.7833, 0.8, 0.8167, 0.8333, 0.85, 0.8667, 0.8833, 0.9, 0.9167, 0.9333, 0.95, 0.9667, 0.9833, 1.0, 1.0167, 1.0333, 1.05, 1.0667, 1.0833, 1.1, 1.1167, 1.1333, 1.15, 1.1667, 1.1833, 1.2, 1.2167, 1.2333, 1.25, 1.2667, 1.2833, 1.3, 1.3167, 1.3333, 1.35, 1.3667, 1.3833, 1.4, 1.4167, 1.4333, 1.45, 1.4667, 1.4833, 1.5, 1.5167, 1.5333, 1.55, 1.5667, 1.5833, 1.6, 1.6167, 1.6333, 1.65, 1.6667, 1.6833, 1.7, 1.7167, 1.7333, 1.75, 1.7667, 1.7833, 1.8, 1.8167, 1.8333, 1.85, 1.8667, 1.8833, 1.9, 1.9167, 1.9333, 1.95, 1.9667, 1.9833, 2.0],
            "transform": [
                [1.0, 0.0, 1e-06, -0.0, -0.0, 0.999999, 0.00146, 0.374726, -1e-06, -0.00146, 0.999999, -0.0, 0.0, 0.0, 0.0, 1.0],
                [1.0, 0.0, 1e-06, 0.0, -0.0, 0.999999, 0.00146, 0.374726, -1e-06, -0.00146, 0.999999, 0.0, 0.0, 0.0, 0.0, 1.0],
                [1.0, 0.0, 1e-06, -0.0, -0.0, 0.999999, 0.00146, 0.374726, -1e-06, -0.00146, 0.999999, -0.0, 0.0, 0.0, 0.0, 1.0],
                [1.0, 0.0, 1e-06, -0.0, -0.0, 0.999999, 0.00146, 0.374726, -1e-06, -0.00146, 0.999999, -0.0, 0.0, 0.0, 0.0, 1.0],
                [1.0, 0.0, 1e-06, -0.0, -0.0, 0.999999, 0.00146, 0.374726, -1e-06, -0.00146, 0.999999, 0.0, 0.0, 0.0, 0.0, 1.0],
                [1.0, 0.0, 1e-06, -0.0, -0.0, 0.999999, 0.00146, 0.374726, -1e-06, -0.00146, 0.999999, -0.0, 0.0, 0.0, 0.0, 1.0],
                [1.0, 2e-06, 1e-06, 0.0, -2e-06, 0.993737, 0.111738, 0.374726, -1e-06, -0.111738, 0.993738, 0.0, 0.0, 0.0, 0.0, 1.0],
                [1.0, 4e-06, 1e-06, 0.0, -4e-06, 0.983138, 0.182861, 0.374726, -0.0, -0.182862, 0.983138, -0.0, 0.0, 0.0, 0.0, 1.0],
                [1.0, 5e-06, 1e-06, -0.0, -5e-06, 0.971839, 0.235647, 0.374726, -0.0, -0.235648, 0.971839, -0.0, 0.0, 0.0, 0.0, 1.0],
                [1.0, 6e-06, 2e-06, 0.0, -6e-06, 0.960099, 0.279659, 0.374726, 0.0, -0.279659, 0.960099, -0.0, 0.0, 0.0, 0.0, 1.0],
                [1.0, 6e-06, 2e-06, -0.0, -7e-06, 0.94815, 0.317823, 0.374726, 0.0, -0.317824, 0.94815, -0.0, 0.0, 0.0, 0.0, 1.0],
                [1.0, 7e-06, 2e-06, -0.0, -8e-06, 0.936224, 0.351404, 0.374726, 1e-06, -0.351405, 0.936224, 0.0, 0.0, 0.0, 0.0, 1.0],
                [1.0, 8e-06, 2e-06, -0.0, -8e-06, 0.924539, 0.381086, 0.374726, 1e-06, -0.381087, 0.924539, 0.0, 0.0, 0.0, 0.0, 1.0],
                [1.0, 9e-06, 3e-06, -0.0, -9e-06, 0.913378, 0.407112, 0.374726, 1e-06, -0.407112, 0.913378, -0.0, 0.0, 0.0, 0.0, 1.0],
                [1.0, 9e-06, 3e-06, -0.0, -1e-05, 0.902989, 0.429664, 0.374726, 1e-06, -0.429664, 0.902989, 0.0, 0.0, 0.0, 0.0, 1.0],
                [1.0, 9e-06, 3e-06, -0.0, -1e-05, 0.893625, 0.448813, 0.374726, 2e-06, -0.448814, 0.893625, 0.0, 0.0, 0.0, 0.0, 1.0],
                [1.0, 1e-05, 3e-06, -0.0, -1e-05, 0.885342, 0.46494, 0.374726, 2e-06, -0.464941, 0.885342, 0.0, 0.0, 0.0, 0.0, 1.0],
                [1.0, 1e-05, 3e-06, 0.0, -1e-05, 0.878556, 0.477638, 0.374726, 2e-06, -0.477639, 0.878556, -0.0, 0.0, 0.0, 0.0, 1.0],
                [1.0, 1e-05, 3e-06, -0.0, -1e-05, 0.873425, 0.486958, 0.374726, 2e-06, -0.486959, 0.873425, -0.0, 0.0, 0.0, 0.0, 1.0],
                [1.0, 1e-05, 3e-06, -0.0, -1e-05, 0.870178, 0.492738, 0.374726, 2e-06, -0.492739, 0.870178, -0.0, 0.0, 0.0, 0.0, 1.0],
                [1.0, 1e-05, 4e-06, -0.0, -1.1e-05, 0.869052, 0.494721, 0.374726, 2e-06, -0.494722, 0.869052, -0.0, 0.0, 0.0, 0.0, 1.0],
                [1.0, 1.1e-05, 4e-06, -0.0, -1.1e-05, 0.869933, 0.49317, 0.374726, 2e-06, -0.493171, 0.869933, 0.0, 0.0, 0.0, 0.0, 1.0],
                [1.0, 1e-05, 3e-06, 0.0, -1.1e-05, 0.872469, 0.488669, 0.374726, 2e-06, -0.48867, 0.872469, 0.0, 0.0, 0.0, 0.0, 1.0],
                [1.0, 1e-05, 3e-06, -0.0, -1e-05, 0.876478, 0.481441, 0.374726, 2e-06, -0.481442, 0.876478, -0.0, 0.0, 0.0, 0.0, 1.0],
                [1.0, 1e-05, 3e-06, -0.0, -1.1e-05, 0.881781, 0.471659, 0.374726, 2e-06, -0.47166, 0.881781, 0.0, 0.0, 0.0, 0.0, 1.0],
                [1.0, 9e-06, 3e-06, -0.0, -1e-05, 0.888194, 0.459468, 0.374726, 2e-06, -0.459469, 0.888194, -0.0, 0.0, 0.0, 0.0, 1.0],
                [1.0, 9e-06, 3e-06, 0.0, -9e-06, 0.895603, 0.444854, 0.374726, 1e-06, -0.444854, 0.895603, -0.0, 0.0, 0.0, 0.0, 1.0],
                [1.0, 9e-06, 3e-06, 0.0, -9e-06, 0.903663, 0.428243, 0.374726, 1e-06, -0.428244, 0.903664, 0.0, 0.0, 0.0, 0.0, 1.0],
