{
    "animation": [
        {
            "name": "Root",
            "time": [0.0, 0.0167, 0.0333, 0.05, 0.0667, 0.0833, 0.1, 0.1167, 0.1333, 0.15, 0.1667, 0.1833, 0.2, 0.2167, 0.2333, 0.25, 0.2667, 0.2833, 0.3, 0.3167, 0.3333, 0.35, 0.3667, 0.3833, 0.4, 0.4167, 0.4333, 0.45, 0.4667, 0.4833, 0.5, 0.5167, 0.5333, 0.55, 0.5667, 0.5833, 0.6, 0.6167, 0.6333, 0.65, 0.6667, 0.6833, 0.7, 0.7167, 0.7333, 0.75, 0.7667, 0.7833, 0.8, 0.8167, 0.8333, 0.85, 0.8667, 0.8833, 0.9, 0.9167, 0.9333, 0.95, 0.9667, 0.9833, 1.0, 1.0167, 1.0333, 1.05, 1.0667, 1.0833, 1.1, 1.1167, 1.1333, 1.15, 1.1667, 1.1833, 1.2, 1.2167, 1.2333, 1.25, 1.2667, 1.2833, 1.3, 1.3167, 1.3333, 1.35, 1.3667, 1.3833, 1.4, 1.4167, 1.4333, 1.45, 1.4667, 1.4833, 1.5, 1.5167, 1.5333, 1.55, 1.5667, 1.5833, 1.6, 1.6167, 1.6333, 1.65, 1.6667, 1.6833, 1.7, 1.7167, 1.7333, 1.75, 1.7667, 1.7833, 1.8, 1.8167, 1.8333, 1.85, 1.8667, 1.8833, 1.9, 1.9167, 1.9333, 1.95, 1.9667, 1.9833, 2.0],
            "transform": [
                [1.0, 0.0, 0.0, -5e-06, 0.0, 0.461642, -0.887066, 0.017744, 0.0, 0.887066, 0.461642, 0.740407, 0.0, 0.0, 0.0, 1.0],
                [1.0, 0.0, 0.0, -5e-06, 0.0, 0.461642, -0.887066, 0.017744, 0.0, 0.887066, 0.461642, 0.739472, 0.0, 0.0, 0.0, 1.0],
                [1.0, 0.0, 0.0, -5e-06, 0.0, 0.461642, -0.887066, 0.017744, 0.0, 0.887066, 0.461642, 0.738537, 0.0, 0.0, 0.0, 1.0],
                [1.0, 0.0, 0.0, -5e-06, 0.0, 0.461642, -0.887066, 0.017744, 0.0, 0.887066, 0.461642, 0.737602, 0.0, 0.0, 0.0, 1.0],
                [1.0, 0.0, 0.0, -5e-06, 0.0, 0.461642, -0.887066, 0.017744, 0.0, 0.887066, 0.461642, 0.736668, 0.0, 0.0, 0.0, 1.0],
                [1.0, 0.0, 0.0, -5e-06, 0.0, 0.461642, -0.887066, 0.017744, 0.0, 0.887066, 0.461642, 0.735733, 0.0, 0.0, 0.0, 1.0],
                [1.0, 0.0, 0.0, -5e-06, 0.0, 0.461642, -0.887066, 0.017744, 0.0, 0.887066, 0.461642, 0.734798, 0.0, 0.0, 0.0, 1.0],
                [1.0, 0.0, 0.0, -5e-06, 0.0, 0.461642, -0.887066, 0.017744, 0.0, 0.887066, 0.461642, 0.733863, 0.0, 0.0, 0.0, 1.0],
                [1.0, 0.0, 0.0, -5e-06, 0.0, 0.461642, -0.887066, 0.017744, 0.0, 0.887066, 0.461642, 0.732928, 0.0, 0.0, 0.0, 1.0],
                [1.0, 0.0, 0.0, -5e-06, 0.0, 0.461642, -0.887066, 0.017744, 0.0, 0.887066, 0.461642, 0.731993, 0.0, 0.0, 0.0, 1.0],
                [1.0, 0.0, 0.0, -5e-06, 0.0, 0.461642, -0.887066, 0.017744, 0.0, 0.887066, 0.461642, 0.731058, 0.0, 0.0, 0.0, 1.0],
                [1.0, 0.0, 0.0, -5e-06, 0.0, 0.461642, -0.887066, 0.017744, 0.0, 0.887066, 0.461642, 0.730123, 0.0, 0.0, 0.0, 1.0],
                [1.0, 0.0, 0.0, -5e-06, 0.0, 0.461642, -0.887066, 0.017744, 0.0, 0.887066, 0.461642, 0.729188, 0.0, 0.0, 0.0, 1.0],
                [1.0, 0.0, 0.0, -5e-06, 0.0, 0.461642, -0.887066, 0.017744, 0.0, 0.887066, 0.461642, 0.728253, 0.0, 0.0, 0.0, 1.0],
                [1.0, 0.0, 0.0, -5e-06, 0.0, 0.461642, -0.887066, 0.017744, 0.0, 0.887066, 0.461642, 0.727318, 0.0, 0.0, 0.0, 1.0],
                [1.0, 0.0, 0.0, -5e-06, 0.0, 0.461642, -0.887066, 0.017744, 0.0, 0.887066, 0.461642, 0.726384, 0.0, 0.0, 0.0, 1.0],
                [1.0, 0.0, 0.0, -5e-06, 0.0, 0.461642, -0.887066, 0.017744, 0.0, 0.887066, 0.461642, 0.725449, 0.0, 0.0, 0.0, 1.0],
                [1.0, 0.0, 0.0, -5e-06, 0.0, 0.461642, -0.887066, 0.017744, 0.0, 0.887066, 0.461642, 0.724514, 0.0, 0.0, 0.0, 1.0],
                [1.0, 0.0, 0.0, -5e-06, 0.0, 0.461642, -0.887066, 0.017744, 0.0, 0.887066, 0.461642, 0.723579, 0.0, 0.0, 0.0, 1.0],
                [1.0, 0.0, 0.0, -5e-06, 0.0, 0.461642, -0.887066, 0.017744, 0.0, 0.887066, 0.461642, 0.722644, 0.0, 0.0, 0.0, 1.0],
                [1.0, 0.0, 0.0, -5e-06, 0.0, 0.461642, -0.887066, 0.017744, 0.0, 0.887066, 0.461642, 0.721709, 0.0, 0.0, 0.0, 1.0],
                [1.0, 0.0, 0.0, -5e-06, 0.0, 0.461642, -0.887066, 0.017744, 0.0, 0.887066, 0.461642, 0.720774, 0.0, 0.0, 0.0, 1.0],
                [1.0, 0.0, 0.0, -5e-06, 0.0, 0.461642, -0.887066, 0.017744, 0.0, 0.887066, 0.461642, 0.719839, 0.0, 0.0, 0.0, 1.0],
                [1.0, 0.0, 0.0, -5e-06, 0.0, 0.461642, -0.887066, 0.017744, 0.0, 0.887066, 0.461642, 0.718904, 0.0, 0.0, 0.0, 1.0],
                [1.0, 0.0, 0.0, -5e-06, 0.0, 0.461642, -0.887066, 0.017744, 0.0, 0.887066, 0.461642, 0.717969, 0.0, 0.0, 0.0, 1.0],
                [1.0, 0.0, 0.0, -5e-06, 0.0, 0.461642, -0.887066, 0.017744, 0.0, 0.887066, 0.461642, 0.717034, 0.0, 0.0, 0.0, 1.0],
                [1.0, 0.0, 0.0, -5e-06, 0.0, 0.461642, -0.887066, 0.017744, 0.0, 0.887066, 0.461642, 0.7161, 0.0, 0.0, 0.0, 1.0],
                [1.0, 0.0, 0.0, -5e-06, 0.0, 0.461642, -0.887066, 0.017744, 0.0, 0.887066, 0.461642, 0.715165, 0.0, 0.0, 0.0, 1.0],
                [1.0, 0.0, 0.0, -5e-06, 0.0, 0.461642, -0.887066, 0.017744, 0.0, 0.887066, 0.461642, 0.71423, 0.0, 0.0, 0.0, 1.0],
                [1.0, 0.0, 0.0, -5e-06, 0.0, 0.461642, -0.887066, 0.017744, 0.0, 0.887066, 0.461642, 0.713295, 0.0, 0.0, 0.0, 1.0],
                [1.0, 0.0, 0.0, -5e-06, 0.0, 0.461642, -0.887066, 0.017744, 0.0, 0.887066, 0.461642, 0.71236, 0.0, 0.0, 0.0, 1.0],
                [1.0, 0.0, 0.0, -5e-06, 0.0, 0.461642, -0.887066, 0.017744, 0.0, 0.887066, 0.461642, 0.715139, 0.0, 0.0, 0.0, 1.0],
                [1.0, 0.0, 0.0, -5e-06, 0.0, 0.461642, -0.887066, 0.017744, 0.0, 0.887066, 0.461642, 0.717917, 0.0, 0.0, 0.0, 1.0],
                [1.0, 0.0, 0.0, -5e-06, 0.0, 0.461642, -0.887066, 0.017744, 0.0, 0.887066, 0.461642, 0.720696, 0.0, 0.0, 0.0, 1.0],
                [1.0, 0.0, 0.0, -5e-06, 0.0, 0.461642, -0.887066, 0.017744, 0.0, 0.887066, 0.461642, 0.723475, 0.0, 0.0, 0.0, 1.0],
                [1.0, 0.0, 0.0, -5e-06, 0.0, 0.461642, -0.887066, 0.017744, 0.0, 0.887066, 0.461642, 0.726254, 0.0, 0.0, 0.0, 1.0],
                [1.0, 0.0, 0.0, -5e-06, 0.0, 0.461642, -0.887066, 0.017744, 0.0, 0.887066, 0.461642, 0.729033, 0.0, 0.0, 0.0, 1.0],
                [1.0, 0.0, 0.0, -5e-06, 0.0, 0.461642, -0.887066, 0.017744, 0.0, 0.887066, 0.461642, 0.731811, 0.0, 0.0, 0.0, 1.0],
                [1.0, 0.0, 0.0, -5e-06, 0.0, 0.461642, -0.887066, 0.017744, 0.0, 0.887066, 0.461642, 0.73459, 0.0, 0.0, 0.0, 1.0],
                [1.0, 0.0, 0.0, -5e-06, 0.0, 0.461642, -0.887066, 0.017744, 0.0, 0.887066, 0.461642, 0.737369, 0.0, 0.0, 0.0, 1.0],
                [1.0, 0.0, 0.0, -5e-06, 0.0, 0.461642, -0.887066, 0.017744, 0.0, 0.887066, 0.461642, 0.740148, 0.0, 0.0, 0.0, 1.0],
                [1.0, 0.0, 0.0, -5e-06, 0.0, 0.461642, -0.887066, 0.017744, 0.0, 0.887066, 0.461642, 0.742926, 0.0, 0.0, 0.0, 1.0],
                [1.0, 0.0, 0.0, -5e-06, 0.0, 0.461642, -0.887066, 0.017744, 0.0, 0.887066, 0.461642, 0.745705, 0.0, 0.0, 0.0, 1.0],
                [1.0, 0.0, 0.0, -5e-06, 0.0, 0.461642, -0.887066, 0.017744, 0.0, 0.887066, 0.461642, 0.748484, 0.0, 0.0, 0.0, 1.0],
                [1.0, 0.0, 0.0, -5e-06, 0.0, 0.461642, -0.887066, 0.017744, 0.0, 0.887066, 0.461642, 0.751263, 0.0, 0.0, 0.0, 1.0],
                [1.0, 0.0, 0.0, -5e-06, 0.0, 0.461642, -0.887066, 0.017744, 0.0, 0.887066, 0.461642, 0.754042, 0.0, 0.0, 0.0, 1.0],
                [1.0, 0.0, 0.0, -5e-06, 0.0, 0.461642, -0.887066, 0.017744, 0.0, 0.887066, 0.461642, 0.75682, 0.0, 0.0, 0.0, 1.0],
                [1.0, 0.0, 0.0, -5e-06, 0.0, 0.461642, -0.887066, 0.017744, 0.0, 0.887066, 0.461642, 0.759599, 0.0, 0.0, 0.0, 1.0],
                [1.0, 0.0, 0.0, -5e-06, 0.0, 0.461642, -0.887066, 0.017744, 0.0, 0.887066, 0.461642, 0.762378, 0.0, 0.0, 0.0, 1.0],
                [1.0, 0.0, 0.0, -5e-06, 0.0, 0.461642, -0.887066, 0.017744, 0.0, 0.887066, 0.461642, 0.765157, 0.0, 0.0, 0.0, 1.0],
                [1.0, 0.0, 0.0, -5e-06, 0.0, 0.461642, -0.887066, 0.017744, 0.0, 0.887066, 0.461642, 0.767935, 0.0, 0.0, 0.0, 1.0],
                [1.0, 0.0, 0.0, -5e-06, 0.0, 0.461642, -0.887066, 0.017744, 0.0, 0.887066, 0.461642, 0.770714, 0.0, 0.0, 0.0, 1.0],
                [1.0, 0.0, 0.0, -5e-06, 0.0, 0.461642, -0.887066, 0.017744, 0.0, 0.887066, 0.461642, 0.773493, 0.0, 0.0, 0.0, 1.0],
                [1.0, 0.0, 0.0, -5e-06, 0.0, 0.461642, -0.887066, 0.017744, 0.0, 0.887066, 0.461642, 0.776272, 0.0, 0.0, 0.0, 1.0],
                [1.0, 0.0, 0.0, -5e-06, 0.0, 0.461642, -0.887066, 0.017744, 0.0, 0.887066, 0.461642, 0.779051, 0.0, 0.0, 0.0, 1.0],
                [1.0, 0.0, 0.0, -5e-06, 0.0, 0.461642, -0.887066, 0.017744, 0.0, 0.887066, 0.461642, 0.781829, 0.0, 0.0, 0.0, 1.0],
                [1.0, 0.0, 0.0, -5e-06, 0.0, 0.461642, -0.887066, 0.017744, 0.0, 0.887066, 0.461642, 0.784608, 0.0, 0.0, 0.0, 1.0],
                [1.0, 0.0, 0.0, -5e-06, 0.0, 0.461642, -0.887066, 0.017744, 0.0, 0.887066, 0.461642, 0.787387, 0.0, 0.0, 0.0, 1.0],
                [1.0, 0.0, 0.0, -5e-06, 0.0, 0.461642, -0.887066, 0.017744, 0.0, 0.887066, 0.461642, 0.790166, 0.0, 0.0, 0.0, 1.0],
                [1.0, 0.0, 0.0, -5e-06, 0.0, 0.461642, -0.887066, 0.017744, 0.0, 0.887066, 0.461642, 0.792944, 0.0, 0.0, 0.0, 1.0],
                [1.0, 0.0, 0.0, -5e-06, 0.0, 0.461642, -0.887066, 0.017744, 0.0, 0.887066, 0.461642, 0.795723, 0.0, 0.0, 0.0, 1.0],
                [1.0, 0.0, 0.0, -5e-06, 0.0, 0.461642, -0.887066, 0.017744, 0.0, 0.887066, 0.461642, 0.792512, 0.0, 0.0, 0.0, 1.0],
                [1.0, 0.0, 0.0, -5e-06, 0.0, 0.461642, -0.887066, 0.017744, 0.0, 0.887066, 0.461642, 0.789301, 0.0, 0.0, 0.0, 1.0],
                [1.0, 0.0, 0.0, -5e-06, 0.0, 0.461642, -0.887066, 0.017744, 0.0, 0.887066, 0.461642, 0.786091, 0.0, 0.0, 0.0, 1.0],
                [1.0, 0.0, 0.0, -5e-06, 0.0, 0.461642, -0.887066, 0.017744, 0.0, 0.887066, 0.461642, 0.78288, 0.0, 0.0, 0.0, 1.0],
                [1.0, 0.0, 0.0, -5e-06, 0.0, 0.461642, -0.887066, 0.017744, 0.0, 0.887066, 0.461642, 0.779669, 0.0, 0.0, 0.0, 1.0],
                [1.0, 0.0, 0.0, -5e-06, 0.0, 0.461642, -0.887066, 0.017744, 0.0, 0.887066, 0.461642, 0.776458, 0.0, 0.0, 0.0, 1.0],
                [1.0, 0.0, 0.0, -5e-06, 0.0, 0.461642, -0.887066, 0.017744, 0.0, 0.887066, 0.461642, 0.773247, 0.0, 0.0, 0.0, 1.0],
                [1.0, 0.0, 0.0, -5e-06, 0.0, 0.461642, -0.887066, 0.017744, 0.0, 0.887066, 0.461642, 0.770036, 0.0, 0.0, 0.0, 1.0],
                [1.0, 0.0, 0.0, -5e-06, 0.0, 0.461642, -0.887066, 0.017744, 0.0, 0.887066, 0.461642, 0.766825, 0.0, 0.0, 0.0, 1.0],
                [1.0, 0.0, 0.0, -5e-06, 0.0, 0.461642, -0.887066, 0.017744, 0.0, 0.887066, 0.461642, 0.763614, 0.0, 0.0, 0.0, 1.0],
                [1.0, 0.0, 0.0, -5e-06, 0.0, 0.461642, -0.887066, 0.017744, 0.0, 0.887066, 0.461642, 0.760404, 0.0, 0.0, 0.0, 1.0],
                [1.0, 0.0, 0.0, -5e-06, 0.0, 0.461642, -0.887066, 0.017744, 0.0, 0.887066, 0.461642, 0.757193, 0.0, 0.0, 0.0, 1.0],
                [1.0, 0.0, 0.0, -5e-06, 0.0, 0.461642, -0.887066, 0.017744, 0.0, 0.887066, 0.461642, 0.753982, 0.0, 0.0, 0.0, 1.0],
                [1.0, 0.0, 0.0, -5e-06, 0.0, 0.461642, -0.887066, 0.017744, 0.0, 0.887066, 0.461642, 0.750771, 0.0, 0.0, 0.0, 1.0],
                [1.0, 0.0, 0.0, -5e-06, 0.0, 0.461642, -0.887066, 0.017744, 0.0, 0.887066, 0.461642, 0.74756, 0.0, 0.0, 0.0, 1.0],
                [1.0, 0.0, 0.0, -5e-06, 0.0, 0.461642, -0.887066, 0.017744, 0.0, 0.887066, 0.461642, 0.744349, 0.0, 0.0, 0.0, 1.0],
                [1.0, 0.0, 0.0, -5e-06, 0.0, 0.461642, -0.887066, 0.017744, 0.0, 0.887066, 0.461642, 0.741138, 0.0, 0.0, 0.0, 1.0],
                [1.0, 0.0, 0.0, -5e-06, 0.0, 0.461642, -0.887066, 0.017744, 0.0, 0.887066, 0.461642, 0.737927, 0.0, 0.0, 0.0, 1.0],
                [1.0, 0.0, 0.0, -5e-06, 0.0, 0.461642, -0.887066, 0.017744, 0.0, 0.887066, 0.461642, 0.734717, 0.0, 0.0, 0.0, 1.0],
                [1.0, 0.0, 0.0, -5e-06, 0.0, 0.461642, -0.887066, 0.017744, 0.0, 0.887066, 0.461642, 0.731506, 0.0, 0.0, 0.0, 1.0],
                [1.0, 0.0, 0.0, -5e-06, 0.0, 0.461642, -0.887066, 0.017744, 0.0, 0.887066, 0.461642, 0.728295, 0.0, 0.0, 0.0, 1.0],
                [1.0, 0.0, 0.0, -5e-06, 0.0, 0.461642, -0.887066, 0.017744, 0.0, 0.887066, 0.461642, 0.725084, 0.0, 0.0, 0.0, 1.0],
                [1.0, 0.0, 0.0, -5e-06, 0.0, 0.461642, -0.887066, 0.017744, 0.0, 0.887066, 0.461642, 0.721873, 0.0, 0.0, 0.0, 1.0],
                [1.0, 0.0, 0.0, -5e-06, 0.0, 0.461642, -0.887066, 0.017744, 0.0, 0.887066, 0.461642, 0.718662, 0.0, 0.0, 0.0, 1.0],
                [1.0, 0.0, 0.0, -5e-06, 0.0, 0.461642, -0.887066, 0.017744, 0.0, 0.887066, 0.461642, 0.715451, 0.0, 0.0, 0.0, 1.0],
                [1.0, 0.0, 0.0, -5e-06, 0.0, 0.461642, -0.887066, 0.017744, 0.0, 0.887066, 0.461642, 0.71224, 0.0, 0.0, 0.0, 1.0],
                [1.0, 0.0, 0.0, -5e-06, 0.0, 0.461642, -0.887066, 0.017744, 0.0, 0.887066, 0.461642, 0.70903, 0.0, 0.0, 0.0, 1.0],
                [1.0, 0.0, 0.0, -5e-06, 0.0, 0.461642, -0.887066, 0.017744, 0.0, 0.887066, 0.461642, 0.705819, 0.0, 0.0, 0.0, 1.0],
                [1.0, 0.0, 0.0, -5e-06, 0.0, 0.461642, -0.887066, 0.017744, 0.0, 0.887066, 0.461642, 0.702608, 0.0, 0.0, 0.0, 1.0],
                [1.0, 0.0, 0.0, -5e-06, 0.0, 0.461642, -0.887066, 0.017744, 0.0, 0.887066, 0.461642, 0.699397, 0.0, 0.0, 0.0, 1.0],
                [1.0, 0.0, 0.0, -5e-06, 0.0, 0.461642, -0.887066, 0.017744, 0.0, 0.887066, 0.461642, 0.700764, 0.0, 0.0, 0.0, 1.0],
                [1.0, 0.0, 0.0, -5e-06, 0.0, 0.461642, -0.887066, 0.017744, 0.0, 0.887066, 0.461642, 0.702131, 0.0, 0.0, 0.0, 1.0],
                [1.0, 0.0, 0.0, -5e-06, 0.0, 0.461642, -0.887066, 0.017744, 0.0, 0.887066, 0.461642, 0.703498, 0.0, 0.0, 0.0, 1.0],
                [1.0, 0.0, 0.0, -5e-06, 0.0, 0.461642, -0.887066, 0.017744, 0.0, 0.887066, 0.461642, 0.704865, 0.0, 0.0, 0.0, 1.0],
                [1.0, 0.0, 0.0, -5e-06, 0.0, 0.461642, -0.887066, 0.017744, 0.0, 0.887066, 0.461642, 0.706232, 0.0, 0.0, 0.0, 1.0],
                [1.0, 0.0, 0.0, -5e-06, 0.0, 0.461642, -0.887066, 0.017744, 0.0, 0.887066, 0.461642, 0.707599, 0.0, 0.0, 0.0, 1.0],
                [1.0, 0.0, 0.0, -5e-06, 0.0, 0.461642, -0.887066, 0.017744, 0.0, 0.887066, 0.461642, 0.708966, 0.0, 0.0, 0.0, 1.0],
                [1.0, 0.0, 0.0, -5e-06, 0.0, 0.461642, -0.887066, 0.017744, 0.0, 0.887066, 0.461642, 0.710333, 0.0, 0.0, 0.0, 1.0],
                [1.0, 0.0, 0.0, -5e-06, 0.0, 0.461642, -0.887066, 0.017744, 0.0, 0.887066, 0.461642, 0.7117, 0.0, 0.0, 0.0, 1.0],
                [1.0, 0.0, 0.0, -5e-06, 0.0, 0.461642, -0.887066, 0.017744, 0.0, 0.887066, 0.461642, 0.713067, 0.0, 0.0, 0.0, 1.0],
                [1.0, 0.0, 0.0, -5e-06, 0.0, 0.461642, -0.887066, 0.017744, 0.0, 0.887066, 0.461642, 0.714434, 0.0, 0.0, 0.0, 1.0],
                [1.0, 0.0, 0.0, -5e-06, 0.0, 0.461642, -0.887066, 0.017744, 0.0, 0.887066, 0.461642, 0.715801, 0.0, 0.0, 0.0, 1.0],
                [1.0, 0.0, 0.0, -5e-06, 0.0, 0.461642, -0.887066, 0.017744, 0.0, 0.887066, 0.461642, 0.717168, 0.0, 0.0, 0.0, 1.0],
                [1.0, 0.0, 0.0, -5e-06, 0.0, 0.461642, -0.887066, 0.017744, 0.0, 0.887066, 0.461642, 0.718535, 0.0, 0.0, 0.0, 1.0],
                [1.0, 0.0, 0.0, -5e-06, 0.0, 0.461642, -0.887066, 0.017744, 0.0, 0.887066, 0.461642, 0.719902, 0.0, 0.0, 0.0, 1.0],
                [1.0, 0.0, 0.0, -5e-06, 0.0, 0.461642, -0.887066, 0.017744, 0.0, 0.887066, 0.461642, 0.721269, 0.0, 0.0, 0.0, 1.0],
                [1.0, 0.0, 0.0, -5e-06, 0.0, 0.461642, -0.887066, 0.017744, 0.0, 0.887066, 0.461642, 0.722636, 0.0, 0.0, 0.0, 1.0],
                [1.0, 0.0, 0.0, -5e-06, 0.0, 0.461642, -0.887066, 0.017744, 0.0, 0.887066, 0.461642, 0.724003, 0.0, 0.0, 0.0, 1.0],
                [1.0, 0.0, 0.0, -5e-06, 0.0, 0.461642, -0.887066, 0.017744, 0.0, 0.887066, 0.461642, 0.72537, 0.0, 0.0, 0.0, 1.0],
                [1.0, 0.0, 0.0, -5e-06, 0.0, 0.461642, -0.887066, 0.017744, 0.0, 0.887066, 0.461642, 0.726737, 0.0, 0.0, 0.0, 1.0],
                [1.0, 0.0, 0.0, -5e-06, 0.0, 0.461642, -0.887066, 0.017744, 0.0, 0.887066, 0.461642, 0.728104, 0.0, 0.0, 0.0, 1.0],
                [1.0, 0.0, 0.0, -5e-06, 0.0, 0.461642, -0.887066, 0.017744, 0.0, 0.887066, 0.461642, 0.729471, 0.0, 0.0, 0.0, 1.0],
                [1.0, 0.0, 0.0, -5e-06, 0.0, 0.461642, -0.887066, 0.017744, 0.0, 0.887066, 0.461642, 0.730838, 0.0, 0.0, 0.0, 1.0],
                [1.0, 0.0, 0.0, -5e-06, 0.0, 0.461642, -0.887066, 0.017744, 0.0, 0.887066, 0.461642, 0.732205, 0.0, 0.0, 0.0, 1.0],
                [1.0, 0.0, 0.0, -5e-06, 0.0, 0.461642, -0.887066, 0.017744, 0.0, 0.887066, 0.461642, 0.733572, 0.0, 0.0, 0.0, 1.0],
                [1.0, 0.0, 0.0, -5e-06, 0.0, 0.461642, -0.887066, 0.017744, 0.0, 0.887066, 0.461642, 0.734939, 0.0, 0.0, 0.0, 1.0],
                [1.0, 0.0, 0.0, -5e-06, 0.0, 0.461642, -0.887066, 0.017744, 0.0, 0.887066, 0.461642, 0.736306, 0.0, 0.0, 0.0, 1.0],
                [1.0, 0.0, 0.0, -5e-06, 0.0, 0.461642, -0.887066, 0.017744, 0.0, 0.887066, 0.461642, 0.737673, 0.0, 0.0, 0.0, 1.0],
                [1.0, 0.0, 0.0, -5e-06, 0.0, 0.461642, -0.887066, 0.017744, 0.0, 0.887066, 0.461642, 0.73904, 0.0, 0.0, 0.0, 1.0],
                [1.0, 0.0, 0.0, -5e-06, 0.0, 0.461642, -0.887066, 0.017744, 0.0, 0.887066, 0.461642, 0.740407, 0.0, 0.0, 0.0, 1.0]
            ]
        },
        {
            "name": "Thigh_R",
            "time": [0.0, 0.0167, 0.0333, 0.05, 0.0667, 0.0833, 0.1, 0.1167, 0.1333, 0.15, 0.1667, 0.1833, 0.2, 0.2167, 0.2333, 0.25, 0.2667, 0.2833, 0.3, 0.3167, 0.3333, 0.35, 0.3667, 0.3833, 0.4, 0.4167, 0.4333, 0.45, 0.4667, 0.4833, 0.5, 0.5167, 0.5333, 0.55, 0.5667, 0.5833, 0.6, 0.6167, 0.6333, 0.65, 0.6667, 0.6833, 0.7, 0.7167, 0.7333, 0.75, 0.7667, 0.7833, 0.8, 0.8167, 0.8333, 0.85, 0.8667, 0.8833, 0.9, 0.9167, 0.9333, 0.95, 0.9667, 0.9833, 1.0, 1.0167, 1.0333, 1.05, 1.0667, 1.0833, 1.1, 1.1167, 1.1333, 1.15, 1.1667, 1.1833, 1.2, 1.2167, 1.2333, 1.25, 1.2667, 1.2833, 1.3, 1.3167, 1.3333, 1.35, 1.3667, 1.3833, 1.4, 1.4167, 1.4333, 1.45, 1.4667, 1.4833, 1.5, 1.5167, 1.5333, 1.55, 1.5667, 1.5833, 1.6, 1.6167, 1.6333, 1.65, 1.6667, 1.6833, 1.7, 1.7167, 1.7333, 1.75, 1.7667, 1.7833, 1.8, 1.8167, 1.8333, 1.85, 1.8667, 1.8833, 1.9, 1.9167, 1.9333, 1.95, 1.9667, 1.9833, 2.0],
            "transform": [
                [1.0, -1.8e-05, 1e-05, 0.124994, -1.6e-05, -0.413269, 0.910609, -0.002831, -1.2e-05, -0.910609, -0.413269, -1.2e-05, 0.0, 0.0, 0.0, 1.0],
                [1.0, -1.8e-05, 1e-05, 0.124994, -1.6e-05, -0.410008, 0.912082, -0.002831, -1.2e-05, -0.912082, -0.410008, -1.2e-05, 0.0, 0.0, 0.0, 1.0],
                [1.0, -1.8e-05, 1e-05, 0.124994, -1.6e-05, -0.406881, 0.913481, -0.002831, -1.2e-05, -0.913481, -0.406881, -1.2e-05, 0.0, 0.0, 0.0, 1.0],
                [1.0, -1.7e-05, 1e-05, 0.124994, -1.6e-05, -0.403884, 0.91481, -0.002831, -1.2e-05, -0.91481, -0.403884, -1.2e-05, 0.0, 0.0, 0.0, 1.0],
                [1.0, -1.7e-05, 9e-06, 0.124994, -1.6e-05, -0.40102, 0.916069, -0.002831, -1.2e-05, -0.91607, -0.40102, -1.2e-05, 0.0, 0.0, 0.0, 1.0],
                [1.0, -1.7e-05, 9e-06, 0.124994, -1.6e-05, -0.398286, 0.917261, -0.002831, -1.2e-05, -0.917261, -0.398286, -1.2e-05, 0.0, 0.0, 0.0, 1.0],
                [1.0, -1.7e-05, 9e-06, 0.124994, -1.5e-05, -0.395683, 0.918387, -0.002831, -1.2e-05, -0.918387, -0.395683, -1.2e-05, 0.0, 0.0, 0.0, 1.0],
                [1.0, -1.7e-05, 9e-06, 0.124994, -1.5e-05, -0.393209, 0.919449, -0.002831, -1.2e-05, -0.919449, -0.393209, -1.2e-05, 0.0, 0.0, 0.0, 1.0],
                [1.0, -1.7e-05, 9e-06, 0.124994, -1.5e-05, -0.390864, 0.920448, -0.002831, -1.2e-05, -0.920448, -0.390864, -1.2e-05, 0.0, 0.0, 0.0, 1.0],
                [1.0, -1.7e-05, 9e-06, 0.124994, -1.5e-05, -0.388648, 0.921387, -0.002831, -1.2e-05, -0.921387, -0.388648, -1.2e-05, 0.0, 0.0, 0.0, 1.0],
                [1.0, -1.7e-05, 9e-06, 0.124994, -1.5e-05, -0.386558, 0.922265, -0.002831, -1.2e-05, -0.922265, -0.386558, -1.2e-05, 0.0, 0.0, 0.0, 1.0],
                [1.0, -1.7e-05, 9e-06, 0.124994, -1.5e-05, -0.384596, 0.923085, -0.002831, -1.2e-05, -0.923085, -0.384596, -1.2e-05, 0.0, 0.0, 0.0, 1.0],
                [1.0, -1.7e-05, 9e-06, 0.124994, -1.5e-05, -0.382759, 0.923848, -0.002831, -1.2e-05, -0.923848, -0.382759, -1.2e-05, 0.0, 0.0, 0.0, 1.0],
                [1.0, -1.7e-05, 9e-06, 0.124994, -1.5e-05, -0.381048, 0.924555, -0.002831, -1.2e-05, -0.924555, -0.381048, -1.2e-05, 0.0, 0.0, 0.0, 1.0],
                [1.0, -1.7e-05, 9e-06, 0.124994, -1.4e-05, -0.379461, 0.925208, -0.002831, -1.2e-05, -0.925208, -0.379461, -1.2e-05, 0.0, 0.0, 0.0, 1.0],
                [1.0, -1.7e-05, 9e-06, 0.124994, -1.4e-05, -0.377998, 0.925806, -0.002831, -1.2e-05, -0.925807, -0.377998, -1.2e-05, 0.0, 0.0, 0.0, 1.0],
                [1.0, -1.7e-05, 8e-06, 0.124994, -1.4e-05, -0.376658, 0.926353, -0.002831, -1.2e-05, -0.926353, -0.376658, -1.2e-05, 0.0, 0.0, 0.0, 1.0],
                [1.0, -1.7e-05, 8e-06, 0.124994, -1.4e-05, -0.37544, 0.926847, -0.002831, -1.2e-05, -0.926847, -0.37544, -1.2e-05, 0.0, 0.0, 0.0, 1.0],
                [1.0, -1.7e-05, 8e-06, 0.124994, -1.4e-05, -0.374343, 0.927291, -0.002831, -1.2e-05, -0.927291, -0.374343, -1.2e-05, 0.0, 0.0, 0.0, 1.0],
                [1.0, -1.7e-05, 8e-06, 0.124994, -1.4e-05, -0.373367, 0.927684, -0.002831, -1.2e-05, -0.927684, -0.373367, -1.2e-05, 0.0, 0.0, 0.0, 1.0],
                [1.0, -1.7e-05, 8e-06, 0.124994, -1.4e-05, -0.37251, 0.928028, -0.002831, -1.2e-05, -0.928028, -0.37251, -1.2e-05, 0.0, 0.0, 0.0, 1.0],
                [1.0, -1.6e-05, 8e-06, 0.124994, -1.4e-05, -0.371775, 0.928323, -0.002831, -1.2e-05, -0.928323, -0.371775, -1.2e-05, 0.0, 0.0, 0.0, 1.0],
                [1.0, -1.6e-05, 8e-06, 0.124994, -1.4e-05, -0.371163, 0.928568, -0.002831, -1.2e-05, -0.928568, -0.371163, -1.2e-05, 0.0, 0.0, 0.0, 1.0],
                [1.0, -1.6e-05, 8e-06, 0.124994, -1.3e-05, -0.370669, 0.928765, -0.002831, -1.2e-05, -0.928765, -0.370669, -1.2e-05, 0.0, 0.0, 0.0, 1.0],
                [1.0, -1.6e-05, 8e-06, 0.124994, -1.3e-05, -0.370292, 0.928916, -0.002831, -1.2e-05, -0.928916, -0.370292, -1.2e-05, 0.0, 0.0, 0.0, 1.0],
                [1.0, -1.6e-05, 8e-06, 0.124994, -1.3e-05, -0.37003, 0.92902, -0.002831, -1.2e-05, -0.92902, -0.370031, -1.2e-05, 0.0, 0.0, 0.0, 1.0],
                [1.0, -1.6e-05, 8e-06, 0.124994, -1.3e-05, -0.369885, 0.929078, -0.002831, -1.2e-05, -0.929078, -0.369885, -1.2e-05, 0.0, 0.0, 0.0, 1.0],
                [1.0, -1.6e-05, 8e-06, 0.124994, -1.3e-05, -0.369855, 0.929089, -0.002831, -1.2e-05, -0.92909, -0.369855, -1.2e-05, 0.0, 0.0, 0.0, 1.0],
                [1.0, -1.6e-05, 7e-06, 0.124994, -1.3e-05, -0.369939, 0.929056, -0.002831, -1.2e-05, -0.929056, -0.369939, -1.2e-05, 0.0, 0.0, 0.0, 1.0],
                [1.0, -1.6e-05, 7e-06, 0.124994, -1.3e-05, -0.370263, 0.928927, -0.002831, -1.2e-05, -0.928927, -0.370263, -1.2e-05, 0.0, 0.0, 0.0, 1.0],
                [1.0, -1.6e-05, 7e-06, 0.124994, -1.3e-05, -0.370569, 0.928805, -0.002831, -1.2e-05, -0.928805, -0.370569, -1.2e-05, 0.0, 0.0, 0.0, 1.0],
                [1.0, -1.6e-05, 7e-06, 0.124994, -1.3e-05, -0.368196, 0.929748, -0.002831, -1.2e-05, -0.929749, -0.368196, -1.2e-05, 0.0, 0.0, 0.0, 1.0],
                [1.0, -1.6e-05, 7e-06, 0.124994, -1.3e-05, -0.365832, 0.930681, -0.002831, -1.2e-05, -0.930681, -0.365832, -1.2e-05, 0.0, 0.0, 0.0, 1.0],
                [1.0, -1.6e-05, 7e-06, 0.124994, -1.3e-05, -0.363476, 0.931603, -0.002831, -1.2e-05, -0.931603, -0.363476, -1.2e-05, 0.0, 0.0, 0.0, 1.0],
                [1.0, -1.6e-05, 7e-06, 0.124994, -1.3e-05, -0.360995, 0.932568, -0.002831, -1.2e-05, -0.932568, -0.360995, -1.2e-05, 0.0, 0.0, 0.0, 1.0],
                [1.0, -1.6e-05, 8e-06, 0.124994, -1.3e-05, -0.358653, 0.933471, -0.002831, -1.2e-05, -0.933471, -0.358652, -1.2e-05, 0.0, 0.0, 0.0, 1.0],
                [1.0, -1.6e-05, 8e-06, 0.124994, -1.3e-05, -0.356318, 0.934365, -0.002831, -1.2e-05, -0.934365, -0.356318, -1.2e-05, 0.0, 0.0, 0.0, 1.0],
                [1.0, -1.6e-05, 8e-06, 0.124994, -1.3e-05, -0.353993, 0.935248, -0.002831, -1.2e-05, -0.935249, -0.353993, -1.2e-05, 0.0, 0.0, 0.0, 1.0],
                [1.0, -1.6e-05, 8e-06, 0.124994, -1.3e-05, -0.351675, 0.936122, -0.002831, -1.2e-05, -0.936122, -0.351675, -1.2e-05, 0.0, 0.0, 0.0, 1.0],
                [1.0, -1.6e-05, 8e-06, 0.124994, -1.3e-05, -0.349367, 0.936986, -0.002831, -1.2e-05, -0.936986, -0.349367, -1.2e-05, 0.0, 0.0, 0.0, 1.0],
                [1.0, -1.6e-05, 8e-06, 0.124994, -1.3e-05, -0.347066, 0.937841, -0.002831, -1.2e-05, -0.937841, -0.347066, -1.2e-05, 0.0, 0.0, 0.0, 1.0],
                [1.0, -1.6e-05, 8e-06, 0.124994, -1.3e-05, -0.344773, 0.938686, -0.002831, -1.3e-05, -0.938686, -0.344773, -1.2e-05, 0.0, 0.0, 0.0, 1.0],
                [1.0, -1.6e-05, 8e-06, 0.124994, -1.3e-05, -0.342489, 0.939522, -0.002831, -1.3e-05, -0.939522, -0.342489, -1.2e-05, 0.0, 0.0, 0.0, 1.0],
                [1.0, -1.6e-05, 8e-06, 0.124994, -1.3e-05, -0.340213, 0.940348, -0.002831, -1.3e-05, -0.940348, -0.340213, -1.2e-05, 0.0, 0.0, 0.0, 1.0],
                [1.0, -1.6e-05, 8e-06, 0.124994, -1.3e-05, -0.337946, 0.941166, -0.002831, -1.3e-05, -0.941166, -0.337946, -1.2e-05, 0.0, 0.0, 0.0, 1.0],
                [1.0, -1.6e-05, 8e-06, 0.124994, -1.3e-05, -0.335687, 0.941974, -0.002831, -1.3e-05, -0.941974, -0.335687, -1.2e-05, 0.0, 0.0, 0.0, 1.0],
                [1.0, -1.6e-05, 8e-06, 0.124994, -1.3e-05, -0.333436, 0.942773, -0.002831, -1.3e-05, -0.942773, -0.333436, -1.2e-05, 0.0, 0.0, 0.0, 1.0],
                [1.0, -1.6e-05, 8e-06, 0.124994, -1.3e-05, -0.331195, 0.943563, -0.002831, -1.3e-05, -0.943563, -0.331195, -1.2e-05, 0.0, 0.0, 0.0, 1.0],
                [1.0, -1.6e-05, 8e-06, 0.124994, -1.3e-05, -0.328965, 0.944343, -0.002831, -1.3e-05, -0.944343, -0.328965, -1.2e-05, 0.0, 0.0, 0.0, 1.0],
                [1.0, -1.7e-05, 8e-06, 0.124994, -1.3e-05, -0.326743, 0.945114, -0.002831, -1.3e-05, -0.945113, -0.326743, -1.2e-05, 0.0, 0.0, 0.0, 1.0],
                [1.0, -1.7e-05, 8e-06, 0.124994, -1.3e-05, -0.324529, 0.945876, -0.002831, -1.3e-05, -0.945876, -0.32453, -1.2e-05, 0.0, 0.0, 0.0, 1.0],
                [1.0, -1.7e-05, 8e-06, 0.124994, -1.3e-05, -0.322325, 0.946629, -0.002831, -1.3e-05, -0.946629, -0.322325, -1.2e-05, 0.0, 0.0, 0.0, 1.0],
                [1.0, -1.7e-05, 8e-06, 0.124994, -1.3e-05, -0.320128, 0.947374, -0.002831, -1.3e-05, -0.947374, -0.320128, -1.2e-05, 0.0, 0.0, 0.0, 1.0],
                [1.0, -1.7e-05, 8e-06, 0.124994, -1.3e-05, -0.317941, 0.948111, -0.002831, -1.3e-05, -0.948111, -0.317941, -1.2e-05, 0.0, 0.0, 0.0, 1.0],
                [1.0, -1.7e-05, 8e-06, 0.124994, -1.3e-05, -0.315761, 0.948839, -0.002831, -1.3e-05, -0.948839, -0.315761, -1.2e-05, 0.0, 0.0, 0.0, 1.0],
                [1.0, -1.7e-05, 9e-06, 0.124994, -1.3e-05, -0.31359, 0.949559, -0.002831, -1.3e-05, -0.949559, -0.31359, -1.2e-05, 0.0, 0.0, 0.0, 1.0],
                [1.0, -1.7e-05, 9e-06, 0.124994, -1.3e-05, -0.311428, 0.95027, -0.002831, -1.3e-05, -0.95027, -0.311428, -1.2e-05, 0.0, 0.0, 0.0, 1.0],
                [1.0, -1.7e-05, 9e-06, 0.124994, -1.3e-05, -0.309274, 0.950973, -0.002831, -1.3e-05, -0.950973, -0.309274, -1.2e-05, 0.0, 0.0, 0.0, 1.0],
                [1.0, -1.7e-05, 9e-06, 0.124994, -1.3e-05, -0.307129, 0.951668, -0.002831, -1.3e-05, -0.951668, -0.307129, -1.2e-05, 0.0, 0.0, 0.0, 1.0],
                [1.0, -1.7e-05, 9e-06, 0.124994, -1.3e-05, -0.304992, 0.952355, -0.002831, -1.3e-05, -0.952355, -0.304992, -1.2e-05, 0.0, 0.0, 0.0, 1.0],
                [1.0, -1.7e-05, 9e-06, 0.124994, -1.3e-05, -0.302864, 0.953034, -0.002831, -1.3e-05, -0.953034, -0.302864, -1.2e-05, 0.0, 0.0, 0.0, 1.0],
                [1.0, -1.7e-05, 9e-06, 0.124994, -1.3e-05, -0.302864, 0.953034, -0.002831, -1.3e-05, -0.953034, -0.302864, -1.2e-05, 0.0, 0.0, 0.0, 1.0],
                [1.0, -1.7e-05, 9e-06, 0.124994, -1.3e-05, -0.302864, 0.953034, -0.002831, -1.3e-05, -0.953034, -0.302864, -1.2e-05, 0.0, 0.0, 0.0, 1.0],
                [1.0, -1.7e-05, 9e-06, 0.124994, -1.3e-05, -0.302864, 0.953034, -0.002831, -1.3e-05, -0.953034, -0.302864, -1.2e-05, 0.0, 0.0, 0.0, 1.0],
                [1.0, -1.7e-05, 9e-06, 0.124994, -1.3e-05, -0.302864, 0.953034, -0.002831, -1.3e-05, -0.953034, -0.302864, -1.2e-05, 0.0, 0.0, 0.0, 1.0],
                [1.0, -1.7e-05, 9e-06, 0.124994, -1.4e-05, -0.302864, 0.953034, -0.002831, -1.3e-05, -0.953034, -0.302864, -1.2e-05, 0.0, 0.0, 0.0, 1.0],
                [1.0, -1.7e-05, 9e-06, 0.124994, -1.3e-05, -0.302864, 0.953034, -0.002831, -1.3e-05, -0.953034, -0.302864, -1.2e-05, 0.0, 0.0, 0.0, 1.0],
                [1.0, -1.7e-05, 9e-06, 0.124994, -1.3e-05, -0.302864, 0.953034, -0.002831, -1.3e-05, -0.953034, -0.302864, -1.2e-05, 0.0, 0.0, 0.0, 1.0],
                [1.0, -1.7e-05, 9e-06, 0.124994, -1.3e-05, -0.302864, 0.953034, -0.002831, -1.3e-05, -0.953034, -0.302864, -1.2e-05, 0.0, 0.0, 0.0, 1.0],
                [1.0, -1.7e-05, 9e-06, 0.124994, -1.3e-05, -0.302864, 0.953034, -0.002831, -1.3e-05, -0.953034, -0.302864, -1.2e-05, 0.0, 0.0, 0.0, 1.0],
                [1.0, -1.7e-05, 9e-06, 0.124994, -1.3e-05, -0.302864, 0.953034, -0.002831, -1.3e-05, -0.953034, -0.302864, -1.2e-05, 0.0, 0.0, 0.0, 1.0],
                [1.0, -1.7e-05, 9e-06, 0.124994, -1.3e-05, -0.302864, 0.953034, -0.002831, -1.3e-05, -0.953034, -0.302864, -1.2e-05, 0.0, 0.0, 0.0, 1.0],
                [1.0, -1.7e-05, 9e-06, 0.124994, -1.3e-05, -0.302864, 0.953034, -0.002831, -1.3e-05, -0.953034, -0.302864, -1.2e-05, 0.0, 0.0, 0.0, 1.0],
                [1.0, -1.7e-05, 9e-06, 0.124994, -1.3e-05, -0.302864, 0.953034, -0.002831, -1.3e-05, -0.953034, -0.302864, -1.2e-05, 0.0, 0.0, 0.0, 1.0],
                [1.0, -1.7e-05, 9e-06, 0.124994, -1.3e-05, -0.302864, 0.953034, -0.002831, -1.3e-05, -0.953034, -0.302864, -1.2e-05, 0.0, 0.0, 0.0, 1.0],
                [1.0, -1.7e-05, 9e-06, 0.124994, -1.3e-05, -0.302864, 0.953034, -0.002831, -1.3e-05, -0.953034, -0.302864, -1.2e-05, 0.0, 0.0, 0.0, 1.0],
                [1.0, -1.7e-05, 9e-06, 0.124994, -1.3e-05, -0.302864, 0.953034, -0.002831, -1.3e-05, -0.953034, -0.302864, -1.2e-05, 0.0, 0.0, 0.0, 1.0],
                [1.0, -1.7e-05, 9e-06, 0.124994, -1.3e-05, -0.302864, 0.953034, -0.002831, -1.3e-05, -0.953034, -0.302864, -1.2e-05, 0.0, 0.0, 0.0, 1.0],
                [1.0, -1.7e-05, 9e-06, 0.124994, -1.3e-05, -0.302864, 0.953034, -0.002831, -1.3e-05, -0.953034, -0.302864, -1.2e-05, 0.0, 0.0, 0.0, 1.0],
                [1.0, -1.7e-05, 9e-06, 0.124994, -1.3e-05, -0.302864, 0.953034, -0.002831, -1.3e-05, -0.953034, -0.302864, -1.2e-05, 0.0, 0.0, 0.0, 1.0],
                [1.0, -1.7e-05, 9e-06, 0.124994, -1.3e-05, -0.302864, 0.953034, -0.002831, -1.3e-05, -0.953034, -0.302864, -1.2e-05, 0.0, 0.0, 0.0, 1.0],
                [1.0, -1.7e-05, 9e-06, 0.124994, -1.3e-05, -0.302864, 0.953034, -0.002831, -1.3e-05, -0.953034, -0.302864, -1.2e-05, 0.0, 0.0, 0.0, 1.0],
                [1.0, -1.7e-05, 9e-06, 0.124994, -1.3e-05, -0.302864, 0.953034, -0.002831, -1.3e-05, -0.953034, -0.302864, -1.2e-05, 0.0, 0.0, 0.0, 1.0],
                [1.0, -1.7e-05, 9e-06, 0.124994, -1.3e-05, -0.302864, 0.953034, -0.002831, -1.3e-05, -0.953034, -0.302864, -1.2e-05, 0.0, 0.0, 0.0, 1.0],
                [1.0, -1.7e-05, 9e-06, 0.124994, -1.3e-05, -0.302864, 0.953034, -0.002831, -1.3e-05, -0.953034, -0.302864, -1.2e-05, 0.0, 0.0, 0.0, 1.0],
                [1.0, -1.7e-05, 9e-06, 0.124994, -1.3e-05, -0.302864, 0.953034, -0.002831, -1.3e-05, -0.953034, -0.302864, -1.2e-05, 0.0, 0.0, 0.0, 1.0],
                [1.0, -1.7e-05, 9e-06, 0.124994, -1.3e-05, -0.302864, 0.953034, -0.002831, -1.3e-05, -0.953034, -0.302864, -1.2e-05, 0.0, 0.0, 0.0, 1.0],
                [1.0, -1.7e-05, 9e-06, 0.124994, -1.3e-05, -0.302864, 0.953034, -0.002831, -1.3e-05, -0.953034, -0.302864, -1.2e-05, 0.0, 0.0, 0.0, 1.0],
                [1.0, -1.7e-05, 9e-06, 0.124994, -1.3e-05, -0.302864, 0.953034, -0.002831, -1.3e-05, -0.953034, -0.302864, -1.2e-05, 0.0, 0.0, 0.0, 1.0],
                [1.0, -1.7e-05, 9e-06, 0.124994, -1.3e-05, -0.302864, 0.953034, -0.002831, -1.3e-05, -0.953034, -0.302864, -1.2e-05, 0.0, 0.0, 0.0, 1.0],
                [1.0, -1.7e-05, 9e-06, 0.124994, -1.3e-05, -0.302864, 0.953034, -0.002831, -1.3e-05, -0.953034, -0.302864, -1.2e-05, 0.0, 0.0, 0.0, 1.0],
                [1.0, -1.7e-05, 9e-06, 0.124994, -1.4e-05, -0.305771, 0.952105, -0.002831, -1.3e-05, -0.952105, -0.305771, -1.2e-05, 0.0, 0.0, 0.0, 1.0],
                [1.0, -1.7e-05, 9e-06, 0.124994, -1.4e-05, -0.308733, 0.951149, -0.002831, -1.3e-05, -0.951149, -0.308732, -1.2e-05, 0.0, 0.0, 0.0, 1.0],
                [1.0, -1.7e-05, 9e-06, 0.124994, -1.4e-05, -0.31175, 0.950164, -0.002831, -1.3e-05, -0.950164, -0.31175, -1.2e-05, 0.0, 0.0, 0.0, 1.0],
                [1.0, -1.7e-05, 9e-06, 0.124994, -1.4e-05, -0.314823, 0.949151, -0.002831, -1.3e-05, -0.949151, -0.314823, -1.2e-05, 0.0, 0.0, 0.0, 1.0],
                [1.0, -1.7e-05, 9e-06, 0.124994, -1.4e-05, -0.317951, 0.948107, -0.002831, -1.3e-05, -0.948107, -0.317951, -1.2e-05, 0.0, 0.0, 0.0, 1.0],
                [1.0, -1.7e-05, 9e-06, 0.124994, -1.4e-05, -0.321133, 0.947034, -0.002831, -1.3e-05, -0.947034, -0.321133, -1.2e-05, 0.0, 0.0, 0.0, 1.0],
                [1.0, -1.7e-05, 9e-06, 0.124994, -1.4e-05, -0.324371, 0.94593, -0.002831, -1.3e-05, -0.94593, -0.32437, -1.2e-05, 0.0, 0.0, 0.0, 1.0],
                [1.0, -1.7e-05, 9e-06, 0.124994, -1.4e-05, -0.327663, 0.944795, -0.002831, -1.3e-05, -0.944795, -0.327663, -1.2e-05, 0.0, 0.0, 0.0, 1.0],
                [1.0, -1.7e-05, 9e-06, 0.124994, -1.4e-05, -0.331009, 0.943628, -0.002831, -1.3e-05, -0.943628, -0.331009, -1.2e-05, 0.0, 0.0, 0.0, 1.0],
                [1.0, -1.7e-05, 9e-06, 0.124994, -1.4e-05, -0.334409, 0.942428, -0.002831, -1.3e-05, -0.942428, -0.334409, -1.2e-05, 0.0, 0.0, 0.0, 1.0],
                [1.0, -1.7e-05, 9e-06, 0.124994, -1.4e-05, -0.337863, 0.941195, -0.002831, -1.3e-05, -0.941195, -0.337863, -1.2e-05, 0.0, 0.0, 0.0, 1.0],
                [1.0, -1.7e-05, 9e-06, 0.124994, -1.5e-05, -0.341371, 0.939928, -0.002831, -1.3e-05, -0.939929, -0.341371, -1.2e-05, 0.0, 0.0, 0.0, 1.0],
                [1.0, -1.7e-05, 9e-06, 0.124994, -1.5e-05, -0.344932, 0.938628, -0.002831, -1.3e-05, -0.938628, -0.344932, -1.2e-05, 0.0, 0.0, 0.0, 1.0],
                [1.0, -1.7e-05, 9e-06, 0.124994, -1.5e-05, -0.348546, 0.937292, -0.002831, -1.3e-05, -0.937292, -0.348546, -1.2e-05, 0.0, 0.0, 0.0, 1.0],
                [1.0, -1.7e-05, 9e-06, 0.124994, -1.5e-05, -0.352213, 0.93592, -0.002831, -1.3e-05, -0.93592, -0.352213, -1.2e-05, 0.0, 0.0, 0.0, 1.0],
                [1.0, -1.7e-05, 9e-06, 0.124994, -1.5e-05, -0.355932, 0.934512, -0.002831, -1.3e-05, -0.934512, -0.355932, -1.2e-05, 0.0, 0.0, 0.0, 1.0],
                [1.0, -1.7e-05, 9e-06, 0.124994, -1.5e-05, -0.359703, 0.933067, -0.002831, -1.3e-05, -0.933067, -0.359703, -1.2e-05, 0.0, 0.0, 0.0, 1.0],
                [1.0, -1.7e-05, 9e-06, 0.124994, -1.5e-05, -0.363526, 0.931584, -0.002831, -1.3e-05, -0.931584, -0.363526, -1.2e-05, 0.0, 0.0, 0.0, 1.0],
                [1.0, -1.7e-05, 9e-06, 0.124994, -1.5e-05, -0.3674, 0.930063, -0.002831, -1.3e-05, -0.930063, -0.3674, -1.2e-05, 0.0, 0.0, 0.0, 1.0],
                [1.0, -1.7e-05, 9e-06, 0.124994, -1.5e-05, -0.371325, 0.928503, -0.002831, -1.3e-05, -0.928503, -0.371325, -1.2e-05, 0.0, 0.0, 0.0, 1.0],
                [1.0, -1.7e-05, 9e-06, 0.124994, -1.5e-05, -0.3753, 0.926903, -0.002831, -1.3e-05, -0.926904, -0.3753, -1.2e-05, 0.0, 0.0, 0.0, 1.0],
                [1.0, -1.7e-05, 1e-05, 0.124994, -1.5e-05, -0.379326, 0.925263, -0.002831, -1.3e-05, -0.925263, -0.379326, -1.2e-05, 0.0, 0.0, 0.0, 1.0],
                [1.0, -1.8e-05, 1e-05, 0.124994, -1.6e-05, -0.383401, 0.923582, -0.002831, -1.3e-05, -0.923582, -0.383401, -1.2e-05, 0.0, 0.0, 0.0, 1.0],
                [1.0, -1.8e-05, 1e-05, 0.124994, -1.6e-05, -0.387525, 0.921859, -0.002831, -1.2e-05, -0.92186, -0.387525, -1.2e-05, 0.0, 0.0, 0.0, 1.0],
                [1.0, -1.8e-05, 1e-05, 0.124994, -1.6e-05, -0.391697, 0.920094, -0.002831, -1.2e-05, -0.920095, -0.391697, -1.2e-05, 0.0, 0.0, 0.0, 1.0],
                [1.0, -1.8e-05, 1e-05, 0.124994, -1.6e-05, -0.395918, 0.918286, -0.002831, -1.2e-05, -0.918286, -0.395917, -1.2e-05, 0.0, 0.0, 0.0, 1.0],
                [1.0, -1.8e-05, 1e-05, 0.124994, -1.6e-05, -0.400186, 0.916434, -0.002831, -1.2e-05, -0.916434, -0.400186, -1.2e-05, 0.0, 0.0, 0.0, 1.0],
                [1.0, -1.8e-05, 1e-05, 0.124994, -1.6e-05, -0.4045, 0.914538, -0.002831, -1.2e-05, -0.914538, -0.4045, -1.2e-05, 0.0, 0.0, 0.0, 1.0],
                [1.0, -1.8e-05, 1e-05, 0.124994, -1.6e-05, -0.408862, 0.912596, -0.002831, -1.2e-05, -0.912596, -0.408862, -1.2e-05, 0.0, 0.0, 0.0, 1.0],
                [1.0, -1.8e-05, 1e-05, 0.124994, -1.6e-05, -0.413269, 0.910609, -0.002831, -1.2e-05, -0.910609, -0.413269, -1.2e-05, 0.0, 0.0, 0.0, 1.0]
            ]
        },
        {
            "name": "Leg_R",
            "time": [0.0, 0.0167, 0.0333, 0.05, 0.0667, 0.0833, 0.1, 0.1167, 0.1333, 0.15, 0.1667, 0.1833, 0.2, 0.2167, 0.2333, 0.25, 0.2667, 0.2833, 0.3, 0.3167, 0.3333, 0.35, 0.3667, 0.3833, 0.4, 0.4167, 0.4333, 0.45, 0.4667, 0.4833, 0.5, 0.5167, 0.5333, 0.55, 0.5667, 0.5833, 0.6, 0.6167, 0.6333, 0.65, 0.6667, 0.6833, 0.7, 0.7167, 0.7333, 0.75, 0.7667, 0.7833, 0.8, 0.8167, 0.8333, 0.85, 0.8667, 0.8833, 0.9, 0.9167, 0.9333, 0.95, 0.9667, 0.9833, 1.0, 1.0167, 1.0333, 1.05, 1.0667, 1.0833, 1.1, 1.1167, 1.1333, 1.15, 1.1667, 1.1833, 1.2, 1.2167, 1.2333, 1.25, 1.2667, 1.2833, 1.3, 1.3167, 1.3333, 1.35, 1.3667, 1.3833, 1.4, 1.4167, 1.4333, 1.45, 1.4667, 1.4833, 1.5, 1.5167, 1.5333, 1.55, 1.5667, 1.5833, 1.6, 1.6167, 1.6333, 1.65, 1.6667, 1.6833, 1.7, 1.7167, 1.7333, 1.75, 1.7667, 1.7833, 1.8, 1.8167, 1.8333, 1.85, 1.8667, 1.8833, 1.9, 1.9167, 1.9333, 1.95, 1.9667, 1.9833, 2.0],
            "transform": [
                [1.0, 1.9e-05, 3e-05, -0.0, -2e-05, -0.408876, 0.91259, 0.374726, 3e-05, -0.91259, -0.408876, 0.0, 0.0, 0.0, 0.0, 1.0],
                [1.0, 1.9e-05, 3e-05, -0.0, -2e-05, -0.401194, 0.915992, 0.374726, 3e-05, -0.915993, -0.401195, 0.0, 0.0, 0.0, 0.0, 1.0],
                [1.0, 1.9e-05, 3e-05, 0.0, -2e-05, -0.393391, 0.919371, 0.374726, 2.9e-05, -0.919371, -0.393391, 0.0, 0.0, 0.0, 0.0, 1.0],
                [1.0, 1.9e-05, 3e-05, 0.0, -2e-05, -0.385467, 0.922721, 0.374726, 2.9e-05, -0.922722, -0.385467, 0.0, 0.0, 0.0, 0.0, 1.0],
                [1.0, 1.9e-05, 3e-05, 0.0, -2e-05, -0.377422, 0.926041, 0.374726, 2.9e-05, -0.926042, -0.377422, 0.0, 0.0, 0.0, 0.0, 1.0],
                [1.0, 1.9e-05, 2.9e-05, -0.0, -2e-05, -0.369254, 0.929328, 0.374726, 2.9e-05, -0.929329, -0.369254, 0.0, 0.0, 0.0, 0.0, 1.0],
                [1.0, 2e-05, 2.9e-05, -0.0, -2e-05, -0.360966, 0.932579, 0.374726, 2.9e-05, -0.932579, -0.360966, 0.0, 0.0, 0.0, 0.0, 1.0],
                [1.0, 2e-05, 2.9e-05, 0.0, -2e-05, -0.352556, 0.93579, 0.374726, 2.9e-05, -0.935791, -0.352556, 0.0, 0.0, 0.0, 0.0, 1.0],
                [1.0, 2e-05, 2.9e-05, 0.0, -2e-05, -0.344025, 0.938961, 0.374726, 2.8e-05, -0.93896, -0.344024, -0.0, 0.0, 0.0, 0.0, 1.0],
                [1.0, 2e-05, 2.9e-05, -0.0, -2e-05, -0.335372, 0.942086, 0.374726, 2.8e-05, -0.942086, -0.335372, -0.0, 0.0, 0.0, 0.0, 1.0],
                [1.0, 2e-05, 2.9e-05, 0.0, -2.1e-05, -0.326598, 0.945163, 0.374726, 2.8e-05, -0.945164, -0.326598, 0.0, 0.0, 0.0, 0.0, 1.0],
                [1.0, 2e-05, 2.8e-05, 0.0, -2.1e-05, -0.317703, 0.94819, 0.374726, 2.8e-05, -0.94819, -0.317703, -0.0, 0.0, 0.0, 0.0, 1.0],
                [1.0, 2e-05, 2.8e-05, -0.0, -2.1e-05, -0.308687, 0.951164, 0.374726, 2.8e-05, -0.951164, -0.308687, 0.0, 0.0, 0.0, 0.0, 1.0],
                [1.0, 2e-05, 2.8e-05, -0.0, -2.1e-05, -0.299549, 0.95408, 0.374726, 2.7e-05, -0.954081, -0.299549, 0.0, 0.0, 0.0, 0.0, 1.0],
                [1.0, 2e-05, 2.8e-05, 0.0, -2.1e-05, -0.29029, 0.956938, 0.374726, 2.7e-05, -0.956939, -0.29029, -0.0, 0.0, 0.0, 0.0, 1.0],
                [1.0, 2e-05, 2.8e-05, 0.0, -2.1e-05, -0.280909, 0.959734, 0.374726, 2.7e-05, -0.959734, -0.280909, 0.0, 0.0, 0.0, 0.0, 1.0],
                [1.0, 2e-05, 2.7e-05, -0.0, -2.1e-05, -0.271408, 0.962464, 0.374726, 2.7e-05, -0.962464, -0.271408, 0.0, 0.0, 0.0, 0.0, 1.0],
