{
    "animation": [
        {
            "name": "Root",
            "time": [0.0, 0.0167, 0.0333, 0.05, 0.0667, 0.0833, 0.1, 0.1167, 0.1333, 0.15, 0.1667, 0.1833, 0.2, 0.2167, 0.2333, 0.25, 0.2667, 0.2833, 0.3, 0.3167, 0.3333, 0.35, 0.3667, 0.3833, 0.4, 0.4167, 0.4333, 0.45, 0.4667, 0.4833, 0.5, 0.5167, 0.5333, 0.55, 0.5667, 0.5833],
            "transform": [
                [1.0, 0.0, 0.0, -5e-06, 0.0, 0.0, -1.0, 0.000946, 0.0, 1.0, 0.0, 0.763972, 0.0, 0.0, 0.0, 1.0],
                [1.0, 0.0, 0.0, -5e-06, 0.0, 0.0, -1.0, -0.001286, 0.0, 1.0, 0.0, 0.760093, 0.0, 0.0, 0.0, 1.0],
                [1.0, 0.0, 0.0, -5e-06, 0.0, 0.0, -1.0, -0.007347, 0.0, 1.0, 0.0, 0.749246, 0.0, 0.0, 0.0, 1.0],
                [1.0, 0.0, 0.0, -5e-06, 0.0, 0.0, -1.0, -0.016277, 0.0, 1.0, 0.0, 0.732609, 0.0, 0.0, 0.0, 1.0],
                [1.0, 0.0, 0.0, -5e-06, 0.0, 0.0, -1.0, -0.027122, 0.0, 1.0, 0.0, 0.711365, 0.0, 0.0, 0.0, 1.0],
                [1.0, 0.0, 0.0, -5e-06, 0.0, 0.0, -1.0, -0.038923, 0.0, 1.0, 0.0, 0.686694, 0.0, 0.0, 0.0, 1.0],
                [1.0, 0.0, 0.0, -5e-06, 0.0, 0.0, -1.0, -0.050725, 0.0, 1.0, 0.0, 0.659777, 0.0, 0.0, 0.0, 1.0],
                [1.0, 0.0, 0.0, -5e-06, 0.0, 0.0, -1.0, -0.06157, 0.0, 1.0, 0.0, 0.631795, 0.0, 0.0, 0.0, 1.0],
                [1.0, 0.0, 0.0, -5e-06, 0.0, 0.0, -1.0, -0.0705, 0.0, 1.0, 0.0, 0.603928, 0.0, 0.0, 0.0, 1.0],
                [1.0, 0.0, 0.0, -5e-06, 0.0, 0.0, -1.0, -0.076561, 0.0, 1.0, 0.0, 0.577357, 0.0, 0.0, 0.0, 1.0],
                [1.0, 0.0, 0.0, -5e-06, 0.0, 0.0, -1.0, -0.078793, 0.0, 1.0, 0.0, 0.553263, 0.0, 0.0, 0.0, 1.0],
                [1.0, 0.0, 0.0, -5e-06, 0.0, 0.0, -1.0, -0.078793, 0.0, 1.0, 0.0, 0.531907, 0.0, 0.0, 0.0, 1.0],
                [1.0, 0.0, 0.0, -5e-06, 0.0, 0.0, -1.0, -0.078793, 0.0, 1.0, 0.0, 0.512683, 0.0, 0.0, 0.0, 1.0],
                [1.0, 0.0, 0.0, -5e-06, 0.0, 0.0, -1.0, -0.078793, 0.0, 1.0, 0.0, 0.495482, 0.0, 0.0, 0.0, 1.0],
                [1.0, 0.0, 0.0, -5e-06, 0.0, 0.0, -1.0, -0.078793, 0.0, 1.0, 0.0, 0.48019, 0.0, 0.0, 0.0, 1.0],
                [1.0, 0.0, 0.0, -5e-06, 0.0, 0.0, -1.0, -0.078793, 0.0, 1.0, 0.0, 0.466694, 0.0, 0.0, 0.0, 1.0],
                [1.0, 0.0, 0.0, -5e-06, 0.0, 0.0, -1.0, -0.078793, 0.0, 1.0, 0.0, 0.454883, 0.0, 0.0, 0.0, 1.0],
                [1.0, 0.0, 0.0, -5e-06, 0.0, 0.0, -1.0, -0.078793, 0.0, 1.0, 0.0, 0.444645, 0.0, 0.0, 0.0, 1.0],
                [1.0, 0.0, 0.0, -5e-06, 0.0, 0.0, -1.0, -0.078793, 0.0, 1.0, 0.0, 0.435866, 0.0, 0.0, 0.0, 1.0],
                [1.0, 0.0, 0.0, -5e-06, 0.0, 0.0, -1.0, -0.078793, 0.0, 1.0, 0.0, 0.428435, 0.0, 0.0, 0.0, 1.0],
                [1.0, 0.0, 0.0, -5e-06, 0.0, 0.0, -1.0, -0.078793, 0.0, 1.0, 0.0, 0.422239, 0.0, 0.0, 0.0, 1.0],
                [1.0, 0.0, 0.0, -5e-06, 0.0, 0.0, -1.0, -0.078793, 0.0, 1.0, 0.0, 0.417167, 0.0, 0.0, 0.0, 1.0],
                [1.0, 0.0, 0.0, -5e-06, 0.0, 0.0, -1.0, -0.078793, 0.0, 1.0, 0.0, 0.413105, 0.0, 0.0, 0.0, 1.0],
                [1.0, 0.0, 0.0, -5e-06, 0.0, 0.0, -1.0, -0.078793, 0.0, 1.0, 0.0, 0.409942, 0.0, 0.0, 0.0, 1.0],
                [1.0, 0.0, 0.0, -5e-06, 0.0, 0.0, -1.0, -0.078793, 0.0, 1.0, 0.0, 0.407565, 0.0, 0.0, 0.0, 1.0],
                [1.0, 0.0, 0.0, -5e-06, 0.0, 0.0, -1.0, -0.078793, 0.0, 1.0, 0.0, 0.405861, 0.0, 0.0, 0.0, 1.0],
                [1.0, 0.0, 0.0, -5e-06, 0.0, 0.0, -1.0, -0.078793, 0.0, 1.0, 0.0, 0.40472, 0.0, 0.0, 0.0, 1.0],
                [1.0, 0.0, 0.0, -5e-06, 0.0, 0.0, -1.0, -0.078793, 0.0, 1.0, 0.0, 0.404027, 0.0, 0.0, 0.0, 1.0],
                [1.0, 0.0, 0.0, -5e-06, 0.0, 0.0, -1.0, -0.078793, 0.0, 1.0, 0.0, 0.403671, 0.0, 0.0, 0.0, 1.0],
                [1.0, 0.0, 0.0, -5e-06, 0.0, 0.0, -1.0, -0.078793, 0.0, 1.0, 0.0, 0.40354, 0.0, 0.0, 0.0, 1.0],
                [1.0, 0.0, 0.0, -5e-06, 0.0, 0.0, -1.0, -0.078793, 0.0, 1.0, 0.0, 0.403522, 0.0, 0.0, 0.0, 1.0],
                [1.0, 0.0, 0.0, -5e-06, 0.0, 0.0, -1.0, -0.078793, 0.0, 1.0, 0.0, 0.403522, 0.0, 0.0, 0.0, 1.0],
                [1.0, 0.0, 0.0, -5e-06, 0.0, 0.0, -1.0, -0.078793, 0.0, 1.0, 0.0, 0.403522, 0.0, 0.0, 0.0, 1.0],
                [1.0, 0.0, 0.0, -5e-06, 0.0, 0.0, -1.0, -0.078793, 0.0, 1.0, 0.0, 0.403522, 0.0, 0.0, 0.0, 1.0],
                [1.0, 0.0, 0.0, -5e-06, 0.0, 0.0, -1.0, -0.078793, 0.0, 1.0, 0.0, 0.403522, 0.0, 0.0, 0.0, 1.0],
                [1.0, 0.0, 0.0, -5e-06, 0.0, 0.0, -1.0, -0.078793, 0.0, 1.0, 0.0, 0.403522, 0.0, 0.0, 0.0, 1.0]
            ]
        },
        {
            "name": "Thigh_R",
            "time": [0.0, 0.0167, 0.0333, 0.05, 0.0667, 0.0833, 0.1, 0.1167, 0.1333, 0.15, 0.1667, 0.1833, 0.2, 0.2167, 0.2333, 0.25, 0.2667, 0.2833, 0.3, 0.3167, 0.3333, 0.35, 0.3667, 0.3833, 0.4, 0.4167, 0.4333, 0.45, 0.4667, 0.4833, 0.5, 0.5167, 0.5333, 0.55, 0.5667, 0.5833],
            "transform": [
                [1.0, -2e-06, 0.0, 0.124994, -2e-06, -0.973269, 0.229671, -0.002831, -0.0, -0.229671, -0.973268, -1.2e-05, 0.0, 0.0, 0.0, 1.0],
                [1.0, -3e-06, 0.0, 0.124994, -3e-06, -0.961378, 0.275234, -0.002831, -1e-06, -0.275234, -0.961377, -1.2e-05, 0.0, 0.0, 0.0, 1.0],
                [1.0, -4e-06, 0.0, 0.124994, -4e-06, -0.931535, 0.363653, -0.002831, -1e-06, -0.363653, -0.931535, -1.2e-05, 0.0, 0.0, 0.0, 1.0],
                [1.0, -6e-06, 1e-06, 0.124994, -5e-06, -0.887444, 0.460917, -0.002831, -2e-06, -0.460916, -0.887444, -1.2e-05, 0.0, 0.0, 0.0, 1.0],
                [1.0, -7e-06, 1e-06, 0.124994, -6e-06, -0.83074, 0.556661, -0.002831, -3e-06, -0.556661, -0.83074, -1.2e-05, 0.0, 0.0, 0.0, 1.0],
                [1.0, -8e-06, 2e-06, 0.124994, -7e-06, -0.763843, 0.645402, -0.002831, -4e-06, -0.645402, -0.763843, -1.2e-05, 0.0, 0.0, 0.0, 1.0],
                [1.0, -9e-06, 2e-06, 0.124994, -8e-06, -0.689855, 0.723948, -0.002831, -5e-06, -0.723948, -0.689855, -1.2e-05, 0.0, 0.0, 0.0, 1.0],
                [1.0, -1e-05, 2e-06, 0.124994, -8e-06, -0.61233, 0.790603, -0.002831, -6e-06, -0.790603, -0.61233, -1.2e-05, 0.0, 0.0, 0.0, 1.0],
                [1.0, -1.1e-05, 3e-06, 0.124994, -8e-06, -0.534924, 0.844901, -0.002831, -7e-06, -0.844901, -0.534923, -1.2e-05, 0.0, 0.0, 0.0, 1.0],
                [1.0, -1.1e-05, 3e-06, 0.124994, -8e-06, -0.46098, 0.887411, -0.002831, -9e-06, -0.887411, -0.46098, -1.2e-05, 0.0, 0.0, 0.0, 1.0],
                [1.0, -1.2e-05, 4e-06, 0.124994, -8e-06, -0.39425, 0.919004, -0.002831, -1e-05, -0.919004, -0.394249, -1.2e-05, 0.0, 0.0, 0.0, 1.0],
                [1.0, -1.3e-05, 5e-06, 0.124994, -9e-06, -0.336326, 0.941746, -0.002831, -1.1e-05, -0.941746, -0.336325, -1.2e-05, 0.0, 0.0, 0.0, 1.0],
                [1.0, -1.4e-05, 5e-06, 0.124994, -9e-06, -0.287325, 0.957834, -0.002831, -1.2e-05, -0.957834, -0.287325, -1.2e-05, 0.0, 0.0, 0.0, 1.0],
                [1.0, -1.5e-05, 6e-06, 0.124994, -9e-06, -0.248986, 0.968507, -0.002831, -1.3e-05, -0.968508, -0.248986, -1.2e-05, 0.0, 0.0, 0.0, 1.0],
                [1.0, -1.5e-05, 7e-06, 0.124994, -1e-05, -0.223961, 0.974599, -0.002831, -1.3e-05, -0.974599, -0.223961, -1.2e-05, 0.0, 0.0, 0.0, 1.0],
                [1.0, -1.6e-05, 8e-06, 0.124994, -1.1e-05, -0.214654, 0.97669, -0.002831, -1.4e-05, -0.976691, -0.214654, -1.2e-05, 0.0, 0.0, 0.0, 1.0],
                [1.0, -1.7e-05, 9e-06, 0.124994, -1.2e-05, -0.224142, 0.974557, -0.002831, -1.4e-05, -0.974557, -0.224142, -1.2e-05, 0.0, 0.0, 0.0, 1.0],
                [1.0, -1.7e-05, 9e-06, 0.124994, -1.3e-05, -0.254767, 0.967003, -0.002831, -1.4e-05, -0.967003, -0.254767, -1.2e-05, 0.0, 0.0, 0.0, 1.0],
                [1.0, -1.8e-05, 1e-05, 0.124994, -1.5e-05, -0.307596, 0.951517, -0.002831, -1.4e-05, -0.951518, -0.307596, -1.2e-05, 0.0, 0.0, 0.0, 1.0],
                [1.0, -1.8e-05, 1e-05, 0.124994, -1.7e-05, -0.381878, 0.924213, -0.002831, -1.3e-05, -0.924213, -0.381878, -1.2e-05, 0.0, 0.0, 0.0, 1.0],
                [1.0, -1.8e-05, 1.1e-05, 0.124994, -1.8e-05, -0.472953, 0.881088, -0.002831, -1.1e-05, -0.881088, -0.472953, -1.2e-05, 0.0, 0.0, 0.0, 1.0],
                [1.0, -1.8e-05, 1.1e-05, 0.124994, -2e-05, -0.572715, 0.819755, -0.002831, -9e-06, -0.819755, -0.572715, -1.2e-05, 0.0, 0.0, 0.0, 1.0],
                [1.0, -1.8e-05, 1.1e-05, 0.124994, -2e-05, -0.671199, 0.741277, -0.002831, -6e-06, -0.741277, -0.671199, -1.2e-05, 0.0, 0.0, 0.0, 1.0],
                [1.0, -1.8e-05, 1.1e-05, 0.124994, -2.1e-05, -0.759512, 0.650493, -0.002831, -4e-06, -0.650493, -0.759512, -1.2e-05, 0.0, 0.0, 0.0, 1.0],
                [1.0, -1.8e-05, 1e-05, 0.124994, -2.1e-05, -0.83215, 0.554551, -0.002831, -2e-06, -0.554551, -0.83215, -1.2e-05, 0.0, 0.0, 0.0, 1.0],
                [1.0, -1.8e-05, 1e-05, 0.124994, -2e-05, -0.887477, 0.460852, -0.002831, 0.0, -0.460852, -0.887477, -1.2e-05, 0.0, 0.0, 0.0, 1.0],
                [1.0, -1.8e-05, 9e-06, 0.124994, -2e-05, -0.926803, 0.375549, -0.002831, 2e-06, -0.375549, -0.926803, -1.2e-05, 0.0, 0.0, 0.0, 1.0],
                [1.0, -1.7e-05, 9e-06, 0.124994, -1.9e-05, -0.952738, 0.303793, -0.002831, 3e-06, -0.303793, -0.952738, -1.2e-05, 0.0, 0.0, 0.0, 1.0],
                [1.0, -1.7e-05, 9e-06, 0.124994, -1.9e-05, -0.968482, 0.249084, -0.002831, 4e-06, -0.249084, -0.968482, -1.2e-05, 0.0, 0.0, 0.0, 1.0],
                [1.0, -1.7e-05, 8e-06, 0.124994, -1.8e-05, -0.976754, 0.214366, -0.002831, 5e-06, -0.214365, -0.976754, -1.2e-05, 0.0, 0.0, 0.0, 1.0],
                [1.0, -1.7e-05, 8e-06, 0.124994, -1.8e-05, -0.979337, 0.202237, -0.002831, 5e-06, -0.202237, -0.979337, -1.2e-05, 0.0, 0.0, 0.0, 1.0],
                [1.0, -1.7e-05, 8e-06, 0.124994, -1.8e-05, -0.979337, 0.202237, -0.002831, 5e-06, -0.202237, -0.979337, -1.2e-05, 0.0, 0.0, 0.0, 1.0],
                [1.0, -1.7e-05, 8e-06, 0.124994, -1.8e-05, -0.979337, 0.202237, -0.002831, 5e-06, -0.202237, -0.979337, -1.2e-05, 0.0, 0.0, 0.0, 1.0],
                [1.0, -1.7e-05, 8e-06, 0.124994, -1.8e-05, -0.979337, 0.202237, -0.002831, 5e-06, -0.202237, -0.979337, -1.2e-05, 0.0, 0.0, 0.0, 1.0],
                [1.0, -1.7e-05, 8e-06, 0.124994, -1.8e-05, -0.979337, 0.202237, -0.002831, 5e-06, -0.202237, -0.979337, -1.2e-05, 0.0, 0.0, 0.0, 1.0],
                [1.0, -1.7e-05, 8e-06, 0.124994, -1.8e-05, -0.979337, 0.202237, -0.002831, 5e-06, -0.202237, -0.979337, -1.2e-05, 0.0, 0.0, 0.0, 1.0]
            ]
        },
        {
            "name": "Leg_R",
            "time": [0.0, 0.0167, 0.0333, 0.05, 0.0667, 0.0833, 0.1, 0.1167, 0.1333, 0.15, 0.1667, 0.1833, 0.2, 0.2167, 0.2333, 0.25, 0.2667, 0.2833, 0.3, 0.3167, 0.3333, 0.35, 0.3667, 0.3833, 0.4, 0.4167, 0.4333, 0.45, 0.4667, 0.4833, 0.5, 0.5167, 0.5333, 0.55, 0.5667, 0.5833],
            "transform": [
                [1.0, 4e-06, 1e-06, 0.0, -4e-06, 0.985612, 0.169026, 0.374726, -0.0, -0.169026, 0.985612, 0.0, 0.0, 0.0, 0.0, 1.0],
                [1.0, 5e-06, 1e-06, 0.0, -5e-06, 0.969694, 0.244321, 0.374726, -0.0, -0.244321, 0.969694, 0.0, 0.0, 0.0, 0.0, 1.0],
                [1.0, 8e-06, 2e-06, 0.0, -8e-06, 0.92643, 0.376467, 0.374726, 1e-06, -0.376467, 0.92643, 0.0, 0.0, 0.0, 0.0, 1.0],
                [1.0, 1.1e-05, 4e-06, 0.0, -1.1e-05, 0.864159, 0.503218, 0.374726, 2e-06, -0.503218, 0.864159, -0.0, 0.0, 0.0, 0.0, 1.0],
                [1.0, 1.3e-05, 5e-06, -0.0, -1.3e-05, 0.791085, 0.611706, 0.374726, 4e-06, -0.611706, 0.791085, -0.0, 0.0, 0.0, 0.0, 1.0],
                [1.0, 1.5e-05, 7e-06, 0.0, -1.5e-05, 0.714262, 0.699878, 0.374726, 5e-06, -0.699878, 0.714262, 0.0, 0.0, 0.0, 0.0, 1.0],
                [1.0, 1.6e-05, 8e-06, 0.0, -1.7e-05, 0.638081, 0.769969, 0.374726, 7e-06, -0.76997, 0.638081, 0.0, 0.0, 0.0, 0.0, 1.0],
                [1.0, 1.7e-05, 1e-05, -0.0, -1.8e-05, 0.564045, 0.825744, 0.374726, 9e-06, -0.825744, 0.564045, -0.0, 0.0, 0.0, 0.0, 1.0],
                [1.0, 1.8e-05, 1.1e-05, 0.0, -1.9e-05, 0.490938, 0.871194, 0.374726, 1e-05, -0.871194, 0.490938, 0.0, 0.0, 0.0, 0.0, 1.0],
                [1.0, 1.9e-05, 1.3e-05, 0.0, -2e-05, 0.414975, 0.909833, 0.374726, 1.2e-05, -0.909833, 0.414975, 0.0, 0.0, 0.0, 0.0, 1.0],
                [1.0, 2e-05, 1.5e-05, -0.0, -2e-05, 0.331757, 0.943365, 0.374726, 1.4e-05, -0.943365, 0.331757, -0.0, 0.0, 0.0, 0.0, 1.0],
                [1.0, 2e-05, 1.7e-05, 0.0, -2.1e-05, 0.23879, 0.971071, 0.374726, 1.6e-05, -0.971071, 0.23879, 0.0, 0.0, 0.0, 0.0, 1.0],
                [1.0, 2.1e-05, 1.9e-05, 0.0, -2.1e-05, 0.138446, 0.99037, 0.374726, 1.8e-05, -0.99037, 0.138447, 0.0, 0.0, 0.0, 0.0, 1.0],
                [1.0, 2.1e-05, 2.1e-05, 0.0, -2.2e-05, 0.033314, 0.999444, 0.374726, 2e-05, -0.999445, 0.033314, -0.0, 0.0, 0.0, 0.0, 1.0],
                [1.0, 2.1e-05, 2.3e-05, 0.0, -2.2e-05, -0.072355, 0.997379, 0.374726, 2.3e-05, -0.997379, -0.072355, -0.0, 0.0, 0.0, 0.0, 1.0],
                [1.0, 2.1e-05, 2.5e-05, 0.0, -2.1e-05, -0.174796, 0.984604, 0.374726, 2.5e-05, -0.984605, -0.174796, -0.0, 0.0, 0.0, 0.0, 1.0],
                [1.0, 2e-05, 2.7e-05, 0.0, -2.1e-05, -0.269348, 0.963042, 0.374726, 2.7e-05, -0.963043, -0.269348, 0.0, 0.0, 0.0, 0.0, 1.0],
                [1.0, 2e-05, 2.9e-05, 0.0, -2e-05, -0.352313, 0.935882, 0.374726, 2.9e-05, -0.935882, -0.352313, -0.0, 0.0, 0.0, 0.0, 1.0],
                [1.0, 1.9e-05, 3.1e-05, 0.0, -2e-05, -0.420698, 0.907201, 0.374726, 3e-05, -0.907201, -0.420698, 0.0, 0.0, 0.0, 0.0, 1.0],
                [1.0, 1.8e-05, 3.2e-05, -0.0, -1.9e-05, -0.471775, 0.881719, 0.374726, 3.1e-05, -0.881719, -0.471775, -0.0, 0.0, 0.0, 0.0, 1.0],
                [1.0, 1.8e-05, 3.2e-05, 0.0, -1.9e-05, -0.504346, 0.863501, 0.374726, 3.2e-05, -0.863502, -0.504346, -0.0, 0.0, 0.0, 0.0, 1.0],
                [1.0, 1.8e-05, 3.3e-05, -0.0, -1.9e-05, -0.51819, 0.855265, 0.374726, 3.2e-05, -0.855265, -0.51819, -0.0, 0.0, 0.0, 0.0, 1.0],
                [1.0, 1.8e-05, 3.2e-05, 0.0, -1.9e-05, -0.514247, 0.857641, 0.374726, 3.2e-05, -0.857642, -0.514248, 0.0, 0.0, 0.0, 0.0, 1.0],
                [1.0, 1.8e-05, 3.2e-05, 0.0, -1.9e-05, -0.494599, 0.869121, 0.374726, 3.2e-05, -0.869121, -0.494599, 0.0, 0.0, 0.0, 0.0, 1.0],
                [1.0, 1.9e-05, 3.1e-05, -0.0, -1.9e-05, -0.462379, 0.886683, 0.374726, 3.1e-05, -0.886682, -0.462379, -0.0, 0.0, 0.0, 0.0, 1.0],
                [1.0, 1.9e-05, 3.1e-05, 0.0, -2e-05, -0.42163, 0.906768, 0.374726, 3e-05, -0.906768, -0.42163, 0.0, 0.0, 0.0, 0.0, 1.0],
                [1.0, 1.9e-05, 3e-05, 0.0, -2e-05, -0.376929, 0.926242, 0.374726, 2.9e-05, -0.926242, -0.376929, 0.0, 0.0, 0.0, 0.0, 1.0],
                [1.0, 2e-05, 2.9e-05, -0.0, -2e-05, -0.333801, 0.942643, 0.374726, 2.8e-05, -0.942643, -0.333801, -0.0, 0.0, 0.0, 0.0, 1.0],
                [1.0, 2e-05, 2.8e-05, 0.0, -2.1e-05, -0.297322, 0.954777, 0.374726, 2.7e-05, -0.954777, -0.297322, 0.0, 0.0, 0.0, 0.0, 1.0],
                [1.0, 2e-05, 2.7e-05, 0.0, -2.1e-05, -0.272457, 0.962167, 0.374726, 2.7e-05, -0.962168, -0.272457, 0.0, 0.0, 0.0, 0.0, 1.0],
                [1.0, 2e-05, 2.7e-05, -0.0, -2.1e-05, -0.263424, 0.96468, 0.374726, 2.7e-05, -0.96468, -0.263424, -0.0, 0.0, 0.0, 0.0, 1.0],
                [1.0, 2e-05, 2.7e-05, -0.0, -2.1e-05, -0.263424, 0.96468, 0.374726, 2.7e-05, -0.96468, -0.263424, 0.0, 0.0, 0.0, 0.0, 1.0],
                [1.0, 2e-05, 2.7e-05, -0.0, -2.1e-05, -0.263424, 0.96468, 0.374726, 2.7e-05, -0.96468, -0.263424, -0.0, 0.0, 0.0, 0.0, 1.0],
                [1.0, 2e-05, 2.7e-05, -0.0, -2.1e-05, -0.263424, 0.96468, 0.374726, 2.7e-05, -0.96468, -0.263424, 0.0, 0.0, 0.0, 0.0, 1.0],
                [1.0, 2e-05, 2.7e-05, -0.0, -2.1e-05, -0.263424, 0.96468, 0.374726, 2.7e-05, -0.96468, -0.263424, -0.0, 0.0, 0.0, 0.0, 1.0],
                [1.0, 2e-05, 2.7e-05, -0.0, -2.1e-05, -0.263424, 0.96468, 0.374726, 2.7e-05, -0.96468, -0.263424, -0.0, 0.0, 0.0, 0.0, 1.0]
            ]
        },
        {
            "name": "Knee_R",
            "time": [0.0, 0.5833],
            "transform": [
                [1.0, 0.0, -0.0, -0.0, -0.0, 0.00567, -0.999984, 0.374726, -0.0, 0.999984, 0.00567, 0.0, 0.0, 0.0, 0.0, 1.0],
                [1.0, 0.0, -0.0, 0.0, -0.0, 0.00567, -0.999984, 0.484724, -0.0, 0.999984, 0.00567, -0.000624, 0.0, 0.0, 0.0, 1.0]
            ]
        },
        {
            "name": "Thigh_L",
            "time": [0.0, 0.0167, 0.0333, 0.05, 0.0667, 0.0833, 0.1, 0.1167, 0.1333, 0.15, 0.1667, 0.1833, 0.2, 0.2167, 0.2333, 0.25, 0.2667, 0.2833, 0.3, 0.3167, 0.3333, 0.35, 0.3667, 0.3833, 0.4, 0.4167, 0.4333, 0.45, 0.4667, 0.4833, 0.5, 0.5167, 0.5333, 0.55, 0.5667, 0.5833],
            "transform": [
                [1.0, -5e-06, 1e-06, -0.125006, -5e-06, -0.991301, -0.131617, -0.002831, 1e-06, 0.131617, -0.991301, -1.2e-05, 0.0, 0.0, 0.0, 1.0],
                [1.0, -5e-06, 1e-06, -0.125006, -5e-06, -0.991665, -0.128848, -0.002831, 1e-06, 0.128848, -0.991664, -1.2e-05, 0.0, 0.0, 0.0, 1.0],
                [1.0, -6e-06, 1e-06, -0.125006, -6e-06, -0.992055, -0.12581, -0.002831, 2e-06, 0.12581, -0.992055, -1.2e-05, 0.0, 0.0, 0.0, 1.0],
                [1.0, -7e-06, 1e-06, -0.125006, -6e-06, -0.991388, -0.130964, -0.002831, 2e-06, 0.130964, -0.991387, -1.2e-05, 0.0, 0.0, 0.0, 1.0],
                [1.0, -7e-06, 1e-06, -0.125006, -7e-06, -0.988751, -0.149571, -0.002831, 2e-06, 0.149571, -0.988751, -1.2e-05, 0.0, 0.0, 0.0, 1.0],
                [1.0, -8e-06, 1e-06, -0.125006, -8e-06, -0.98318, -0.182642, -0.002831, 3e-06, 0.182642, -0.98318, -1.2e-05, 0.0, 0.0, 0.0, 1.0],
                [1.0, -8e-06, 2e-06, -0.125006, -8e-06, -0.97363, -0.228135, -0.002831, 3e-06, 0.228135, -0.97363, -1.2e-05, 0.0, 0.0, 0.0, 1.0],
                [1.0, -9e-06, 2e-06, -0.125006, -8e-06, -0.95964, -0.281233, -0.002831, 4e-06, 0.281233, -0.95964, -1.2e-05, 0.0, 0.0, 0.0, 1.0],
                [1.0, -9e-06, 2e-06, -0.125006, -8e-06, -0.942071, -0.335415, -0.002831, 5e-06, 0.335415, -0.942071, -1.2e-05, 0.0, 0.0, 0.0, 1.0],
                [1.0, -9e-06, 2e-06, -0.125006, -8e-06, -0.923791, -0.382899, -0.002831, 5e-06, 0.382899, -0.92379, -1.2e-05, 0.0, 0.0, 0.0, 1.0],
                [1.0, -9e-06, 2e-06, -0.125006, -7e-06, -0.909528, -0.415643, -0.002831, 5e-06, 0.415643, -0.909528, -1.2e-05, 0.0, 0.0, 0.0, 1.0],
                [1.0, -9e-06, 2e-06, -0.125006, -7e-06, -0.898604, -0.438761, -0.002831, 6e-06, 0.438761, -0.898604, -1.2e-05, 0.0, 0.0, 0.0, 1.0],
                [1.0, -9e-06, 2e-06, -0.125006, -7e-06, -0.886936, -0.461893, -0.002831, 6e-06, 0.461893, -0.886936, -1.2e-05, 0.0, 0.0, 0.0, 1.0],
                [1.0, -9e-06, 2e-06, -0.125006, -7e-06, -0.87494, -0.484233, -0.002831, 6e-06, 0.484233, -0.87494, -1.2e-05, 0.0, 0.0, 0.0, 1.0],
                [1.0, -9e-06, 2e-06, -0.125006, -7e-06, -0.862979, -0.505241, -0.002831, 7e-06, 0.505241, -0.862978, -1.2e-05, 0.0, 0.0, 0.0, 1.0],
                [1.0, -1e-05, 2e-06, -0.125006, -7e-06, -0.851364, -0.524576, -0.002831, 7e-06, 0.524576, -0.851364, -1.2e-05, 0.0, 0.0, 0.0, 1.0],
                [1.0, -1e-05, 2e-06, -0.125006, -7e-06, -0.840354, -0.542039, -0.002831, 7e-06, 0.542039, -0.840353, -1.2e-05, 0.0, 0.0, 0.0, 1.0],
                [1.0, -9e-06, 2e-06, -0.125006, -7e-06, -0.830149, -0.557542, -0.002831, 7e-06, 0.557542, -0.830149, -1.2e-05, 0.0, 0.0, 0.0, 1.0],
                [1.0, -9e-06, 2e-06, -0.125006, -7e-06, -0.820899, -0.571074, -0.002831, 7e-06, 0.571074, -0.820899, -1.2e-05, 0.0, 0.0, 0.0, 1.0],
                [1.0, -9e-06, 2e-06, -0.125006, -6e-06, -0.8127, -0.582683, -0.002831, 7e-06, 0.582683, -0.8127, -1.2e-05, 0.0, 0.0, 0.0, 1.0],
                [1.0, -9e-06, 2e-06, -0.125006, -6e-06, -0.805601, -0.592459, -0.002831, 7e-06, 0.592459, -0.805601, -1.2e-05, 0.0, 0.0, 0.0, 1.0],
                [1.0, -9e-06, 2e-06, -0.125006, -6e-06, -0.799609, -0.600521, -0.002831, 7e-06, 0.600522, -0.799609, -1.2e-05, 0.0, 0.0, 0.0, 1.0],
                [1.0, -9e-06, 2e-06, -0.125006, -6e-06, -0.794693, -0.607012, -0.002831, 7e-06, 0.607012, -0.794692, -1.2e-05, 0.0, 0.0, 0.0, 1.0],
                [1.0, -9e-06, 2e-06, -0.125006, -6e-06, -0.790791, -0.612086, -0.002831, 7e-06, 0.612087, -0.790791, -1.2e-05, 0.0, 0.0, 0.0, 1.0],
                [1.0, -9e-06, 2e-06, -0.125006, -6e-06, -0.787816, -0.615911, -0.002831, 7e-06, 0.615911, -0.787816, -1.2e-05, 0.0, 0.0, 0.0, 1.0],
                [1.0, -9e-06, 2e-06, -0.125006, -6e-06, -0.785663, -0.618656, -0.002831, 7e-06, 0.618656, -0.785662, -1.2e-05, 0.0, 0.0, 0.0, 1.0],
                [1.0, -9e-06, 2e-06, -0.125006, -6e-06, -0.784207, -0.620499, -0.002831, 7e-06, 0.620499, -0.784207, -1.2e-05, 0.0, 0.0, 0.0, 1.0],
                [1.0, -9e-06, 2e-06, -0.125006, -6e-06, -0.78332, -0.62162, -0.002831, 7e-06, 0.62162, -0.783319, -1.2e-05, 0.0, 0.0, 0.0, 1.0],
                [1.0, -9e-06, 2e-06, -0.125006, -6e-06, -0.782861, -0.622197, -0.002831, 7e-06, 0.622197, -0.782861, -1.2e-05, 0.0, 0.0, 0.0, 1.0],
                [1.0, -9e-06, 2e-06, -0.125006, -6e-06, -0.782691, -0.622411, -0.002831, 7e-06, 0.622411, -0.782691, -1.2e-05, 0.0, 0.0, 0.0, 1.0],
                [1.0, -9e-06, 2e-06, -0.125006, -6e-06, -0.782666, -0.622442, -0.002831, 7e-06, 0.622442, -0.782666, -1.2e-05, 0.0, 0.0, 0.0, 1.0],
                [1.0, -9e-06, 2e-06, -0.125006, -6e-06, -0.782666, -0.622442, -0.002831, 7e-06, 0.622442, -0.782666, -1.2e-05, 0.0, 0.0, 0.0, 1.0],
                [1.0, -9e-06, 2e-06, -0.125006, -6e-06, -0.782666, -0.622442, -0.002831, 7e-06, 0.622442, -0.782666, -1.2e-05, 0.0, 0.0, 0.0, 1.0],
                [1.0, -9e-06, 2e-06, -0.125006, -6e-06, -0.782666, -0.622442, -0.002831, 7e-06, 0.622442, -0.782666, -1.2e-05, 0.0, 0.0, 0.0, 1.0],
                [1.0, -9e-06, 2e-06, -0.125006, -6e-06, -0.782666, -0.622442, -0.002831, 7e-06, 0.622442, -0.782666, -1.2e-05, 0.0, 0.0, 0.0, 1.0],
                [1.0, -9e-06, 2e-06, -0.125006, -6e-06, -0.782666, -0.622442, -0.002831, 7e-06, 0.622442, -0.782666, -1.2e-05, 0.0, 0.0, 0.0, 1.0]
            ]
        },
        {
            "name": "Leg_L",
            "time": [0.0, 0.0167, 0.0333, 0.05, 0.0667, 0.0833, 0.1, 0.1167, 0.1333, 0.15, 0.1667, 0.1833, 0.2, 0.2167, 0.2333, 0.25, 0.2667, 0.2833, 0.3, 0.3167, 0.3333, 0.35, 0.3667, 0.3833, 0.4, 0.4167, 0.4333, 0.45, 0.4667, 0.4833, 0.5, 0.5167, 0.5333, 0.55, 0.5667, 0.5833],
            "transform": [
                [1.0, 9e-06, 3e-06, -0.0, -1e-05, 0.894121, 0.447825, 0.374726, 2e-06, -0.447825, 0.894121, -0.0, 0.0, 0.0, 0.0, 1.0],
                [1.0, 1e-05, 3e-06, 0.0, -1e-05, 0.882384, 0.470529, 0.374726, 2e-06, -0.470529, 0.882384, 0.0, 0.0, 0.0, 0.0, 1.0],
                [1.0, 1.1e-05, 4e-06, 0.0, -1.1e-05, 0.85164, 0.524127, 0.374726, 3e-06, -0.524127, 0.85164, 0.0, 0.0, 0.0, 0.0, 1.0],
                [1.0, 1.2e-05, 5e-06, 0.0, -1.3e-05, 0.809954, 0.586492, 0.374726, 3e-06, -0.586493, 0.809954, -0.0, 0.0, 0.0, 0.0, 1.0],
                [1.0, 1.3e-05, 6e-06, 0.0, -1.4e-05, 0.765945, 0.642906, 0.374726, 4e-06, -0.642906, 0.765945, 0.0, 0.0, 0.0, 0.0, 1.0],
                [1.0, 1.4e-05, 6e-06, -0.0, -1.5e-05, 0.72665, 0.687007, 0.374726, 5e-06, -0.687008, 0.72665, -0.0, 0.0, 0.0, 0.0, 1.0],
                [1.0, 1.5e-05, 7e-06, -0.0, -1.6e-05, 0.696757, 0.717307, 0.374726, 6e-06, -0.717307, 0.696757, -0.0, 0.0, 0.0, 0.0, 1.0],
                [1.0, 1.5e-05, 7e-06, -0.0, -1.6e-05, 0.677309, 0.735699, 0.374726, 6e-06, -0.735699, 0.677309, 0.0, 0.0, 0.0, 0.0, 1.0],
                [1.0, 1.6e-05, 8e-06, 0.0, -1.6e-05, 0.666028, 0.745926, 0.374726, 7e-06, -0.745927, 0.666028, 0.0, 0.0, 0.0, 0.0, 1.0],
                [1.0, 1.6e-05, 8e-06, 0.0, -1.6e-05, 0.657195, 0.75372, 0.374726, 7e-06, -0.753721, 0.657196, 0.0, 0.0, 0.0, 0.0, 1.0],
                [1.0, 1.6e-05, 8e-06, 0.0, -1.7e-05, 0.642803, 0.766031, 0.374726, 7e-06, -0.766031, 0.642803, -0.0, 0.0, 0.0, 0.0, 1.0],
                [1.0, 1.6e-05, 9e-06, 0.0, -1.7e-05, 0.625976, 0.779841, 0.374726, 7e-06, -0.779843, 0.625977, -0.0, 0.0, 0.0, 0.0, 1.0],
                [1.0, 1.7e-05, 9e-06, 0.0, -1.7e-05, 0.614866, 0.788631, 0.374726, 8e-06, -0.788632, 0.614866, 0.0, 0.0, 0.0, 0.0, 1.0],
                [1.0, 1.7e-05, 9e-06, 0.0, -1.7e-05, 0.608185, 0.793795, 0.374726, 8e-06, -0.793795, 0.608185, -0.0, 0.0, 0.0, 0.0, 1.0],
                [1.0, 1.7e-05, 9e-06, 0.0, -1.7e-05, 0.604853, 0.796337, 0.374726, 8e-06, -0.796338, 0.604853, -0.0, 0.0, 0.0, 0.0, 1.0],
                [1.0, 1.7e-05, 9e-06, 0.0, -1.7e-05, 0.603977, 0.797001, 0.374726, 8e-06, -0.797002, 0.603977, 0.0, 0.0, 0.0, 0.0, 1.0],
                [1.0, 1.7e-05, 9e-06, 0.0, -1.7e-05, 0.604828, 0.796356, 0.374726, 8e-06, -0.796357, 0.604828, -0.0, 0.0, 0.0, 0.0, 1.0],
                [1.0, 1.7e-05, 9e-06, -0.0, -1.7e-05, 0.606821, 0.794838, 0.374726, 8e-06, -0.794839, 0.606821, -0.0, 0.0, 0.0, 0.0, 1.0],
                [1.0, 1.7e-05, 9e-06, 0.0, -1.7e-05, 0.609496, 0.792789, 0.374726, 8e-06, -0.792789, 0.609495, -0.0, 0.0, 0.0, 0.0, 1.0],
                [1.0, 1.7e-05, 9e-06, 0.0, -1.7e-05, 0.612498, 0.790471, 0.374726, 8e-06, -0.790472, 0.612498, 0.0, 0.0, 0.0, 0.0, 1.0],
                [1.0, 1.7e-05, 9e-06, 0.0, -1.7e-05, 0.615567, 0.788084, 0.374726, 8e-06, -0.788085, 0.615567, -0.0, 0.0, 0.0, 0.0, 1.0],
                [1.0, 1.6e-05, 9e-06, 0.0, -1.7e-05, 0.618512, 0.785775, 0.374726, 8e-06, -0.785776, 0.618512, 0.0, 0.0, 0.0, 0.0, 1.0],
                [1.0, 1.6e-05, 9e-06, -0.0, -1.7e-05, 0.621209, 0.783645, 0.374726, 8e-06, -0.783645, 0.621209, 0.0, 0.0, 0.0, 0.0, 1.0],
                [1.0, 1.6e-05, 9e-06, -0.0, -1.7e-05, 0.623579, 0.78176, 0.374726, 7e-06, -0.781761, 0.623579, -0.0, 0.0, 0.0, 0.0, 1.0],
                [1.0, 1.6e-05, 9e-06, 0.0, -1.7e-05, 0.625584, 0.780156, 0.374726, 7e-06, -0.780157, 0.625584, 0.0, 0.0, 0.0, 0.0, 1.0],
                [1.0, 1.6e-05, 9e-06, 0.0, -1.7e-05, 0.627212, 0.778848, 0.374726, 7e-06, -0.778849, 0.627213, -0.0, 0.0, 0.0, 0.0, 1.0],
                [1.0, 1.6e-05, 9e-06, 0.0, -1.7e-05, 0.628476, 0.777828, 0.374726, 7e-06, -0.777829, 0.628476, -0.0, 0.0, 0.0, 0.0, 1.0],
                [1.0, 1.6e-05, 8e-06, -0.0, -1.7e-05, 0.629399, 0.777082, 0.374726, 7e-06, -0.777082, 0.629399, 0.0, 0.0, 0.0, 0.0, 1.0],
                [1.0, 1.6e-05, 8e-06, -0.0, -1.7e-05, 0.630013, 0.776585, 0.374726, 7e-06, -0.776585, 0.630013, -0.0, 0.0, 0.0, 0.0, 1.0],
                [1.0, 1.6e-05, 8e-06, 0.0, -1.7e-05, 0.630353, 0.776309, 0.374726, 7e-06, -0.776309, 0.630353, 0.0, 0.0, 0.0, 0.0, 1.0],
                [1.0, 1.6e-05, 8e-06, 0.0, -1.7e-05, 0.630458, 0.776223, 0.374726, 7e-06, -0.776224, 0.630458, 0.0, 0.0, 0.0, 0.0, 1.0],
                [1.0, 1.6e-05, 8e-06, 0.0, -1.7e-05, 0.630457, 0.776224, 0.374726, 7e-06, -0.776224, 0.630457, 0.0, 0.0, 0.0, 0.0, 1.0],
                [1.0, 1.6e-05, 8e-06, 0.0, -1.7e-05, 0.630457, 0.776224, 0.374726, 7e-06, -0.776224, 0.630457, 0.0, 0.0, 0.0, 0.0, 1.0],
                [1.0, 1.6e-05, 8e-06, 0.0, -1.7e-05, 0.630457, 0.776224, 0.374726, 7e-06, -0.776224, 0.630457, 0.0, 0.0, 0.0, 0.0, 1.0],
                [1.0, 1.6e-05, 8e-06, 0.0, -1.7e-05, 0.630457, 0.776224, 0.374726, 7e-06, -0.776224, 0.630457, 0.0, 0.0, 0.0, 0.0, 1.0],
                [1.0, 1.6e-05, 8e-06, 0.0, -1.7e-05, 0.630457, 0.776224, 0.374726, 7e-06, -0.776224, 0.630457, 0.0, 0.0, 0.0, 0.0, 1.0]
            ]
        },
        {
            "name": "Knee_L",
            "time": [0.0, 0.5833],
            "transform": [
                [1.0, 0.0, -0.0, -0.0, -0.0, 0.00567, -0.999984, 0.374726, -0.0, 0.999984, 0.00567, -0.0, 0.0, 0.0, 0.0, 1.0],
                [1.0, 0.0, -0.0, 0.0, -0.0, 0.00567, -0.999984, 0.411881, -0.0, 0.999984, 0.00567, -0.000211, 0.0, 0.0, 0.0, 1.0]
            ]
        },
        {
            "name": "Torso",
            "time": [0.0, 0.0167, 0.0333, 0.05, 0.0667, 0.0833, 0.1, 0.1167, 0.1333, 0.15, 0.1667, 0.1833, 0.2, 0.2167, 0.2333, 0.25, 0.2667, 0.2833, 0.3, 0.3167, 0.3333, 0.35, 0.3667, 0.3833, 0.4, 0.4167, 0.4333, 0.45, 0.4667, 0.4833, 0.5, 0.5167, 0.5333, 0.55, 0.5667, 0.5833],
            "transform": [
                [1.0, 0.0, 0.0, 0.0, 0.0, 1.0, 0.0, 0.05, 0.0, 0.0, 1.0, 0.0, 0.0, 0.0, 0.0, 1.0],
                [1.0, 0.0, 0.0, 0.0, 0.0, 0.999978, -0.006681, 0.05, 0.0, 0.006681, 0.999978, 0.0, 0.0, 0.0, 0.0, 1.0],
                [1.0, 0.0, 0.0, 0.0, 0.0, 0.999692, -0.024814, 0.05, 0.0, 0.024814, 0.999692, 0.0, 0.0, 0.0, 0.0, 1.0],
                [1.0, 0.0, 0.0, 0.0, 0.0, 0.998672, -0.05152, 0.05, 0.0, 0.05152, 0.998672, 0.0, 0.0, 0.0, 0.0, 1.0],
                [1.0, 0.0, 0.0, 0.0, 0.0, 0.996475, -0.083893, 0.05, 0.0, 0.083893, 0.996475, 0.0, 0.0, 0.0, 0.0, 1.0],
                [1.0, 0.0, 0.0, 0.0, 0.0, 0.992893, -0.119009, 0.05, 0.0, 0.119009, 0.992893, 0.0, 0.0, 0.0, 0.0, 1.0],
                [1.0, 0.0, 0.0, 0.0, 0.0, 0.988076, -0.153968, 0.05, 0.0, 0.153968, 0.988076, 0.0, 0.0, 0.0, 0.0, 1.0],
                [1.0, 0.0, 0.0, 0.0, 0.0, 0.982562, -0.185935, 0.05, 0.0, 0.185935, 0.982562, 0.0, 0.0, 0.0, 0.0, 1.0],
                [1.0, 0.0, 0.0, 0.0, 0.0, 0.977231, -0.212177, 0.05, 0.0, 0.212177, 0.977231, 0.0, 0.0, 0.0, 0.0, 1.0],
                [1.0, 0.0, 0.0, 0.0, 0.0, 0.97318, -0.230044, 0.05, 0.0, 0.230044, 0.97318, 0.0, 0.0, 0.0, 0.0, 1.0],
                [1.0, 0.0, 0.0, 0.0, 0.0, 0.971533, -0.236906, 0.05, 0.0, 0.236906, 0.971533, 0.0, 0.0, 0.0, 0.0, 1.0],
                [1.0, 0.0, 0.0, 0.0, 0.0, 0.975841, -0.218482, 0.05, 0.0, 0.218482, 0.975841, 0.0, 0.0, 0.0, 0.0, 1.0],
                [1.0, 0.0, 0.0, 0.0, 0.0, 0.985971, -0.166919, 0.05, 0.0, 0.166919, 0.985971, 0.0, 0.0, 0.0, 0.0, 1.0],
                [1.0, 0.0, 0.0, 0.0, 0.0, 0.996017, -0.089168, 0.05, 0.0, 0.089168, 0.996017, 0.0, 0.0, 0.0, 0.0, 1.0],
                [1.0, 0.0, 0.0, 0.0, 0.0, 0.999977, 0.00683, 0.05, 0.0, -0.00683, 0.999977, 0.0, 0.0, 0.0, 0.0, 1.0],
                [1.0, 0.0, 0.0, 0.0, 0.0, 0.993744, 0.111683, 0.05, 0.0, -0.111683, 0.993744, 0.0, 0.0, 0.0, 0.0, 1.0],
                [1.0, 0.0, 0.0, 0.0, 0.0, 0.976574, 0.215181, 0.05, 0.0, -0.215181, 0.976574, 0.0, 0.0, 0.0, 0.0, 1.0],
                [1.0, 0.0, 0.0, 0.0, 0.0, 0.951511, 0.307614, 0.05, 0.0, -0.307614, 0.951511, 0.0, 0.0, 0.0, 0.0, 1.0],
                [1.0, 0.0, 0.0, 0.0, 0.0, 0.924609, 0.380919, 0.05, 0.0, -0.380919, 0.924608, 0.0, 0.0, 0.0, 0.0, 1.0],
                [1.0, 0.0, 0.0, 0.0, 0.0, 0.903363, 0.428876, 0.05, 0.0, -0.428876, 0.903363, 0.0, 0.0, 0.0, 0.0, 1.0],
                [1.0, 0.0, 0.0, 0.0, 0.0, 0.894964, 0.446139, 0.05, 0.0, -0.446139, 0.894964, 0.0, 0.0, 0.0, 0.0, 1.0],
                [1.0, 0.0, 0.0, 0.0, 0.0, 0.894964, 0.446139, 0.05, 0.0, -0.446139, 0.894964, 0.0, 0.0, 0.0, 0.0, 1.0],
                [1.0, 0.0, 0.0, 0.0, 0.0, 0.894964, 0.446139, 0.05, 0.0, -0.446139, 0.894964, 0.0, 0.0, 0.0, 0.0, 1.0],
                [1.0, 0.0, 0.0, 0.0, 0.0, 0.894964, 0.446139, 0.05, 0.0, -0.446139, 0.894964, 0.0, 0.0, 0.0, 0.0, 1.0],
                [1.0, 0.0, 0.0, 0.0, 0.0, 0.894964, 0.446139, 0.05, 0.0, -0.446139, 0.894964, 0.0, 0.0, 0.0, 0.0, 1.0],
                [1.0, 0.0, 0.0, 0.0, 0.0, 0.894964, 0.446139, 0.05, 0.0, -0.446139, 0.894964, 0.0, 0.0, 0.0, 0.0, 1.0],
                [1.0, 0.0, 0.0, 0.0, 0.0, 0.894964, 0.446139, 0.05, 0.0, -0.446139, 0.894964, 0.0, 0.0, 0.0, 0.0, 1.0],
                [1.0, 0.0, 0.0, 0.0, 0.0, 0.894964, 0.446139, 0.05, 0.0, -0.446139, 0.894964, 0.0, 0.0, 0.0, 0.0, 1.0],
                [1.0, 0.0, 0.0, 0.0, 0.0, 0.894964, 0.446139, 0.05, 0.0, -0.446139, 0.894964, 0.0, 0.0, 0.0, 0.0, 1.0],
                [1.0, 0.0, 0.0, 0.0, 0.0, 0.894964, 0.446139, 0.05, 0.0, -0.446139, 0.894964, 0.0, 0.0, 0.0, 0.0, 1.0],
                [1.0, 0.0, 0.0, 0.0, 0.0, 0.894964, 0.446139, 0.05, 0.0, -0.446139, 0.894964, 0.0, 0.0, 0.0, 0.0, 1.0],
                [1.0, 0.0, 0.0, 0.0, 0.0, 0.894964, 0.446139, 0.05, 0.0, -0.446139, 0.894964, 0.0, 0.0, 0.0, 0.0, 1.0],
                [1.0, 0.0, 0.0, 0.0, 0.0, 0.894964, 0.446139, 0.05, 0.0, -0.446139, 0.894964, 0.0, 0.0, 0.0, 0.0, 1.0],
                [1.0, 0.0, 0.0, 0.0, 0.0, 0.894964, 0.446139, 0.05, 0.0, -0.446139, 0.894964, 0.0, 0.0, 0.0, 0.0, 1.0],
                [1.0, 0.0, 0.0, 0.0, 0.0, 0.894964, 0.446139, 0.05, 0.0, -0.446139, 0.894964, 0.0, 0.0, 0.0, 0.0, 1.0],
                [1.0, 0.0, 0.0, 0.0, 0.0, 0.894964, 0.446139, 0.05, 0.0, -0.446139, 0.894964, 0.0, 0.0, 0.0, 0.0, 1.0]
            ]
        },
        {
            "name": "Chest",
            "time": [0.0, 0.0167, 0.0333, 0.05, 0.0667, 0.0833, 0.1, 0.1167, 0.1333, 0.15, 0.1667, 0.1833, 0.2, 0.2167, 0.2333, 0.25, 0.2667, 0.2833, 0.3, 0.3167, 0.3333, 0.35, 0.3667, 0.3833, 0.4, 0.4167, 0.4333, 0.45, 0.4667, 0.4833, 0.5, 0.5167, 0.5333, 0.55, 0.5667, 0.5833],
            "transform": [
                [1.0, 0.0, 0.0, 0.0, 0.0, 1.0, 0.0, 0.3, 0.0, 0.0, 1.0, 0.0, 0.0, 0.0, 0.0, 1.0],
                [0.999978, 0.001915, -0.006351, 0.0, -0.001964, 0.999968, -0.007741, 0.3, 0.006336, 0.007754, 0.99995, -0.0, 0.0, 0.0, 0.0, 1.0],
                [0.999696, 0.006869, -0.023682, 0.0, -0.007549, 0.999559, -0.028711, 0.3, 0.023475, 0.028881, 0.999307, 0.0, 0.0, 0.0, 0.0, 1.0],
                [0.998686, 0.013509, -0.049433, 0.0, -0.016444, 0.998095, -0.059456, 0.3, 0.048536, 0.060191, 0.997006, -0.0, 0.0, 0.0, 0.0, 1.0],
                [0.996506, 0.020488, -0.080963, 0.0, -0.028291, 0.994936, -0.096444, 0.3, 0.078577, 0.098398, 0.99204, -0.0, 0.0, 0.0, 0.0, 1.0],
                [0.992951, 0.026699, -0.115478, 0.0, -0.042444, 0.989783, -0.13612, 0.3, 0.110664, 0.140062, 0.983939, 0.0, 0.0, 0.0, 0.0, 1.0],
                [0.988175, 0.031443, -0.150073, 0.0, -0.057857, 0.98286, -0.175042, 0.3, 0.141996, 0.181654, 0.973056, -0.0, 0.0, 0.0, 0.0, 1.0],
                [0.982726, 0.034496, -0.181825, 0.0, -0.073082, 0.974961, -0.210024, 0.3, 0.170028, 0.219684, 0.96064, 0.0, 0.0, 0.0, 0.0, 1.0],
                [0.977484, 0.036068, -0.207903, 0.0, -0.086362, 0.967364, -0.238221, 0.3, 0.192526, 0.250812, 0.948698, 0.0, 0.0, 0.0, 0.0, 1.0],
                [0.97353, 0.03665, -0.225601, 0.0, -0.095777, 0.961632, -0.257081, 0.3, 0.207523, 0.271883, 0.939688, -0.0, 0.0, 0.0, 0.0, 1.0],
                [0.971953, 0.036767, -0.232285, 0.0, -0.099417, 0.959346, -0.264144, 0.3, 0.21313, 0.279829, 0.936094, 0.0, 0.0, 0.0, 0.0, 1.0],
                [0.973247, 0.039326, -0.226371, 0.0, -0.097226, 0.963175, -0.250681, 0.3, 0.208177, 0.265984, 0.941231, 0.0, 0.0, 0.0, 0.0, 1.0],
                [0.976747, 0.045667, -0.209474, 0.0, -0.090959, 0.973027, -0.212003, 0.3, 0.194142, 0.226127, 0.954555, -0.0, 0.0, 0.0, 0.0, 1.0],
                [0.98155, 0.053369, -0.183608, 0.0, -0.081869, 0.985088, -0.151327, 0.3, 0.172793, 0.163566, 0.971282, -0.0, 0.0, 0.0, 0.0, 1.0],
                [0.986719, 0.059802, -0.151026, 0.0, -0.071344, 0.994836, -0.072191, 0.3, 0.145929, 0.082007, 0.98589, -0.0, 0.0, 0.0, 0.0, 1.0],
                [0.991444, 0.062584, -0.114555, 0.0, -0.060577, 0.997944, 0.020921, 0.3, 0.115629, -0.013802, 0.993197, -0.0, 0.0, 0.0, 0.0, 1.0],
                [0.995171, 0.060042, -0.077645, 0.0, -0.05025, 0.991204, 0.122435, 0.3, 0.084314, -0.117942, 0.989435, -0.0, 0.0, 0.0, 0.0, 1.0],
                [0.997694, 0.051554, -0.044141, 0.0, -0.040289, 0.973274, 0.226086, 0.3, 0.054617, -0.223787, 0.973107, -0.0, 0.0, 0.0, 0.0, 1.0],
                [0.999131, 0.037649, -0.017863, 0.0, -0.029787, 0.945007, 0.32569, 0.3, 0.029142, -0.324875, 0.945308, -0.0, 0.0, 0.0, 0.0, 1.0],
                [0.999801, 0.019802, -0.002215, 0.0, -0.017087, 0.909242, 0.415917, 0.3, 0.01025, -0.415797, 0.9094, 0.0, 0.0, 0.0, 0.0, 1.0],
                [1.0, -0.0, -0.0, 0.0, 0.0, 0.870185, 0.492725, 0.3, 0.0, -0.492725, 0.870185, -0.0, 0.0, 0.0, 0.0, 1.0],
                [0.999535, -0.025872, -0.01611, 0.0, 0.030463, 0.831706, 0.55438, 0.3, -0.000944, -0.554613, 0.832107, -0.0, 0.0, 0.0, 0.0, 1.0],
                [0.996869, -0.060227, -0.051238, 0.0, 0.078947, 0.794598, 0.60198, 0.3, 0.004458, -0.60414, 0.796865, 0.0, 0.0, 0.0, 0.0, 1.0],
                [0.989926, -0.099212, -0.101013, 0.0, 0.140937, 0.758699, 0.636013, 0.3, 0.013538, -0.643842, 0.765038, -0.0, 0.0, 0.0, 0.0, 1.0],
                [0.977108, -0.139658, -0.160486, 0.0, 0.211334, 0.723877, 0.656765, 0.3, 0.02445, -0.675646, 0.73682, -0.0, 0.0, 0.0, 0.0, 1.0],
                [0.957976, -0.178857, -0.224257, 0.0, 0.284594, 0.690421, 0.665075, 0.3, 0.035879, -0.700948, 0.712309, -0.0, 0.0, 0.0, 0.0, 1.0],
                [0.93367, -0.214509, -0.286787, 0.0, 0.355056, 0.659205, 0.66286, 0.3, 0.046862, -0.720718, 0.691643, 0.0, 0.0, 0.0, 0.0, 1.0],
                [0.906967, -0.244734, -0.342805, 0.0, 0.417373, 0.631667, 0.653296, 0.3, 0.056655, -0.735596, 0.675047, -0.0, 0.0, 0.0, 0.0, 1.0],
                [0.881987, -0.268025, -0.387637, 0.0, 0.466823, 0.609647, 0.640629, 0.3, 0.064617, -0.745984, 0.662821, -0.0, 0.0, 0.0, 0.0, 1.0],
                [0.863576, -0.283083, -0.417254, 0.0, 0.499326, 0.595135, 0.629673, 0.3, 0.070073, -0.752116, 0.655294, 0.0, 0.0, 0.0, 0.0, 1.0],
                [0.856513, -0.288493, -0.427968, 0.0, 0.511058, 0.589962, 0.625111, 0.3, 0.072145, -0.754133, 0.652747, -0.0, 0.0, 0.0, 0.0, 1.0],
                [0.856513, -0.288493, -0.427968, 0.0, 0.511058, 0.589962, 0.625111, 0.3, 0.072145, -0.754133, 0.652747, -0.0, 0.0, 0.0, 0.0, 1.0],
                [0.856513, -0.288493, -0.427968, 0.0, 0.511058, 0.589962, 0.625111, 0.3, 0.072145, -0.754133, 0.652747, -0.0, 0.0, 0.0, 0.0, 1.0],
                [0.856513, -0.288493, -0.427968, 0.0, 0.511058, 0.589962, 0.625111, 0.3, 0.072145, -0.754133, 0.652747, -0.0, 0.0, 0.0, 0.0, 1.0],
                [0.856513, -0.288493, -0.427968, 0.0, 0.511058, 0.589962, 0.625111, 0.3, 0.072145, -0.754133, 0.652747, -0.0, 0.0, 0.0, 0.0, 1.0],
                [0.856513, -0.288493, -0.427968, 0.0, 0.511058, 0.589962, 0.625111, 0.3, 0.072145, -0.754133, 0.652747, -0.0, 0.0, 0.0, 0.0, 1.0]
            ]
        },
        {
            "name": "Head",
            "time": [0.0, 0.0167, 0.0333, 0.05, 0.0667, 0.0833, 0.1, 0.1167, 0.1333, 0.15, 0.1667, 0.1833, 0.2, 0.2167, 0.2333, 0.25, 0.2667, 0.2833, 0.3, 0.3167, 0.3333, 0.35, 0.3667, 0.3833, 0.4, 0.4167, 0.4333, 0.45, 0.4667, 0.4833, 0.5, 0.5167, 0.5333, 0.55, 0.5667, 0.5833],
            "transform": [
                [1.0, 0.0, 0.0, 0.0, 0.0, 1.0, 0.0, 0.4, 0.0, 0.0, 1.0, 0.0, 0.0, 0.0, 0.0, 1.0],
                [1.0, 0.0, -0.0, -0.0, -0.0, 0.999985, -0.005527, 0.4, -0.0, 0.005527, 0.999985, 0.0, 0.0, 0.0, 0.0, 1.0],
                [1.0, -0.0, 0.0, 0.0, 0.0, 0.999772, -0.021376, 0.4, -0.0, 0.021376, 0.999771, 0.0, 0.0, 0.0, 0.0, 1.0],
                [1.0, -0.0, -0.0, 0.0, 0.0, 0.99892, -0.046474, 0.4, 0.0, 0.046474, 0.99892, 0.0, 0.0, 0.0, 0.0, 1.0],
                [1.0, 0.0, -0.0, 0.0, -0.0, 0.996816, -0.079738, 0.4, 0.0, 0.079738, 0.996816, 0.0, 0.0, 0.0, 0.0, 1.0],
                [1.0, -0.0, -0.0, 0.0, 0.0, 0.99277, -0.120032, 0.4, 0.0, 0.120032, 0.99277, -0.0, 0.0, 0.0, 0.0, 1.0],
                [1.0, -0.0, -0.0, -0.0, -0.0, 0.986103, -0.166134, 0.4, -0.0, 0.166134, 0.986103, 0.0, 0.0, 0.0, 0.0, 1.0],
                [1.0, -0.0, 0.0, 0.0, -0.0, 0.976234, -0.216721, 0.4, -0.0, 0.216721, 0.976234, 0.0, 0.0, 0.0, 0.0, 1.0],
                [1.0, -0.0, 0.0, 0.0, 0.0, 0.962756, -0.270374, 0.4, 0.0, 0.270374, 0.962756, -0.0, 0.0, 0.0, 0.0, 1.0],
                [1.0, -0.0, -0.0, 0.0, -0.0, 0.945503, -0.325614, 0.4, -0.0, 0.325614, 0.945503, 0.0, 0.0, 0.0, 0.0, 1.0],
                [1.0, -0.0, -0.0, 0.0, -0.0, 0.924594, -0.380954, 0.4, 0.0, 0.380954, 0.924594, 0.0, 0.0, 0.0, 0.0, 1.0],
                [1.0, 0.0, -0.0, 0.0, 0.0, 0.90045, -0.43496, 0.4, -0.0, 0.43496, 0.900449, 0.0, 0.0, 0.0, 0.0, 1.0],
                [1.0, 0.0, 0.0, -0.0, -0.0, 0.87378, -0.486321, 0.4, -0.0, 0.486321, 0.87378, -0.0, 0.0, 0.0, 0.0, 1.0],
                [1.0, -0.0, -0.0, -0.0, -0.0, 0.84555, -0.533895, 0.4, 0.0, 0.533895, 0.84555, -0.0, 0.0, 0.0, 0.0, 1.0],
                [1.0, 0.0, 0.0, 0.0, -0.0, 0.81692, -0.576752, 0.4, -0.0, 0.576752, 0.81692, 0.0, 0.0, 0.0, 0.0, 1.0],
                [1.0, 0.0, -0.0, -0.0, -0.0, 0.789174, -0.614169, 0.4, -0.0, 0.61417, 0.789174, 0.0, 0.0, 0.0, 0.0, 1.0],
                [1.0, 0.0, 0.0, 0.0, 0.0, 0.76366, -0.645619, 0.4, -0.0, 0.645619, 0.76366, -0.0, 0.0, 0.0, 0.0, 1.0],
