{
    "animation": [
        {
            "name": "Root",
            "time": [0.0, 0.0167, 0.0333, 0.05, 0.0667, 0.0833, 0.1, 0.1167, 0.1333, 0.15, 0.1667, 0.1833, 0.2, 0.2167, 0.2333, 0.25, 0.2667, 0.2833, 0.3, 0.3167, 0.3333, 0.35, 0.3667, 0.3833, 0.4, 0.4167, 0.4333, 0.45, 0.4667, 0.4833, 0.5, 0.5167, 0.5333, 0.55, 0.5667, 0.5833, 0.6, 0.6167, 0.6333, 0.65, 0.6667, 0.6833, 0.7, 0.7167, 0.7333, 0.75, 0.7667, 0.7833, 0.8, 0.8167, 0.8333, 0.85, 0.8667, 0.8833, 0.9, 0.9167, 0.9333, 0.95, 0.9667, 0.9833, 1.0],
            "transform": [
                [1.0, 0.0, 0.0, -5e-06, 0.0, 0.999955, 0.009506, -0.157466, 0.0, -0.009506, 0.999955, 0.1422, 0.0, 0.0, 0.0, 1.0],
                [1.0, 0.0, 0.0, -5e-06, 0.0, 0.999955, 0.009506, -0.154575, 0.0, -0.009506, 0.999955, 0.140908, 0.0, 0.0, 0.0, 1.0],
                [1.0, 0.0, 0.0, -5e-06, 0.0, 0.999955, 0.009506, -0.151685, 0.0, -0.009506, 0.999955, 0.139616, 0.0, 0.0, 0.0, 1.0],
                [1.0, 0.0, 0.0, -5e-06, 0.0, 0.999955, 0.009506, -0.148795, 0.0, -0.009506, 0.999955, 0.138325, 0.0, 0.0, 0.0, 1.0],
                [1.0, 0.0, 0.0, -5e-06, 0.0, 0.999955, 0.009506, -0.145904, 0.0, -0.009506, 0.999955, 0.137033, 0.0, 0.0, 0.0, 1.0],
                [1.0, 0.0, 0.0, -5e-06, 0.0, 0.999955, 0.009506, -0.143014, 0.0, -0.009506, 0.999955, 0.135741, 0.0, 0.0, 0.0, 1.0],
                [1.0, 0.0, 0.0, -5e-06, 0.0, 0.999955, 0.009506, -0.140124, 0.0, -0.009506, 0.999955, 0.134449, 0.0, 0.0, 0.0, 1.0],
                [1.0, 0.0, 0.0, -5e-06, 0.0, 0.999955, 0.009506, -0.137233, 0.0, -0.009506, 0.999955, 0.133157, 0.0, 0.0, 0.0, 1.0],
                [1.0, 0.0, 0.0, -5e-06, 0.0, 0.999955, 0.009506, -0.134343, 0.0, -0.009506, 0.999955, 0.131866, 0.0, 0.0, 0.0, 1.0],
                [1.0, 0.0, 0.0, -5e-06, 0.0, 0.999955, 0.009506, -0.131452, 0.0, -0.009506, 0.999955, 0.130574, 0.0, 0.0, 0.0, 1.0],
                [1.0, 0.0, 0.0, -5e-06, 0.0, 0.999955, 0.009506, -0.128562, 0.0, -0.009506, 0.999955, 0.129282, 0.0, 0.0, 0.0, 1.0],
                [1.0, 0.0, 0.0, -5e-06, 0.0, 0.999955, 0.009506, -0.123448, 0.0, -0.009506, 0.999955, 0.138927, 0.0, 0.0, 0.0, 1.0],
                [1.0, 0.0, 0.0, -5e-06, 0.0, 0.999955, 0.009506, -0.118334, 0.0, -0.009506, 0.999955, 0.148572, 0.0, 0.0, 0.0, 1.0],
                [1.0, 0.0, 0.0, -5e-06, 0.0, 0.999955, 0.009506, -0.113221, 0.0, -0.009506, 0.999955, 0.158217, 0.0, 0.0, 0.0, 1.0],
                [1.0, 0.0, 0.0, -5e-06, 0.0, 0.999955, 0.009506, -0.108107, 0.0, -0.009506, 0.999955, 0.167863, 0.0, 0.0, 0.0, 1.0],
                [1.0, 0.0, 0.0, -5e-06, 0.0, 0.999955, 0.009506, -0.102993, 0.0, -0.009506, 0.999955, 0.177508, 0.0, 0.0, 0.0, 1.0],
                [1.0, 0.0, 0.0, -5e-06, 0.0, 0.999955, 0.009506, -0.097879, 0.0, -0.009506, 0.999955, 0.187153, 0.0, 0.0, 0.0, 1.0],
                [1.0, 0.0, 0.0, -5e-06, 0.0, 0.999955, 0.009506, -0.092765, 0.0, -0.009506, 0.999955, 0.196798, 0.0, 0.0, 0.0, 1.0],
                [1.0, 0.0, 0.0, -5e-06, 0.0, 0.999955, 0.009506, -0.087652, 0.0, -0.009506, 0.999955, 0.206443, 0.0, 0.0, 0.0, 1.0],
                [1.0, 0.0, 0.0, -5e-06, 0.0, 0.999955, 0.009506, -0.082538, 0.0, -0.009506, 0.999955, 0.216089, 0.0, 0.0, 0.0, 1.0],
                [1.0, 0.0, 0.0, -5e-06, 0.0, 0.999955, 0.009506, -0.077424, 0.0, -0.009506, 0.999955, 0.225734, 0.0, 0.0, 0.0, 1.0],
                [1.0, 0.0, 0.0, -5e-06, 0.0, 0.999955, 0.009506, -0.077748, 0.0, -0.009506, 0.999955, 0.219651, 0.0, 0.0, 0.0, 1.0],
                [1.0, 0.0, 0.0, -5e-06, 0.0, 0.999955, 0.009506, -0.078072, 0.0, -0.009506, 0.999955, 0.213568, 0.0, 0.0, 0.0, 1.0],
                [1.0, 0.0, 0.0, -5e-06, 0.0, 0.999955, 0.009506, -0.078396, 0.0, -0.009506, 0.999955, 0.207485, 0.0, 0.0, 0.0, 1.0],
                [1.0, 0.0, 0.0, -5e-06, 0.0, 0.999955, 0.009506, -0.078721, 0.0, -0.009506, 0.999955, 0.201402, 0.0, 0.0, 0.0, 1.0],
                [1.0, 0.0, 0.0, -5e-06, 0.0, 0.999955, 0.009506, -0.079045, 0.0, -0.009506, 0.999955, 0.195319, 0.0, 0.0, 0.0, 1.0],
                [1.0, 0.0, 0.0, -5e-06, 0.0, 0.999955, 0.009506, -0.079369, 0.0, -0.009506, 0.999955, 0.189237, 0.0, 0.0, 0.0, 1.0],
                [1.0, 0.0, 0.0, -5e-06, 0.0, 0.999955, 0.009506, -0.079693, 0.0, -0.009506, 0.999955, 0.183154, 0.0, 0.0, 0.0, 1.0],
                [1.0, 0.0, 0.0, -5e-06, 0.0, 0.999955, 0.009506, -0.080017, 0.0, -0.009506, 0.999955, 0.177071, 0.0, 0.0, 0.0, 1.0],
                [1.0, 0.0, 0.0, -5e-06, 0.0, 0.999955, 0.009506, -0.080341, 0.0, -0.009506, 0.999955, 0.170988, 0.0, 0.0, 0.0, 1.0],
                [1.0, 0.0, 0.0, -5e-06, 0.0, 0.999955, 0.009506, -0.080666, 0.0, -0.009506, 0.999955, 0.164905, 0.0, 0.0, 0.0, 1.0],
                [1.0, 0.0, 0.0, -5e-06, 0.0, 0.999955, 0.009506, -0.090445, 0.0, -0.009506, 0.999955, 0.159989, 0.0, 0.0, 0.0, 1.0],
                [1.0, 0.0, 0.0, -5e-06, 0.0, 0.999955, 0.009506, -0.100225, 0.0, -0.009506, 0.999955, 0.155073, 0.0, 0.0, 0.0, 1.0],
                [1.0, 0.0, 0.0, -5e-06, 0.0, 0.999955, 0.009506, -0.110004, 0.0, -0.009506, 0.999955, 0.150158, 0.0, 0.0, 0.0, 1.0],
                [1.0, 0.0, 0.0, -5e-06, 0.0, 0.999955, 0.009506, -0.119784, 0.0, -0.009506, 0.999955, 0.145242, 0.0, 0.0, 0.0, 1.0],
                [1.0, 0.0, 0.0, -5e-06, 0.0, 0.999955, 0.009506, -0.129563, 0.0, -0.009506, 0.999955, 0.140326, 0.0, 0.0, 0.0, 1.0],
                [1.0, 0.0, 0.0, -5e-06, 0.0, 0.999955, 0.009506, -0.139343, 0.0, -0.009506, 0.999955, 0.13541, 0.0, 0.0, 0.0, 1.0],
                [1.0, 0.0, 0.0, -5e-06, 0.0, 0.999955, 0.009506, -0.149122, 0.0, -0.009506, 0.999955, 0.130494, 0.0, 0.0, 0.0, 1.0],
                [1.0, 0.0, 0.0, -5e-06, 0.0, 0.999955, 0.009506, -0.158902, 0.0, -0.009506, 0.999955, 0.125578, 0.0, 0.0, 0.0, 1.0],
                [1.0, 0.0, 0.0, -5e-06, 0.0, 0.999955, 0.009506, -0.168681, 0.0, -0.009506, 0.999955, 0.120662, 0.0, 0.0, 0.0, 1.0],
                [1.0, 0.0, 0.0, -5e-06, 0.0, 0.999955, 0.009506, -0.178461, 0.0, -0.009506, 0.999955, 0.115747, 0.0, 0.0, 0.0, 1.0],
                [1.0, 0.0, 0.0, -5e-06, 0.0, 0.999955, 0.009506, -0.171582, 0.0, -0.009506, 0.999955, 0.114726, 0.0, 0.0, 0.0, 1.0],
                [1.0, 0.0, 0.0, -5e-06, 0.0, 0.999955, 0.009506, -0.164704, 0.0, -0.009506, 0.999955, 0.113705, 0.0, 0.0, 0.0, 1.0],
                [1.0, 0.0, 0.0, -5e-06, 0.0, 0.999955, 0.009506, -0.157825, 0.0, -0.009506, 0.999955, 0.112684, 0.0, 0.0, 0.0, 1.0],
                [1.0, 0.0, 0.0, -5e-06, 0.0, 0.999955, 0.009506, -0.150947, 0.0, -0.009506, 0.999955, 0.111664, 0.0, 0.0, 0.0, 1.0],
                [1.0, 0.0, 0.0, -5e-06, 0.0, 0.999955, 0.009506, -0.144069, 0.0, -0.009506, 0.999955, 0.110643, 0.0, 0.0, 0.0, 1.0],
                [1.0, 0.0, 0.0, -5e-06, 0.0, 0.999955, 0.009506, -0.13719, 0.0, -0.009506, 0.999955, 0.109622, 0.0, 0.0, 0.0, 1.0],
                [1.0, 0.0, 0.0, -5e-06, 0.0, 0.999955, 0.009506, -0.130312, 0.0, -0.009506, 0.999955, 0.108601, 0.0, 0.0, 0.0, 1.0],
                [1.0, 0.0, 0.0, -5e-06, 0.0, 0.999955, 0.009506, -0.123433, 0.0, -0.009506, 0.999955, 0.107581, 0.0, 0.0, 0.0, 1.0],
                [1.0, 0.0, 0.0, -5e-06, 0.0, 0.999955, 0.009506, -0.116555, 0.0, -0.009506, 0.999955, 0.10656, 0.0, 0.0, 0.0, 1.0],
                [1.0, 0.0, 0.0, -5e-06, 0.0, 0.999955, 0.009506, -0.109676, 0.0, -0.009506, 0.999955, 0.105539, 0.0, 0.0, 0.0, 1.0],
                [1.0, 0.0, 0.0, -5e-06, 0.0, 0.999955, 0.009506, -0.114177, 0.0, -0.009506, 0.999955, 0.108303, 0.0, 0.0, 0.0, 1.0],
                [1.0, 0.0, 0.0, -5e-06, 0.0, 0.999955, 0.009506, -0.118677, 0.0, -0.009506, 0.999955, 0.111067, 0.0, 0.0, 0.0, 1.0],
                [1.0, 0.0, 0.0, -5e-06, 0.0, 0.999955, 0.009506, -0.123177, 0.0, -0.009506, 0.999955, 0.113832, 0.0, 0.0, 0.0, 1.0],
                [1.0, 0.0, 0.0, -5e-06, 0.0, 0.999955, 0.009506, -0.127678, 0.0, -0.009506, 0.999955, 0.116596, 0.0, 0.0, 0.0, 1.0],
                [1.0, 0.0, 0.0, -5e-06, 0.0, 0.999955, 0.009506, -0.132178, 0.0, -0.009506, 0.999955, 0.11936, 0.0, 0.0, 0.0, 1.0],
                [1.0, 0.0, 0.0, -5e-06, 0.0, 0.999955, 0.009506, -0.136679, 0.0, -0.009506, 0.999955, 0.122124, 0.0, 0.0, 0.0, 1.0],
                [1.0, 0.0, 0.0, -5e-06, 0.0, 0.999955, 0.009506, -0.141179, 0.0, -0.009506, 0.999955, 0.124888, 0.0, 0.0, 0.0, 1.0],
                [1.0, 0.0, 0.0, -5e-06, 0.0, 0.999955, 0.009506, -0.145679, 0.0, -0.009506, 0.999955, 0.127652, 0.0, 0.0, 0.0, 1.0],
                [1.0, 0.0, 0.0, -5e-06, 0.0, 0.999955, 0.009506, -0.15018, 0.0, -0.009506, 0.999955, 0.130416, 0.0, 0.0, 0.0, 1.0],
                [1.0, 0.0, 0.0, -5e-06, 0.0, 0.999955, 0.009506, -0.15468, 0.0, -0.009506, 0.999955, 0.13318, 0.0, 0.0, 0.0, 1.0]
            ]
        },
        {
            "name": "Thigh_R",
            "time": [0.0, 0.0167, 0.0333, 0.05, 0.0667, 0.0833, 0.1, 0.1167, 0.1333, 0.15, 0.1667, 0.1833, 0.2, 0.2167, 0.2333, 0.25, 0.2667, 0.2833, 0.3, 0.3167, 0.3333, 0.35, 0.3667, 0.3833, 0.4, 0.4167, 0.4333, 0.45, 0.4667, 0.4833, 0.5, 0.5167, 0.5333, 0.55, 0.5667, 0.5833, 0.6, 0.6167, 0.6333, 0.65, 0.6667, 0.6833, 0.7, 0.7167, 0.7333, 0.75, 0.7667, 0.7833, 0.8, 0.8167, 0.8333, 0.85, 0.8667, 0.8833, 0.9, 0.9167, 0.9333, 0.95, 0.9667, 0.9833, 1.0],
            "transform": [
                [1.0, -1.7e-05, 9e-06, 0.124994, -1.8e-05, -0.666026, 0.745929, -0.002831, -7e-06, -0.74593, -0.666026, -1.2e-05, 0.0, 0.0, 0.0, 1.0],
                [1.0, -1.7e-05, 8e-06, 0.124994, -1.7e-05, -0.664221, 0.747536, -0.002831, -7e-06, -0.747537, -0.664221, -1.2e-05, 0.0, 0.0, 0.0, 1.0],
                [1.0, -1.6e-05, 8e-06, 0.124994, -1.7e-05, -0.666812, 0.745227, -0.002831, -7e-06, -0.745227, -0.666812, -1.2e-05, 0.0, 0.0, 0.0, 1.0],
                [1.0, -1.6e-05, 7e-06, 0.124994, -1.6e-05, -0.673619, 0.739079, -0.002831, -7e-06, -0.739079, -0.673619, -1.2e-05, 0.0, 0.0, 0.0, 1.0],
                [1.0, -1.5e-05, 6e-06, 0.124994, -1.5e-05, -0.684189, 0.729306, -0.002831, -7e-06, -0.729306, -0.684189, -1.2e-05, 0.0, 0.0, 0.0, 1.0],
                [1.0, -1.4e-05, 6e-06, 0.124994, -1.4e-05, -0.698551, 0.715562, -0.002831, -6e-06, -0.715562, -0.698551, -1.2e-05, 0.0, 0.0, 0.0, 1.0],
                [1.0, -1.4e-05, 5e-06, 0.124994, -1.3e-05, -0.716415, 0.697676, -0.002831, -6e-06, -0.697676, -0.716414, -1.2e-05, 0.0, 0.0, 0.0, 1.0],
                [1.0, -1.3e-05, 4e-06, 0.124994, -1.2e-05, -0.737879, 0.674935, -0.002831, -5e-06, -0.674935, -0.737878, -1.2e-05, 0.0, 0.0, 0.0, 1.0],
                [1.0, -1.2e-05, 4e-06, 0.124994, -1.1e-05, -0.762873, 0.646549, -0.002831, -5e-06, -0.646549, -0.762873, -1.2e-05, 0.0, 0.0, 0.0, 1.0],
                [1.0, -1.1e-05, 3e-06, 0.124994, -1e-05, -0.791744, 0.610855, -0.002831, -4e-06, -0.610855, -0.791743, -1.2e-05, 0.0, 0.0, 0.0, 1.0],
                [1.0, -9e-06, 2e-06, 0.124994, -9e-06, -0.824949, 0.565208, -0.002831, -3e-06, -0.565208, -0.824949, -1.2e-05, 0.0, 0.0, 0.0, 1.0],
                [1.0, -9e-06, 2e-06, 0.124994, -8e-06, -0.822238, 0.569145, -0.002831, -3e-06, -0.569145, -0.822238, -1.2e-05, 0.0, 0.0, 0.0, 1.0],
                [1.0, -8e-06, 2e-06, 0.124994, -8e-06, -0.821634, 0.570016, -0.002831, -3e-06, -0.570017, -0.821634, -1.2e-05, 0.0, 0.0, 0.0, 1.0],
                [1.0, -8e-06, 1e-06, 0.124994, -7e-06, -0.823431, 0.567418, -0.002831, -3e-06, -0.567418, -0.82343, -1.2e-05, 0.0, 0.0, 0.0, 1.0],
                [1.0, -7e-06, 1e-06, 0.124994, -6e-06, -0.82815, 0.560508, -0.002831, -3e-06, -0.560508, -0.828149, -1.2e-05, 0.0, 0.0, 0.0, 1.0],
                [1.0, -6e-06, 1e-06, 0.124994, -6e-06, -0.836482, 0.547996, -0.002831, -3e-06, -0.547996, -0.836481, -1.2e-05, 0.0, 0.0, 0.0, 1.0],
                [1.0, -5e-06, 1e-06, 0.124994, -5e-06, -0.849702, 0.527265, -0.002831, -2e-06, -0.527265, -0.849701, -1.2e-05, 0.0, 0.0, 0.0, 1.0],
                [1.0, -4e-06, 0.0, 0.124994, -3e-06, -0.870798, 0.491642, -0.002831, -2e-06, -0.491642, -0.870798, -1.2e-05, 0.0, 0.0, 0.0, 1.0],
                [1.0, -1e-06, 0.0, 0.124994, -1e-06, -0.915911, 0.401382, -0.002831, -0.0, -0.401382, -0.915911, -1.2e-05, 0.0, 0.0, 0.0, 1.0],
                [1.0, -0.0, 0.0, 0.124994, -0.0, -0.926736, 0.375715, -0.002831, -0.0, -0.375715, -0.926736, -1.2e-05, 0.0, 0.0, 0.0, 1.0],
                [1.0, -0.0, 0.0, 0.124994, -0.0, -0.918221, 0.396071, -0.002831, -0.0, -0.396071, -0.91822, -1.2e-05, 0.0, 0.0, 0.0, 1.0],
                [1.0, -0.0, 0.0, 0.124994, -0.0, -0.925656, 0.378369, -0.002831, -0.0, -0.378369, -0.925655, -1.2e-05, 0.0, 0.0, 0.0, 1.0],
                [1.0, -0.0, 0.0, 0.124994, -0.0, -0.932857, 0.36025, -0.002831, -0.0, -0.36025, -0.932856, -1.2e-05, 0.0, 0.0, 0.0, 1.0],
                [1.0, -0.0, 0.0, 0.124994, -0.0, -0.939801, 0.341724, -0.002831, -0.0, -0.341724, -0.939801, -1.2e-05, 0.0, 0.0, 0.0, 1.0],
                [1.0, -1e-06, 0.0, 0.124994, -1e-06, -0.928527, 0.371267, -0.002831, -0.0, -0.371268, -0.928526, -1.2e-05, 0.0, 0.0, 0.0, 1.0],
                [1.0, -3e-06, 0.0, 0.124994, -3e-06, -0.907799, 0.419409, -0.002831, -1e-06, -0.419409, -0.907798, -1.2e-05, 0.0, 0.0, 0.0, 1.0],
                [1.0, -4e-06, 0.0, 0.124994, -3e-06, -0.898834, 0.438292, -0.002831, -1e-06, -0.438292, -0.898833, -1.2e-05, 0.0, 0.0, 0.0, 1.0],
                [1.0, -4e-06, 0.0, 0.124994, -4e-06, -0.894362, 0.447347, -0.002831, -2e-06, -0.447347, -0.894361, -1.2e-05, 0.0, 0.0, 0.0, 1.0],
                [1.0, -5e-06, 1e-06, 0.124994, -5e-06, -0.892652, 0.450749, -0.002831, -2e-06, -0.450749, -0.892651, -1.2e-05, 0.0, 0.0, 0.0, 1.0],
                [1.0, -5e-06, 1e-06, 0.124994, -5e-06, -0.892975, 0.450109, -0.002831, -2e-06, -0.450109, -0.892974, -1.2e-05, 0.0, 0.0, 0.0, 1.0],
                [1.0, -6e-06, 1e-06, 0.124994, -5e-06, -0.894878, 0.446312, -0.002831, -2e-06, -0.446312, -0.894878, -1.2e-05, 0.0, 0.0, 0.0, 1.0],
                [1.0, -6e-06, 1e-06, 0.124994, -6e-06, -0.866576, 0.499048, -0.002831, -2e-06, -0.499048, -0.866575, -1.2e-05, 0.0, 0.0, 0.0, 1.0],
                [1.0, -7e-06, 1e-06, 0.124994, -6e-06, -0.837934, 0.545773, -0.002831, -3e-06, -0.545773, -0.837933, -1.2e-05, 0.0, 0.0, 0.0, 1.0],
                [1.0, -7e-06, 1e-06, 0.124994, -7e-06, -0.808993, 0.58782, -0.002831, -3e-06, -0.58782, -0.808992, -1.2e-05, 0.0, 0.0, 0.0, 1.0],
                [1.0, -8e-06, 2e-06, 0.124994, -7e-06, -0.779724, 0.626125, -0.002831, -4e-06, -0.626125, -0.779723, -1.2e-05, 0.0, 0.0, 0.0, 1.0],
                [1.0, -8e-06, 2e-06, 0.124994, -7e-06, -0.750292, 0.661108, -0.002831, -4e-06, -0.661108, -0.750291, -1.2e-05, 0.0, 0.0, 0.0, 1.0],
                [1.0, -8e-06, 2e-06, 0.124994, -7e-06, -0.720779, 0.693166, -0.002831, -5e-06, -0.693166, -0.720779, -1.2e-05, 0.0, 0.0, 0.0, 1.0],
                [1.0, -9e-06, 2e-06, 0.124994, -7e-06, -0.691161, 0.722702, -0.002831, -5e-06, -0.722702, -0.691161, -1.2e-05, 0.0, 0.0, 0.0, 1.0],
                [1.0, -9e-06, 2e-06, 0.124994, -8e-06, -0.661694, 0.749775, -0.002831, -5e-06, -0.749775, -0.661693, -1.2e-05, 0.0, 0.0, 0.0, 1.0],
                [1.0, -9e-06, 2e-06, 0.124994, -7e-06, -0.632421, 0.774625, -0.002831, -6e-06, -0.774626, -0.632421, -1.2e-05, 0.0, 0.0, 0.0, 1.0],
                [1.0, -9e-06, 2e-06, 0.124994, -7e-06, -0.603457, 0.797397, -0.002831, -6e-06, -0.797397, -0.603456, -1.2e-05, 0.0, 0.0, 0.0, 1.0],
                [1.0, -1e-05, 3e-06, 0.124994, -8e-06, -0.596484, 0.802626, -0.002831, -6e-06, -0.802626, -0.596484, -1.2e-05, 0.0, 0.0, 0.0, 1.0],
                [1.0, -1.1e-05, 3e-06, 0.124994, -9e-06, -0.592893, 0.805282, -0.002831, -7e-06, -0.805282, -0.592893, -1.2e-05, 0.0, 0.0, 0.0, 1.0],
                [1.0, -1.1e-05, 3e-06, 0.124994, -9e-06, -0.592309, 0.805711, -0.002831, -7e-06, -0.805711, -0.592309, -1.2e-05, 0.0, 0.0, 0.0, 1.0],
                [1.0, -1.2e-05, 4e-06, 0.124994, -1e-05, -0.594367, 0.804194, -0.002831, -7e-06, -0.804195, -0.594367, -1.2e-05, 0.0, 0.0, 0.0, 1.0],
                [1.0, -1.2e-05, 4e-06, 0.124994, -1e-05, -0.599017, 0.800737, -0.002831, -7e-06, -0.800738, -0.599016, -1.2e-05, 0.0, 0.0, 0.0, 1.0],
                [1.0, -1.2e-05, 4e-06, 0.124994, -1.1e-05, -0.606001, 0.795465, -0.002831, -7e-06, -0.795465, -0.606001, -1.2e-05, 0.0, 0.0, 0.0, 1.0],
                [1.0, -1.3e-05, 4e-06, 0.124994, -1.1e-05, -0.61516, 0.788403, -0.002831, -7e-06, -0.788404, -0.615159, -1.2e-05, 0.0, 0.0, 0.0, 1.0],
                [1.0, -1.3e-05, 5e-06, 0.124994, -1.2e-05, -0.626262, 0.779613, -0.002831, -7e-06, -0.779613, -0.626262, -1.2e-05, 0.0, 0.0, 0.0, 1.0],
                [1.0, -1.3e-05, 5e-06, 0.124994, -1.2e-05, -0.639301, 0.768957, -0.002831, -7e-06, -0.768957, -0.639301, -1.2e-05, 0.0, 0.0, 0.0, 1.0],
                [1.0, -1.3e-05, 5e-06, 0.124994, -1.3e-05, -0.65404, 0.756461, -0.002831, -7e-06, -0.756461, -0.654039, -1.2e-05, 0.0, 0.0, 0.0, 1.0],
                [1.0, -1.4e-05, 5e-06, 0.124994, -1.3e-05, -0.645234, 0.763985, -0.002831, -7e-06, -0.763986, -0.645234, -1.2e-05, 0.0, 0.0, 0.0, 1.0],
                [1.0, -1.4e-05, 6e-06, 0.124994, -1.4e-05, -0.638617, 0.769526, -0.002831, -7e-06, -0.769526, -0.638616, -1.2e-05, 0.0, 0.0, 0.0, 1.0],
                [1.0, -1.5e-05, 6e-06, 0.124994, -1.4e-05, -0.634103, 0.773249, -0.002831, -8e-06, -0.773249, -0.634103, -1.2e-05, 0.0, 0.0, 0.0, 1.0],
                [1.0, -1.5e-05, 7e-06, 0.124994, -1.5e-05, -0.631886, 0.775062, -0.002831, -8e-06, -0.775062, -0.631886, -1.2e-05, 0.0, 0.0, 0.0, 1.0],
                [1.0, -1.6e-05, 7e-06, 0.124994, -1.5e-05, -0.631893, 0.775057, -0.002831, -8e-06, -0.775057, -0.631893, -1.2e-05, 0.0, 0.0, 0.0, 1.0],
                [1.0, -1.6e-05, 8e-06, 0.124994, -1.6e-05, -0.634038, 0.773303, -0.002831, -8e-06, -0.773303, -0.634038, -1.2e-05, 0.0, 0.0, 0.0, 1.0],
                [1.0, -1.6e-05, 8e-06, 0.124994, -1.7e-05, -0.638557, 0.769576, -0.002831, -8e-06, -0.769576, -0.638556, -1.2e-05, 0.0, 0.0, 0.0, 1.0],
                [1.0, -1.7e-05, 8e-06, 0.124994, -1.7e-05, -0.645392, 0.763852, -0.002831, -7e-06, -0.763852, -0.645392, -1.2e-05, 0.0, 0.0, 0.0, 1.0],
                [1.0, -1.7e-05, 9e-06, 0.124994, -1.8e-05, -0.654554, 0.756016, -0.002831, -7e-06, -0.756016, -0.654554, -1.2e-05, 0.0, 0.0, 0.0, 1.0],
                [1.0, -1.7e-05, 9e-06, 0.124994, -1.8e-05, -0.666026, 0.745929, -0.002831, -7e-06, -0.745929, -0.666026, -1.2e-05, 0.0, 0.0, 0.0, 1.0]
            ]
        },
        {
            "name": "Leg_R",
            "time": [0.0, 0.0167, 0.0333, 0.05, 0.0667, 0.0833, 0.1, 0.1167, 0.1333, 0.15, 0.1667, 0.1833, 0.2, 0.2167, 0.2333, 0.25, 0.2667, 0.2833, 0.3, 0.3167, 0.3333, 0.35, 0.3667, 0.3833, 0.4, 0.4167, 0.4333, 0.45, 0.4667, 0.4833, 0.5, 0.5167, 0.5333, 0.55, 0.5667, 0.5833, 0.6, 0.6167, 0.6333, 0.65, 0.6667, 0.6833, 0.7, 0.7167, 0.7333, 0.75, 0.7667, 0.7833, 0.8, 0.8167, 0.8333, 0.85, 0.8667, 0.8833, 0.9, 0.9167, 0.9333, 0.95, 0.9667, 0.9833, 1.0],
            "transform": [
                [1.0, 2e-05, 2.9e-05, 0.0, -2e-05, -0.328393, 0.94454, 0.374726, 2.8e-05, -0.944541, -0.328393, 0.0, 0.0, 0.0, 0.0, 1.0],
                [1.0, 2e-05, 2.7e-05, 0.0, -2.1e-05, -0.258087, 0.966121, 0.374726, 2.7e-05, -0.966122, -0.258088, 0.0, 0.0, 0.0, 0.0, 1.0],
                [1.0, 2.1e-05, 2.6e-05, 0.0, -2.1e-05, -0.182081, 0.983283, 0.374726, 2.5e-05, -0.983283, -0.182081, 0.0, 0.0, 0.0, 0.0, 1.0],
                [1.0, 2.1e-05, 2.4e-05, 0.0, -2.2e-05, -0.100196, 0.994967, 0.374726, 2.3e-05, -0.994968, -0.100196, 0.0, 0.0, 0.0, 0.0, 1.0],
                [1.0, 2.1e-05, 2.2e-05, -0.0, -2.2e-05, -0.012875, 0.999917, 0.374726, 2.1e-05, -0.999917, -0.012875, -0.0, 0.0, 0.0, 0.0, 1.0],
                [1.0, 2.1e-05, 2e-05, -0.0, -2.2e-05, 0.080301, 0.99677, 0.374726, 1.9e-05, -0.996771, 0.080301, -0.0, 0.0, 0.0, 0.0, 1.0],
                [1.0, 2.1e-05, 1.8e-05, -0.0, -2.1e-05, 0.17898, 0.983852, 0.374726, 1.7e-05, -0.983853, 0.17898, -0.0, 0.0, 0.0, 0.0, 1.0],
                [1.0, 2e-05, 1.6e-05, 0.0, -2.1e-05, 0.28347, 0.95898, 0.374726, 1.5e-05, -0.958982, 0.28347, -0.0, 0.0, 0.0, 0.0, 1.0],
                [1.0, 1.9e-05, 1.3e-05, 0.0, -2e-05, 0.393464, 0.91934, 0.374726, 1.2e-05, -0.91934, 0.393465, 0.0, 0.0, 0.0, 0.0, 1.0],
                [1.0, 1.8e-05, 1.1e-05, -0.0, -1.9e-05, 0.50925, 0.860618, 0.374726, 1e-05, -0.860619, 0.50925, -0.0, 0.0, 0.0, 0.0, 1.0],
                [1.0, 1.6e-05, 8e-06, 0.0, -1.7e-05, 0.630679, 0.776043, 0.374726, 7e-06, -0.776044, 0.630679, 0.0, 0.0, 0.0, 0.0, 1.0],
                [1.0, 1.6e-05, 8e-06, -0.0, -1.6e-05, 0.665864, 0.746072, 0.374726, 7e-06, -0.746073, 0.665864, -0.0, 0.0, 0.0, 0.0, 1.0],
                [1.0, 1.5e-05, 7e-06, -0.0, -1.5e-05, 0.704055, 0.710145, 0.374726, 6e-06, -0.710145, 0.704055, -0.0, 0.0, 0.0, 0.0, 1.0],
                [1.0, 1.4e-05, 6e-06, -0.0, -1.4e-05, 0.745123, 0.666926, 0.374726, 5e-06, -0.666927, 0.745124, -0.0, 0.0, 0.0, 0.0, 1.0],
                [1.0, 1.3e-05, 5e-06, -0.0, -1.3e-05, 0.789179, 0.614163, 0.374726, 4e-06, -0.614163, 0.789179, -0.0, 0.0, 0.0, 0.0, 1.0],
                [1.0, 1.1e-05, 4e-06, -0.0, -1.2e-05, 0.83616, 0.548485, 0.374726, 3e-06, -0.548486, 0.83616, -0.0, 0.0, 0.0, 0.0, 1.0],
                [1.0, 1e-05, 3e-06, 0.0, -1e-05, 0.886072, 0.463548, 0.374726, 2e-06, -0.463548, 0.886072, -0.0, 0.0, 0.0, 0.0, 1.0],
                [1.0, 7e-06, 2e-06, -0.0, -7e-06, 0.938978, 0.343976, 0.374726, 1e-06, -0.343976, 0.938978, 0.0, 0.0, 0.0, 0.0, 1.0],
                [1.0, 2e-06, 1e-06, 0.0, -2e-06, 0.994743, 0.102401, 0.374726, -1e-06, -0.102401, 0.994743, -0.0, 0.0, 0.0, 0.0, 1.0],
                [1.0, 0.0, 1e-06, -0.0, -0.0, 0.999999, 0.001461, 0.374726, -1e-06, -0.001461, 0.999999, 0.0, 0.0, 0.0, 0.0, 1.0],
                [1.0, 0.0, 1e-06, -0.0, -0.0, 0.999999, 0.001462, 0.374726, -1e-06, -0.001462, 0.999999, 0.0, 0.0, 0.0, 0.0, 1.0],
                [1.0, 0.0, 1e-06, -0.0, -0.0, 0.999999, 0.001461, 0.374726, -1e-06, -0.001461, 0.999999, 0.0, 0.0, 0.0, 0.0, 1.0],
                [1.0, 0.0, 1e-06, -0.0, -0.0, 0.999999, 0.001461, 0.374726, -1e-06, -0.00146, 0.999999, 0.0, 0.0, 0.0, 0.0, 1.0],
                [1.0, 0.0, 1e-06, -0.0, -0.0, 0.999999, 0.00146, 0.374726, -1e-06, -0.00146, 0.999999, 0.0, 0.0, 0.0, 0.0, 1.0],
                [1.0, 2e-06, 1e-06, 0.0, -2e-06, 0.994513, 0.104606, 0.374726, -1e-06, -0.104606, 0.994514, -0.0, 0.0, 0.0, 0.0, 1.0],
                [1.0, 5e-06, 1e-06, 0.0, -5e-06, 0.96885, 0.247645, 0.374726, -0.0, -0.247645, 0.968851, 0.0, 0.0, 0.0, 0.0, 1.0],
                [1.0, 7e-06, 2e-06, 0.0, -7e-06, 0.944999, 0.327072, 0.374726, 0.0, -0.327072, 0.944999, 0.0, 0.0, 0.0, 0.0, 1.0],
                [1.0, 8e-06, 2e-06, 0.0, -8e-06, 0.922978, 0.384852, 0.374726, 1e-06, -0.384853, 0.922978, -0.0, 0.0, 0.0, 0.0, 1.0],
                [1.0, 9e-06, 3e-06, 0.0, -9e-06, 0.902708, 0.430253, 0.374726, 1e-06, -0.430254, 0.902708, -0.0, 0.0, 0.0, 0.0, 1.0],
                [1.0, 1e-05, 3e-06, -0.0, -1e-05, 0.884262, 0.46699, 0.374726, 2e-06, -0.46699, 0.884263, 0.0, 0.0, 0.0, 0.0, 1.0],
                [1.0, 1e-05, 4e-06, -0.0, -1.1e-05, 0.867653, 0.49717, 0.374726, 2e-06, -0.49717, 0.867653, 0.0, 0.0, 0.0, 0.0, 1.0],
                [1.0, 1.2e-05, 4e-06, 0.0, -1.2e-05, 0.830362, 0.557223, 0.374726, 3e-06, -0.557224, 0.830363, 0.0, 0.0, 0.0, 0.0, 1.0],
                [1.0, 1.3e-05, 5e-06, 0.0, -1.3e-05, 0.795673, 0.605726, 0.374726, 4e-06, -0.605727, 0.795673, 0.0, 0.0, 0.0, 0.0, 1.0],
                [1.0, 1.4e-05, 6e-06, -0.0, -1.4e-05, 0.76364, 0.645642, 0.374726, 4e-06, -0.645643, 0.76364, 0.0, 0.0, 0.0, 0.0, 1.0],
                [1.0, 1.4e-05, 6e-06, 0.0, -1.5e-05, 0.734087, 0.679055, 0.374726, 5e-06, -0.679055, 0.734088, 0.0, 0.0, 0.0, 0.0, 1.0],
                [1.0, 1.5e-05, 7e-06, -0.0, -1.5e-05, 0.707204, 0.707009, 0.374726, 6e-06, -0.70701, 0.707204, 0.0, 0.0, 0.0, 0.0, 1.0],
                [1.0, 1.5e-05, 7e-06, 0.0, -1.6e-05, 0.682975, 0.730441, 0.374726, 6e-06, -0.730441, 0.682975, -0.0, 0.0, 0.0, 0.0, 1.0],
                [1.0, 1.6e-05, 8e-06, 0.0, -1.6e-05, 0.661154, 0.750249, 0.374726, 7e-06, -0.75025, 0.661155, -0.0, 0.0, 0.0, 0.0, 1.0],
                [1.0, 1.6e-05, 8e-06, 0.0, -1.7e-05, 0.642051, 0.766661, 0.374726, 7e-06, -0.766662, 0.642051, 0.0, 0.0, 0.0, 0.0, 1.0],
                [1.0, 1.6e-05, 9e-06, -0.0, -1.7e-05, 0.625536, 0.780195, 0.374726, 7e-06, -0.780196, 0.625536, -0.0, 0.0, 0.0, 0.0, 1.0],
                [1.0, 1.7e-05, 9e-06, 0.0, -1.7e-05, 0.611611, 0.791159, 0.374726, 8e-06, -0.791159, 0.611611, -0.0, 0.0, 0.0, 0.0, 1.0],
                [1.0, 1.7e-05, 1e-05, -0.0, -1.8e-05, 0.555839, 0.83129, 0.374726, 9e-06, -0.831291, 0.555839, -0.0, 0.0, 0.0, 0.0, 1.0],
                [1.0, 1.8e-05, 1.1e-05, 0.0, -1.9e-05, 0.503216, 0.86416, 0.374726, 1e-05, -0.864161, 0.503217, 0.0, 0.0, 0.0, 0.0, 1.0],
                [1.0, 1.9e-05, 1.2e-05, 0.0, -1.9e-05, 0.45369, 0.891159, 0.374726, 1.1e-05, -0.89116, 0.45369, -0.0, 0.0, 0.0, 0.0, 1.0],
                [1.0, 1.9e-05, 1.3e-05, -0.0, -2e-05, 0.407046, 0.913407, 0.374726, 1.2e-05, -0.913408, 0.407046, 0.0, 0.0, 0.0, 0.0, 1.0],
                [1.0, 2e-05, 1.4e-05, -0.0, -2e-05, 0.363615, 0.931549, 0.374726, 1.3e-05, -0.93155, 0.363615, 0.0, 0.0, 0.0, 0.0, 1.0],
                [1.0, 2e-05, 1.5e-05, -0.0, -2.1e-05, 0.323241, 0.946316, 0.374726, 1.4e-05, -0.946317, 0.323241, -0.0, 0.0, 0.0, 0.0, 1.0],
                [1.0, 2e-05, 1.6e-05, -0.0, -2.1e-05, 0.285935, 0.958249, 0.374726, 1.5e-05, -0.958249, 0.285935, 0.0, 0.0, 0.0, 0.0, 1.0],
                [1.0, 2e-05, 1.6e-05, -0.0, -2.1e-05, 0.25154, 0.967847, 0.374726, 1.6e-05, -0.967847, 0.25154, 0.0, 0.0, 0.0, 0.0, 1.0],
                [1.0, 2e-05, 1.7e-05, -0.0, -2.1e-05, 0.220369, 0.975416, 0.374726, 1.6e-05, -0.975417, 0.220369, -0.0, 0.0, 0.0, 0.0, 1.0],
                [1.0, 2.1e-05, 1.8e-05, -0.0, -2.1e-05, 0.192257, 0.981344, 0.374726, 1.7e-05, -0.981345, 0.192257, 0.0, 0.0, 0.0, 0.0, 1.0],
                [1.0, 2.1e-05, 1.9e-05, -0.0, -2.2e-05, 0.127287, 0.991865, 0.374726, 1.8e-05, -0.991867, 0.127287, 0.0, 0.0, 0.0, 0.0, 1.0],
                [1.0, 2.1e-05, 2e-05, 0.0, -2.2e-05, 0.065182, 0.997873, 0.374726, 2e-05, -0.997874, 0.065182, -0.0, 0.0, 0.0, 0.0, 1.0],
                [1.0, 2.1e-05, 2.2e-05, 0.0, -2.2e-05, 0.005789, 0.999983, 0.374726, 2.1e-05, -0.999983, 0.005789, 0.0, 0.0, 0.0, 0.0, 1.0],
                [1.0, 2.1e-05, 2.3e-05, 0.0, -2.2e-05, -0.05054, 0.998722, 0.374726, 2.2e-05, -0.998722, -0.05054, 0.0, 0.0, 0.0, 0.0, 1.0],
                [1.0, 2.1e-05, 2.4e-05, -0.0, -2.2e-05, -0.104001, 0.994577, 0.374726, 2.3e-05, -0.994577, -0.104001, 0.0, 0.0, 0.0, 0.0, 1.0],
                [1.0, 2.1e-05, 2.5e-05, -0.0, -2.1e-05, -0.154795, 0.987946, 0.374726, 2.4e-05, -0.987947, -0.154795, -0.0, 0.0, 0.0, 0.0, 1.0],
                [1.0, 2.1e-05, 2.6e-05, 0.0, -2.1e-05, -0.202537, 0.979274, 0.374726, 2.5e-05, -0.979275, -0.202537, -0.0, 0.0, 0.0, 0.0, 1.0],
                [1.0, 2e-05, 2.7e-05, 0.0, -2.1e-05, -0.247376, 0.968919, 0.374726, 2.6e-05, -0.96892, -0.247376, -0.0, 0.0, 0.0, 0.0, 1.0],
                [1.0, 2e-05, 2.8e-05, 0.0, -2.1e-05, -0.289321, 0.957232, 0.374726, 2.7e-05, -0.957233, -0.289321, -0.0, 0.0, 0.0, 0.0, 1.0],
                [1.0, 2e-05, 2.9e-05, -0.0, -2e-05, -0.328393, 0.944541, 0.374726, 2.8e-05, -0.944541, -0.328393, 0.0, 0.0, 0.0, 0.0, 1.0]
            ]
        },
        {
            "name": "Knee_R",
            "time": [0.0, 1.0],
            "transform": [
                [1.0, 0.0, -0.0, 0.0, -0.0, 0.00567, -0.999984, 0.484724, -0.0, 0.999984, 0.00567, -0.000624, 0.0, 0.0, 0.0, 1.0],
                [1.0, 0.0, -0.0, 0.0, -0.0, 0.00567, -0.999984, 0.484724, -0.0, 0.999984, 0.00567, -0.000624, 0.0, 0.0, 0.0, 1.0]
            ]
        },
        {
            "name": "Thigh_L",
            "time": [0.0, 0.0167, 0.0333, 0.05, 0.0667, 0.0833, 0.1, 0.1167, 0.1333, 0.15, 0.1667, 0.1833, 0.2, 0.2167, 0.2333, 0.25, 0.2667, 0.2833, 0.3, 0.3167, 0.3333, 0.35, 0.3667, 0.3833, 0.4, 0.4167, 0.4333, 0.45, 0.4667, 0.4833, 0.5, 0.5167, 0.5333, 0.55, 0.5667, 0.5833, 0.6, 0.6167, 0.6333, 0.65, 0.6667, 0.6833, 0.7, 0.7167, 0.7333, 0.75, 0.7667, 0.7833, 0.8, 0.8167, 0.8333, 0.85, 0.8667, 0.8833, 0.9, 0.9167, 0.9333, 0.95, 0.9667, 0.9833, 1.0],
            "transform": [
                [1.0, -1.7e-05, 9e-06, -0.125006, -1.8e-05, -0.666026, 0.745929, -0.002831, -7e-06, -0.74593, -0.666026, -1.2e-05, 0.0, 0.0, 0.0, 1.0],
                [1.0, -1.7e-05, 8e-06, -0.125006, -1.7e-05, -0.664221, 0.747536, -0.002831, -7e-06, -0.747537, -0.664221, -1.2e-05, 0.0, 0.0, 0.0, 1.0],
                [1.0, -1.6e-05, 8e-06, -0.125006, -1.6e-05, -0.666812, 0.745227, -0.002831, -7e-06, -0.745227, -0.666812, -1.2e-05, 0.0, 0.0, 0.0, 1.0],
                [1.0, -1.6e-05, 7e-06, -0.125006, -1.6e-05, -0.673619, 0.739079, -0.002831, -7e-06, -0.739079, -0.673619, -1.2e-05, 0.0, 0.0, 0.0, 1.0],
                [1.0, -1.5e-05, 6e-06, -0.125006, -1.5e-05, -0.684189, 0.729306, -0.002831, -7e-06, -0.729306, -0.684189, -1.2e-05, 0.0, 0.0, 0.0, 1.0],
                [1.0, -1.4e-05, 6e-06, -0.125006, -1.4e-05, -0.698551, 0.715562, -0.002831, -6e-06, -0.715562, -0.698551, -1.2e-05, 0.0, 0.0, 0.0, 1.0],
                [1.0, -1.4e-05, 5e-06, -0.125006, -1.3e-05, -0.716415, 0.697676, -0.002831, -6e-06, -0.697676, -0.716414, -1.2e-05, 0.0, 0.0, 0.0, 1.0],
                [1.0, -1.3e-05, 4e-06, -0.125006, -1.2e-05, -0.737879, 0.674935, -0.002831, -5e-06, -0.674935, -0.737878, -1.2e-05, 0.0, 0.0, 0.0, 1.0],
                [1.0, -1.2e-05, 4e-06, -0.125006, -1.1e-05, -0.762873, 0.646549, -0.002831, -5e-06, -0.646549, -0.762873, -1.2e-05, 0.0, 0.0, 0.0, 1.0],
                [1.0, -1e-05, 3e-06, -0.125006, -1e-05, -0.791744, 0.610855, -0.002831, -4e-06, -0.610855, -0.791743, -1.2e-05, 0.0, 0.0, 0.0, 1.0],
                [1.0, -9e-06, 2e-06, -0.125006, -9e-06, -0.824949, 0.565208, -0.002831, -3e-06, -0.565208, -0.824949, -1.2e-05, 0.0, 0.0, 0.0, 1.0],
                [1.0, -9e-06, 2e-06, -0.125006, -8e-06, -0.822238, 0.569145, -0.002831, -3e-06, -0.569145, -0.822238, -1.2e-05, 0.0, 0.0, 0.0, 1.0],
                [1.0, -8e-06, 2e-06, -0.125006, -8e-06, -0.821634, 0.570016, -0.002831, -3e-06, -0.570017, -0.821634, -1.2e-05, 0.0, 0.0, 0.0, 1.0],
                [1.0, -8e-06, 1e-06, -0.125006, -7e-06, -0.823431, 0.567418, -0.002831, -3e-06, -0.567418, -0.82343, -1.2e-05, 0.0, 0.0, 0.0, 1.0],
                [1.0, -7e-06, 1e-06, -0.125006, -6e-06, -0.82815, 0.560508, -0.002831, -3e-06, -0.560508, -0.828149, -1.2e-05, 0.0, 0.0, 0.0, 1.0],
                [1.0, -6e-06, 1e-06, -0.125006, -6e-06, -0.836482, 0.547996, -0.002831, -3e-06, -0.547996, -0.836481, -1.2e-05, 0.0, 0.0, 0.0, 1.0],
                [1.0, -5e-06, 1e-06, -0.125006, -5e-06, -0.849702, 0.527265, -0.002831, -2e-06, -0.527265, -0.849701, -1.2e-05, 0.0, 0.0, 0.0, 1.0],
                [1.0, -4e-06, 0.0, -0.125006, -3e-06, -0.870798, 0.491642, -0.002831, -2e-06, -0.491642, -0.870798, -1.2e-05, 0.0, 0.0, 0.0, 1.0],
                [1.0, -1e-06, 0.0, -0.125006, -1e-06, -0.915911, 0.401382, -0.002831, -0.0, -0.401382, -0.915911, -1.2e-05, 0.0, 0.0, 0.0, 1.0],
                [1.0, -0.0, 0.0, -0.125006, -0.0, -0.926736, 0.375715, -0.002831, -0.0, -0.375715, -0.926736, -1.2e-05, 0.0, 0.0, 0.0, 1.0],
                [1.0, -0.0, 0.0, -0.125006, -0.0, -0.918221, 0.396071, -0.002831, -0.0, -0.396071, -0.91822, -1.2e-05, 0.0, 0.0, 0.0, 1.0],
                [1.0, -0.0, 0.0, -0.125006, -0.0, -0.925656, 0.378369, -0.002831, -0.0, -0.378369, -0.925655, -1.2e-05, 0.0, 0.0, 0.0, 1.0],
                [1.0, -0.0, 0.0, -0.125006, -0.0, -0.932857, 0.36025, -0.002831, -0.0, -0.36025, -0.932856, -1.2e-05, 0.0, 0.0, 0.0, 1.0],
                [1.0, -0.0, 0.0, -0.125006, -0.0, -0.939801, 0.341724, -0.002831, -0.0, -0.341724, -0.939801, -1.2e-05, 0.0, 0.0, 0.0, 1.0],
                [1.0, -1e-06, 0.0, -0.125006, -1e-06, -0.928527, 0.371267, -0.002831, -0.0, -0.371268, -0.928526, -1.2e-05, 0.0, 0.0, 0.0, 1.0],
                [1.0, -3e-06, 0.0, -0.125006, -3e-06, -0.907799, 0.419409, -0.002831, -1e-06, -0.419409, -0.907798, -1.2e-05, 0.0, 0.0, 0.0, 1.0],
                [1.0, -4e-06, 0.0, -0.125006, -3e-06, -0.898834, 0.438292, -0.002831, -1e-06, -0.438292, -0.898833, -1.2e-05, 0.0, 0.0, 0.0, 1.0],
                [1.0, -4e-06, 0.0, -0.125006, -4e-06, -0.894362, 0.447347, -0.002831, -2e-06, -0.447347, -0.894361, -1.2e-05, 0.0, 0.0, 0.0, 1.0],
                [1.0, -5e-06, 1e-06, -0.125006, -4e-06, -0.892652, 0.450749, -0.002831, -2e-06, -0.450749, -0.892651, -1.2e-05, 0.0, 0.0, 0.0, 1.0],
                [1.0, -5e-06, 1e-06, -0.125006, -5e-06, -0.892975, 0.450109, -0.002831, -2e-06, -0.450109, -0.892974, -1.2e-05, 0.0, 0.0, 0.0, 1.0],
                [1.0, -5e-06, 1e-06, -0.125006, -5e-06, -0.894878, 0.446312, -0.002831, -2e-06, -0.446312, -0.894878, -1.2e-05, 0.0, 0.0, 0.0, 1.0],
                [1.0, -6e-06, 1e-06, -0.125006, -6e-06, -0.866576, 0.499048, -0.002831, -2e-06, -0.499048, -0.866575, -1.2e-05, 0.0, 0.0, 0.0, 1.0],
                [1.0, -7e-06, 1e-06, -0.125006, -6e-06, -0.837934, 0.545773, -0.002831, -3e-06, -0.545773, -0.837933, -1.2e-05, 0.0, 0.0, 0.0, 1.0],
                [1.0, -7e-06, 1e-06, -0.125006, -7e-06, -0.808993, 0.58782, -0.002831, -3e-06, -0.58782, -0.808992, -1.2e-05, 0.0, 0.0, 0.0, 1.0],
                [1.0, -8e-06, 1e-06, -0.125006, -7e-06, -0.779724, 0.626125, -0.002831, -4e-06, -0.626125, -0.779723, -1.2e-05, 0.0, 0.0, 0.0, 1.0],
                [1.0, -8e-06, 2e-06, -0.125006, -7e-06, -0.750292, 0.661108, -0.002831, -4e-06, -0.661108, -0.750291, -1.2e-05, 0.0, 0.0, 0.0, 1.0],
                [1.0, -8e-06, 2e-06, -0.125006, -7e-06, -0.720779, 0.693166, -0.002831, -5e-06, -0.693166, -0.720779, -1.2e-05, 0.0, 0.0, 0.0, 1.0],
                [1.0, -9e-06, 2e-06, -0.125006, -7e-06, -0.691161, 0.722702, -0.002831, -5e-06, -0.722702, -0.691161, -1.2e-05, 0.0, 0.0, 0.0, 1.0],
                [1.0, -9e-06, 2e-06, -0.125006, -7e-06, -0.661694, 0.749775, -0.002831, -5e-06, -0.749775, -0.661693, -1.2e-05, 0.0, 0.0, 0.0, 1.0],
                [1.0, -9e-06, 2e-06, -0.125006, -7e-06, -0.632421, 0.774625, -0.002831, -6e-06, -0.774626, -0.632421, -1.2e-05, 0.0, 0.0, 0.0, 1.0],
                [1.0, -9e-06, 2e-06, -0.125006, -7e-06, -0.603457, 0.797397, -0.002831, -6e-06, -0.797397, -0.603456, -1.2e-05, 0.0, 0.0, 0.0, 1.0],
                [1.0, -1e-05, 3e-06, -0.125006, -8e-06, -0.596484, 0.802626, -0.002831, -6e-06, -0.802626, -0.596484, -1.2e-05, 0.0, 0.0, 0.0, 1.0],
                [1.0, -1.1e-05, 3e-06, -0.125006, -9e-06, -0.592893, 0.805282, -0.002831, -7e-06, -0.805282, -0.592893, -1.2e-05, 0.0, 0.0, 0.0, 1.0],
                [1.0, -1.1e-05, 3e-06, -0.125006, -9e-06, -0.592309, 0.805711, -0.002831, -7e-06, -0.805711, -0.592309, -1.2e-05, 0.0, 0.0, 0.0, 1.0],
                [1.0, -1.1e-05, 3e-06, -0.125006, -1e-05, -0.594367, 0.804194, -0.002831, -7e-06, -0.804195, -0.594367, -1.2e-05, 0.0, 0.0, 0.0, 1.0],
                [1.0, -1.2e-05, 4e-06, -0.125006, -1e-05, -0.599017, 0.800737, -0.002831, -7e-06, -0.800738, -0.599016, -1.2e-05, 0.0, 0.0, 0.0, 1.0],
                [1.0, -1.2e-05, 4e-06, -0.125006, -1.1e-05, -0.606001, 0.795465, -0.002831, -7e-06, -0.795465, -0.606001, -1.2e-05, 0.0, 0.0, 0.0, 1.0],
                [1.0, -1.3e-05, 4e-06, -0.125006, -1.1e-05, -0.61516, 0.788403, -0.002831, -7e-06, -0.788404, -0.615159, -1.2e-05, 0.0, 0.0, 0.0, 1.0],
                [1.0, -1.3e-05, 4e-06, -0.125006, -1.2e-05, -0.626262, 0.779613, -0.002831, -7e-06, -0.779613, -0.626262, -1.2e-05, 0.0, 0.0, 0.0, 1.0],
                [1.0, -1.3e-05, 5e-06, -0.125006, -1.2e-05, -0.639301, 0.768957, -0.002831, -7e-06, -0.768957, -0.639301, -1.2e-05, 0.0, 0.0, 0.0, 1.0],
                [1.0, -1.3e-05, 5e-06, -0.125006, -1.2e-05, -0.65404, 0.756461, -0.002831, -7e-06, -0.756461, -0.654039, -1.2e-05, 0.0, 0.0, 0.0, 1.0],
                [1.0, -1.4e-05, 5e-06, -0.125006, -1.3e-05, -0.645234, 0.763985, -0.002831, -7e-06, -0.763986, -0.645234, -1.2e-05, 0.0, 0.0, 0.0, 1.0],
                [1.0, -1.4e-05, 6e-06, -0.125006, -1.4e-05, -0.638617, 0.769526, -0.002831, -7e-06, -0.769526, -0.638616, -1.2e-05, 0.0, 0.0, 0.0, 1.0],
                [1.0, -1.5e-05, 6e-06, -0.125006, -1.4e-05, -0.634103, 0.773249, -0.002831, -8e-06, -0.773249, -0.634103, -1.2e-05, 0.0, 0.0, 0.0, 1.0],
                [1.0, -1.5e-05, 7e-06, -0.125006, -1.5e-05, -0.631886, 0.775062, -0.002831, -8e-06, -0.775062, -0.631886, -1.2e-05, 0.0, 0.0, 0.0, 1.0],
                [1.0, -1.6e-05, 7e-06, -0.125006, -1.5e-05, -0.631893, 0.775057, -0.002831, -8e-06, -0.775057, -0.631893, -1.2e-05, 0.0, 0.0, 0.0, 1.0],
                [1.0, -1.6e-05, 7e-06, -0.125006, -1.6e-05, -0.634038, 0.773303, -0.002831, -8e-06, -0.773303, -0.634038, -1.2e-05, 0.0, 0.0, 0.0, 1.0],
                [1.0, -1.6e-05, 8e-06, -0.125006, -1.6e-05, -0.638557, 0.769576, -0.002831, -8e-06, -0.769576, -0.638556, -1.2e-05, 0.0, 0.0, 0.0, 1.0],
                [1.0, -1.7e-05, 8e-06, -0.125006, -1.7e-05, -0.645392, 0.763852, -0.002831, -7e-06, -0.763852, -0.645392, -1.2e-05, 0.0, 0.0, 0.0, 1.0],
                [1.0, -1.7e-05, 9e-06, -0.125006, -1.8e-05, -0.654554, 0.756016, -0.002831, -7e-06, -0.756016, -0.654554, -1.2e-05, 0.0, 0.0, 0.0, 1.0],
                [1.0, -1.7e-05, 9e-06, -0.125006, -1.8e-05, -0.666026, 0.745929, -0.002831, -7e-06, -0.745929, -0.666026, -1.2e-05, 0.0, 0.0, 0.0, 1.0]
            ]
        },
        {
            "name": "Leg_L",
            "time": [0.0, 0.0167, 0.0333, 0.05, 0.0667, 0.0833, 0.1, 0.1167, 0.1333, 0.15, 0.1667, 0.1833, 0.2, 0.2167, 0.2333, 0.25, 0.2667, 0.2833, 0.3, 0.3167, 0.3333, 0.35, 0.3667, 0.3833, 0.4, 0.4167, 0.4333, 0.45, 0.4667, 0.4833, 0.5, 0.5167, 0.5333, 0.55, 0.5667, 0.5833, 0.6, 0.6167, 0.6333, 0.65, 0.6667, 0.6833, 0.7, 0.7167, 0.7333, 0.75, 0.7667, 0.7833, 0.8, 0.8167, 0.8333, 0.85, 0.8667, 0.8833, 0.9, 0.9167, 0.9333, 0.95, 0.9667, 0.9833, 1.0],
            "transform": [
                [1.0, 2e-05, 2.9e-05, -0.0, -2e-05, -0.328393, 0.94454, 0.374726, 2.8e-05, -0.944541, -0.328393, -0.0, 0.0, 0.0, 0.0, 1.0],
                [1.0, 2e-05, 2.7e-05, 0.0, -2.1e-05, -0.258087, 0.966121, 0.374726, 2.7e-05, -0.966122, -0.258088, -0.0, 0.0, 0.0, 0.0, 1.0],
                [1.0, 2.1e-05, 2.6e-05, 0.0, -2.1e-05, -0.182081, 0.983283, 0.374726, 2.5e-05, -0.983283, -0.182081, 0.0, 0.0, 0.0, 0.0, 1.0],
                [1.0, 2.1e-05, 2.4e-05, 0.0, -2.2e-05, -0.100196, 0.994967, 0.374726, 2.3e-05, -0.994968, -0.100196, 0.0, 0.0, 0.0, 0.0, 1.0],
                [1.0, 2.1e-05, 2.2e-05, 0.0, -2.2e-05, -0.012875, 0.999917, 0.374726, 2.1e-05, -0.999917, -0.012875, -0.0, 0.0, 0.0, 0.0, 1.0],
                [1.0, 2.1e-05, 2e-05, -0.0, -2.2e-05, 0.080301, 0.99677, 0.374726, 1.9e-05, -0.996771, 0.080301, -0.0, 0.0, 0.0, 0.0, 1.0],
                [1.0, 2.1e-05, 1.8e-05, 0.0, -2.1e-05, 0.17898, 0.983852, 0.374726, 1.7e-05, -0.983853, 0.17898, -0.0, 0.0, 0.0, 0.0, 1.0],
                [1.0, 2e-05, 1.6e-05, -0.0, -2.1e-05, 0.28347, 0.958981, 0.374726, 1.5e-05, -0.958982, 0.28347, -0.0, 0.0, 0.0, 0.0, 1.0],
                [1.0, 1.9e-05, 1.3e-05, 0.0, -2e-05, 0.393464, 0.91934, 0.374726, 1.2e-05, -0.91934, 0.393465, 0.0, 0.0, 0.0, 0.0, 1.0],
                [1.0, 1.8e-05, 1.1e-05, 0.0, -1.9e-05, 0.50925, 0.860618, 0.374726, 1e-05, -0.860619, 0.50925, 0.0, 0.0, 0.0, 0.0, 1.0],
                [1.0, 1.6e-05, 8e-06, -0.0, -1.7e-05, 0.630679, 0.776043, 0.374726, 7e-06, -0.776044, 0.630679, 0.0, 0.0, 0.0, 0.0, 1.0],
                [1.0, 1.6e-05, 8e-06, -0.0, -1.6e-05, 0.665864, 0.746072, 0.374726, 7e-06, -0.746073, 0.665864, -0.0, 0.0, 0.0, 0.0, 1.0],
                [1.0, 1.5e-05, 7e-06, 0.0, -1.5e-05, 0.704055, 0.710145, 0.374726, 6e-06, -0.710145, 0.704055, -0.0, 0.0, 0.0, 0.0, 1.0],
                [1.0, 1.4e-05, 6e-06, 0.0, -1.4e-05, 0.745123, 0.666926, 0.374726, 5e-06, -0.666927, 0.745124, -0.0, 0.0, 0.0, 0.0, 1.0],
                [1.0, 1.3e-05, 5e-06, -0.0, -1.3e-05, 0.789179, 0.614163, 0.374726, 4e-06, -0.614163, 0.789179, -0.0, 0.0, 0.0, 0.0, 1.0],
