{
    "animation": [
        {
            "name": "Root",
            "time": [0.0, 0.0167, 0.0333, 0.05, 0.0667, 0.0833, 0.1, 0.1167, 0.1333, 0.15, 0.1667, 0.1833, 0.2, 0.2167, 0.2333, 0.25, 0.2667, 0.2833, 0.3, 0.3167, 0.3333, 0.35, 0.3667, 0.3833, 0.4, 0.4167, 0.4333, 0.45, 0.4667, 0.4833, 0.5, 0.5167, 0.5333, 0.55, 0.5667, 0.5833, 0.6, 0.6167, 0.6333, 0.65, 0.6667, 0.6833, 0.7, 0.7167, 0.7333, 0.75, 0.7667, 0.7833, 0.8, 0.8167, 0.8333, 0.85, 0.8667, 0.8833, 0.9, 0.9167, 0.9333, 0.95, 0.9667, 0.9833, 1.0],
            "transform": [
                [1.0, 0.0, 0.0, -5e-06, 0.0, 0.0, -1.0, 0.000946, 0.0, 1.0, 0.0, 0.599541, 0.0, 0.0, 0.0, 1.0],
                [1.0, 0.0, 0.0, -5e-06, 0.0, 0.0, -1.0, 0.000946, 0.0, 1.0, 0.0, 0.599541, 0.0, 0.0, 0.0, 1.0],
                [1.0, 0.0, 0.0, -5e-06, 0.0, 0.0, -1.0, 0.000946, 0.0, 1.0, 0.0, 0.599541, 0.0, 0.0, 0.0, 1.0],
                [1.0, 0.0, 0.0, -5e-06, 0.0, 0.0, -1.0, 0.000946, 0.0, 1.0, 0.0, 0.599541, 0.0, 0.0, 0.0, 1.0],
                [1.0, 0.0, 0.0, -5e-06, 0.0, 0.0, -1.0, 0.000946, 0.0, 1.0, 0.0, 0.599541, 0.0, 0.0, 0.0, 1.0],
                [1.0, 0.0, 0.0, -5e-06, 0.0, 0.0, -1.0, 0.000946, 0.0, 1.0, 0.0, 0.599541, 0.0, 0.0, 0.0, 1.0],
                [1.0, 0.0, 0.0, -5e-06, 0.0, 0.0, -1.0, 0.000946, 0.0, 1.0, 0.0, 0.599541, 0.0, 0.0, 0.0, 1.0],
                [1.0, 0.0, 0.0, -5e-06, 0.0, 0.0, -1.0, 0.000946, 0.0, 1.0, 0.0, 0.599541, 0.0, 0.0, 0.0, 1.0],
                [1.0, 0.0, 0.0, -5e-06, 0.0, 0.0, -1.0, 0.000946, 0.0, 1.0, 0.0, 0.599541, 0.0, 0.0, 0.0, 1.0],
                [1.0, 0.0, 0.0, -5e-06, 0.0, 0.0, -1.0, 0.000946, 0.0, 1.0, 0.0, 0.599541, 0.0, 0.0, 0.0, 1.0],
                [1.0, 0.0, 0.0, -5e-06, 0.0, 0.0, -1.0, 0.000946, 0.0, 1.0, 0.0, 0.599541, 0.0, 0.0, 0.0, 1.0],
                [1.0, 0.0, 0.0, -5e-06, 0.0, 0.0, -1.0, 0.000946, 0.0, 1.0, 0.0, 0.599541, 0.0, 0.0, 0.0, 1.0],
                [1.0, 0.0, 0.0, -5e-06, 0.0, 0.0, -1.0, 0.000946, 0.0, 1.0, 0.0, 0.599541, 0.0, 0.0, 0.0, 1.0],
                [1.0, 0.0, 0.0, -5e-06, 0.0, 0.0, -1.0, 0.000946, 0.0, 1.0, 0.0, 0.599541, 0.0, 0.0, 0.0, 1.0],
                [1.0, 0.0, 0.0, -5e-06, 0.0, 0.0, -1.0, 0.000946, 0.0, 1.0, 0.0, 0.599541, 0.0, 0.0, 0.0, 1.0],
                [1.0, 0.0, 0.0, -5e-06, 0.0, 0.0, -1.0, 0.000946, 0.0, 1.0, 0.0, 0.599541, 0.0, 0.0, 0.0, 1.0],
                [1.0, 0.0, 0.0, -5e-06, 0.0, 0.0, -1.0, 0.000946, 0.0, 1.0, 0.0, 0.599541, 0.0, 0.0, 0.0, 1.0],
                [1.0, 0.0, 0.0, -5e-06, 0.0, 0.0, -1.0, 0.000946, 0.0, 1.0, 0.0, 0.599541, 0.0, 0.0, 0.0, 1.0],
                [1.0, 0.0, 0.0, -5e-06, 0.0, 0.0, -1.0, 0.000946, 0.0, 1.0, 0.0, 0.599541, 0.0, 0.0, 0.0, 1.0],
                [1.0, 0.0, 0.0, -5e-06, 0.0, 0.0, -1.0, 0.000946, 0.0, 1.0, 0.0, 0.599541, 0.0, 0.0, 0.0, 1.0],
                [1.0, 0.0, 0.0, -5e-06, 0.0, 0.0, -1.0, 0.000946, 0.0, 1.0, 0.0, 0.599541, 0.0, 0.0, 0.0, 1.0],
                [1.0, 0.0, 0.0, -5e-06, 0.0, 0.0, -1.0, 0.000946, 0.0, 1.0, 0.0, 0.599541, 0.0, 0.0, 0.0, 1.0],
                [1.0, 0.0, 0.0, -5e-06, 0.0, 0.0, -1.0, 0.000946, 0.0, 1.0, 0.0, 0.599541, 0.0, 0.0, 0.0, 1.0],
                [1.0, 0.0, 0.0, -5e-06, 0.0, 0.0, -1.0, 0.000946, 0.0, 1.0, 0.0, 0.599541, 0.0, 0.0, 0.0, 1.0],
                [1.0, 0.0, 0.0, -5e-06, 0.0, 0.0, -1.0, 0.000946, 0.0, 1.0, 0.0, 0.599541, 0.0, 0.0, 0.0, 1.0],
                [1.0, 0.0, 0.0, -5e-06, 0.0, 0.0, -1.0, 0.000946, 0.0, 1.0, 0.0, 0.599541, 0.0, 0.0, 0.0, 1.0],
                [1.0, 0.0, 0.0, -5e-06, 0.0, 0.0, -1.0, 0.000946, 0.0, 1.0, 0.0, 0.599541, 0.0, 0.0, 0.0, 1.0],
                [1.0, 0.0, 0.0, -5e-06, 0.0, 0.0, -1.0, 0.000946, 0.0, 1.0, 0.0, 0.599541, 0.0, 0.0, 0.0, 1.0],
                [1.0, 0.0, 0.0, -5e-06, 0.0, 0.0, -1.0, 0.000946, 0.0, 1.0, 0.0, 0.599541, 0.0, 0.0, 0.0, 1.0],
                [1.0, 0.0, 0.0, -5e-06, 0.0, 0.0, -1.0, 0.000946, 0.0, 1.0, 0.0, 0.599541, 0.0, 0.0, 0.0, 1.0],
                [1.0, 0.0, 0.0, -5e-06, 0.0, 0.0, -1.0, 0.000946, 0.0, 1.0, 0.0, 0.599541, 0.0, 0.0, 0.0, 1.0],
                [1.0, 0.0, 0.0, -5e-06, 0.0, 0.0, -1.0, 0.000946, 0.0, 1.0, 0.0, 0.599541, 0.0, 0.0, 0.0, 1.0],
                [1.0, 0.0, 0.0, -5e-06, 0.0, 0.0, -1.0, 0.000946, 0.0, 1.0, 0.0, 0.599541, 0.0, 0.0, 0.0, 1.0],
                [1.0, 0.0, 0.0, -5e-06, 0.0, 0.0, -1.0, 0.000946, 0.0, 1.0, 0.0, 0.599541, 0.0, 0.0, 0.0, 1.0],
                [1.0, 0.0, 0.0, -5e-06, 0.0, 0.0, -1.0, 0.000946, 0.0, 1.0, 0.0, 0.599541, 0.0, 0.0, 0.0, 1.0],
                [1.0, 0.0, 0.0, -5e-06, 0.0, 0.0, -1.0, 0.000946, 0.0, 1.0, 0.0, 0.599541, 0.0, 0.0, 0.0, 1.0],
                [1.0, 0.0, 0.0, -5e-06, 0.0, 0.0, -1.0, 0.000946, 0.0, 1.0, 0.0, 0.599541, 0.0, 0.0, 0.0, 1.0],
                [1.0, 0.0, 0.0, -5e-06, 0.0, 0.0, -1.0, 0.000946, 0.0, 1.0, 0.0, 0.599541, 0.0, 0.0, 0.0, 1.0],
                [1.0, 0.0, 0.0, -5e-06, 0.0, 0.0, -1.0, 0.000946, 0.0, 1.0, 0.0, 0.599541, 0.0, 0.0, 0.0, 1.0],
                [1.0, 0.0, 0.0, -5e-06, 0.0, 0.0, -1.0, 0.000946, 0.0, 1.0, 0.0, 0.599541, 0.0, 0.0, 0.0, 1.0],
                [1.0, 0.0, 0.0, -5e-06, 0.0, 0.0, -1.0, 0.000946, 0.0, 1.0, 0.0, 0.599541, 0.0, 0.0, 0.0, 1.0],
                [1.0, 0.0, 0.0, -5e-06, 0.0, 0.0, -1.0, 0.000946, 0.0, 1.0, 0.0, 0.599541, 0.0, 0.0, 0.0, 1.0],
                [1.0, 0.0, 0.0, -5e-06, 0.0, 0.0, -1.0, 0.000946, 0.0, 1.0, 0.0, 0.599541, 0.0, 0.0, 0.0, 1.0],
                [1.0, 0.0, 0.0, -5e-06, 0.0, 0.0, -1.0, 0.000946, 0.0, 1.0, 0.0, 0.599541, 0.0, 0.0, 0.0, 1.0],
                [1.0, 0.0, 0.0, -5e-06, 0.0, 0.0, -1.0, 0.000946, 0.0, 1.0, 0.0, 0.599541, 0.0, 0.0, 0.0, 1.0],
                [1.0, 0.0, 0.0, -5e-06, 0.0, 0.0, -1.0, 0.000946, 0.0, 1.0, 0.0, 0.599541, 0.0, 0.0, 0.0, 1.0],
                [1.0, 0.0, 0.0, -5e-06, 0.0, 0.0, -1.0, 0.000946, 0.0, 1.0, 0.0, 0.599541, 0.0, 0.0, 0.0, 1.0],
                [1.0, 0.0, 0.0, -5e-06, 0.0, 0.0, -1.0, 0.000946, 0.0, 1.0, 0.0, 0.599541, 0.0, 0.0, 0.0, 1.0],
                [1.0, 0.0, 0.0, -5e-06, 0.0, 0.0, -1.0, 0.000946, 0.0, 1.0, 0.0, 0.599541, 0.0, 0.0, 0.0, 1.0],
                [1.0, 0.0, 0.0, -5e-06, 0.0, 0.0, -1.0, 0.000946, 0.0, 1.0, 0.0, 0.599541, 0.0, 0.0, 0.0, 1.0],
                [1.0, 0.0, 0.0, -5e-06, 0.0, 0.0, -1.0, 0.000946, 0.0, 1.0, 0.0, 0.599541, 0.0, 0.0, 0.0, 1.0],
                [1.0, 0.0, 0.0, -5e-06, 0.0, 0.0, -1.0, 0.000946, 0.0, 1.0, 0.0, 0.599541, 0.0, 0.0, 0.0, 1.0],
                [1.0, 0.0, 0.0, -5e-06, 0.0, 0.0, -1.0, 0.000946, 0.0, 1.0, 0.0, 0.599541, 0.0, 0.0, 0.0, 1.0],
                [1.0, 0.0, 0.0, -5e-06, 0.0, 0.0, -1.0, 0.000946, 0.0, 1.0, 0.0, 0.599541, 0.0, 0.0, 0.0, 1.0],
                [1.0, 0.0, 0.0, -5e-06, 0.0, 0.0, -1.0, 0.000946, 0.0, 1.0, 0.0, 0.599541, 0.0, 0.0, 0.0, 1.0],
                [1.0, 0.0, 0.0, -5e-06, 0.0, 0.0, -1.0, 0.000946, 0.0, 1.0, 0.0, 0.599541, 0.0, 0.0, 0.0, 1.0],
                [1.0, 0.0, 0.0, -5e-06, 0.0, 0.0, -1.0, 0.000946, 0.0, 1.0, 0.0, 0.599541, 0.0, 0.0, 0.0, 1.0],
                [1.0, 0.0, 0.0, -5e-06, 0.0, 0.0, -1.0, 0.000946, 0.0, 1.0, 0.0, 0.599541, 0.0, 0.0, 0.0, 1.0],
                [1.0, 0.0, 0.0, -5e-06, 0.0, 0.0, -1.0, 0.000946, 0.0, 1.0, 0.0, 0.599541, 0.0, 0.0, 0.0, 1.0],
                [1.0, 0.0, 0.0, -5e-06, 0.0, 0.0, -1.0, 0.000946, 0.0, 1.0, 0.0, 0.599541, 0.0, 0.0, 0.0, 1.0],
                [1.0, 0.0, 0.0, -5e-06, 0.0, 0.0, -1.0, 0.000946, 0.0, 1.0, 0.0, 0.599541, 0.0, 0.0, 0.0, 1.0]
            ]
        },
        {
            "name": "Thigh_R",
            "time": [0.0, 0.0167, 0.0333, 0.05, 0.0667, 0.0833, 0.1, 0.1167, 0.1333, 0.15, 0.1667, 0.1833, 0.2, 0.2167, 0.2333, 0.25, 0.2667, 0.2833, 0.3, 0.3167, 0.3333, 0.35, 0.3667, 0.3833, 0.4, 0.4167, 0.4333, 0.45, 0.4667, 0.4833, 0.5, 0.5167, 0.5333, 0.55, 0.5667, 0.5833, 0.6, 0.6167, 0.6333, 0.65, 0.6667, 0.6833, 0.7, 0.7167, 0.7333, 0.75, 0.7667, 0.7833, 0.8, 0.8167, 0.8333, 0.85, 0.8667, 0.8833, 0.9, 0.9167, 0.9333, 0.95, 0.9667, 0.9833, 1.0],
            "transform": [
                [1.0, -1.5e-05, 6e-06, 0.124994, -1.5e-05, -0.684688, 0.728836, -0.002831, -7e-06, -0.728836, -0.684688, -1.2e-05, 0.0, 0.0, 0.0, 1.0],
                [1.0, -1.5e-05, 6e-06, 0.124994, -1.4e-05, -0.636374, 0.771381, -0.002831, -8e-06, -0.771381, -0.636374, -1.2e-05, 0.0, 0.0, 0.0, 1.0],
                [1.0, -1.4e-05, 6e-06, 0.124994, -1.3e-05, -0.592349, 0.805681, -0.002831, -8e-06, -0.805681, -0.592349, -1.2e-05, 0.0, 0.0, 0.0, 1.0],
                [1.0, -1.4e-05, 5e-06, 0.124994, -1.2e-05, -0.554063, 0.832475, -0.002831, -9e-06, -0.832475, -0.554063, -1.2e-05, 0.0, 0.0, 0.0, 1.0],
                [1.0, -1.4e-05, 5e-06, 0.124994, -1.1e-05, -0.522996, 0.852336, -0.002831, -9e-06, -0.852336, -0.522996, -1.2e-05, 0.0, 0.0, 0.0, 1.0],
                [1.0, -1.3e-05, 4e-06, 0.124994, -1e-05, -0.500339, 0.86583, -0.002831, -9e-06, -0.86583, -0.500339, -1.2e-05, 0.0, 0.0, 0.0, 1.0],
                [1.0, -1.2e-05, 4e-06, 0.124994, -9e-06, -0.487293, 0.873239, -0.002831, -9e-06, -0.873239, -0.487293, -1.2e-05, 0.0, 0.0, 0.0, 1.0],
                [1.0, -1.1e-05, 3e-06, 0.124994, -8e-06, -0.484896, 0.874572, -0.002831, -8e-06, -0.874572, -0.484896, -1.2e-05, 0.0, 0.0, 0.0, 1.0],
                [1.0, -1e-05, 3e-06, 0.124994, -7e-06, -0.494974, 0.868908, -0.002831, -7e-06, -0.868908, -0.494974, -1.2e-05, 0.0, 0.0, 0.0, 1.0],
                [1.0, -9e-06, 2e-06, 0.124994, -6e-06, -0.520358, 0.853949, -0.002831, -6e-06, -0.853949, -0.520357, -1.2e-05, 0.0, 0.0, 0.0, 1.0],
                [1.0, -7e-06, 1e-06, 0.124994, -5e-06, -0.56776, 0.823195, -0.002831, -5e-06, -0.823195, -0.567759, -1.2e-05, 0.0, 0.0, 0.0, 1.0],
                [1.0, -8e-06, 2e-06, 0.124994, -6e-06, -0.536831, 0.84369, -0.002831, -6e-06, -0.84369, -0.536831, -1.2e-05, 0.0, 0.0, 0.0, 1.0],
                [1.0, -1e-05, 2e-06, 0.124994, -7e-06, -0.52397, 0.851737, -0.002831, -7e-06, -0.851738, -0.523969, -1.2e-05, 0.0, 0.0, 0.0, 1.0],
                [1.0, -1e-05, 3e-06, 0.124994, -8e-06, -0.524076, 0.851672, -0.002831, -7e-06, -0.851672, -0.524076, -1.2e-05, 0.0, 0.0, 0.0, 1.0],
                [1.0, -1.1e-05, 3e-06, 0.124994, -9e-06, -0.534585, 0.845115, -0.002831, -8e-06, -0.845115, -0.534585, -1.2e-05, 0.0, 0.0, 0.0, 1.0],
                [1.0, -1.2e-05, 4e-06, 0.124994, -1e-05, -0.553935, 0.83256, -0.002831, -8e-06, -0.83256, -0.553935, -1.2e-05, 0.0, 0.0, 0.0, 1.0],
                [1.0, -1.2e-05, 4e-06, 0.124994, -1.1e-05, -0.580743, 0.814087, -0.002831, -8e-06, -0.814087, -0.580743, -1.2e-05, 0.0, 0.0, 0.0, 1.0],
                [1.0, -1.3e-05, 4e-06, 0.124994, -1.1e-05, -0.613729, 0.789517, -0.002831, -7e-06, -0.789517, -0.613729, -1.2e-05, 0.0, 0.0, 0.0, 1.0],
                [1.0, -1.3e-05, 5e-06, 0.124994, -1.2e-05, -0.651801, 0.75839, -0.002831, -7e-06, -0.75839, -0.651801, -1.2e-05, 0.0, 0.0, 0.0, 1.0],
                [1.0, -1.3e-05, 5e-06, 0.124994, -1.3e-05, -0.693552, 0.720407, -0.002831, -6e-06, -0.720407, -0.693552, -1.2e-05, 0.0, 0.0, 0.0, 1.0],
                [1.0, -1.3e-05, 5e-06, 0.124994, -1.3e-05, -0.73757, 0.675272, -0.002831, -5e-06, -0.675272, -0.73757, -1.2e-05, 0.0, 0.0, 0.0, 1.0],
                [1.0, -1.3e-05, 5e-06, 0.124994, -1.3e-05, -0.768787, 0.639505, -0.002831, -5e-06, -0.639505, -0.768787, -1.2e-05, 0.0, 0.0, 0.0, 1.0],
                [1.0, -1.3e-05, 5e-06, 0.124994, -1.3e-05, -0.799955, 0.60006, -0.002831, -4e-06, -0.60006, -0.799955, -1.2e-05, 0.0, 0.0, 0.0, 1.0],
                [1.0, -1.3e-05, 5e-06, 0.124994, -1.4e-05, -0.830547, 0.55695, -0.002831, -3e-06, -0.55695, -0.830546, -1.2e-05, 0.0, 0.0, 0.0, 1.0],
                [1.0, -1.3e-05, 5e-06, 0.124994, -1.4e-05, -0.860041, 0.510226, -0.002831, -3e-06, -0.510226, -0.860041, -1.2e-05, 0.0, 0.0, 0.0, 1.0],
                [1.0, -1.3e-05, 4e-06, 0.124994, -1.4e-05, -0.887936, 0.459968, -0.002831, -2e-06, -0.459968, -0.887936, -1.2e-05, 0.0, 0.0, 0.0, 1.0],
                [1.0, -1.3e-05, 4e-06, 0.124994, -1.3e-05, -0.913796, 0.406174, -0.002831, -1e-06, -0.406174, -0.913796, -1.2e-05, 0.0, 0.0, 0.0, 1.0],
                [1.0, -1.2e-05, 4e-06, 0.124994, -1.3e-05, -0.937067, 0.34915, -0.002831, -1e-06, -0.349149, -0.937067, -1.2e-05, 0.0, 0.0, 0.0, 1.0],
                [1.0, -1.2e-05, 4e-06, 0.124994, -1.3e-05, -0.957368, 0.288871, -0.002831, 0.0, -0.288871, -0.957368, -1.2e-05, 0.0, 0.0, 0.0, 1.0],
                [1.0, -1.2e-05, 3e-06, 0.124994, -1.2e-05, -0.974262, 0.225418, -0.002831, 1e-06, -0.225418, -0.974262, -1.2e-05, 0.0, 0.0, 0.0, 1.0],
                [1.0, -1.1e-05, 3e-06, 0.124994, -1.2e-05, -0.98731, 0.158804, -0.002831, 1e-06, -0.158804, -0.98731, -1.2e-05, 0.0, 0.0, 0.0, 1.0],
                [1.0, -1.1e-05, 3e-06, 0.124994, -1.1e-05, -0.992989, 0.118213, -0.002831, 2e-06, -0.118213, -0.992988, -1.2e-05, 0.0, 0.0, 0.0, 1.0],
                [1.0, -1.1e-05, 3e-06, 0.124994, -1.1e-05, -0.997075, 0.076436, -0.002831, 2e-06, -0.076436, -0.997075, -1.2e-05, 0.0, 0.0, 0.0, 1.0],
                [1.0, -1e-05, 3e-06, 0.124994, -1e-05, -0.999443, 0.03339, -0.002831, 2e-06, -0.03339, -0.999443, -1.2e-05, 0.0, 0.0, 0.0, 1.0],
                [1.0, -1e-05, 2e-06, 0.124994, -1e-05, -0.99994, -0.010964, -0.002831, 3e-06, 0.010964, -0.99994, -1.2e-05, 0.0, 0.0, 0.0, 1.0],
                [1.0, -1e-05, 2e-06, 0.124994, -9e-06, -0.998388, -0.056752, -0.002831, 3e-06, 0.056752, -0.998388, -1.2e-05, 0.0, 0.0, 0.0, 1.0],
                [1.0, -9e-06, 2e-06, 0.124994, -9e-06, -0.99458, -0.103979, -0.002831, 3e-06, 0.10398, -0.994579, -1.2e-05, 0.0, 0.0, 0.0, 1.0],
                [1.0, -9e-06, 2e-06, 0.124994, -8e-06, -0.988249, -0.152855, -0.002831, 3e-06, 0.152855, -0.988249, -1.2e-05, 0.0, 0.0, 0.0, 1.0],
                [1.0, -8e-06, 2e-06, 0.124994, -8e-06, -0.979034, -0.203697, -0.002831, 3e-06, 0.203697, -0.979034, -1.2e-05, 0.0, 0.0, 0.0, 1.0],
                [1.0, -7e-06, 1e-06, 0.124994, -7e-06, -0.966436, -0.256909, -0.002831, 3e-06, 0.256909, -0.966436, -1.2e-05, 0.0, 0.0, 0.0, 1.0],
                [1.0, -7e-06, 1e-06, 0.124994, -6e-06, -0.949763, -0.312973, -0.002831, 3e-06, 0.312973, -0.949762, -1.2e-05, 0.0, 0.0, 0.0, 1.0],
                [1.0, -8e-06, 1e-06, 0.124994, -7e-06, -0.963468, -0.267826, -0.002831, 3e-06, 0.267826, -0.963467, -1.2e-05, 0.0, 0.0, 0.0, 1.0],
                [1.0, -9e-06, 2e-06, 0.124994, -8e-06, -0.973733, -0.227696, -0.002831, 4e-06, 0.227695, -0.973733, -1.2e-05, 0.0, 0.0, 0.0, 1.0],
                [1.0, -9e-06, 2e-06, 0.124994, -9e-06, -0.981537, -0.191272, -0.002831, 4e-06, 0.191272, -0.981537, -1.2e-05, 0.0, 0.0, 0.0, 1.0],
                [1.0, -1e-05, 2e-06, 0.124994, -1e-05, -0.987499, -0.157624, -0.002831, 4e-06, 0.157624, -0.987499, -1.2e-05, 0.0, 0.0, 0.0, 1.0],
                [1.0, -1.1e-05, 3e-06, 0.124994, -1e-05, -0.991988, -0.126332, -0.002831, 4e-06, 0.126332, -0.991988, -1.2e-05, 0.0, 0.0, 0.0, 1.0],
                [1.0, -1.1e-05, 3e-06, 0.124994, -1.1e-05, -0.995296, -0.096887, -0.002831, 4e-06, 0.096888, -0.995296, -1.2e-05, 0.0, 0.0, 0.0, 1.0],
                [1.0, -1.2e-05, 4e-06, 0.124994, -1.2e-05, -0.997605, -0.069179, -0.002831, 4e-06, 0.069179, -0.997604, -1.2e-05, 0.0, 0.0, 0.0, 1.0],
                [1.0, -1.2e-05, 4e-06, 0.124994, -1.2e-05, -0.999079, -0.042912, -0.002831, 4e-06, 0.042912, -0.999079, -1.2e-05, 0.0, 0.0, 0.0, 1.0],
                [1.0, -1.3e-05, 4e-06, 0.124994, -1.3e-05, -0.999841, -0.01784, -0.002831, 4e-06, 0.01784, -0.999841, -1.2e-05, 0.0, 0.0, 0.0, 1.0],
                [1.0, -1.3e-05, 5e-06, 0.124994, -1.3e-05, -0.999982, 0.00596, -0.002831, 4e-06, -0.00596, -0.999982, -1.2e-05, 0.0, 0.0, 0.0, 1.0],
                [1.0, -1.4e-05, 5e-06, 0.124994, -1.4e-05, -0.994846, 0.101397, -0.002831, 4e-06, -0.101397, -0.994846, -1.2e-05, 0.0, 0.0, 0.0, 1.0],
                [1.0, -1.4e-05, 5e-06, 0.124994, -1.5e-05, -0.981064, 0.193684, -0.002831, 3e-06, -0.193683, -0.981064, -1.2e-05, 0.0, 0.0, 0.0, 1.0],
                [1.0, -1.5e-05, 6e-06, 0.124994, -1.6e-05, -0.959353, 0.282211, -0.002831, 1e-06, -0.282211, -0.959353, -1.2e-05, 0.0, 0.0, 0.0, 1.0],
                [1.0, -1.5e-05, 6e-06, 0.124994, -1.6e-05, -0.930655, 0.365898, -0.002831, 0.0, -0.365898, -0.930655, -1.2e-05, 0.0, 0.0, 0.0, 1.0],
                [1.0, -1.5e-05, 6e-06, 0.124994, -1.6e-05, -0.896023, 0.444009, -0.002831, -1e-06, -0.444008, -0.896023, -1.2e-05, 0.0, 0.0, 0.0, 1.0],
                [1.0, -1.5e-05, 6e-06, 0.124994, -1.6e-05, -0.856751, 0.515732, -0.002831, -2e-06, -0.515732, -0.856751, -1.2e-05, 0.0, 0.0, 0.0, 1.0],
                [1.0, -1.5e-05, 7e-06, 0.124994, -1.6e-05, -0.814331, 0.580401, -0.002831, -4e-06, -0.580401, -0.814331, -1.2e-05, 0.0, 0.0, 0.0, 1.0],
                [1.0, -1.5e-05, 7e-06, 0.124994, -1.6e-05, -0.770397, 0.637566, -0.002831, -5e-06, -0.637565, -0.770397, -1.2e-05, 0.0, 0.0, 0.0, 1.0],
                [1.0, -1.5e-05, 6e-06, 0.124994, -1.5e-05, -0.726634, 0.687025, -0.002831, -6e-06, -0.687025, -0.726634, -1.2e-05, 0.0, 0.0, 0.0, 1.0],
                [1.0, -1.5e-05, 6e-06, 0.124994, -1.5e-05, -0.684688, 0.728836, -0.002831, -7e-06, -0.728836, -0.684688, -1.2e-05, 0.0, 0.0, 0.0, 1.0]
            ]
        },
        {
            "name": "Leg_R",
            "time": [0.0, 0.0167, 0.0333, 0.05, 0.0667, 0.0833, 0.1, 0.1167, 0.1333, 0.15, 0.1667, 0.1833, 0.2, 0.2167, 0.2333, 0.25, 0.2667, 0.2833, 0.3, 0.3167, 0.3333, 0.35, 0.3667, 0.3833, 0.4, 0.4167, 0.4333, 0.45, 0.4667, 0.4833, 0.5, 0.5167, 0.5333, 0.55, 0.5667, 0.5833, 0.6, 0.6167, 0.6333, 0.65, 0.6667, 0.6833, 0.7, 0.7167, 0.7333, 0.75, 0.7667, 0.7833, 0.8, 0.8167, 0.8333, 0.85, 0.8667, 0.8833, 0.9, 0.9167, 0.9333, 0.95, 0.9667, 0.9833, 1.0],
            "transform": [
                [1.0, 2.1e-05, 2.2e-05, 0.0, -2.2e-05, 0.003253, 0.999995, 0.374726, 2.1e-05, -0.999995, 0.003253, -0.0, 0.0, 0.0, 0.0, 1.0],
                [1.0, 2.1e-05, 2.1e-05, -0.0, -2.2e-05, 0.028184, 0.999603, 0.374726, 2e-05, -0.999603, 0.028184, 0.0, 0.0, 0.0, 0.0, 1.0],
                [1.0, 2.1e-05, 2e-05, -0.0, -2.2e-05, 0.065596, 0.997846, 0.374726, 2e-05, -0.997846, 0.065596, -0.0, 0.0, 0.0, 0.0, 1.0],
                [1.0, 2.1e-05, 1.9e-05, 0.0, -2.2e-05, 0.115121, 0.993351, 0.374726, 1.8e-05, -0.993351, 0.115121, 0.0, 0.0, 0.0, 0.0, 1.0],
                [1.0, 2.1e-05, 1.8e-05, 0.0, -2.1e-05, 0.176928, 0.984224, 0.374726, 1.7e-05, -0.984224, 0.176928, 0.0, 0.0, 0.0, 0.0, 1.0],
                [1.0, 2e-05, 1.6e-05, 0.0, -2.1e-05, 0.251006, 0.967985, 0.374726, 1.6e-05, -0.967985, 0.251006, -0.0, 0.0, 0.0, 0.0, 1.0],
                [1.0, 2e-05, 1.5e-05, 0.0, -2e-05, 0.337539, 0.941312, 0.374726, 1.4e-05, -0.941311, 0.337539, 0.0, 0.0, 0.0, 0.0, 1.0],
                [1.0, 1.9e-05, 1.3e-05, -0.0, -2e-05, 0.436194, 0.899853, 0.374726, 1.1e-05, -0.899853, 0.436194, -0.0, 0.0, 0.0, 0.0, 1.0],
                [1.0, 1.8e-05, 1e-05, -0.0, -1.8e-05, 0.547266, 0.836958, 0.374726, 9e-06, -0.836958, 0.547266, 0.0, 0.0, 0.0, 0.0, 1.0],
                [1.0, 1.6e-05, 8e-06, -0.0, -1.6e-05, 0.670587, 0.741831, 0.374726, 6e-06, -0.741832, 0.670587, -0.0, 0.0, 0.0, 0.0, 1.0],
                [1.0, 1.2e-05, 5e-06, -0.0, -1.3e-05, 0.806228, 0.591604, 0.374726, 3e-06, -0.591604, 0.806229, -0.0, 0.0, 0.0, 0.0, 1.0],
                [1.0, 1.5e-05, 7e-06, -0.0, -1.6e-05, 0.695865, 0.718172, 0.374726, 6e-06, -0.718172, 0.695865, -0.0, 0.0, 0.0, 0.0, 1.0],
                [1.0, 1.7e-05, 9e-06, 0.0, -1.7e-05, 0.596687, 0.802474, 0.374726, 8e-06, -0.802474, 0.596688, 0.0, 0.0, 0.0, 0.0, 1.0],
                [1.0, 1.8e-05, 1.1e-05, 0.0, -1.9e-05, 0.508698, 0.860946, 0.374726, 1e-05, -0.860945, 0.508698, -0.0, 0.0, 0.0, 0.0, 1.0],
                [1.0, 1.9e-05, 1.3e-05, -0.0, -2e-05, 0.431864, 0.901938, 0.374726, 1.2e-05, -0.901939, 0.431864, -0.0, 0.0, 0.0, 0.0, 1.0],
                [1.0, 2e-05, 1.4e-05, -0.0, -2e-05, 0.36636, 0.930473, 0.374726, 1.3e-05, -0.930473, 0.36636, 0.0, 0.0, 0.0, 0.0, 1.0],
                [1.0, 2e-05, 1.5e-05, 0.0, -2.1e-05, 0.312039, 0.950069, 0.374726, 1.4e-05, -0.950069, 0.312039, -0.0, 0.0, 0.0, 0.0, 1.0],
                [1.0, 2e-05, 1.6e-05, 0.0, -2.1e-05, 0.268768, 0.963205, 0.374726, 1.5e-05, -0.963205, 0.268768, 0.0, 0.0, 0.0, 0.0, 1.0],
                [1.0, 2e-05, 1.7e-05, -0.0, -2.1e-05, 0.236862, 0.971543, 0.374726, 1.6e-05, -0.971543, 0.236863, -0.0, 0.0, 0.0, 0.0, 1.0],
                [1.0, 2e-05, 1.7e-05, 0.0, -2.1e-05, 0.216151, 0.97636, 0.374726, 1.6e-05, -0.97636, 0.216151, 0.0, 0.0, 0.0, 0.0, 1.0],
                [1.0, 2.1e-05, 1.7e-05, -0.0, -2.1e-05, 0.206638, 0.978418, 0.374726, 1.6e-05, -0.978418, 0.206638, 0.0, 0.0, 0.0, 0.0, 1.0],
                [1.0, 2.1e-05, 1.7e-05, -0.0, -2.1e-05, 0.205273, 0.978704, 0.374726, 1.7e-05, -0.978704, 0.205273, -0.0, 0.0, 0.0, 0.0, 1.0],
                [1.0, 2e-05, 1.7e-05, 0.0, -2.1e-05, 0.209499, 0.977809, 0.374726, 1.6e-05, -0.977809, 0.209499, -0.0, 0.0, 0.0, 0.0, 1.0],
                [1.0, 2e-05, 1.7e-05, 0.0, -2.1e-05, 0.219316, 0.975654, 0.374726, 1.6e-05, -0.975654, 0.219316, 0.0, 0.0, 0.0, 0.0, 1.0],
                [1.0, 2e-05, 1.7e-05, -0.0, -2.1e-05, 0.234723, 0.972062, 0.374726, 1.6e-05, -0.972062, 0.234723, 0.0, 0.0, 0.0, 0.0, 1.0],
                [1.0, 2e-05, 1.6e-05, 0.0, -2.1e-05, 0.25572, 0.966751, 0.374726, 1.5e-05, -0.966751, 0.25572, 0.0, 0.0, 0.0, 0.0, 1.0],
                [1.0, 2e-05, 1.6e-05, 0.0, -2.1e-05, 0.282486, 0.959271, 0.374726, 1.5e-05, -0.959272, 0.282486, 0.0, 0.0, 0.0, 0.0, 1.0],
                [1.0, 2e-05, 1.5e-05, 0.0, -2.1e-05, 0.314651, 0.949208, 0.374726, 1.4e-05, -0.949207, 0.314651, 0.0, 0.0, 0.0, 0.0, 1.0],
                [1.0, 2e-05, 1.4e-05, -0.0, -2e-05, 0.352434, 0.935837, 0.374726, 1.3e-05, -0.935837, 0.352434, 0.0, 0.0, 0.0, 0.0, 1.0],
                [1.0, 1.9e-05, 1.3e-05, -0.0, -2e-05, 0.395801, 0.918336, 0.374726, 1.2e-05, -0.918336, 0.395801, 0.0, 0.0, 0.0, 0.0, 1.0],
                [1.0, 1.9e-05, 1.2e-05, 0.0, -1.9e-05, 0.444748, 0.895655, 0.374726, 1.1e-05, -0.895656, 0.444749, -0.0, 0.0, 0.0, 0.0, 1.0],
                [1.0, 1.8e-05, 1.2e-05, 0.0, -1.9e-05, 0.470358, 0.882475, 0.374726, 1.1e-05, -0.882475, 0.470358, 0.0, 0.0, 0.0, 0.0, 1.0],
                [1.0, 1.8e-05, 1.1e-05, 0.0, -1.9e-05, 0.498136, 0.867098, 0.374726, 1e-05, -0.867099, 0.498137, -0.0, 0.0, 0.0, 0.0, 1.0],
                [1.0, 1.8e-05, 1.1e-05, -0.0, -1.8e-05, 0.528189, 0.849126, 0.374726, 9e-06, -0.849127, 0.52819, 0.0, 0.0, 0.0, 0.0, 1.0],
                [1.0, 1.7e-05, 1e-05, -0.0, -1.8e-05, 0.560516, 0.828143, 0.374726, 9e-06, -0.828144, 0.560516, -0.0, 0.0, 0.0, 0.0, 1.0],
                [1.0, 1.7e-05, 9e-06, 0.0, -1.7e-05, 0.595209, 0.803571, 0.374726, 8e-06, -0.803571, 0.595209, 0.0, 0.0, 0.0, 0.0, 1.0],
                [1.0, 1.6e-05, 8e-06, -0.0, -1.7e-05, 0.632106, 0.774881, 0.374726, 7e-06, -0.774882, 0.632106, 0.0, 0.0, 0.0, 0.0, 1.0],
                [1.0, 1.6e-05, 8e-06, 0.0, -1.6e-05, 0.671271, 0.741211, 0.374726, 6e-06, -0.741211, 0.671271, -0.0, 0.0, 0.0, 0.0, 1.0],
                [1.0, 1.5e-05, 7e-06, 0.0, -1.5e-05, 0.712788, 0.701379, 0.374726, 5e-06, -0.701379, 0.712788, 0.0, 0.0, 0.0, 0.0, 1.0],
                [1.0, 1.4e-05, 6e-06, -0.0, -1.4e-05, 0.756638, 0.653834, 0.374726, 5e-06, -0.653834, 0.756638, 0.0, 0.0, 0.0, 0.0, 1.0],
                [1.0, 1.3e-05, 5e-06, -0.0, -1.3e-05, 0.802574, 0.596552, 0.374726, 4e-06, -0.596553, 0.802574, 0.0, 0.0, 0.0, 0.0, 1.0],
                [1.0, 1.4e-05, 6e-06, -0.0, -1.5e-05, 0.739579, 0.673068, 0.374726, 5e-06, -0.673069, 0.739579, -0.0, 0.0, 0.0, 0.0, 1.0],
                [1.0, 1.5e-05, 7e-06, -0.0, -1.6e-05, 0.677703, 0.735335, 0.374726, 6e-06, -0.735336, 0.677703, 0.0, 0.0, 0.0, 0.0, 1.0],
                [1.0, 1.6e-05, 9e-06, 0.0, -1.7e-05, 0.617041, 0.78693, 0.374726, 8e-06, -0.786931, 0.617041, 0.0, 0.0, 0.0, 0.0, 1.0],
                [1.0, 1.7e-05, 1e-05, -0.0, -1.8e-05, 0.557429, 0.830224, 0.374726, 9e-06, -0.830225, 0.557429, 0.0, 0.0, 0.0, 0.0, 1.0],
                [1.0, 1.8e-05, 1.1e-05, 0.0, -1.9e-05, 0.499045, 0.866576, 0.374726, 1e-05, -0.866576, 0.499045, 0.0, 0.0, 0.0, 0.0, 1.0],
                [1.0, 1.9e-05, 1.2e-05, -0.0, -1.9e-05, 0.441676, 0.897174, 0.374726, 1.1e-05, -0.897174, 0.441677, -0.0, 0.0, 0.0, 0.0, 1.0],
                [1.0, 1.9e-05, 1.4e-05, 0.0, -2e-05, 0.385582, 0.922673, 0.374726, 1.3e-05, -0.922674, 0.385583, 0.0, 0.0, 0.0, 0.0, 1.0],
                [1.0, 2e-05, 1.5e-05, -0.0, -2e-05, 0.330614, 0.943765, 0.374726, 1.4e-05, -0.943766, 0.330615, 0.0, 0.0, 0.0, 0.0, 1.0],
                [1.0, 2e-05, 1.6e-05, -0.0, -2.1e-05, 0.276626, 0.960977, 0.374726, 1.5e-05, -0.960978, 0.276626, -0.0, 0.0, 0.0, 0.0, 1.0],
                [1.0, 2e-05, 1.7e-05, -0.0, -2.1e-05, 0.223956, 0.974599, 0.374726, 1.6e-05, -0.9746, 0.223956, -0.0, 0.0, 0.0, 0.0, 1.0],
                [1.0, 2.1e-05, 1.8e-05, 0.0, -2.1e-05, 0.154157, 0.988046, 0.374726, 1.8e-05, -0.988046, 0.154157, 0.0, 0.0, 0.0, 0.0, 1.0],
                [1.0, 2.1e-05, 2e-05, 0.0, -2.2e-05, 0.094956, 0.995481, 0.374726, 1.9e-05, -0.995481, 0.094956, 0.0, 0.0, 0.0, 0.0, 1.0],
                [1.0, 2.1e-05, 2.1e-05, -0.0, -2.2e-05, 0.046175, 0.998933, 0.374726, 2e-05, -0.998933, 0.046175, 0.0, 0.0, 0.0, 0.0, 1.0],
                [1.0, 2.1e-05, 2.2e-05, 0.0, -2.2e-05, 0.008218, 0.999966, 0.374726, 2.1e-05, -0.999966, 0.008218, -0.0, 0.0, 0.0, 0.0, 1.0],
                [1.0, 2.1e-05, 2.2e-05, 0.0, -2.2e-05, -0.019134, 0.999817, 0.374726, 2.1e-05, -0.999817, -0.019134, -0.0, 0.0, 0.0, 0.0, 1.0],
                [1.0, 2.1e-05, 2.2e-05, 0.0, -2.2e-05, -0.035877, 0.999356, 0.374726, 2.2e-05, -0.999356, -0.035877, -0.0, 0.0, 0.0, 0.0, 1.0],
                [1.0, 2.1e-05, 2.3e-05, 0.0, -2.2e-05, -0.04201, 0.999117, 0.374726, 2.2e-05, -0.999117, -0.04201, -0.0, 0.0, 0.0, 0.0, 1.0],
                [1.0, 2.1e-05, 2.2e-05, -0.0, -2.2e-05, -0.037533, 0.999296, 0.374726, 2.2e-05, -0.999295, -0.037532, -0.0, 0.0, 0.0, 0.0, 1.0],
                [1.0, 2.1e-05, 2.2e-05, 0.0, -2.2e-05, -0.022444, 0.999748, 0.374726, 2.1e-05, -0.999748, -0.022444, 0.0, 0.0, 0.0, 0.0, 1.0],
                [1.0, 2.1e-05, 2.2e-05, 0.0, -2.2e-05, 0.003253, 0.999995, 0.374726, 2.1e-05, -0.999994, 0.003253, 0.0, 0.0, 0.0, 0.0, 1.0]
            ]
        },
        {
            "name": "Knee_R",
            "time": [0.0, 1.0],
            "transform": [
                [1.0, 0.0, -0.0, 0.0, -0.0, 0.00567, -0.999984, 0.483192, -0.0, 0.999984, 0.00567, -0.000615, 0.0, 0.0, 0.0, 1.0],
                [1.0, 0.0, -0.0, 0.0, -0.0, 0.00567, -0.999984, 0.483192, -0.0, 0.999984, 0.00567, -0.000615, 0.0, 0.0, 0.0, 1.0]
            ]
        },
        {
            "name": "Thigh_L",
            "time": [0.0, 0.0167, 0.0333, 0.05, 0.0667, 0.0833, 0.1, 0.1167, 0.1333, 0.15, 0.1667, 0.1833, 0.2, 0.2167, 0.2333, 0.25, 0.2667, 0.2833, 0.3, 0.3167, 0.3333, 0.35, 0.3667, 0.3833, 0.4, 0.4167, 0.4333, 0.45, 0.4667, 0.4833, 0.5, 0.5167, 0.5333, 0.55, 0.5667, 0.5833, 0.6, 0.6167, 0.6333, 0.65, 0.6667, 0.6833, 0.7, 0.7167, 0.7333, 0.75, 0.7667, 0.7833, 0.8, 0.8167, 0.8333, 0.85, 0.8667, 0.8833, 0.9, 0.9167, 0.9333, 0.95, 0.9667, 0.9833, 1.0],
            "transform": [
                [1.0, -1.3e-05, 4e-06, -0.125006, -1.3e-05, -0.921825, 0.387608, -0.002831, -1e-06, -0.387608, -0.921825, -1.2e-05, 0.0, 0.0, 0.0, 1.0],
                [1.0, -1.3e-05, 4e-06, -0.125006, -1.3e-05, -0.943205, 0.332213, -0.002831, -0.0, -0.332213, -0.943205, -1.2e-05, 0.0, 0.0, 0.0, 1.0],
                [1.0, -1.3e-05, 4e-06, -0.125006, -1.3e-05, -0.962398, 0.271646, -0.002831, 1e-06, -0.271645, -0.962398, -1.2e-05, 0.0, 0.0, 0.0, 1.0],
                [1.0, -1.2e-05, 4e-06, -0.125006, -1.3e-05, -0.978469, 0.206397, -0.002831, 1e-06, -0.206397, -0.978468, -1.2e-05, 0.0, 0.0, 0.0, 1.0],
                [1.0, -1.2e-05, 4e-06, -0.125006, -1.3e-05, -0.990607, 0.13674, -0.002831, 2e-06, -0.13674, -0.990607, -1.2e-05, 0.0, 0.0, 0.0, 1.0],
                [1.0, -1.2e-05, 4e-06, -0.125006, -1.2e-05, -0.998012, 0.063036, -0.002831, 3e-06, -0.063036, -0.998012, -1.2e-05, 0.0, 0.0, 0.0, 1.0],
                [1.0, -1.1e-05, 3e-06, -0.125006, -1.1e-05, -0.999897, -0.014385, -0.002831, 3e-06, 0.014385, -0.999897, -1.2e-05, 0.0, 0.0, 0.0, 1.0],
                [1.0, -1.1e-05, 3e-06, -0.125006, -1.1e-05, -0.995444, -0.095355, -0.002831, 4e-06, 0.095355, -0.995443, -1.2e-05, 0.0, 0.0, 0.0, 1.0],
                [1.0, -1e-05, 3e-06, -0.125006, -1e-05, -0.983733, -0.179636, -0.002831, 4e-06, 0.179636, -0.983733, -1.2e-05, 0.0, 0.0, 0.0, 1.0],
                [1.0, -9e-06, 2e-06, -0.125006, -8e-06, -0.963555, -0.267511, -0.002831, 5e-06, 0.267511, -0.963555, -1.2e-05, 0.0, 0.0, 0.0, 1.0],
                [1.0, -8e-06, 2e-06, -0.125006, -7e-06, -0.933114, -0.359581, -0.002831, 5e-06, 0.359581, -0.933114, -1.2e-05, 0.0, 0.0, 0.0, 1.0],
                [1.0, -9e-06, 2e-06, -0.125006, -8e-06, -0.945291, -0.32623, -0.002831, 5e-06, 0.32623, -0.945291, -1.2e-05, 0.0, 0.0, 0.0, 1.0],
                [1.0, -9e-06, 2e-06, -0.125006, -8e-06, -0.955769, -0.294121, -0.002831, 5e-06, 0.294121, -0.955769, -1.2e-05, 0.0, 0.0, 0.0, 1.0],
                [1.0, -1e-05, 2e-06, -0.125006, -9e-06, -0.964814, -0.262936, -0.002831, 5e-06, 0.262936, -0.964813, -1.2e-05, 0.0, 0.0, 0.0, 1.0],
                [1.0, -1e-05, 3e-06, -0.125006, -9e-06, -0.972568, -0.232622, -0.002831, 5e-06, 0.232622, -0.972567, -1.2e-05, 0.0, 0.0, 0.0, 1.0],
                [1.0, -1.1e-05, 3e-06, -0.125006, -1e-05, -0.97918, -0.202994, -0.002831, 5e-06, 0.202994, -0.97918, -1.2e-05, 0.0, 0.0, 0.0, 1.0],
                [1.0, -1.1e-05, 3e-06, -0.125006, -1.1e-05, -0.984765, -0.173891, -0.002831, 5e-06, 0.173891, -0.984765, -1.2e-05, 0.0, 0.0, 0.0, 1.0],
                [1.0, -1.2e-05, 3e-06, -0.125006, -1.1e-05, -0.989376, -0.14538, -0.002831, 5e-06, 0.14538, -0.989376, -1.2e-05, 0.0, 0.0, 0.0, 1.0],
                [1.0, -1.2e-05, 4e-06, -0.125006, -1.2e-05, -0.993095, -0.117313, -0.002831, 5e-06, 0.117314, -0.993095, -1.2e-05, 0.0, 0.0, 0.0, 1.0],
                [1.0, -1.2e-05, 4e-06, -0.125006, -1.2e-05, -0.995975, -0.089639, -0.002831, 5e-06, 0.08964, -0.995974, -1.2e-05, 0.0, 0.0, 0.0, 1.0],
                [1.0, -1.3e-05, 4e-06, -0.125006, -1.2e-05, -0.998056, -0.062328, -0.002831, 5e-06, 0.062328, -0.998056, -1.2e-05, 0.0, 0.0, 0.0, 1.0],
                [1.0, -1.4e-05, 5e-06, -0.125006, -1.4e-05, -0.995959, 0.089818, -0.002831, 4e-06, -0.089818, -0.995958, -1.2e-05, 0.0, 0.0, 0.0, 1.0],
                [1.0, -1.5e-05, 6e-06, -0.125006, -1.6e-05, -0.97181, 0.235766, -0.002831, 2e-06, -0.235766, -0.97181, -1.2e-05, 0.0, 0.0, 0.0, 1.0],
                [1.0, -1.5e-05, 7e-06, -0.125006, -1.7e-05, -0.927707, 0.373311, -0.002831, 0.0, -0.373311, -0.927706, -1.2e-05, 0.0, 0.0, 0.0, 1.0],
                [1.0, -1.6e-05, 7e-06, -0.125006, -1.7e-05, -0.866272, 0.499573, -0.002831, -2e-06, -0.499573, -0.866272, -1.2e-05, 0.0, 0.0, 0.0, 1.0],
                [1.0, -1.6e-05, 7e-06, -0.125006, -1.7e-05, -0.791451, 0.611233, -0.002831, -4e-06, -0.611233, -0.791451, -1.2e-05, 0.0, 0.0, 0.0, 1.0],
                [1.0, -1.6e-05, 7e-06, -0.125006, -1.7e-05, -0.708569, 0.705643, -0.002831, -6e-06, -0.705643, -0.708569, -1.2e-05, 0.0, 0.0, 0.0, 1.0],
                [1.0, -1.6e-05, 7e-06, -0.125006, -1.6e-05, -0.624407, 0.781099, -0.002831, -8e-06, -0.781099, -0.624407, -1.2e-05, 0.0, 0.0, 0.0, 1.0],
                [1.0, -1.6e-05, 7e-06, -0.125006, -1.4e-05, -0.545267, 0.838263, -0.002831, -9e-06, -0.838263, -0.545267, -1.2e-05, 0.0, 0.0, 0.0, 1.0],
                [1.0, -1.5e-05, 7e-06, -0.125006, -1.3e-05, -0.477037, 0.878884, -0.002831, -1e-05, -0.878884, -0.477037, -1.2e-05, 0.0, 0.0, 0.0, 1.0],
                [1.0, -1.5e-05, 6e-06, -0.125006, -1.2e-05, -0.424127, 0.905603, -0.002831, -1.1e-05, -0.905603, -0.424127, -1.2e-05, 0.0, 0.0, 0.0, 1.0],
                [1.0, -1.4e-05, 5e-06, -0.125006, -1.1e-05, -0.420621, 0.907237, -0.002831, -1.1e-05, -0.907237, -0.420621, -1.2e-05, 0.0, 0.0, 0.0, 1.0],
                [1.0, -1.4e-05, 5e-06, -0.125006, -1e-05, -0.420805, 0.907152, -0.002831, -1e-05, -0.907152, -0.420805, -1.2e-05, 0.0, 0.0, 0.0, 1.0],
                [1.0, -1.3e-05, 5e-06, -0.125006, -1e-05, -0.424884, 0.905248, -0.002831, -1e-05, -0.905248, -0.424883, -1.2e-05, 0.0, 0.0, 0.0, 1.0],
                [1.0, -1.2e-05, 4e-06, -0.125006, -9e-06, -0.433097, 0.901348, -0.002831, -9e-06, -0.901348, -0.433097, -1.2e-05, 0.0, 0.0, 0.0, 1.0],
                [1.0, -1.2e-05, 4e-06, -0.125006, -8e-06, -0.445521, 0.895272, -0.002831, -9e-06, -0.895272, -0.44552, -1.2e-05, 0.0, 0.0, 0.0, 1.0],
                [1.0, -1.1e-05, 3e-06, -0.125006, -8e-06, -0.462643, 0.886545, -0.002831, -8e-06, -0.886545, -0.462643, -1.2e-05, 0.0, 0.0, 0.0, 1.0],
                [1.0, -1e-05, 2e-06, -0.125006, -7e-06, -0.484933, 0.874552, -0.002831, -8e-06, -0.874552, -0.484933, -1.2e-05, 0.0, 0.0, 0.0, 1.0],
                [1.0, -9e-06, 2e-06, -0.125006, -6e-06, -0.513448, 0.858121, -0.002831, -7e-06, -0.858121, -0.513448, -1.2e-05, 0.0, 0.0, 0.0, 1.0],
                [1.0, -8e-06, 1e-06, -0.125006, -5e-06, -0.549864, 0.835255, -0.002831, -6e-06, -0.835255, -0.549863, -1.2e-05, 0.0, 0.0, 0.0, 1.0],
                [1.0, -6e-06, 1e-06, -0.125006, -4e-06, -0.597904, 0.801568, -0.002831, -5e-06, -0.801568, -0.597904, -1.2e-05, 0.0, 0.0, 0.0, 1.0],
                [1.0, -8e-06, 1e-06, -0.125006, -6e-06, -0.562503, 0.826796, -0.002831, -6e-06, -0.826796, -0.562503, -1.2e-05, 0.0, 0.0, 0.0, 1.0],
                [1.0, -9e-06, 2e-06, -0.125006, -7e-06, -0.544413, 0.838818, -0.002831, -7e-06, -0.838818, -0.544412, -1.2e-05, 0.0, 0.0, 0.0, 1.0],
                [1.0, -1e-05, 2e-06, -0.125006, -8e-06, -0.538357, 0.842717, -0.002831, -7e-06, -0.842717, -0.538357, -1.2e-05, 0.0, 0.0, 0.0, 1.0],
                [1.0, -1.1e-05, 3e-06, -0.125006, -8e-06, -0.541907, 0.840439, -0.002831, -8e-06, -0.840439, -0.541906, -1.2e-05, 0.0, 0.0, 0.0, 1.0],
                [1.0, -1.2e-05, 3e-06, -0.125006, -9e-06, -0.553468, 0.832871, -0.002831, -8e-06, -0.832871, -0.553468, -1.2e-05, 0.0, 0.0, 0.0, 1.0],
                [1.0, -1.2e-05, 4e-06, -0.125006, -1e-05, -0.57205, 0.820219, -0.002831, -8e-06, -0.820219, -0.57205, -1.2e-05, 0.0, 0.0, 0.0, 1.0],
                [1.0, -1.3e-05, 4e-06, -0.125006, -1.1e-05, -0.596663, 0.802492, -0.002831, -8e-06, -0.802492, -0.596663, -1.2e-05, 0.0, 0.0, 0.0, 1.0],
                [1.0, -1.3e-05, 4e-06, -0.125006, -1.2e-05, -0.626322, 0.779565, -0.002831, -7e-06, -0.779565, -0.626322, -1.2e-05, 0.0, 0.0, 0.0, 1.0],
                [1.0, -1.3e-05, 5e-06, -0.125006, -1.2e-05, -0.660238, 0.751057, -0.002831, -7e-06, -0.751057, -0.660238, -1.2e-05, 0.0, 0.0, 0.0, 1.0],
                [1.0, -1.3e-05, 5e-06, -0.125006, -1.3e-05, -0.697321, 0.71676, -0.002831, -6e-06, -0.71676, -0.697321, -1.2e-05, 0.0, 0.0, 0.0, 1.0],
                [1.0, -1.4e-05, 5e-06, -0.125006, -1.3e-05, -0.720853, 0.693088, -0.002831, -6e-06, -0.693088, -0.720853, -1.2e-05, 0.0, 0.0, 0.0, 1.0],
                [1.0, -1.4e-05, 5e-06, -0.125006, -1.3e-05, -0.744745, 0.66735, -0.002831, -5e-06, -0.66735, -0.744745, -1.2e-05, 0.0, 0.0, 0.0, 1.0],
                [1.0, -1.4e-05, 5e-06, -0.125006, -1.3e-05, -0.768768, 0.639528, -0.002831, -5e-06, -0.639528, -0.768768, -1.2e-05, 0.0, 0.0, 0.0, 1.0],
                [1.0, -1.4e-05, 5e-06, -0.125006, -1.4e-05, -0.792695, 0.609619, -0.002831, -4e-06, -0.609619, -0.792695, -1.2e-05, 0.0, 0.0, 0.0, 1.0],
                [1.0, -1.3e-05, 5e-06, -0.125006, -1.4e-05, -0.816298, 0.577632, -0.002831, -4e-06, -0.577632, -0.816298, -1.2e-05, 0.0, 0.0, 0.0, 1.0],
                [1.0, -1.3e-05, 5e-06, -0.125006, -1.4e-05, -0.839352, 0.543588, -0.002831, -3e-06, -0.543588, -0.839352, -1.2e-05, 0.0, 0.0, 0.0, 1.0],
                [1.0, -1.3e-05, 5e-06, -0.125006, -1.4e-05, -0.86164, 0.507521, -0.002831, -3e-06, -0.507521, -0.861639, -1.2e-05, 0.0, 0.0, 0.0, 1.0],
                [1.0, -1.3e-05, 4e-06, -0.125006, -1.4e-05, -0.882949, 0.46947, -0.002831, -2e-06, -0.46947, -0.882948, -1.2e-05, 0.0, 0.0, 0.0, 1.0],
                [1.0, -1.3e-05, 4e-06, -0.125006, -1.4e-05, -0.903076, 0.429482, -0.002831, -2e-06, -0.429482, -0.903076, -1.2e-05, 0.0, 0.0, 0.0, 1.0],
                [1.0, -1.3e-05, 4e-06, -0.125006, -1.3e-05, -0.921825, 0.387608, -0.002831, -1e-06, -0.387608, -0.921825, -1.2e-05, 0.0, 0.0, 0.0, 1.0]
            ]
        },
        {
            "name": "Leg_L",
            "time": [0.0, 0.0167, 0.0333, 0.05, 0.0667, 0.0833, 0.1, 0.1167, 0.1333, 0.15, 0.1667, 0.1833, 0.2, 0.2167, 0.2333, 0.25, 0.2667, 0.2833, 0.3, 0.3167, 0.3333, 0.35, 0.3667, 0.3833, 0.4, 0.4167, 0.4333, 0.45, 0.4667, 0.4833, 0.5, 0.5167, 0.5333, 0.55, 0.5667, 0.5833, 0.6, 0.6167, 0.6333, 0.65, 0.6667, 0.6833, 0.7, 0.7167, 0.7333, 0.75, 0.7667, 0.7833, 0.8, 0.8167, 0.8333, 0.85, 0.8667, 0.8833, 0.9, 0.9167, 0.9333, 0.95, 0.9667, 0.9833, 1.0],
            "transform": [
                [1.0, 2e-05, 1.6e-05, 0.0, -2.1e-05, 0.273966, 0.961739, 0.374726, 1.5e-05, -0.96174, 0.273966, 0.0, 0.0, 0.0, 0.0, 1.0],
                [1.0, 2e-05, 1.6e-05, 0.0, -2.1e-05, 0.277435, 0.960744, 0.374726, 1.5e-05, -0.960744, 0.277435, 0.0, 0.0, 0.0, 0.0, 1.0],
                [1.0, 2e-05, 1.6e-05, 0.0, -2.1e-05, 0.289512, 0.957174, 0.374726, 1.5e-05, -0.957174, 0.289512, -0.0, 0.0, 0.0, 0.0, 1.0],
                [1.0, 2e-05, 1.5e-05, 0.0, -2.1e-05, 0.309895, 0.950771, 0.374726, 1.4e-05, -0.950771, 0.309896, 0.0, 0.0, 0.0, 0.0, 1.0],
                [1.0, 2e-05, 1.5e-05, 0.0, -2e-05, 0.338732, 0.940883, 0.374726, 1.4e-05, -0.940883, 0.338732, -0.0, 0.0, 0.0, 0.0, 1.0],
                [1.0, 1.9e-05, 1.4e-05, -0.0, -2e-05, 0.376019, 0.926612, 0.374726, 1.3e-05, -0.926612, 0.376019, -0.0, 0.0, 0.0, 0.0, 1.0],
                [1.0, 1.9e-05, 1.3e-05, -0.0, -2e-05, 0.42175, 0.906712, 0.374726, 1.2e-05, -0.906713, 0.42175, -0.0, 0.0, 0.0, 0.0, 1.0],
                [1.0, 1.8e-05, 1.2e-05, 0.0, -1.9e-05, 0.476054, 0.879416, 0.374726, 1.1e-05, -0.879416, 0.476054, -0.0, 0.0, 0.0, 0.0, 1.0],
                [1.0, 1.8e-05, 1e-05, -0.0, -1.8e-05, 0.538703, 0.842495, 0.374726, 9e-06, -0.842496, 0.538703, -0.0, 0.0, 0.0, 0.0, 1.0],
                [1.0, 1.7e-05, 9e-06, 0.0, -1.7e-05, 0.609883, 0.792491, 0.374726, 8e-06, -0.792492, 0.609883, 0.0, 0.0, 0.0, 0.0, 1.0],
                [1.0, 1.5e-05, 7e-06, -0.0, -1.6e-05, 0.689519, 0.724267, 0.374726, 6e-06, -0.724268, 0.689519, 0.0, 0.0, 0.0, 0.0, 1.0],
                [1.0, 1.6e-05, 8e-06, 0.0, -1.7e-05, 0.645669, 0.763617, 0.374726, 7e-06, -0.763618, 0.645669, -0.0, 0.0, 0.0, 0.0, 1.0],
                [1.0, 1.7e-05, 9e-06, -0.0, -1.7e-05, 0.602593, 0.798048, 0.374726, 8e-06, -0.798048, 0.602593, -0.0, 0.0, 0.0, 0.0, 1.0],
                [1.0, 1.7e-05, 1e-05, -0.0, -1.8e-05, 0.560133, 0.828402, 0.374726, 9e-06, -0.828403, 0.560133, 0.0, 0.0, 0.0, 0.0, 1.0],
                [1.0, 1.8e-05, 1.1e-05, -0.0, -1.9e-05, 0.518458, 0.855102, 0.374726, 1e-05, -0.855103, 0.518458, -0.0, 0.0, 0.0, 0.0, 1.0],
                [1.0, 1.8e-05, 1.2e-05, -0.0, -1.9e-05, 0.477469, 0.878648, 0.374726, 1.1e-05, -0.878648, 0.477469, -0.0, 0.0, 0.0, 0.0, 1.0],
                [1.0, 1.9e-05, 1.3e-05, -0.0, -2e-05, 0.437064, 0.89943, 0.374726, 1.1e-05, -0.89943, 0.437064, -0.0, 0.0, 0.0, 0.0, 1.0],
                [1.0, 1.9e-05, 1.3e-05, -0.0, -2e-05, 0.397481, 0.917609, 0.374726, 1.2e-05, -0.91761, 0.397482, -0.0, 0.0, 0.0, 0.0, 1.0],
                [1.0, 2e-05, 1.4e-05, 0.0, -2e-05, 0.358587, 0.933495, 0.374726, 1.3e-05, -0.933497, 0.358588, -0.0, 0.0, 0.0, 0.0, 1.0],
                [1.0, 2e-05, 1.5e-05, -0.0, -2.1e-05, 0.320383, 0.947288, 0.374726, 1.4e-05, -0.947288, 0.320383, 0.0, 0.0, 0.0, 0.0, 1.0],
                [1.0, 2e-05, 1.6e-05, 0.0, -2.1e-05, 0.282896, 0.95915, 0.374726, 1.5e-05, -0.959151, 0.282896, 0.0, 0.0, 0.0, 0.0, 1.0],
                [1.0, 2.1e-05, 1.9e-05, -0.0, -2.1e-05, 0.14904, 0.988831, 0.374726, 1.8e-05, -0.988831, 0.14904, 0.0, 0.0, 0.0, 0.0, 1.0],
