{
    "animation": [
        {
            "name": "Root",
            "time": [0.0, 0.0167, 0.0333, 0.05, 0.0667, 0.0833, 0.1, 0.1167, 0.1333, 0.15, 0.1667, 0.1833, 0.2, 0.2167, 0.2333, 0.25, 0.2667, 0.2833, 0.3, 0.3167, 0.3333, 0.35, 0.3667, 0.3833, 0.4, 0.4167, 0.4333, 0.45, 0.4667, 0.4833, 0.5, 0.5167, 0.5333, 0.55, 0.5667, 0.5833, 0.6, 0.6167, 0.6333, 0.65, 0.6667, 0.6833, 0.7, 0.7167, 0.7333, 0.75, 0.7667, 0.7833, 0.8, 0.8167, 0.8333, 0.85, 0.8667, 0.8833, 0.9, 0.9167, 0.9333, 0.95, 0.9667, 0.9833, 1.0],
            "transform": [
                [1.0, 0.0, 0.0, -5e-06, 0.0, 0.0, -1.0, 0.000946, 0.0, 1.0, 0.0, 0.763972, 0.0, 0.0, 0.0, 1.0],
                [1.0, 0.0, 0.0, -5e-06, 0.0, 0.0, -1.0, 0.000946, 0.0, 1.0, 0.0, 0.763093, 0.0, 0.0, 0.0, 1.0],
                [1.0, 0.0, 0.0, -5e-06, 0.0, 0.0, -1.0, 0.000946, 0.0, 1.0, 0.0, 0.76071, 0.0, 0.0, 0.0, 1.0],
                [1.0, 0.0, 0.0, -5e-06, 0.0, 0.0, -1.0, 0.000946, 0.0, 1.0, 0.0, 0.757198, 0.0, 0.0, 0.0, 1.0],
                [1.0, 0.0, 0.0, -5e-06, 0.0, 0.0, -1.0, 0.000946, 0.0, 1.0, 0.0, 0.752932, 0.0, 0.0, 0.0, 1.0],
                [1.0, 0.0, 0.0, -5e-06, 0.0, 0.0, -1.0, 0.000946, 0.0, 1.0, 0.0, 0.748291, 0.0, 0.0, 0.0, 1.0],
                [1.0, 0.0, 0.0, -5e-06, 0.0, 0.0, -1.0, 0.000946, 0.0, 1.0, 0.0, 0.74365, 0.0, 0.0, 0.0, 1.0],
                [1.0, 0.0, 0.0, -5e-06, 0.0, 0.0, -1.0, 0.000946, 0.0, 1.0, 0.0, 0.739384, 0.0, 0.0, 0.0, 1.0],
                [1.0, 0.0, 0.0, -5e-06, 0.0, 0.0, -1.0, 0.000946, 0.0, 1.0, 0.0, 0.735872, 0.0, 0.0, 0.0, 1.0],
                [1.0, 0.0, 0.0, -5e-06, 0.0, 0.0, -1.0, 0.000946, 0.0, 1.0, 0.0, 0.733489, 0.0, 0.0, 0.0, 1.0],
                [1.0, 0.0, 0.0, -5e-06, 0.0, 0.0, -1.0, 0.000946, 0.0, 1.0, 0.0, 0.732611, 0.0, 0.0, 0.0, 1.0],
                [1.0, 0.0, 0.0, -5e-06, 0.0, 0.0, -1.0, 0.000946, 0.0, 1.0, 0.0, 0.732631, 0.0, 0.0, 0.0, 1.0],
                [1.0, 0.0, 0.0, -5e-06, 0.0, 0.0, -1.0, 0.000946, 0.0, 1.0, 0.0, 0.732778, 0.0, 0.0, 0.0, 1.0],
                [1.0, 0.0, 0.0, -5e-06, 0.0, 0.0, -1.0, 0.000946, 0.0, 1.0, 0.0, 0.733175, 0.0, 0.0, 0.0, 1.0],
                [1.0, 0.0, 0.0, -5e-06, 0.0, 0.0, -1.0, 0.000946, 0.0, 1.0, 0.0, 0.733948, 0.0, 0.0, 0.0, 1.0],
                [1.0, 0.0, 0.0, -5e-06, 0.0, 0.0, -1.0, 0.000946, 0.0, 1.0, 0.0, 0.735222, 0.0, 0.0, 0.0, 1.0],
                [1.0, 0.0, 0.0, -5e-06, 0.0, 0.0, -1.0, 0.000946, 0.0, 1.0, 0.0, 0.737124, 0.0, 0.0, 0.0, 1.0],
                [1.0, 0.0, 0.0, -5e-06, 0.0, 0.0, -1.0, 0.000946, 0.0, 1.0, 0.0, 0.739777, 0.0, 0.0, 0.0, 1.0],
                [1.0, 0.0, 0.0, -5e-06, 0.0, 0.0, -1.0, 0.000946, 0.0, 1.0, 0.0, 0.743308, 0.0, 0.0, 0.0, 1.0],
                [1.0, 0.0, 0.0, -5e-06, 0.0, 0.0, -1.0, 0.000946, 0.0, 1.0, 0.0, 0.747843, 0.0, 0.0, 0.0, 1.0],
                [1.0, 0.0, 0.0, -5e-06, 0.0, 0.0, -1.0, 0.000946, 0.0, 1.0, 0.0, 0.753505, 0.0, 0.0, 0.0, 1.0],
                [1.0, 0.0, 0.0, -5e-06, 0.0, 0.0, -1.0, 0.000946, 0.0, 1.0, 0.0, 0.760663, 0.0, 0.0, 0.0, 1.0],
                [1.0, 0.0, 0.0, -5e-06, 0.0, 0.0, -1.0, 0.000946, 0.0, 1.0, 0.0, 0.769257, 0.0, 0.0, 0.0, 1.0],
                [1.0, 0.0, 0.0, -5e-06, 0.0, 0.0, -1.0, 0.000946, 0.0, 1.0, 0.0, 0.778771, 0.0, 0.0, 0.0, 1.0],
                [1.0, 0.0, 0.0, -5e-06, 0.0, 0.0, -1.0, 0.000946, 0.0, 1.0, 0.0, 0.788689, 0.0, 0.0, 0.0, 1.0],
                [1.0, 0.0, 0.0, -5e-06, 0.0, 0.0, -1.0, 0.000946, 0.0, 1.0, 0.0, 0.798497, 0.0, 0.0, 0.0, 1.0],
                [1.0, 0.0, 0.0, -5e-06, 0.0, 0.0, -1.0, 0.000946, 0.0, 1.0, 0.0, 0.807677, 0.0, 0.0, 0.0, 1.0],
                [1.0, 0.0, 0.0, -5e-06, 0.0, 0.0, -1.0, 0.000946, 0.0, 1.0, 0.0, 0.815715, 0.0, 0.0, 0.0, 1.0],
                [1.0, 0.0, 0.0, -5e-06, 0.0, 0.0, -1.0, 0.000946, 0.0, 1.0, 0.0, 0.822095, 0.0, 0.0, 0.0, 1.0],
                [1.0, 0.0, 0.0, -5e-06, 0.0, 0.0, -1.0, 0.000946, 0.0, 1.0, 0.0, 0.826301, 0.0, 0.0, 0.0, 1.0],
                [1.0, 0.0, 0.0, -5e-06, 0.0, 0.0, -1.0, 0.000946, 0.0, 1.0, 0.0, 0.827818, 0.0, 0.0, 0.0, 1.0],
                [1.0, 0.0, 0.0, -5e-06, 0.0, 0.0, -1.0, 0.000946, 0.0, 1.0, 0.0, 0.82565, 0.0, 0.0, 0.0, 1.0],
                [1.0, 0.0, 0.0, -5e-06, 0.0, 0.0, -1.0, 0.000946, 0.0, 1.0, 0.0, 0.819766, 0.0, 0.0, 0.0, 1.0],
                [1.0, 0.0, 0.0, -5e-06, 0.0, 0.0, -1.0, 0.000946, 0.0, 1.0, 0.0, 0.811094, 0.0, 0.0, 0.0, 1.0],
                [1.0, 0.0, 0.0, -5e-06, 0.0, 0.0, -1.0, 0.000946, 0.0, 1.0, 0.0, 0.800565, 0.0, 0.0, 0.0, 1.0],
                [1.0, 0.0, 0.0, -5e-06, 0.0, 0.0, -1.0, 0.000946, 0.0, 1.0, 0.0, 0.789106, 0.0, 0.0, 0.0, 1.0],
                [1.0, 0.0, 0.0, -5e-06, 0.0, 0.0, -1.0, 0.000946, 0.0, 1.0, 0.0, 0.777647, 0.0, 0.0, 0.0, 1.0],
                [1.0, 0.0, 0.0, -5e-06, 0.0, 0.0, -1.0, 0.000946, 0.0, 1.0, 0.0, 0.767118, 0.0, 0.0, 0.0, 1.0],
                [1.0, 0.0, 0.0, -5e-06, 0.0, 0.0, -1.0, 0.000946, 0.0, 1.0, 0.0, 0.758446, 0.0, 0.0, 0.0, 1.0],
                [1.0, 0.0, 0.0, -5e-06, 0.0, 0.0, -1.0, 0.000946, 0.0, 1.0, 0.0, 0.752562, 0.0, 0.0, 0.0, 1.0],
                [1.0, 0.0, 0.0, -5e-06, 0.0, 0.0, -1.0, 0.000946, 0.0, 1.0, 0.0, 0.750394, 0.0, 0.0, 0.0, 1.0],
                [1.0, 0.0, 0.0, -5e-06, 0.0, 0.0, -1.0, 0.000946, 0.0, 1.0, 0.0, 0.751153, 0.0, 0.0, 0.0, 1.0],
                [1.0, 0.0, 0.0, -5e-06, 0.0, 0.0, -1.0, 0.000946, 0.0, 1.0, 0.0, 0.753214, 0.0, 0.0, 0.0, 1.0],
                [1.0, 0.0, 0.0, -5e-06, 0.0, 0.0, -1.0, 0.000946, 0.0, 1.0, 0.0, 0.756251, 0.0, 0.0, 0.0, 1.0],
                [1.0, 0.0, 0.0, -5e-06, 0.0, 0.0, -1.0, 0.000946, 0.0, 1.0, 0.0, 0.759938, 0.0, 0.0, 0.0, 1.0],
                [1.0, 0.0, 0.0, -5e-06, 0.0, 0.0, -1.0, 0.000946, 0.0, 1.0, 0.0, 0.76395, 0.0, 0.0, 0.0, 1.0],
                [1.0, 0.0, 0.0, -5e-06, 0.0, 0.0, -1.0, 0.000946, 0.0, 1.0, 0.0, 0.767963, 0.0, 0.0, 0.0, 1.0],
                [1.0, 0.0, 0.0, -5e-06, 0.0, 0.0, -1.0, 0.000946, 0.0, 1.0, 0.0, 0.77165, 0.0, 0.0, 0.0, 1.0],
                [1.0, 0.0, 0.0, -5e-06, 0.0, 0.0, -1.0, 0.000946, 0.0, 1.0, 0.0, 0.774687, 0.0, 0.0, 0.0, 1.0],
                [1.0, 0.0, 0.0, -5e-06, 0.0, 0.0, -1.0, 0.000946, 0.0, 1.0, 0.0, 0.776747, 0.0, 0.0, 0.0, 1.0],
                [1.0, 0.0, 0.0, -5e-06, 0.0, 0.0, -1.0, 0.000946, 0.0, 1.0, 0.0, 0.777507, 0.0, 0.0, 0.0, 1.0],
                [1.0, 0.0, 0.0, -5e-06, 0.0, 0.0, -1.0, 0.000946, 0.0, 1.0, 0.0, 0.777128, 0.0, 0.0, 0.0, 1.0],
                [1.0, 0.0, 0.0, -5e-06, 0.0, 0.0, -1.0, 0.000946, 0.0, 1.0, 0.0, 0.776099, 0.0, 0.0, 0.0, 1.0],
                [1.0, 0.0, 0.0, -5e-06, 0.0, 0.0, -1.0, 0.000946, 0.0, 1.0, 0.0, 0.774583, 0.0, 0.0, 0.0, 1.0],
                [1.0, 0.0, 0.0, -5e-06, 0.0, 0.0, -1.0, 0.000946, 0.0, 1.0, 0.0, 0.772742, 0.0, 0.0, 0.0, 1.0],
                [1.0, 0.0, 0.0, -5e-06, 0.0, 0.0, -1.0, 0.000946, 0.0, 1.0, 0.0, 0.770739, 0.0, 0.0, 0.0, 1.0],
                [1.0, 0.0, 0.0, -5e-06, 0.0, 0.0, -1.0, 0.000946, 0.0, 1.0, 0.0, 0.768736, 0.0, 0.0, 0.0, 1.0],
                [1.0, 0.0, 0.0, -5e-06, 0.0, 0.0, -1.0, 0.000946, 0.0, 1.0, 0.0, 0.766895, 0.0, 0.0, 0.0, 1.0],
                [1.0, 0.0, 0.0, -5e-06, 0.0, 0.0, -1.0, 0.000946, 0.0, 1.0, 0.0, 0.765379, 0.0, 0.0, 0.0, 1.0],
                [1.0, 0.0, 0.0, -5e-06, 0.0, 0.0, -1.0, 0.000946, 0.0, 1.0, 0.0, 0.764351, 0.0, 0.0, 0.0, 1.0],
                [1.0, 0.0, 0.0, -5e-06, 0.0, 0.0, -1.0, 0.000946, 0.0, 1.0, 0.0, 0.763972, 0.0, 0.0, 0.0, 1.0]
            ]
        },
        {
            "name": "Thigh_R",
            "time": [0.0, 0.0167, 0.0333, 0.05, 0.0667, 0.0833, 0.1, 0.1167, 0.1333, 0.15, 0.1667, 0.1833, 0.2, 0.2167, 0.2333, 0.25, 0.2667, 0.2833, 0.3, 0.3167, 0.3333, 0.35, 0.3667, 0.3833, 0.4, 0.4167, 0.4333, 0.45, 0.4667, 0.4833, 0.5, 0.5167, 0.5333, 0.55, 0.5667, 0.5833, 0.6, 0.6167, 0.6333, 0.65, 0.6667, 0.6833, 0.7, 0.7167, 0.7333, 0.75, 0.7667, 0.7833, 0.8, 0.8167, 0.8333, 0.85, 0.8667, 0.8833, 0.9, 0.9167, 0.9333, 0.95, 0.9667, 0.9833, 1.0],
            "transform": [
                [1.0, -1.4e-05, 6e-06, 0.124994, -1.2e-05, -0.470312, 0.882501, -0.002831, -1e-05, -0.8825, -0.470312, -1.2e-05, 0.0, 0.0, 0.0, 1.0],
                [1.0, -1.4e-05, 6e-06, 0.124994, -1.2e-05, -0.474059, 0.880493, -0.002831, -1e-05, -0.880493, -0.474059, -1.2e-05, 0.0, 0.0, 0.0, 1.0],
                [1.0, -1.4e-05, 5e-06, 0.124994, -1.1e-05, -0.485354, 0.874318, -0.002831, -1e-05, -0.874318, -0.485354, -1.2e-05, 0.0, 0.0, 0.0, 1.0],
                [1.0, -1.3e-05, 5e-06, 0.124994, -1.1e-05, -0.504776, 0.863251, -0.002831, -9e-06, -0.863251, -0.504776, -1.2e-05, 0.0, 0.0, 0.0, 1.0],
                [1.0, -1.3e-05, 4e-06, 0.124994, -1e-05, -0.533078, 0.846067, -0.002831, -9e-06, -0.846066, -0.533078, -1.2e-05, 0.0, 0.0, 0.0, 1.0],
                [1.0, -1.2e-05, 3e-06, 0.124994, -9e-06, -0.57042, 0.821353, -0.002831, -8e-06, -0.821353, -0.57042, -1.2e-05, 0.0, 0.0, 0.0, 1.0],
                [1.0, -1e-05, 2e-06, 0.124994, -8e-06, -0.616678, 0.787216, -0.002831, -7e-06, -0.787216, -0.616678, -1.2e-05, 0.0, 0.0, 0.0, 1.0],
                [1.0, -9e-06, 1e-06, 0.124994, -7e-06, -0.670967, 0.741488, -0.002831, -6e-06, -0.741488, -0.670967, -1.2e-05, 0.0, 0.0, 0.0, 1.0],
                [1.0, -7e-06, 0.0, 0.124994, -5e-06, -0.732181, 0.681111, -0.002831, -4e-06, -0.68111, -0.732181, -1.2e-05, 0.0, 0.0, 0.0, 1.0],
                [1.0, -5e-06, -0.0, 0.124994, -4e-06, -0.799648, 0.60047, -0.002831, -3e-06, -0.60047, -0.799647, -1.2e-05, 0.0, 0.0, 0.0, 1.0],
                [1.0, -1e-06, -0.0, 0.124994, -1e-06, -0.882895, 0.469572, -0.002831, -1e-06, -0.469572, -0.882894, -1.2e-05, 0.0, 0.0, 0.0, 1.0],
                [1.0, -0.0, -0.0, 0.124994, -0.0, -0.916685, 0.399612, -0.002831, -0.0, -0.399612, -0.916685, -1.2e-05, 0.0, 0.0, 0.0, 1.0],
                [1.0, -0.0, -0.0, 0.124994, -0.0, -0.925756, 0.378124, -0.002831, -0.0, -0.378124, -0.925755, -1.2e-05, 0.0, 0.0, 0.0, 1.0],
                [1.0, -0.0, -0.0, 0.124994, -0.0, -0.937313, 0.348491, -0.002831, -0.0, -0.348491, -0.937312, -1.2e-05, 0.0, 0.0, 0.0, 1.0],
                [1.0, -0.0, -0.0, 0.124994, -0.0, -0.950125, 0.31187, -0.002831, -0.0, -0.31187, -0.950125, -1.2e-05, 0.0, 0.0, 0.0, 1.0],
                [1.0, -0.0, -0.0, 0.124994, -0.0, -0.962979, 0.26958, -0.002831, -0.0, -0.26958, -0.962978, -1.2e-05, 0.0, 0.0, 0.0, 1.0],
                [1.0, -1e-06, -0.0, 0.124994, -1e-06, -0.959564, 0.281492, -0.002831, -1e-06, -0.281492, -0.959564, -1.2e-05, 0.0, 0.0, 0.0, 1.0],
                [1.0, -2e-06, -0.0, 0.124994, -2e-06, -0.960058, 0.279801, -0.002831, -1e-06, -0.279801, -0.960058, -1.2e-05, 0.0, 0.0, 0.0, 1.0],
                [1.0, -3e-06, -0.0, 0.124994, -3e-06, -0.969613, 0.244646, -0.002831, -1e-06, -0.244646, -0.969613, -1.2e-05, 0.0, 0.0, 0.0, 1.0],
                [1.0, -2e-06, -0.0, 0.124994, -2e-06, -0.982783, 0.184768, -0.002831, -0.0, -0.184768, -0.982782, -1.2e-05, 0.0, 0.0, 0.0, 1.0],
                [1.0, -1e-06, -0.0, 0.124994, -1e-06, -0.998048, 0.062463, -0.002831, -0.0, -0.062463, -0.998047, -1.2e-05, 0.0, 0.0, 0.0, 1.0],
                [1.0, -0.0, -0.0, 0.124994, -0.0, -0.999915, 0.013112, -0.002831, -0.0, -0.013112, -0.999914, -1.2e-05, 0.0, 0.0, 0.0, 1.0],
                [1.0, -0.0, -0.0, 0.124994, -0.0, -0.999946, -0.010454, -0.002831, -0.0, 0.010454, -0.999945, -1.2e-05, 0.0, 0.0, 0.0, 1.0],
                [1.0, -0.0, -0.0, 0.124994, -0.0, -0.999601, -0.028256, -0.002831, -0.0, 0.028256, -0.999601, -1.2e-05, 0.0, 0.0, 0.0, 1.0],
                [1.0, -0.0, -0.0, 0.124994, -0.0, -0.999134, -0.041623, -0.002831, -0.0, 0.041623, -0.999133, -1.2e-05, 0.0, 0.0, 0.0, 1.0],
                [1.0, -0.0, -0.0, 0.124994, -0.0, -0.998658, -0.0518, -0.002831, -0.0, 0.0518, -0.998658, -1.2e-05, 0.0, 0.0, 0.0, 1.0],
                [1.0, -0.0, -0.0, 0.124994, -0.0, -0.9982, -0.059986, -0.002831, -0.0, 0.059986, -0.998199, -1.2e-05, 0.0, 0.0, 0.0, 1.0],
                [1.0, -1e-06, 0.0, 0.124994, -1e-06, -0.99997, -0.007779, -0.002831, 0.0, 0.007779, -0.99997, -1.2e-05, 0.0, 0.0, 0.0, 1.0],
                [1.0, -2e-06, 0.0, 0.124994, -2e-06, -0.999696, 0.024686, -0.002831, 0.0, -0.024686, -0.999695, -1.2e-05, 0.0, 0.0, 0.0, 1.0],
                [1.0, -3e-06, 0.0, 0.124994, -3e-06, -0.999435, 0.033644, -0.002831, 0.0, -0.033644, -0.999434, -1.2e-05, 0.0, 0.0, 0.0, 1.0],
                [1.0, -3e-06, 0.0, 0.124994, -3e-06, -0.999769, 0.021548, -0.002831, 0.0, -0.021548, -0.999768, -1.2e-05, 0.0, 0.0, 0.0, 1.0],
                [1.0, -3e-06, 0.0, 0.124994, -3e-06, -0.999993, 0.003971, -0.002831, 0.0, -0.003971, -0.999992, -1.2e-05, 0.0, 0.0, 0.0, 1.0],
                [1.0, -3e-06, 0.0, 0.124994, -3e-06, -0.999995, -0.003348, -0.002831, 0.0, 0.003348, -0.999994, -1.2e-05, 0.0, 0.0, 0.0, 1.0],
                [1.0, -3e-06, 0.0, 0.124994, -3e-06, -0.999971, -0.007753, -0.002831, 0.0, 0.007753, -0.99997, -1.2e-05, 0.0, 0.0, 0.0, 1.0],
                [1.0, -4e-06, 0.0, 0.124994, -4e-06, -0.999894, -0.014569, -0.002831, 0.0, 0.014569, -0.999894, -1.2e-05, 0.0, 0.0, 0.0, 1.0],
                [1.0, -4e-06, 0.0, 0.124994, -4e-06, -0.999653, -0.026354, -0.002831, 0.0, 0.026354, -0.999653, -1.2e-05, 0.0, 0.0, 0.0, 1.0],
                [1.0, -4e-06, 0.0, 0.124994, -4e-06, -0.999008, -0.044544, -0.002831, 0.0, 0.044544, -0.999007, -1.2e-05, 0.0, 0.0, 0.0, 1.0],
                [1.0, -4e-06, 0.0, 0.124994, -4e-06, -0.997538, -0.07014, -0.002831, 1e-06, 0.07014, -0.997537, -1.2e-05, 0.0, 0.0, 0.0, 1.0],
                [1.0, -4e-06, 0.0, 0.124994, -4e-06, -0.99456, -0.104172, -0.002831, 1e-06, 0.104172, -0.994559, -1.2e-05, 0.0, 0.0, 0.0, 1.0],
                [1.0, -3e-06, 0.0, 0.124994, -3e-06, -0.988896, -0.148611, -0.002831, 1e-06, 0.148611, -0.988896, -1.2e-05, 0.0, 0.0, 0.0, 1.0],
                [1.0, -3e-06, 0.0, 0.124994, -3e-06, -0.977684, -0.210084, -0.002831, 1e-06, 0.210084, -0.977683, -1.2e-05, 0.0, 0.0, 0.0, 1.0],
                [1.0, -2e-06, -0.0, 0.124994, -2e-06, -0.961306, -0.275484, -0.002831, 0.0, 0.275484, -0.961306, -1.2e-05, 0.0, 0.0, 0.0, 1.0],
                [1.0, -2e-06, -0.0, 0.124994, -1e-06, -0.954662, -0.297693, -0.002831, 0.0, 0.297693, -0.954662, -1.2e-05, 0.0, 0.0, 0.0, 1.0],
                [1.0, -2e-06, 0.0, 0.124994, -2e-06, -0.961021, -0.276479, -0.002831, 1e-06, 0.276479, -0.96102, -1.2e-05, 0.0, 0.0, 0.0, 1.0],
                [1.0, -3e-06, 0.0, 0.124994, -3e-06, -0.969983, -0.243174, -0.002831, 1e-06, 0.243174, -0.969983, -1.2e-05, 0.0, 0.0, 0.0, 1.0],
                [1.0, -5e-06, 0.0, 0.124994, -4e-06, -0.978234, -0.207508, -0.002831, 1e-06, 0.207508, -0.978233, -1.2e-05, 0.0, 0.0, 0.0, 1.0],
                [1.0, -6e-06, 1e-06, 0.124994, -5e-06, -0.985092, -0.172031, -0.002831, 2e-06, 0.172031, -0.985092, -1.2e-05, 0.0, 0.0, 0.0, 1.0],
                [1.0, -7e-06, 1e-06, 0.124994, -6e-06, -0.990531, -0.137295, -0.002831, 2e-06, 0.137295, -0.99053, -1.2e-05, 0.0, 0.0, 0.0, 1.0],
                [1.0, -8e-06, 1e-06, 0.124994, -7e-06, -0.994601, -0.103782, -0.002831, 2e-06, 0.103782, -0.9946, -1.2e-05, 0.0, 0.0, 0.0, 1.0],
                [1.0, -9e-06, 2e-06, 0.124994, -8e-06, -0.997432, -0.071626, -0.002831, 2e-06, 0.071626, -0.997432, -1.2e-05, 0.0, 0.0, 0.0, 1.0],
                [1.0, -9e-06, 2e-06, 0.124994, -9e-06, -0.999171, -0.040717, -0.002831, 2e-06, 0.040717, -0.999171, -1.2e-05, 0.0, 0.0, 0.0, 1.0],
                [1.0, -1e-05, 3e-06, 0.124994, -1e-05, -0.999728, 0.023349, -0.002831, 2e-06, -0.023349, -0.999727, -1.2e-05, 0.0, 0.0, 0.0, 1.0],
                [1.0, -1.2e-05, 3e-06, 0.124994, -1.2e-05, -0.990173, 0.13985, -0.002831, 2e-06, -0.13985, -0.990173, -1.2e-05, 0.0, 0.0, 0.0, 1.0],
                [1.0, -1.3e-05, 4e-06, 0.124994, -1.4e-05, -0.95794, 0.28697, -0.002831, 0.0, -0.286969, -0.95794, -1.2e-05, 0.0, 0.0, 0.0, 1.0],
                [1.0, -1.4e-05, 5e-06, 0.124994, -1.5e-05, -0.896131, 0.443791, -0.002831, -2e-06, -0.443791, -0.896131, -1.2e-05, 0.0, 0.0, 0.0, 1.0],
                [1.0, -1.5e-05, 6e-06, 0.124994, -1.5e-05, -0.807182, 0.590302, -0.002831, -4e-06, -0.590302, -0.807182, -1.2e-05, 0.0, 0.0, 0.0, 1.0],
                [1.0, -1.5e-05, 6e-06, 0.124994, -1.5e-05, -0.704465, 0.709739, -0.002831, -6e-06, -0.709739, -0.704465, -1.2e-05, 0.0, 0.0, 0.0, 1.0],
                [1.0, -1.5e-05, 6e-06, 0.124994, -1.4e-05, -0.607246, 0.794514, -0.002831, -8e-06, -0.794514, -0.607246, -1.2e-05, 0.0, 0.0, 0.0, 1.0],
                [1.0, -1.5e-05, 6e-06, 0.124994, -1.3e-05, -0.531835, 0.846848, -0.002831, -9e-06, -0.846848, -0.531835, -1.2e-05, 0.0, 0.0, 0.0, 1.0],
                [1.0, -1.4e-05, 6e-06, 0.124994, -1.2e-05, -0.485766, 0.87409, -0.002831, -1e-05, -0.874089, -0.485766, -1.2e-05, 0.0, 0.0, 0.0, 1.0],
                [1.0, -1.4e-05, 6e-06, 0.124994, -1.2e-05, -0.470312, 0.882501, -0.002831, -1e-05, -0.882501, -0.470312, -1.2e-05, 0.0, 0.0, 0.0, 1.0]
            ]
        },
        {
            "name": "Leg_R",
            "time": [0.0, 0.0167, 0.0333, 0.05, 0.0667, 0.0833, 0.1, 0.1167, 0.1333, 0.15, 0.1667, 0.1833, 0.2, 0.2167, 0.2333, 0.25, 0.2667, 0.2833, 0.3, 0.3167, 0.3333, 0.35, 0.3667, 0.3833, 0.4, 0.4167, 0.4333, 0.45, 0.4667, 0.4833, 0.5, 0.5167, 0.5333, 0.55, 0.5667, 0.5833, 0.6, 0.6167, 0.6333, 0.65, 0.6667, 0.6833, 0.7, 0.7167, 0.7333, 0.75, 0.7667, 0.7833, 0.8, 0.8167, 0.8333, 0.85, 0.8667, 0.8833, 0.9, 0.9167, 0.9333, 0.95, 0.9667, 0.9833, 1.0],
            "transform": [
                [1.0, 2.1e-05, 2e-05, 0.0, -2.2e-05, 0.069243, 0.9976, 0.374726, 1.9e-05, -0.997599, 0.069243, -0.0, 0.0, 0.0, 0.0, 1.0],
                [1.0, 2.1e-05, 2e-05, -0.0, -2.2e-05, 0.086226, 0.996276, 0.374726, 1.9e-05, -0.996275, 0.086226, -0.0, 0.0, 0.0, 0.0, 1.0],
                [1.0, 2.1e-05, 1.9e-05, -0.0, -2.2e-05, 0.133933, 0.99099, 0.374726, 1.8e-05, -0.99099, 0.133933, 0.0, 0.0, 0.0, 0.0, 1.0],
                [1.0, 2.1e-05, 1.7e-05, 0.0, -2.1e-05, 0.208145, 0.978098, 0.374726, 1.6e-05, -0.978098, 0.208145, -0.0, 0.0, 0.0, 0.0, 1.0],
                [1.0, 2e-05, 1.5e-05, -0.0, -2.1e-05, 0.304864, 0.952396, 0.374726, 1.4e-05, -0.952396, 0.304864, 0.0, 0.0, 0.0, 0.0, 1.0],
                [1.0, 1.9e-05, 1.3e-05, -0.0, -2e-05, 0.418959, 0.908005, 0.374726, 1.2e-05, -0.908005, 0.418959, -0.0, 0.0, 0.0, 0.0, 1.0],
                [1.0, 1.8e-05, 1e-05, -0.0, -1.8e-05, 0.544616, 0.838686, 0.374726, 9e-06, -0.838686, 0.544616, 0.0, 0.0, 0.0, 0.0, 1.0],
                [1.0, 1.5e-05, 8e-06, 0.0, -1.6e-05, 0.674159, 0.738586, 0.374726, 6e-06, -0.738586, 0.674159, 0.0, 0.0, 0.0, 0.0, 1.0],
                [1.0, 1.3e-05, 5e-06, -0.0, -1.3e-05, 0.798701, 0.601728, 0.374726, 4e-06, -0.601728, 0.798701, -0.0, 0.0, 0.0, 0.0, 1.0],
                [1.0, 9e-06, 3e-06, 0.0, -9e-06, 0.908054, 0.418853, 0.374726, 1e-06, -0.418853, 0.908054, -0.0, 0.0, 0.0, 0.0, 1.0],
                [1.0, 3e-06, 1e-06, 0.0, -3e-06, 0.991515, 0.129993, 0.374726, -1e-06, -0.129993, 0.991515, -0.0, 0.0, 0.0, 0.0, 1.0],
                [1.0, 0.0, 1e-06, -0.0, -0.0, 0.999999, 0.00146, 0.374726, -1e-06, -0.00146, 0.999999, -0.0, 0.0, 0.0, 0.0, 1.0],
                [1.0, 0.0, 1e-06, -0.0, -0.0, 0.999999, 0.001461, 0.374726, -1e-06, -0.001461, 0.999999, -0.0, 0.0, 0.0, 0.0, 1.0],
                [1.0, 0.0, 1e-06, -0.0, -0.0, 0.999999, 0.001461, 0.374726, -1e-06, -0.001461, 0.999999, 0.0, 0.0, 0.0, 0.0, 1.0],
                [1.0, 0.0, 1e-06, 0.0, -0.0, 0.999999, 0.00146, 0.374726, -1e-06, -0.00146, 0.999999, -0.0, 0.0, 0.0, 0.0, 1.0],
                [1.0, 0.0, 1e-06, 0.0, -0.0, 0.999999, 0.00146, 0.374726, -1e-06, -0.00146, 0.999999, 0.0, 0.0, 0.0, 0.0, 1.0],
                [1.0, 3e-06, 1e-06, -0.0, -3e-06, 0.992595, 0.121468, 0.374726, -1e-06, -0.121468, 0.992595, -0.0, 0.0, 0.0, 0.0, 1.0],
                [1.0, 5e-06, 1e-06, 0.0, -5e-06, 0.976608, 0.215025, 0.374726, -0.0, -0.215025, 0.976609, 0.0, 0.0, 0.0, 0.0, 1.0],
                [1.0, 5e-06, 1e-06, 0.0, -5e-06, 0.971212, 0.238214, 0.374726, -0.0, -0.238215, 0.971212, -0.0, 0.0, 0.0, 0.0, 1.0],
                [1.0, 4e-06, 1e-06, -0.0, -4e-06, 0.978519, 0.206157, 0.374726, -0.0, -0.206157, 0.978519, 0.0, 0.0, 0.0, 0.0, 1.0],
                [1.0, 1e-06, 1e-06, 0.0, -1e-06, 0.999253, 0.038646, 0.374726, -1e-06, -0.038646, 0.999253, -0.0, 0.0, 0.0, 0.0, 1.0],
                [1.0, 0.0, 1e-06, 0.0, -0.0, 0.999999, 0.00146, 0.374726, -1e-06, -0.00146, 0.999999, 0.0, 0.0, 0.0, 0.0, 1.0],
                [1.0, 0.0, 1e-06, -0.0, -0.0, 0.999999, 0.00146, 0.374726, -1e-06, -0.00146, 0.999999, -0.0, 0.0, 0.0, 0.0, 1.0],
                [1.0, 0.0, 1e-06, 0.0, -0.0, 0.999998, 0.00146, 0.374726, -1e-06, -0.00146, 0.999999, -0.0, 0.0, 0.0, 0.0, 1.0],
                [1.0, 0.0, 1e-06, 0.0, -0.0, 0.999999, 0.00146, 0.374726, -1e-06, -0.00146, 0.999999, 0.0, 0.0, 0.0, 0.0, 1.0],
                [1.0, 0.0, 1e-06, 0.0, -0.0, 0.999999, 0.00146, 0.374726, -1e-06, -0.00146, 0.999999, -0.0, 0.0, 0.0, 0.0, 1.0],
                [1.0, 0.0, 1e-06, -0.0, -0.0, 0.999999, 0.00146, 0.374726, -1e-06, -0.00146, 0.999999, 0.0, 0.0, 0.0, 0.0, 1.0],
                [1.0, 3e-06, 1e-06, -0.0, -3e-06, 0.992729, 0.120371, 0.374726, -1e-06, -0.120371, 0.992729, 0.0, 0.0, 0.0, 0.0, 1.0],
                [1.0, 4e-06, 1e-06, 0.0, -4e-06, 0.97986, 0.199684, 0.374726, -0.0, -0.199684, 0.97986, -0.0, 0.0, 0.0, 0.0, 1.0],
                [1.0, 5e-06, 1e-06, -0.0, -5e-06, 0.971945, 0.23521, 0.374726, -0.0, -0.23521, 0.971945, -0.0, 0.0, 0.0, 0.0, 1.0],
                [1.0, 5e-06, 1e-06, 0.0, -5e-06, 0.972044, 0.234798, 0.374726, -0.0, -0.234799, 0.972044, -0.0, 0.0, 0.0, 0.0, 1.0],
                [1.0, 5e-06, 1e-06, 0.0, -5e-06, 0.972967, 0.230941, 0.374726, -0.0, -0.230941, 0.972968, 0.0, 0.0, 0.0, 0.0, 1.0],
                [1.0, 5e-06, 1e-06, 0.0, -6e-06, 0.967196, 0.254028, 0.374726, -0.0, -0.254029, 0.967196, -0.0, 0.0, 0.0, 0.0, 1.0],
                [1.0, 6e-06, 2e-06, 0.0, -6e-06, 0.957531, 0.288329, 0.374726, 0.0, -0.288329, 0.957531, 0.0, 0.0, 0.0, 0.0, 1.0],
                [1.0, 7e-06, 2e-06, 0.0, -7e-06, 0.946687, 0.322154, 0.374726, 0.0, -0.322154, 0.946687, 0.0, 0.0, 0.0, 0.0, 1.0],
                [1.0, 7e-06, 2e-06, -0.0, -8e-06, 0.936997, 0.349336, 0.374726, 1e-06, -0.349337, 0.936997, 0.0, 0.0, 0.0, 0.0, 1.0],
                [1.0, 8e-06, 2e-06, 0.0, -8e-06, 0.930644, 0.365925, 0.374726, 1e-06, -0.365925, 0.930644, -0.0, 0.0, 0.0, 0.0, 1.0],
                [1.0, 8e-06, 2e-06, -0.0, -8e-06, 0.929562, 0.368665, 0.374726, 1e-06, -0.368666, 0.929562, -0.0, 0.0, 0.0, 0.0, 1.0],
                [1.0, 7e-06, 2e-06, -0.0, -8e-06, 0.935277, 0.353917, 0.374726, 1e-06, -0.353917, 0.935277, 0.0, 0.0, 0.0, 0.0, 1.0],
                [1.0, 7e-06, 2e-06, 0.0, -7e-06, 0.948885, 0.315618, 0.374726, 0.0, -0.315619, 0.948886, -0.0, 0.0, 0.0, 0.0, 1.0],
                [1.0, 5e-06, 1e-06, -0.0, -5e-06, 0.971412, 0.2374, 0.374726, -0.0, -0.2374, 0.971412, 0.0, 0.0, 0.0, 0.0, 1.0],
                [1.0, 3e-06, 1e-06, -0.0, -3e-06, 0.989643, 0.14355, 0.374726, -1e-06, -0.14355, 0.989643, -0.0, 0.0, 0.0, 0.0, 1.0],
                [1.0, 3e-06, 1e-06, 0.0, -3e-06, 0.990904, 0.134571, 0.374726, -1e-06, -0.134571, 0.990904, 0.0, 0.0, 0.0, 0.0, 1.0],
                [1.0, 4e-06, 1e-06, 0.0, -5e-06, 0.977001, 0.213231, 0.374726, -0.0, -0.213231, 0.977002, -0.0, 0.0, 0.0, 0.0, 1.0],
                [1.0, 7e-06, 2e-06, 0.0, -7e-06, 0.949884, 0.312601, 0.374726, 0.0, -0.312601, 0.949884, 0.0, 0.0, 0.0, 0.0, 1.0],
                [1.0, 9e-06, 3e-06, 0.0, -9e-06, 0.911571, 0.411141, 0.374726, 1e-06, -0.411142, 0.911571, 0.0, 0.0, 0.0, 0.0, 1.0],
                [1.0, 1.1e-05, 4e-06, 0.0, -1.1e-05, 0.864337, 0.502912, 0.374726, 2e-06, -0.502912, 0.864338, 0.0, 0.0, 0.0, 0.0, 1.0],
                [1.0, 1.2e-05, 5e-06, -0.0, -1.3e-05, 0.810058, 0.586348, 0.374726, 3e-06, -0.586349, 0.810059, 0.0, 0.0, 0.0, 0.0, 1.0],
                [1.0, 1.4e-05, 6e-06, -0.0, -1.4e-05, 0.750915, 0.660399, 0.374726, 5e-06, -0.660399, 0.750915, -0.0, 0.0, 0.0, 0.0, 1.0],
                [1.0, 1.5e-05, 7e-06, 0.0, -1.6e-05, 0.688855, 0.724898, 0.374726, 6e-06, -0.724899, 0.688855, -0.0, 0.0, 0.0, 0.0, 1.0],
                [1.0, 1.6e-05, 9e-06, 0.0, -1.7e-05, 0.625503, 0.780221, 0.374726, 7e-06, -0.780222, 0.625503, -0.0, 0.0, 0.0, 0.0, 1.0],
                [1.0, 1.8e-05, 1e-05, -0.0, -1.8e-05, 0.535018, 0.84484, 0.374726, 9e-06, -0.844841, 0.535019, 0.0, 0.0, 0.0, 0.0, 1.0],
                [1.0, 1.9e-05, 1.3e-05, -0.0, -2e-05, 0.405753, 0.913983, 0.374726, 1.2e-05, -0.913983, 0.405753, -0.0, 0.0, 0.0, 0.0, 1.0],
                [1.0, 2e-05, 1.6e-05, 0.0, -2.1e-05, 0.265307, 0.964163, 0.374726, 1.5e-05, -0.964164, 0.265307, -0.0, 0.0, 0.0, 0.0, 1.0],
                [1.0, 2.1e-05, 1.9e-05, 0.0, -2.1e-05, 0.140704, 0.990052, 0.374726, 1.8e-05, -0.990052, 0.140704, 0.0, 0.0, 0.0, 0.0, 1.0],
                [1.0, 2.1e-05, 2.1e-05, 0.0, -2.2e-05, 0.051278, 0.998685, 0.374726, 2e-05, -0.998684, 0.051278, -0.0, 0.0, 0.0, 0.0, 1.0],
                [1.0, 2.1e-05, 2.2e-05, -0.0, -2.2e-05, 0.00638, 0.99998, 0.374726, 2.1e-05, -0.99998, 0.00638, -0.0, 0.0, 0.0, 0.0, 1.0],
                [1.0, 2.1e-05, 2.2e-05, 0.0, -2.2e-05, 0.002599, 0.999997, 0.374726, 2.1e-05, -0.999997, 0.002599, 0.0, 0.0, 0.0, 0.0, 1.0],
                [1.0, 2.1e-05, 2.1e-05, 0.0, -2.2e-05, 0.025945, 0.999663, 0.374726, 2e-05, -0.999663, 0.025945, 0.0, 0.0, 0.0, 0.0, 1.0],
                [1.0, 2.1e-05, 2.1e-05, 0.0, -2.2e-05, 0.055368, 0.998466, 0.374726, 2e-05, -0.998466, 0.055368, -0.0, 0.0, 0.0, 0.0, 1.0],
                [1.0, 2.1e-05, 2e-05, 0.0, -2.2e-05, 0.069243, 0.9976, 0.374726, 1.9e-05, -0.997599, 0.069243, 0.0, 0.0, 0.0, 0.0, 1.0]
            ]
        },
        {
            "name": "Knee_R",
            "time": [0.0, 1.0],
            "transform": [
                [1.0, 0.0, -0.0, 0.0, -0.0, 0.00567, -0.999984, 0.476254, -0.0, 0.999984, 0.00567, -0.000576, 0.0, 0.0, 0.0, 1.0],
                [1.0, 0.0, -0.0, 0.0, -0.0, 0.00567, -0.999984, 0.476254, -0.0, 0.999984, 0.00567, -0.000576, 0.0, 0.0, 0.0, 1.0]
            ]
        },
        {
            "name": "Thigh_L",
            "time": [0.0, 0.0167, 0.0333, 0.05, 0.0667, 0.0833, 0.1, 0.1167, 0.1333, 0.15, 0.1667, 0.1833, 0.2, 0.2167, 0.2333, 0.25, 0.2667, 0.2833, 0.3, 0.3167, 0.3333, 0.35, 0.3667, 0.3833, 0.4, 0.4167, 0.4333, 0.45, 0.4667, 0.4833, 0.5, 0.5167, 0.5333, 0.55, 0.5667, 0.5833, 0.6, 0.6167, 0.6333, 0.65, 0.6667, 0.6833, 0.7, 0.7167, 0.7333, 0.75, 0.7667, 0.7833, 0.8, 0.8167, 0.8333, 0.85, 0.8667, 0.8833, 0.9, 0.9167, 0.9333, 0.95, 0.9667, 0.9833, 1.0],
            "transform": [
                [1.0, -5e-06, 1e-06, -0.125006, -5e-06, -0.998975, 0.045281, -0.002831, 0.0, -0.045281, -0.998974, -1.2e-05, 0.0, 0.0, 0.0, 1.0],
                [1.0, -5e-06, 1e-06, -0.125006, -5e-06, -0.999382, 0.03516, -0.002831, 0.0, -0.03516, -0.999382, -1.2e-05, 0.0, 0.0, 0.0, 1.0],
                [1.0, -5e-06, 1e-06, -0.125006, -5e-06, -0.999983, 0.005883, -0.002831, 0.0, -0.005883, -0.999983, -1.2e-05, 0.0, 0.0, 0.0, 1.0],
                [1.0, -5e-06, 0.0, -0.125006, -5e-06, -0.9991, -0.042435, -0.002831, 1e-06, 0.042435, -0.999099, -1.2e-05, 0.0, 0.0, 0.0, 1.0],
                [1.0, -5e-06, 0.0, -0.125006, -5e-06, -0.993968, -0.109672, -0.002831, 1e-06, 0.109672, -0.993968, -1.2e-05, 0.0, 0.0, 0.0, 1.0],
                [1.0, -4e-06, 0.0, -0.125006, -4e-06, -0.980625, -0.195896, -0.002831, 1e-06, 0.195896, -0.980625, -1.2e-05, 0.0, 0.0, 0.0, 1.0],
                [1.0, -3e-06, 0.0, -0.125006, -3e-06, -0.952841, -0.303471, -0.002831, 1e-06, 0.303471, -0.952841, -1.2e-05, 0.0, 0.0, 0.0, 1.0],
                [1.0, -0.0, -0.0, -0.125006, -0.0, -0.888217, -0.459425, -0.002831, -0.0, 0.459425, -0.888217, -1.2e-05, 0.0, 0.0, 0.0, 1.0],
                [1.0, -0.0, -0.0, -0.125006, -0.0, -0.869263, -0.494352, -0.002831, -0.0, 0.494352, -0.869262, -1.2e-05, 0.0, 0.0, 0.0, 1.0],
                [1.0, -0.0, -0.0, -0.125006, -0.0, -0.855203, -0.518294, -0.002831, 0.0, 0.518294, -0.855202, -1.2e-05, 0.0, 0.0, 0.0, 1.0],
                [1.0, -0.0, -0.0, -0.125006, -0.0, -0.848688, -0.528896, -0.002831, -0.0, 0.528896, -0.848687, -1.2e-05, 0.0, 0.0, 0.0, 1.0],
                [1.0, -0.0, -0.0, -0.125006, -0.0, -0.847734, -0.530423, -0.002831, -0.0, 0.530423, -0.847733, -1.2e-05, 0.0, 0.0, 0.0, 1.0],
                [1.0, -2e-06, -0.0, -0.125006, -1e-06, -0.882706, -0.469927, -0.002831, 1e-06, 0.469927, -0.882705, -1.2e-05, 0.0, 0.0, 0.0, 1.0],
                [1.0, -4e-06, 0.0, -0.125006, -3e-06, -0.924259, -0.381767, -0.002831, 2e-06, 0.381766, -0.924259, -1.2e-05, 0.0, 0.0, 0.0, 1.0],
                [1.0, -5e-06, 0.0, -0.125006, -4e-06, -0.949653, -0.313307, -0.002831, 2e-06, 0.313307, -0.949652, -1.2e-05, 0.0, 0.0, 0.0, 1.0],
                [1.0, -6e-06, 1e-06, -0.125006, -6e-06, -0.968698, -0.248243, -0.002831, 2e-06, 0.248243, -0.968698, -1.2e-05, 0.0, 0.0, 0.0, 1.0],
                [1.0, -7e-06, 1e-06, -0.125006, -7e-06, -0.983033, -0.18343, -0.002831, 2e-06, 0.183431, -0.983033, -1.2e-05, 0.0, 0.0, 0.0, 1.0],
                [1.0, -8e-06, 2e-06, -0.125006, -8e-06, -0.993042, -0.117768, -0.002831, 3e-06, 0.117768, -0.993041, -1.2e-05, 0.0, 0.0, 0.0, 1.0],
                [1.0, -9e-06, 2e-06, -0.125006, -9e-06, -0.998704, -0.050899, -0.002831, 2e-06, 0.050899, -0.998704, -1.2e-05, 0.0, 0.0, 0.0, 1.0],
                [1.0, -1e-05, 2e-06, -0.125006, -1e-05, -0.999852, 0.017231, -0.002831, 2e-06, -0.017231, -0.999852, -1.2e-05, 0.0, 0.0, 0.0, 1.0],
                [1.0, -1.1e-05, 3e-06, -0.125006, -1.1e-05, -0.996259, 0.08643, -0.002831, 2e-06, -0.08643, -0.996258, -1.2e-05, 0.0, 0.0, 0.0, 1.0],
                [1.0, -1.2e-05, 3e-06, -0.125006, -1.2e-05, -0.987734, 0.15615, -0.002831, 2e-06, -0.156149, -0.987733, -1.2e-05, 0.0, 0.0, 0.0, 1.0],
                [1.0, -1.2e-05, 4e-06, -0.125006, -1.3e-05, -0.974127, 0.226004, -0.002831, 1e-06, -0.226004, -0.974127, -1.2e-05, 0.0, 0.0, 0.0, 1.0],
                [1.0, -1.3e-05, 5e-06, -0.125006, -1.4e-05, -0.955041, 0.296475, -0.002831, 0.0, -0.296475, -0.955041, -1.2e-05, 0.0, 0.0, 0.0, 1.0],
                [1.0, -1.4e-05, 5e-06, -0.125006, -1.5e-05, -0.930007, 0.367543, -0.002831, -0.0, -0.367543, -0.930007, -1.2e-05, 0.0, 0.0, 0.0, 1.0],
                [1.0, -1.4e-05, 6e-06, -0.125006, -1.5e-05, -0.898387, 0.439206, -0.002831, -1e-06, -0.439206, -0.898387, -1.2e-05, 0.0, 0.0, 0.0, 1.0],
                [1.0, -1.5e-05, 6e-06, -0.125006, -1.6e-05, -0.859523, 0.511098, -0.002831, -2e-06, -0.511098, -0.859523, -1.2e-05, 0.0, 0.0, 0.0, 1.0],
                [1.0, -1.5e-05, 7e-06, -0.125006, -1.6e-05, -0.813145, 0.582061, -0.002831, -3e-06, -0.582061, -0.813145, -1.2e-05, 0.0, 0.0, 0.0, 1.0],
                [1.0, -1.5e-05, 7e-06, -0.125006, -1.6e-05, -0.759323, 0.650715, -0.002831, -5e-06, -0.650715, -0.759322, -1.2e-05, 0.0, 0.0, 0.0, 1.0],
                [1.0, -1.6e-05, 7e-06, -0.125006, -1.6e-05, -0.699115, 0.71501, -0.002831, -6e-06, -0.715009, -0.699115, -1.2e-05, 0.0, 0.0, 0.0, 1.0],
                [1.0, -1.6e-05, 7e-06, -0.125006, -1.5e-05, -0.63497, 0.772537, -0.002831, -8e-06, -0.772537, -0.63497, -1.2e-05, 0.0, 0.0, 0.0, 1.0],
                [1.0, -1.5e-05, 7e-06, -0.125006, -1.4e-05, -0.572064, 0.82021, -0.002831, -9e-06, -0.82021, -0.572064, -1.2e-05, 0.0, 0.0, 0.0, 1.0],
                [1.0, -1.5e-05, 6e-06, -0.125006, -1.3e-05, -0.518195, 0.855263, -0.002831, -1e-05, -0.855263, -0.518195, -1.2e-05, 0.0, 0.0, 0.0, 1.0],
                [1.0, -1.4e-05, 6e-06, -0.125006, -1.2e-05, -0.480107, 0.87721, -0.002831, -1e-05, -0.87721, -0.480107, -1.2e-05, 0.0, 0.0, 0.0, 1.0],
                [1.0, -1.4e-05, 5e-06, -0.125006, -1.1e-05, -0.461911, 0.886926, -0.002831, -1e-05, -0.886927, -0.461911, -1.2e-05, 0.0, 0.0, 0.0, 1.0],
                [1.0, -1.3e-05, 4e-06, -0.125006, -9e-06, -0.465463, 0.885068, -0.002831, -9e-06, -0.885068, -0.465463, -1.2e-05, 0.0, 0.0, 0.0, 1.0],
                [1.0, -1.1e-05, 3e-06, -0.125006, -8e-06, -0.490225, 0.871597, -0.002831, -9e-06, -0.871597, -0.490225, -1.2e-05, 0.0, 0.0, 0.0, 1.0],
                [1.0, -1e-05, 2e-06, -0.125006, -7e-06, -0.534738, 0.845019, -0.002831, -7e-06, -0.845019, -0.534738, -1.2e-05, 0.0, 0.0, 0.0, 1.0],
                [1.0, -8e-06, 1e-06, -0.125006, -6e-06, -0.596606, 0.802535, -0.002831, -6e-06, -0.802535, -0.596605, -1.2e-05, 0.0, 0.0, 0.0, 1.0],
                [1.0, -6e-06, -0.0, -0.125006, -4e-06, -0.674604, 0.738181, -0.002831, -4e-06, -0.738181, -0.674603, -1.2e-05, 0.0, 0.0, 0.0, 1.0],
                [1.0, -3e-06, -0.0, -0.125006, -2e-06, -0.774302, 0.632818, -0.002831, -2e-06, -0.632818, -0.774301, -1.2e-05, 0.0, 0.0, 0.0, 1.0],
                [1.0, -0.0, -1e-06, -0.125006, 0.0, -0.861118, 0.508406, -0.002831, -1e-06, -0.508406, -0.861118, -1.2e-05, 0.0, 0.0, 0.0, 1.0],
                [1.0, -0.0, -1e-06, -0.125006, 0.0, -0.873195, 0.487372, -0.002831, -1e-06, -0.487371, -0.873195, -1.2e-05, 0.0, 0.0, 0.0, 1.0],
                [1.0, -0.0, -1e-06, -0.125006, 0.0, -0.887266, 0.461259, -0.002831, -1e-06, -0.461259, -0.887266, -1.2e-05, 0.0, 0.0, 0.0, 1.0],
                [1.0, -0.0, -0.0, -0.125006, 0.0, -0.902661, 0.430354, -0.002831, -0.0, -0.430354, -0.90266, -1.2e-05, 0.0, 0.0, 0.0, 1.0],
                [1.0, -0.0, -0.0, -0.125006, 0.0, -0.918716, 0.39492, -0.002831, -0.0, -0.39492, -0.918716, -1.2e-05, 0.0, 0.0, 0.0, 1.0],
                [1.0, -0.0, -0.0, -0.125006, 0.0, -0.934769, 0.355259, -0.002831, -0.0, -0.355259, -0.934768, -1.2e-05, 0.0, 0.0, 0.0, 1.0],
                [1.0, -0.0, -0.0, -0.125006, 0.0, -0.950158, 0.311771, -0.002831, -0.0, -0.311771, -0.950157, -1.2e-05, 0.0, 0.0, 0.0, 1.0],
                [1.0, -0.0, -0.0, -0.125006, 0.0, -0.964253, 0.264986, -0.002831, -0.0, -0.264987, -0.964252, -1.2e-05, 0.0, 0.0, 0.0, 1.0],
                [1.0, -0.0, -0.0, -0.125006, 0.0, -0.976483, 0.215596, -0.002831, -0.0, -0.215596, -0.976483, -1.2e-05, 0.0, 0.0, 0.0, 1.0],
                [1.0, -2e-06, -0.0, -0.125006, -2e-06, -0.96963, 0.244579, -0.002831, -1e-06, -0.244579, -0.969629, -1.2e-05, 0.0, 0.0, 0.0, 1.0],
                [1.0, -3e-06, 0.0, -0.125006, -3e-06, -0.965406, 0.260752, -0.002831, -1e-06, -0.260752, -0.965406, -1.2e-05, 0.0, 0.0, 0.0, 1.0],
                [1.0, -4e-06, 0.0, -0.125006, -4e-06, -0.968622, 0.24854, -0.002831, -1e-06, -0.24854, -0.968622, -1.2e-05, 0.0, 0.0, 0.0, 1.0],
                [1.0, -5e-06, 0.0, -0.125006, -5e-06, -0.974563, 0.224117, -0.002831, -1e-06, -0.224116, -0.974562, -1.2e-05, 0.0, 0.0, 0.0, 1.0],
                [1.0, -5e-06, 0.0, -0.125006, -5e-06, -0.981223, 0.192879, -0.002831, -0.0, -0.192879, -0.981222, -1.2e-05, 0.0, 0.0, 0.0, 1.0],
                [1.0, -5e-06, 1e-06, -0.125006, -5e-06, -0.987341, 0.158617, -0.002831, -0.0, -0.158617, -0.98734, -1.2e-05, 0.0, 0.0, 0.0, 1.0],
                [1.0, -5e-06, 1e-06, -0.125006, -5e-06, -0.992246, 0.124291, -0.002831, -0.0, -0.124291, -0.992246, -1.2e-05, 0.0, 0.0, 0.0, 1.0],
                [1.0, -5e-06, 1e-06, -0.125006, -5e-06, -0.995665, 0.093015, -0.002831, 0.0, -0.093015, -0.995665, -1.2e-05, 0.0, 0.0, 0.0, 1.0],
                [1.0, -5e-06, 1e-06, -0.125006, -5e-06, -0.997704, 0.067738, -0.002831, 0.0, -0.067738, -0.997703, -1.2e-05, 0.0, 0.0, 0.0, 1.0],
                [1.0, -5e-06, 1e-06, -0.125006, -5e-06, -0.998693, 0.05113, -0.002831, 0.0, -0.051129, -0.998692, -1.2e-05, 0.0, 0.0, 0.0, 1.0],
                [1.0, -5e-06, 1e-06, -0.125006, -5e-06, -0.998975, 0.045281, -0.002831, 0.0, -0.045281, -0.998974, -1.2e-05, 0.0, 0.0, 0.0, 1.0]
            ]
        },
        {
            "name": "Leg_L",
            "time": [0.0, 0.0167, 0.0333, 0.05, 0.0667, 0.0833, 0.1, 0.1167, 0.1333, 0.15, 0.1667, 0.1833, 0.2, 0.2167, 0.2333, 0.25, 0.2667, 0.2833, 0.3, 0.3167, 0.3333, 0.35, 0.3667, 0.3833, 0.4, 0.4167, 0.4333, 0.45, 0.4667, 0.4833, 0.5, 0.5167, 0.5333, 0.55, 0.5667, 0.5833, 0.6, 0.6167, 0.6333, 0.65, 0.6667, 0.6833, 0.7, 0.7167, 0.7333, 0.75, 0.7667, 0.7833, 0.8, 0.8167, 0.8333, 0.85, 0.8667, 0.8833, 0.9, 0.9167, 0.9333, 0.95, 0.9667, 0.9833, 1.0],
            "transform": [
                [1.0, 1e-05, 3e-06, -0.0, -1e-05, 0.887632, 0.460553, 0.374726, 2e-06, -0.460554, 0.887632, -0.0, 0.0, 0.0, 0.0, 1.0],
                [1.0, 1e-05, 3e-06, -0.0, -1e-05, 0.887501, 0.460806, 0.374726, 2e-06, -0.460806, 0.887501, 0.0, 0.0, 0.0, 0.0, 1.0],
                [1.0, 1e-05, 3e-06, -0.0, -1e-05, 0.888777, 0.458339, 0.374726, 2e-06, -0.45834, 0.888777, 0.0, 0.0, 0.0, 0.0, 1.0],
                [1.0, 9e-06, 3e-06, 0.0, -1e-05, 0.895329, 0.445404, 0.374726, 2e-06, -0.445404, 0.89533, 0.0, 0.0, 0.0, 0.0, 1.0],
                [1.0, 9e-06, 3e-06, 0.0, -9e-06, 0.910574, 0.413345, 0.374726, 1e-06, -0.413345, 0.910574, 0.0, 0.0, 0.0, 0.0, 1.0],
                [1.0, 7e-06, 2e-06, -0.0, -8e-06, 0.936282, 0.351249, 0.374726, 1e-06, -0.351249, 0.936282, -0.0, 0.0, 0.0, 0.0, 1.0],
                [1.0, 5e-06, 1e-06, -0.0, -5e-06, 0.970669, 0.240417, 0.374726, -0.0, -0.240418, 0.97067, 0.0, 0.0, 0.0, 0.0, 1.0],
                [1.0, 0.0, 1e-06, 0.0, -0.0, 0.999999, 0.00146, 0.374726, -1e-06, -0.00146, 0.999999, -0.0, 0.0, 0.0, 0.0, 1.0],
                [1.0, 0.0, 1e-06, 0.0, -0.0, 0.999999, 0.00146, 0.374726, -1e-06, -0.00146, 0.999999, 0.0, 0.0, 0.0, 0.0, 1.0],
                [1.0, 0.0, 1e-06, 0.0, -0.0, 0.999999, 0.001461, 0.374726, -1e-06, -0.001461, 0.999999, 0.0, 0.0, 0.0, 0.0, 1.0],
                [1.0, 0.0, 1e-06, 0.0, -0.0, 0.999999, 0.001461, 0.374726, -1e-06, -0.001461, 0.999999, -0.0, 0.0, 0.0, 0.0, 1.0],
                [1.0, 0.0, 1e-06, 0.0, -0.0, 0.999998, 0.00146, 0.374726, -1e-06, -0.00146, 0.999998, -0.0, 0.0, 0.0, 0.0, 1.0],
                [1.0, 3e-06, 1e-06, 0.0, -3e-06, 0.990494, 0.13755, 0.374726, -1e-06, -0.13755, 0.990495, 0.0, 0.0, 0.0, 0.0, 1.0],
                [1.0, 7e-06, 2e-06, 0.0, -7e-06, 0.948156, 0.317806, 0.374726, 0.0, -0.317806, 0.948155, -0.0, 0.0, 0.0, 0.0, 1.0],
                [1.0, 9e-06, 3e-06, 0.0, -1e-05, 0.898669, 0.438627, 0.374726, 1e-06, -0.438627, 0.898669, 0.0, 0.0, 0.0, 0.0, 1.0],
                [1.0, 1.1e-05, 4e-06, -0.0, -1.2e-05, 0.842535, 0.538641, 0.374726, 3e-06, -0.538642, 0.842535, 0.0, 0.0, 0.0, 0.0, 1.0],
                [1.0, 1.3e-05, 5e-06, -0.0, -1.4e-05, 0.780301, 0.625403, 0.374726, 4e-06, -0.625404, 0.780301, -0.0, 0.0, 0.0, 0.0, 1.0],
                [1.0, 1.5e-05, 7e-06, 0.0, -1.5e-05, 0.712474, 0.701698, 0.374726, 6e-06, -0.701699, 0.712474, -0.0, 0.0, 0.0, 0.0, 1.0],
                [1.0, 1.6e-05, 8e-06, -0.0, -1.7e-05, 0.63962, 0.768691, 0.374726, 7e-06, -0.768692, 0.63962, -0.0, 0.0, 0.0, 0.0, 1.0],
                [1.0, 1.7e-05, 1e-05, 0.0, -1.8e-05, 0.562297, 0.826935, 0.374726, 9e-06, -0.826936, 0.562297, 0.0, 0.0, 0.0, 0.0, 1.0],
                [1.0, 1.8e-05, 1.2e-05, 0.0, -1.9e-05, 0.481182, 0.87662, 0.374726, 1.1e-05, -0.876621, 0.481183, -0.0, 0.0, 0.0, 0.0, 1.0],
                [1.0, 1.9e-05, 1.3e-05, -0.0, -2e-05, 0.398196, 0.9173, 0.374726, 1.2e-05, -0.917301, 0.398196, 0.0, 0.0, 0.0, 0.0, 1.0],
                [1.0, 2e-05, 1.5e-05, 0.0, -2.1e-05, 0.316234, 0.948681, 0.374726, 1.4e-05, -0.948681, 0.316235, 0.0, 0.0, 0.0, 0.0, 1.0],
                [1.0, 2e-05, 1.7e-05, -0.0, -2.1e-05, 0.236539, 0.971622, 0.374726, 1.6e-05, -0.971622, 0.236539, 0.0, 0.0, 0.0, 0.0, 1.0],
                [1.0, 2.1e-05, 1.8e-05, 0.0, -2.1e-05, 0.161044, 0.986947, 0.374726, 1.7e-05, -0.986948, 0.161044, 0.0, 0.0, 0.0, 0.0, 1.0],
                [1.0, 2.1e-05, 2e-05, -0.0, -2.2e-05, 0.091393, 0.995815, 0.374726, 1.9e-05, -0.995815, 0.091393, 0.0, 0.0, 0.0, 0.0, 1.0],
                [1.0, 2.1e-05, 2.1e-05, -0.0, -2.2e-05, 0.029469, 0.999565, 0.374726, 2e-05, -0.999565, 0.029469, -0.0, 0.0, 0.0, 0.0, 1.0],
                [1.0, 2.1e-05, 2.2e-05, -0.0, -2.2e-05, -0.021993, 0.999758, 0.374726, 2.1e-05, -0.999758, -0.021994, -0.0, 0.0, 0.0, 0.0, 1.0],
                [1.0, 2.1e-05, 2.3e-05, 0.0, -2.2e-05, -0.060499, 0.998168, 0.374726, 2.2e-05, -0.998168, -0.060499, -0.0, 0.0, 0.0, 0.0, 1.0],
