{
    "animation": [
        {
            "name": "Root",
            "time": [0.0, 0.0167, 0.0333, 0.05, 0.0667, 0.0833, 0.1, 0.1167, 0.1333, 0.15, 0.1667, 0.1833, 0.2, 0.2167, 0.2333, 0.25, 0.2667, 0.2833, 0.3, 0.3167, 0.3333, 0.35, 0.3667, 0.3833, 0.4, 0.4167, 0.4333, 0.45, 0.4667, 0.4833, 0.5, 0.5167, 0.5333, 0.55, 0.5667, 0.5833, 0.6, 0.6167, 0.6333, 0.65, 0.6667, 0.6833, 0.7, 0.7167, 0.7333, 0.75, 0.7667, 0.7833, 0.8, 0.8167, 0.8333, 0.85, 0.8667, 0.8833, 0.9, 0.9167, 0.9333, 0.95, 0.9667, 0.9833, 1.0],
            "transform": [
                [1.0, 0.0, 0.0, -5e-06, 0.0, 1.0, 0.0, -0.123306, 0.0, -0.0, 1.0, 0.198589, 0.0, 0.0, 0.0, 1.0],
                [1.0, 0.0, 0.0, -5e-06, 0.0, 1.0, 0.0, -0.123306, 0.0, -0.0, 1.0, 0.198589, 0.0, 0.0, 0.0, 1.0],
                [1.0, 0.0, 0.0, -5e-06, 0.0, 1.0, 0.0, -0.123306, 0.0, -0.0, 1.0, 0.198589, 0.0, 0.0, 0.0, 1.0],
                [1.0, 0.0, 0.0, -5e-06, 0.0, 1.0, 0.0, -0.123306, 0.0, -0.0, 1.0, 0.198589, 0.0, 0.0, 0.0, 1.0],
                [1.0, 0.0, 0.0, -5e-06, 0.0, 1.0, 0.0, -0.123306, 0.0, -0.0, 1.0, 0.198589, 0.0, 0.0, 0.0, 1.0],
                [1.0, 0.0, 0.0, -5e-06, 0.0, 1.0, 0.0, -0.123306, 0.0, -0.0, 1.0, 0.198589, 0.0, 0.0, 0.0, 1.0],
                [1.0, 0.0, 0.0, -5e-06, 0.0, 1.0, 0.0, -0.123306, 0.0, -0.0, 1.0, 0.198589, 0.0, 0.0, 0.0, 1.0],
                [1.0, 0.0, 0.0, -5e-06, 0.0, 1.0, 0.0, -0.123306, 0.0, -0.0, 1.0, 0.198589, 0.0, 0.0, 0.0, 1.0],
                [1.0, 0.0, 0.0, -5e-06, 0.0, 1.0, 0.0, -0.123306, 0.0, -0.0, 1.0, 0.198589, 0.0, 0.0, 0.0, 1.0],
                [1.0, 0.0, 0.0, -5e-06, 0.0, 1.0, 0.0, -0.123306, 0.0, -0.0, 1.0, 0.198589, 0.0, 0.0, 0.0, 1.0],
                [1.0, 0.0, 0.0, -5e-06, 0.0, 1.0, 0.0, -0.123306, 0.0, -0.0, 1.0, 0.198589, 0.0, 0.0, 0.0, 1.0],
                [1.0, 0.0, 0.0, -5e-06, 0.0, 1.0, 0.0, -0.123306, 0.0, -0.0, 1.0, 0.198589, 0.0, 0.0, 0.0, 1.0],
                [1.0, 0.0, 0.0, -5e-06, 0.0, 1.0, 0.0, -0.123306, 0.0, -0.0, 1.0, 0.198589, 0.0, 0.0, 0.0, 1.0],
                [1.0, 0.0, 0.0, -5e-06, 0.0, 1.0, 0.0, -0.123306, 0.0, -0.0, 1.0, 0.198589, 0.0, 0.0, 0.0, 1.0],
                [1.0, 0.0, 0.0, -5e-06, 0.0, 1.0, 0.0, -0.123306, 0.0, -0.0, 1.0, 0.198589, 0.0, 0.0, 0.0, 1.0],
                [1.0, 0.0, 0.0, -5e-06, 0.0, 1.0, 0.0, -0.123306, 0.0, -0.0, 1.0, 0.198589, 0.0, 0.0, 0.0, 1.0],
                [1.0, 0.0, 0.0, -5e-06, 0.0, 1.0, 0.0, -0.123306, 0.0, -0.0, 1.0, 0.198589, 0.0, 0.0, 0.0, 1.0],
                [1.0, 0.0, 0.0, -5e-06, 0.0, 1.0, 0.0, -0.123306, 0.0, -0.0, 1.0, 0.198589, 0.0, 0.0, 0.0, 1.0],
                [1.0, 0.0, 0.0, -5e-06, 0.0, 1.0, 0.0, -0.123306, 0.0, -0.0, 1.0, 0.198589, 0.0, 0.0, 0.0, 1.0],
                [1.0, 0.0, 0.0, -5e-06, 0.0, 1.0, 0.0, -0.123306, 0.0, -0.0, 1.0, 0.198589, 0.0, 0.0, 0.0, 1.0],
                [1.0, 0.0, 0.0, -5e-06, 0.0, 1.0, 0.0, -0.123306, 0.0, -0.0, 1.0, 0.198589, 0.0, 0.0, 0.0, 1.0],
                [1.0, 0.0, 0.0, -5e-06, 0.0, 1.0, 0.0, -0.123306, 0.0, -0.0, 1.0, 0.198589, 0.0, 0.0, 0.0, 1.0],
                [1.0, 0.0, 0.0, -5e-06, 0.0, 1.0, 0.0, -0.123306, 0.0, -0.0, 1.0, 0.198589, 0.0, 0.0, 0.0, 1.0],
                [1.0, 0.0, 0.0, -5e-06, 0.0, 1.0, 0.0, -0.123306, 0.0, -0.0, 1.0, 0.198589, 0.0, 0.0, 0.0, 1.0],
                [1.0, 0.0, 0.0, -5e-06, 0.0, 1.0, 0.0, -0.123306, 0.0, -0.0, 1.0, 0.198589, 0.0, 0.0, 0.0, 1.0],
                [1.0, 0.0, 0.0, -5e-06, 0.0, 1.0, 0.0, -0.123306, 0.0, -0.0, 1.0, 0.198589, 0.0, 0.0, 0.0, 1.0],
                [1.0, 0.0, 0.0, -5e-06, 0.0, 1.0, 0.0, -0.123306, 0.0, -0.0, 1.0, 0.198589, 0.0, 0.0, 0.0, 1.0],
                [1.0, 0.0, 0.0, -5e-06, 0.0, 1.0, 0.0, -0.123306, 0.0, -0.0, 1.0, 0.198589, 0.0, 0.0, 0.0, 1.0],
                [1.0, 0.0, 0.0, -5e-06, 0.0, 1.0, 0.0, -0.123306, 0.0, -0.0, 1.0, 0.198589, 0.0, 0.0, 0.0, 1.0],
                [1.0, 0.0, 0.0, -5e-06, 0.0, 1.0, 0.0, -0.123306, 0.0, -0.0, 1.0, 0.198589, 0.0, 0.0, 0.0, 1.0],
                [1.0, 0.0, 0.0, -5e-06, 0.0, 1.0, 0.0, -0.123306, 0.0, -0.0, 1.0, 0.198589, 0.0, 0.0, 0.0, 1.0],
                [1.0, 0.0, 0.0, -5e-06, 0.0, 1.0, 0.0, -0.123306, 0.0, -0.0, 1.0, 0.198589, 0.0, 0.0, 0.0, 1.0],
                [1.0, 0.0, 0.0, -5e-06, 0.0, 1.0, 0.0, -0.123306, 0.0, -0.0, 1.0, 0.198589, 0.0, 0.0, 0.0, 1.0],
                [1.0, 0.0, 0.0, -5e-06, 0.0, 1.0, 0.0, -0.123306, 0.0, -0.0, 1.0, 0.198589, 0.0, 0.0, 0.0, 1.0],
                [1.0, 0.0, 0.0, -5e-06, 0.0, 1.0, 0.0, -0.123306, 0.0, -0.0, 1.0, 0.198589, 0.0, 0.0, 0.0, 1.0],
                [1.0, 0.0, 0.0, -5e-06, 0.0, 1.0, 0.0, -0.123306, 0.0, -0.0, 1.0, 0.198589, 0.0, 0.0, 0.0, 1.0],
                [1.0, 0.0, 0.0, -5e-06, 0.0, 1.0, 0.0, -0.123306, 0.0, -0.0, 1.0, 0.198589, 0.0, 0.0, 0.0, 1.0],
                [1.0, 0.0, 0.0, -5e-06, 0.0, 1.0, 0.0, -0.123306, 0.0, -0.0, 1.0, 0.198589, 0.0, 0.0, 0.0, 1.0],
                [1.0, 0.0, 0.0, -5e-06, 0.0, 1.0, 0.0, -0.123306, 0.0, -0.0, 1.0, 0.198589, 0.0, 0.0, 0.0, 1.0],
                [1.0, 0.0, 0.0, -5e-06, 0.0, 1.0, 0.0, -0.123306, 0.0, -0.0, 1.0, 0.198589, 0.0, 0.0, 0.0, 1.0],
                [1.0, 0.0, 0.0, -5e-06, 0.0, 1.0, 0.0, -0.123306, 0.0, -0.0, 1.0, 0.198589, 0.0, 0.0, 0.0, 1.0],
                [1.0, 0.0, 0.0, -5e-06, 0.0, 1.0, 0.0, -0.123306, 0.0, -0.0, 1.0, 0.198589, 0.0, 0.0, 0.0, 1.0],
                [1.0, 0.0, 0.0, -5e-06, 0.0, 1.0, 0.0, -0.123306, 0.0, -0.0, 1.0, 0.198589, 0.0, 0.0, 0.0, 1.0],
                [1.0, 0.0, 0.0, -5e-06, 0.0, 1.0, 0.0, -0.123306, 0.0, -0.0, 1.0, 0.198589, 0.0, 0.0, 0.0, 1.0],
                [1.0, 0.0, 0.0, -5e-06, 0.0, 1.0, 0.0, -0.123306, 0.0, -0.0, 1.0, 0.198589, 0.0, 0.0, 0.0, 1.0],
                [1.0, 0.0, 0.0, -5e-06, 0.0, 1.0, 0.0, -0.123306, 0.0, -0.0, 1.0, 0.198589, 0.0, 0.0, 0.0, 1.0],
                [1.0, 0.0, 0.0, -5e-06, 0.0, 1.0, 0.0, -0.123306, 0.0, -0.0, 1.0, 0.198589, 0.0, 0.0, 0.0, 1.0],
                [1.0, 0.0, 0.0, -5e-06, 0.0, 1.0, 0.0, -0.123306, 0.0, -0.0, 1.0, 0.198589, 0.0, 0.0, 0.0, 1.0],
                [1.0, 0.0, 0.0, -5e-06, 0.0, 1.0, 0.0, -0.123306, 0.0, -0.0, 1.0, 0.198589, 0.0, 0.0, 0.0, 1.0],
                [1.0, 0.0, 0.0, -5e-06, 0.0, 1.0, 0.0, -0.123306, 0.0, -0.0, 1.0, 0.198589, 0.0, 0.0, 0.0, 1.0],
                [1.0, 0.0, 0.0, -5e-06, 0.0, 1.0, 0.0, -0.123306, 0.0, -0.0, 1.0, 0.198589, 0.0, 0.0, 0.0, 1.0],
                [1.0, 0.0, 0.0, -5e-06, 0.0, 1.0, 0.0, -0.123306, 0.0, -0.0, 1.0, 0.198589, 0.0, 0.0, 0.0, 1.0],
                [1.0, 0.0, 0.0, -5e-06, 0.0, 1.0, 0.0, -0.123306, 0.0, -0.0, 1.0, 0.198589, 0.0, 0.0, 0.0, 1.0],
                [1.0, 0.0, 0.0, -5e-06, 0.0, 1.0, 0.0, -0.123306, 0.0, -0.0, 1.0, 0.198589, 0.0, 0.0, 0.0, 1.0],
                [1.0, 0.0, 0.0, -5e-06, 0.0, 1.0, 0.0, -0.123306, 0.0, -0.0, 1.0, 0.198589, 0.0, 0.0, 0.0, 1.0],
                [1.0, 0.0, 0.0, -5e-06, 0.0, 1.0, 0.0, -0.123306, 0.0, -0.0, 1.0, 0.198589, 0.0, 0.0, 0.0, 1.0],
                [1.0, 0.0, 0.0, -5e-06, 0.0, 1.0, 0.0, -0.123306, 0.0, -0.0, 1.0, 0.198589, 0.0, 0.0, 0.0, 1.0],
                [1.0, 0.0, 0.0, -5e-06, 0.0, 1.0, 0.0, -0.123306, 0.0, -0.0, 1.0, 0.198589, 0.0, 0.0, 0.0, 1.0],
                [1.0, 0.0, 0.0, -5e-06, 0.0, 1.0, 0.0, -0.123306, 0.0, -0.0, 1.0, 0.198589, 0.0, 0.0, 0.0, 1.0],
                [1.0, 0.0, 0.0, -5e-06, 0.0, 1.0, 0.0, -0.123306, 0.0, -0.0, 1.0, 0.198589, 0.0, 0.0, 0.0, 1.0],
                [1.0, 0.0, 0.0, -5e-06, 0.0, 1.0, 0.0, -0.123306, 0.0, -0.0, 1.0, 0.198589, 0.0, 0.0, 0.0, 1.0]
            ]
        },
        {
            "name": "Thigh_R",
            "time": [0.0, 0.0167, 0.0333, 0.05, 0.0667, 0.0833, 0.1, 0.1167, 0.1333, 0.15, 0.1667, 0.1833, 0.2, 0.2167, 0.2333, 0.25, 0.2667, 0.2833, 0.3, 0.3167, 0.3333, 0.35, 0.3667, 0.3833, 0.4, 0.4167, 0.4333, 0.45, 0.4667, 0.4833, 0.5, 0.5167, 0.5333, 0.55, 0.5667, 0.5833, 0.6, 0.6167, 0.6333, 0.65, 0.6667, 0.6833, 0.7, 0.7167, 0.7333, 0.75, 0.7667, 0.7833, 0.8, 0.8167, 0.8333, 0.85, 0.8667, 0.8833, 0.9, 0.9167, 0.9333, 0.95, 0.9667, 0.9833, 1.0],
            "transform": [
                [0.983548, 0.057558, 0.17123, 0.124994, -0.119437, -0.503936, 0.855444, -0.002831, 0.135526, -0.861821, -0.488771, -1.2e-05, 0.0, 0.0, 0.0, 1.0],
                [0.983798, 0.058606, 0.169428, 0.124994, -0.118092, -0.499217, 0.858392, -0.002831, 0.134888, -0.864493, -0.484208, -1.2e-05, 0.0, 0.0, 0.0, 1.0],
                [0.984499, 0.061305, 0.164326, 0.124994, -0.114257, -0.486663, 0.866086, -0.002831, 0.133067, -0.871436, -0.472115, -1.2e-05, 0.0, 0.0, 0.0, 1.0],
                [0.98555, 0.064763, 0.156517, 0.124994, -0.108304, -0.46953, 0.876249, -0.002831, 0.130238, -0.880538, -0.455731, -1.2e-05, 0.0, 0.0, 0.0, 1.0],
                [0.986832, 0.068119, 0.146708, 0.124994, -0.100671, -0.451265, 0.886694, -0.002831, 0.126605, -0.889787, -0.438465, -1.2e-05, 0.0, 0.0, 0.0, 1.0],
                [0.988228, 0.07077, 0.135636, 0.124994, -0.091808, -0.434868, 0.895802, -0.002831, 0.12238, -0.897709, -0.423251, -1.2e-05, 0.0, 0.0, 0.0, 1.0],
                [0.989639, 0.072422, 0.123977, 0.124994, -0.082142, -0.422628, 0.902573, -0.002831, 0.117762, -0.903405, -0.4123, -1.2e-05, 0.0, 0.0, 0.0, 1.0],
                [0.990987, 0.072994, 0.112323, 0.124994, -0.072049, -0.416457, 0.906296, -0.002831, 0.112932, -0.90622, -0.407445, -1.2e-05, 0.0, 0.0, 0.0, 1.0],
                [0.992222, 0.072552, 0.101157, 0.124994, -0.061842, -0.417951, 0.906362, -0.002831, 0.108037, -0.905568, -0.410213, -1.2e-05, 0.0, 0.0, 0.0, 1.0],
                [0.993313, 0.071288, 0.090816, 0.124994, -0.05177, -0.428068, 0.902263, -0.002831, 0.103196, -0.90093, -0.421515, -1.2e-05, 0.0, 0.0, 0.0, 1.0],
                [0.99425, 0.069397, 0.081557, 0.124994, -0.042016, -0.447724, 0.893184, -0.002831, 0.0985, -0.891474, -0.442234, -1.2e-05, 0.0, 0.0, 0.0, 1.0],
                [0.995034, 0.067112, 0.073512, 0.124994, -0.032711, -0.47704, 0.878273, -0.002831, 0.094011, -0.876316, -0.472475, -1.2e-05, 0.0, 0.0, 0.0, 1.0],
                [0.995675, 0.064635, 0.066742, 0.124994, -0.023938, -0.515629, 0.856478, -0.002831, 0.089773, -0.854371, -0.511852, -1.2e-05, 0.0, 0.0, 0.0, 1.0],
                [0.996187, 0.062138, 0.061238, 0.124994, -0.015751, -0.562293, 0.826788, -0.002831, 0.085809, -0.8246, -0.55917, -1.2e-05, 0.0, 0.0, 0.0, 1.0],
                [0.996588, 0.059728, 0.056967, 0.124994, -0.008171, -0.615399, 0.788173, -0.002831, 0.082134, -0.785949, -0.612811, -1.2e-05, 0.0, 0.0, 0.0, 1.0],
                [0.996894, 0.057488, 0.053835, 0.124994, -0.001202, -0.672353, 0.74023, -0.002831, 0.078751, -0.737995, -0.670196, -1.2e-05, 0.0, 0.0, 0.0, 1.0],
                [0.997121, 0.055444, 0.051734, 0.124994, 0.005166, -0.730302, 0.683106, -0.002831, 0.075656, -0.680871, -0.728485, -1.2e-05, 0.0, 0.0, 0.0, 1.0],
                [0.997284, 0.053584, 0.050538, 0.124994, 0.010959, -0.786431, 0.617581, -0.002831, 0.072837, -0.615349, -0.784882, -1.2e-05, 0.0, 0.0, 0.0, 1.0],
                [0.997396, 0.051869, 0.050116, 0.124994, 0.016206, -0.838249, 0.545047, -0.002831, 0.070281, -0.542815, -0.836907, -1.2e-05, 0.0, 0.0, 0.0, 1.0],
                [0.997467, 0.050243, 0.050344, 0.124994, 0.020939, -0.88388, 0.467245, -0.002831, 0.067974, -0.465008, -0.882693, -1.2e-05, 0.0, 0.0, 0.0, 1.0],
                [0.997508, 0.048663, 0.051081, 0.124994, 0.025184, -0.921945, 0.386503, -0.002831, 0.065902, -0.384253, -0.920873, -1.2e-05, 0.0, 0.0, 0.0, 1.0],
                [0.997526, 0.047078, 0.05221, 0.124994, 0.028969, -0.951946, 0.304893, -0.002831, 0.064055, -0.302626, -0.950955, -1.2e-05, 0.0, 0.0, 0.0, 1.0],
                [0.997527, 0.045457, 0.053611, 0.124994, 0.032316, -0.973936, 0.224511, -0.002831, 0.062419, -0.222223, -0.972996, -1.2e-05, 0.0, 0.0, 0.0, 1.0],
                [0.997516, 0.043784, 0.055178, 0.124994, 0.035244, -0.988477, 0.147211, -0.002831, 0.060988, -0.144901, -0.987565, -1.2e-05, 0.0, 0.0, 0.0, 1.0],
                [0.997499, 0.042082, 0.056798, 0.124994, 0.03777, -0.996472, 0.074956, -0.002831, 0.059752, -0.072623, -0.995568, -1.2e-05, 0.0, 0.0, 0.0, 1.0],
                [0.997477, 0.040387, 0.058377, 0.124994, 0.039907, -0.99916, 0.009364, -0.002831, 0.058706, -0.00701, -0.998251, -1.2e-05, 0.0, 0.0, 0.0, 1.0],
                [0.997456, 0.038762, 0.059829, 0.124994, 0.041662, -0.997978, -0.048002, -0.002831, 0.057847, 0.050372, -0.997054, -1.2e-05, 0.0, 0.0, 0.0, 1.0],
                [0.997436, 0.037309, 0.061066, 0.124994, 0.043038, -0.994511, -0.09537, -0.002831, 0.057173, 0.097754, -0.993567, -1.2e-05, 0.0, 0.0, 0.0, 1.0],
                [0.997421, 0.036136, 0.06202, 0.124994, 0.044035, -0.990387, -0.131134, -0.002831, 0.056685, 0.133527, -0.989423, -1.2e-05, 0.0, 0.0, 0.0, 1.0],
                [0.997411, 0.03536, 0.062627, 0.124994, 0.044644, -0.987115, -0.15366, -0.002831, 0.056387, 0.156058, -0.986137, -1.2e-05, 0.0, 0.0, 0.0, 1.0],
                [0.997407, 0.035085, 0.062838, 0.124994, 0.044851, -0.985861, -0.161455, -0.002831, 0.056285, 0.163855, -0.984877, -1.2e-05, 0.0, 0.0, 0.0, 1.0],
                [0.997411, 0.03536, 0.062627, 0.124994, 0.044644, -0.987115, -0.15366, -0.002831, 0.056387, 0.156058, -0.986137, -1.2e-05, 0.0, 0.0, 0.0, 1.0],
                [0.997421, 0.036136, 0.06202, 0.124994, 0.044035, -0.990387, -0.131134, -0.002831, 0.056685, 0.133527, -0.989423, -1.2e-05, 0.0, 0.0, 0.0, 1.0],
                [0.997436, 0.037309, 0.061067, 0.124994, 0.043038, -0.994511, -0.09537, -0.002831, 0.057173, 0.097754, -0.993567, -1.2e-05, 0.0, 0.0, 0.0, 1.0],
                [0.997456, 0.038762, 0.059829, 0.124994, 0.041662, -0.997978, -0.048001, -0.002831, 0.057847, 0.050372, -0.997054, -1.2e-05, 0.0, 0.0, 0.0, 1.0],
                [0.997477, 0.040387, 0.058377, 0.124994, 0.039907, -0.99916, 0.009364, -0.002831, 0.058706, -0.007011, -0.998251, -1.2e-05, 0.0, 0.0, 0.0, 1.0],
                [0.997499, 0.042082, 0.056798, 0.124994, 0.03777, -0.996472, 0.074956, -0.002831, 0.059752, -0.072623, -0.995568, -1.2e-05, 0.0, 0.0, 0.0, 1.0],
                [0.997516, 0.043784, 0.055178, 0.124994, 0.035244, -0.988477, 0.147211, -0.002831, 0.060988, -0.144901, -0.987565, -1.2e-05, 0.0, 0.0, 0.0, 1.0],
                [0.997527, 0.045457, 0.053611, 0.124994, 0.032316, -0.973936, 0.224512, -0.002831, 0.062419, -0.222224, -0.972996, -1.2e-05, 0.0, 0.0, 0.0, 1.0],
                [0.997526, 0.047078, 0.05221, 0.124994, 0.028969, -0.951946, 0.304893, -0.002831, 0.064055, -0.302626, -0.950955, -1.2e-05, 0.0, 0.0, 0.0, 1.0],
                [0.997508, 0.048663, 0.051081, 0.124994, 0.025184, -0.921944, 0.386503, -0.002831, 0.065902, -0.384253, -0.920873, -1.2e-05, 0.0, 0.0, 0.0, 1.0],
                [0.997467, 0.050243, 0.050344, 0.124994, 0.020939, -0.88388, 0.467246, -0.002831, 0.067974, -0.465008, -0.882693, -1.2e-05, 0.0, 0.0, 0.0, 1.0],
                [0.997396, 0.051869, 0.050116, 0.124994, 0.016206, -0.838249, 0.545047, -0.002831, 0.070281, -0.542815, -0.836906, -1.2e-05, 0.0, 0.0, 0.0, 1.0],
                [0.997284, 0.053584, 0.050538, 0.124994, 0.010959, -0.786431, 0.617581, -0.002831, 0.072837, -0.615349, -0.784882, -1.2e-05, 0.0, 0.0, 0.0, 1.0],
                [0.997121, 0.055444, 0.051734, 0.124994, 0.005165, -0.730302, 0.683106, -0.002831, 0.075656, -0.680871, -0.728485, -1.2e-05, 0.0, 0.0, 0.0, 1.0],
                [0.996894, 0.057488, 0.053835, 0.124994, -0.001202, -0.672353, 0.74023, -0.002831, 0.078751, -0.737995, -0.670195, -1.2e-05, 0.0, 0.0, 0.0, 1.0],
                [0.996588, 0.059728, 0.056967, 0.124994, -0.008171, -0.6154, 0.788173, -0.002831, 0.082134, -0.785949, -0.612812, -1.2e-05, 0.0, 0.0, 0.0, 1.0],
                [0.996187, 0.062138, 0.061238, 0.124994, -0.015751, -0.562293, 0.826788, -0.002831, 0.085809, -0.8246, -0.55917, -1.2e-05, 0.0, 0.0, 0.0, 1.0],
                [0.995675, 0.064634, 0.066742, 0.124994, -0.023939, -0.515629, 0.856478, -0.002831, 0.089772, -0.85437, -0.511851, -1.2e-05, 0.0, 0.0, 0.0, 1.0],
                [0.995034, 0.067112, 0.073512, 0.124994, -0.032711, -0.47704, 0.878273, -0.002831, 0.094011, -0.876316, -0.472475, -1.2e-05, 0.0, 0.0, 0.0, 1.0],
                [0.99425, 0.069398, 0.081557, 0.124994, -0.042016, -0.447725, 0.893184, -0.002831, 0.0985, -0.891474, -0.442234, -1.2e-05, 0.0, 0.0, 0.0, 1.0],
                [0.993313, 0.071289, 0.090816, 0.124994, -0.051769, -0.428068, 0.902263, -0.002831, 0.103197, -0.90093, -0.421515, -1.2e-05, 0.0, 0.0, 0.0, 1.0],
                [0.992222, 0.072552, 0.101157, 0.124994, -0.061842, -0.417951, 0.906362, -0.002831, 0.108037, -0.905568, -0.410213, -1.2e-05, 0.0, 0.0, 0.0, 1.0],
                [0.990987, 0.072994, 0.112323, 0.124994, -0.072049, -0.416457, 0.906296, -0.002831, 0.112932, -0.90622, -0.407445, -1.2e-05, 0.0, 0.0, 0.0, 1.0],
                [0.989639, 0.072423, 0.123977, 0.124994, -0.082142, -0.422628, 0.902574, -0.002831, 0.117763, -0.903405, -0.412299, -1.2e-05, 0.0, 0.0, 0.0, 1.0],
                [0.988228, 0.07077, 0.135636, 0.124994, -0.091808, -0.434868, 0.895802, -0.002831, 0.12238, -0.897709, -0.423251, -1.2e-05, 0.0, 0.0, 0.0, 1.0],
                [0.986832, 0.06812, 0.146708, 0.124994, -0.100671, -0.451265, 0.886694, -0.002831, 0.126606, -0.889786, -0.438465, -1.2e-05, 0.0, 0.0, 0.0, 1.0],
                [0.98555, 0.064763, 0.156517, 0.124994, -0.108304, -0.46953, 0.876249, -0.002831, 0.130238, -0.880538, -0.455731, -1.2e-05, 0.0, 0.0, 0.0, 1.0],
                [0.984499, 0.061305, 0.164326, 0.124994, -0.114257, -0.486663, 0.866086, -0.002831, 0.133067, -0.871436, -0.472114, -1.2e-05, 0.0, 0.0, 0.0, 1.0],
                [0.983799, 0.058605, 0.169428, 0.124994, -0.118092, -0.499217, 0.858392, -0.002831, 0.134888, -0.864493, -0.484208, -1.2e-05, 0.0, 0.0, 0.0, 1.0],
                [0.983548, 0.057558, 0.17123, 0.124994, -0.119437, -0.503936, 0.855444, -0.002831, 0.135527, -0.861821, -0.488771, -1.2e-05, 0.0, 0.0, 0.0, 1.0]
            ]
        },
        {
            "name": "Leg_R",
            "time": [0.0, 0.0167, 0.0333, 0.05, 0.0667, 0.0833, 0.1, 0.1167, 0.1333, 0.15, 0.1667, 0.1833, 0.2, 0.2167, 0.2333, 0.25, 0.2667, 0.2833, 0.3, 0.3167, 0.3333, 0.35, 0.3667, 0.3833, 0.4, 0.4167, 0.4333, 0.45, 0.4667, 0.4833, 0.5, 0.5167, 0.5333, 0.55, 0.5667, 0.5833, 0.6, 0.6167, 0.6333, 0.65, 0.6667, 0.6833, 0.7, 0.7167, 0.7333, 0.75, 0.7667, 0.7833, 0.8, 0.8167, 0.8333, 0.85, 0.8667, 0.8833, 0.9, 0.9167, 0.9333, 0.95, 0.9667, 0.9833, 1.0],
            "transform": [
                [1.0, 1.2e-05, 5e-06, 0.0, -1.3e-05, 0.810543, 0.585679, 0.374726, 3e-06, -0.585679, 0.810543, -0.0, 0.0, 0.0, 0.0, 1.0],
                [1.0, 1.3e-05, 5e-06, -0.0, -1.3e-05, 0.800325, 0.599566, 0.374726, 4e-06, -0.599567, 0.800325, -0.0, 0.0, 0.0, 0.0, 1.0],
                [1.0, 1.4e-05, 6e-06, 0.0, -1.4e-05, 0.771014, 0.636818, 0.374726, 4e-06, -0.636818, 0.771014, -0.0, 0.0, 0.0, 0.0, 1.0],
                [1.0, 1.4e-05, 7e-06, -0.0, -1.5e-05, 0.725053, 0.688693, 0.374726, 5e-06, -0.688692, 0.725054, -0.0, 0.0, 0.0, 0.0, 1.0],
                [1.0, 1.5e-05, 8e-06, 0.0, -1.6e-05, 0.665399, 0.746488, 0.374726, 6e-06, -0.746488, 0.665399, -0.0, 0.0, 0.0, 0.0, 1.0],
                [1.0, 1.7e-05, 9e-06, 0.0, -1.8e-05, 0.595383, 0.803443, 0.374726, 8e-06, -0.803442, 0.595383, 0.0, 0.0, 0.0, 0.0, 1.0],
                [1.0, 1.9e-05, 1.1e-05, -0.0, -1.9e-05, 0.518273, 0.855215, 0.374726, 1e-05, -0.855215, 0.518273, 0.0, 0.0, 0.0, 0.0, 1.0],
                [1.0, 1.9e-05, 1.3e-05, 0.0, -2e-05, 0.437532, 0.899203, 0.374726, 1.2e-05, -0.899203, 0.437532, 0.0, 0.0, 0.0, 0.0, 1.0],
                [1.0, 2e-05, 1.4e-05, 0.0, -2e-05, 0.356684, 0.934225, 0.374726, 1.3e-05, -0.934225, 0.356684, 0.0, 0.0, 0.0, 0.0, 1.0],
                [1.0, 2.1e-05, 1.6e-05, -0.0, -2.2e-05, 0.278576, 0.960414, 0.374726, 1.5e-05, -0.960414, 0.278576, -0.0, 0.0, 0.0, 0.0, 1.0],
                [1.0, 2.1e-05, 1.8e-05, 0.0, -2.2e-05, 0.20644, 0.978459, 0.374726, 1.7e-05, -0.978459, 0.20644, -0.0, 0.0, 0.0, 0.0, 1.0],
                [0.999999, 2.1e-05, 1.9e-05, 0.0, -2.2e-05, 0.142589, 0.989782, 0.374726, 1.9e-05, -0.989781, 0.142589, 0.0, 0.0, 0.0, 0.0, 1.0],
                [1.0, 2e-05, 1.9e-05, -0.0, -2e-05, 0.089123, 0.99602, 0.374726, 1.8e-05, -0.99602, 0.089123, 0.0, 0.0, 0.0, 0.0, 1.0],
                [1.0, 2.1e-05, 2.1e-05, -0.0, -2.2e-05, 0.047479, 0.998872, 0.374726, 2e-05, -0.998872, 0.047479, -0.0, 0.0, 0.0, 0.0, 1.0],
                [1.0, 2.1e-05, 2.1e-05, 0.0, -2.2e-05, 0.019167, 0.999816, 0.374726, 2.1e-05, -0.999816, 0.019167, 0.0, 0.0, 0.0, 0.0, 1.0],
                [1.0, 2.1e-05, 2.2e-05, 0.0, -2.2e-05, 0.004551, 0.99999, 0.374726, 2.1e-05, -0.999989, 0.004551, -0.0, 0.0, 0.0, 0.0, 1.0],
                [1.0, 2.1e-05, 2.2e-05, -0.0, -2.2e-05, 0.003668, 0.999994, 0.374726, 2.1e-05, -0.999993, 0.003668, -0.0, 0.0, 0.0, 0.0, 1.0],
                [1.0, 2.1e-05, 2.1e-05, 0.0, -2.1e-05, 0.016047, 0.999871, 0.374726, 2e-05, -0.999871, 0.016047, -0.0, 0.0, 0.0, 0.0, 1.0],
                [1.0, 2.1e-05, 2.1e-05, 0.0, -2.2e-05, 0.040795, 0.999167, 0.374726, 2e-05, -0.999167, 0.040795, 0.0, 0.0, 0.0, 0.0, 1.0],
                [1.0, 2.1e-05, 2e-05, 0.0, -2.2e-05, 0.076836, 0.997043, 0.374726, 2e-05, -0.997043, 0.076836, 0.0, 0.0, 0.0, 0.0, 1.0],
                [1.0, 2.1e-05, 2e-05, -0.0, -2.2e-05, 0.122138, 0.992513, 0.374726, 1.9e-05, -0.992513, 0.122138, 0.0, 0.0, 0.0, 0.0, 1.0],
                [1.0, 2e-05, 1.8e-05, 0.0, -2.1e-05, 0.174913, 0.984584, 0.374726, 1.7e-05, -0.984584, 0.174913, 0.0, 0.0, 0.0, 0.0, 1.0],
                [1.0, 2e-05, 1.7e-05, -0.0, -2.1e-05, 0.232911, 0.972498, 0.374726, 1.6e-05, -0.972498, 0.232911, -0.0, 0.0, 0.0, 0.0, 1.0],
                [1.0, 2e-05, 1.5e-05, 0.0, -2e-05, 0.293821, 0.95586, 0.374726, 1.4e-05, -0.955861, 0.293822, 0.0, 0.0, 0.0, 0.0, 1.0],
                [1.0, 2e-05, 1.4e-05, -0.0, -2.1e-05, 0.354741, 0.934964, 0.374726, 1.3e-05, -0.934965, 0.354741, 0.0, 0.0, 0.0, 0.0, 1.0],
                [1.0, 1.9e-05, 1.3e-05, -0.0, -2e-05, 0.413069, 0.9107, 0.374726, 1.2e-05, -0.9107, 0.413069, -0.0, 0.0, 0.0, 0.0, 1.0],
                [1.0, 1.9e-05, 1.2e-05, -0.0, -1.9e-05, 0.466206, 0.884676, 0.374726, 1.1e-05, -0.884676, 0.466206, -0.0, 0.0, 0.0, 0.0, 1.0],
                [1.0, 1.8e-05, 1.1e-05, 0.0, -1.8e-05, 0.5113, 0.859402, 0.374726, 1e-05, -0.859403, 0.5113, 0.0, 0.0, 0.0, 0.0, 1.0],
                [1.0, 1.7e-05, 1e-05, 0.0, -1.8e-05, 0.545967, 0.837806, 0.374726, 9e-06, -0.837807, 0.545967, 0.0, 0.0, 0.0, 0.0, 1.0],
                [1.0, 1.7e-05, 1e-05, -0.0, -1.8e-05, 0.568031, 0.823007, 0.374726, 9e-06, -0.823008, 0.568031, 0.0, 0.0, 0.0, 0.0, 1.0],
                [1.0, 1.7e-05, 9e-06, 0.0, -1.7e-05, 0.5757, 0.81766, 0.374726, 8e-06, -0.817661, 0.5757, -0.0, 0.0, 0.0, 0.0, 1.0],
                [1.0, 1.7e-05, 1e-05, 0.0, -1.8e-05, 0.56803, 0.823007, 0.374726, 9e-06, -0.823008, 0.56803, -0.0, 0.0, 0.0, 0.0, 1.0],
                [1.0, 1.8e-05, 1e-05, -0.0, -1.8e-05, 0.545967, 0.837806, 0.374726, 9e-06, -0.837807, 0.545967, 0.0, 0.0, 0.0, 0.0, 1.0],
                [1.0, 1.8e-05, 1.1e-05, -0.0, -1.9e-05, 0.5113, 0.859403, 0.374726, 1e-05, -0.859403, 0.5113, 0.0, 0.0, 0.0, 0.0, 1.0],
                [1.0, 1.9e-05, 1.2e-05, 0.0, -1.9e-05, 0.466206, 0.884676, 0.374726, 1.1e-05, -0.884676, 0.466206, 0.0, 0.0, 0.0, 0.0, 1.0],
                [1.0, 1.9e-05, 1.3e-05, -0.0, -2e-05, 0.413069, 0.9107, 0.374726, 1.2e-05, -0.9107, 0.413069, 0.0, 0.0, 0.0, 0.0, 1.0],
                [1.0, 2e-05, 1.4e-05, -0.0, -2.1e-05, 0.354741, 0.934964, 0.374726, 1.3e-05, -0.934965, 0.354741, -0.0, 0.0, 0.0, 0.0, 1.0],
                [1.0, 2e-05, 1.5e-05, -0.0, -2.1e-05, 0.293821, 0.95586, 0.374726, 1.5e-05, -0.955861, 0.293821, -0.0, 0.0, 0.0, 0.0, 1.0],
                [1.0, 2.1e-05, 1.7e-05, -0.0, -2.1e-05, 0.23291, 0.972498, 0.374726, 1.6e-05, -0.972498, 0.23291, 0.0, 0.0, 0.0, 0.0, 1.0],
                [1.0, 2.1e-05, 1.8e-05, 0.0, -2.1e-05, 0.174913, 0.984584, 0.374726, 1.7e-05, -0.984584, 0.174913, -0.0, 0.0, 0.0, 0.0, 1.0],
                [1.0, 2.1e-05, 1.9e-05, -0.0, -2.2e-05, 0.122138, 0.992513, 0.374726, 1.9e-05, -0.992513, 0.122138, -0.0, 0.0, 0.0, 0.0, 1.0],
                [1.0, 2.1e-05, 2e-05, -0.0, -2.2e-05, 0.076835, 0.997043, 0.374726, 1.9e-05, -0.997043, 0.076835, 0.0, 0.0, 0.0, 0.0, 1.0],
                [1.0, 2.1e-05, 2.1e-05, 0.0, -2.2e-05, 0.040795, 0.999167, 0.374726, 2e-05, -0.999168, 0.040795, -0.0, 0.0, 0.0, 0.0, 1.0],
                [1.0, 2e-05, 2.1e-05, 0.0, -2.1e-05, 0.016047, 0.999871, 0.374726, 2e-05, -0.999871, 0.016047, 0.0, 0.0, 0.0, 0.0, 1.0],
                [1.0, 2.2e-05, 2.2e-05, -0.0, -2.2e-05, 0.003668, 0.999993, 0.374726, 2.2e-05, -0.999993, 0.003668, -0.0, 0.0, 0.0, 0.0, 1.0],
                [1.0, 2.1e-05, 2.2e-05, -0.0, -2.2e-05, 0.004551, 0.99999, 0.374726, 2.1e-05, -0.999989, 0.004552, 0.0, 0.0, 0.0, 0.0, 1.0],
                [1.0, 2.1e-05, 2.1e-05, -0.0, -2.2e-05, 0.019168, 0.999816, 0.374726, 2.1e-05, -0.999816, 0.019168, -0.0, 0.0, 0.0, 0.0, 1.0],
                [1.0, 2.1e-05, 2.1e-05, 0.0, -2.2e-05, 0.047479, 0.998872, 0.374726, 2e-05, -0.998872, 0.047479, -0.0, 0.0, 0.0, 0.0, 1.0],
                [1.0, 2.1e-05, 2e-05, -0.0, -2.2e-05, 0.089123, 0.996021, 0.374726, 1.9e-05, -0.99602, 0.089123, 0.0, 0.0, 0.0, 0.0, 1.0],
                [1.0, 2.1e-05, 1.9e-05, -0.0, -2.2e-05, 0.142589, 0.989781, 0.374726, 1.8e-05, -0.989781, 0.142589, 0.0, 0.0, 0.0, 0.0, 1.0],
                [1.0, 2.1e-05, 1.7e-05, 0.0, -2.1e-05, 0.20644, 0.978459, 0.374726, 1.7e-05, -0.978459, 0.20644, -0.0, 0.0, 0.0, 0.0, 1.0],
                [1.0, 2e-05, 1.5e-05, 0.0, -2e-05, 0.278576, 0.960414, 0.374726, 1.5e-05, -0.960414, 0.278576, -0.0, 0.0, 0.0, 0.0, 1.0],
                [1.0, 2e-05, 1.4e-05, 0.0, -2e-05, 0.356684, 0.934225, 0.374726, 1.3e-05, -0.934225, 0.356684, -0.0, 0.0, 0.0, 0.0, 1.0],
                [1.0, 1.9e-05, 1.3e-05, -0.0, -2e-05, 0.437532, 0.899203, 0.374726, 1.2e-05, -0.899203, 0.437532, 0.0, 0.0, 0.0, 0.0, 1.0],
                [1.0, 1.7e-05, 1.1e-05, -0.0, -1.8e-05, 0.518273, 0.855215, 0.374726, 9e-06, -0.855216, 0.518273, 0.0, 0.0, 0.0, 0.0, 1.0],
                [1.0, 1.7e-05, 9e-06, -0.0, -1.7e-05, 0.595383, 0.803442, 0.374726, 8e-06, -0.803442, 0.595383, -0.0, 0.0, 0.0, 0.0, 1.0],
                [1.0, 1.5e-05, 7e-06, -0.0, -1.5e-05, 0.665399, 0.746488, 0.374726, 6e-06, -0.746488, 0.665399, 0.0, 0.0, 0.0, 0.0, 1.0],
                [1.0, 1.5e-05, 7e-06, -0.0, -1.5e-05, 0.725053, 0.688693, 0.374726, 5e-06, -0.688693, 0.725053, -0.0, 0.0, 0.0, 0.0, 1.0],
                [1.0, 1.4e-05, 6e-06, -0.0, -1.5e-05, 0.771014, 0.636818, 0.374726, 5e-06, -0.636818, 0.771014, 0.0, 0.0, 0.0, 0.0, 1.0],
                [1.0, 1.3e-05, 5e-06, -0.0, -1.3e-05, 0.800324, 0.599567, 0.374726, 4e-06, -0.599567, 0.800324, 0.0, 0.0, 0.0, 0.0, 1.0],
                [1.0, 1.2e-05, 4e-06, -0.0, -1.2e-05, 0.810544, 0.585678, 0.374726, 3e-06, -0.585678, 0.810544, 0.0, 0.0, 0.0, 0.0, 1.0]
            ]
        },
        {
            "name": "Knee_R",
            "time": [0.0, 1.0],
            "transform": [
                [1.0, 0.0, -0.0, 0.0, -0.0, 0.00567, -0.999984, 0.384262, -0.0, 0.999984, 0.00567, -5.4e-05, 0.0, 0.0, 0.0, 1.0],
                [1.0, 0.0, -0.0, -0.0, -0.0, 0.00567, -0.999984, 0.384262, -0.0, 0.999984, 0.00567, -5.4e-05, 0.0, 0.0, 0.0, 1.0]
            ]
        },
        {
            "name": "Thigh_L",
            "time": [0.0, 0.0167, 0.0333, 0.05, 0.0667, 0.0833, 0.1, 0.1167, 0.1333, 0.15, 0.1667, 0.1833, 0.2, 0.2167, 0.2333, 0.25, 0.2667, 0.2833, 0.3, 0.3167, 0.3333, 0.35, 0.3667, 0.3833, 0.4, 0.4167, 0.4333, 0.45, 0.4667, 0.4833, 0.5, 0.5167, 0.5333, 0.55, 0.5667, 0.5833, 0.6, 0.6167, 0.6333, 0.65, 0.6667, 0.6833, 0.7, 0.7167, 0.7333, 0.75, 0.7667, 0.7833, 0.8, 0.8167, 0.8333, 0.85, 0.8667, 0.8833, 0.9, 0.9167, 0.9333, 0.95, 0.9667, 0.9833, 1.0],
            "transform": [
                [0.966593, -0.236672, -0.098412, -0.125006, -0.234496, -0.971547, 0.033288, -0.002831, -0.10349, -0.009098, -0.994589, -1.2e-05, 0.0, 0.0, 0.0, 1.0],
                [0.966629, -0.236919, -0.097461, -0.125006, -0.234276, -0.971432, 0.037884, -0.002831, -0.103652, -0.013787, -0.994518, -1.2e-05, 0.0, 0.0, 0.0, 1.0],
                [0.966734, -0.237598, -0.094729, -0.125006, -0.233632, -0.97098, 0.051128, -0.002831, -0.104128, -0.027295, -0.994189, -1.2e-05, 0.0, 0.0, 0.0, 1.0],
                [0.966903, -0.238579, -0.090434, -0.125006, -0.232581, -0.969905, 0.072053, -0.002831, -0.104902, -0.048636, -0.993293, -1.2e-05, 0.0, 0.0, 0.0, 1.0],
                [0.967133, -0.239702, -0.084831, -0.125006, -0.231137, -0.967814, 0.099567, -0.002831, -0.105967, -0.076686, -0.991408, -1.2e-05, 0.0, 0.0, 0.0, 1.0],
                [0.967421, -0.240792, -0.078207, -0.125006, -0.229304, -0.964297, 0.132484, -0.002831, -0.107316, -0.110235, -0.988095, -1.2e-05, 0.0, 0.0, 0.0, 1.0],
                [0.967761, -0.241712, -0.070805, -0.125006, -0.227087, -0.958954, 0.169821, -0.002831, -0.108947, -0.148268, -0.982928, -1.2e-05, 0.0, 0.0, 0.0, 1.0],
                [0.968151, -0.242323, -0.062951, -0.125006, -0.224486, -0.951517, 0.210291, -0.002831, -0.110857, -0.189461, -0.97561, -1.2e-05, 0.0, 0.0, 0.0, 1.0],
                [0.968586, -0.242542, -0.054898, -0.125006, -0.221496, -0.941789, 0.252931, -0.002831, -0.113049, -0.232826, -0.965926, -1.2e-05, 0.0, 0.0, 0.0, 1.0],
                [0.969062, -0.242318, -0.046913, -0.125006, -0.218113, -0.929712, 0.296754, -0.002831, -0.115524, -0.27734, -0.953801, -1.2e-05, 0.0, 0.0, 0.0, 1.0],
                [0.969572, -0.241639, -0.039239, -0.125006, -0.21433, -0.915349, 0.34088, -0.002831, -0.118287, -0.322098, -0.939288, -1.2e-05, 0.0, 0.0, 0.0, 1.0],
                [0.970113, -0.240516, -0.032149, -0.125006, -0.210138, -0.898956, 0.384344, -0.002831, -0.121341, -0.366101, -0.92263, -1.2e-05, 0.0, 0.0, 0.0, 1.0],
                [0.970675, -0.239002, -0.025854, -0.125006, -0.205531, -0.880865, 0.42642, -0.002831, -0.124689, -0.408602, -0.904156, -1.2e-05, 0.0, 0.0, 0.0, 1.0],
                [0.971252, -0.237165, -0.020565, -0.125006, -0.2005, -0.861546, 0.466411, -0.002831, -0.128334, -0.448879, -0.884329, -1.2e-05, 0.0, 0.0, 0.0, 1.0],
                [0.971834, -0.235091, -0.016465, -0.125006, -0.195043, -0.841562, 0.503719, -0.002831, -0.132275, -0.48632, -0.863711, -1.2e-05, 0.0, 0.0, 0.0, 1.0],
                [0.972411, -0.232871, -0.013707, -0.125006, -0.18916, -0.821542, 0.537854, -0.002831, -0.136512, -0.520423, -0.842926, -1.2e-05, 0.0, 0.0, 0.0, 1.0],
                [0.972971, -0.230593, -0.012413, -0.125006, -0.182856, -0.802149, 0.568438, -0.002831, -0.141034, -0.550804, -0.822632, -1.2e-05, 0.0, 0.0, 0.0, 1.0],
                [0.973502, -0.228328, -0.012665, -0.125006, -0.176149, -0.784044, 0.595186, -0.002831, -0.145827, -0.577184, -0.803488, -1.2e-05, 0.0, 0.0, 0.0, 1.0],
                [0.973989, -0.226131, -0.014512, -0.125006, -0.169073, -0.767881, 0.617878, -0.002831, -0.150864, -0.599353, -0.78614, -1.2e-05, 0.0, 0.0, 0.0, 1.0],
                [0.974418, -0.224027, -0.017916, -0.125006, -0.161676, -0.754124, 0.63652, -0.002831, -0.156109, -0.61734, -0.771052, -1.2e-05, 0.0, 0.0, 0.0, 1.0],
                [0.974778, -0.222008, -0.022824, -0.125006, -0.154024, -0.743215, 0.651083, -0.002831, -0.161509, -0.631145, -0.758664, -1.2e-05, 0.0, 0.0, 0.0, 1.0],
                [0.975056, -0.22004, -0.029134, -0.125006, -0.146211, -0.735494, 0.661568, -0.002831, -0.166999, -0.640806, -0.74932, -1.2e-05, 0.0, 0.0, 0.0, 1.0],
                [0.975246, -0.218072, -0.036612, -0.125006, -0.138353, -0.730929, 0.668282, -0.002831, -0.172494, -0.646673, -0.743007, -1.2e-05, 0.0, 0.0, 0.0, 1.0],
                [0.975345, -0.21604, -0.045049, -0.125006, -0.130601, -0.729598, 0.67129, -0.002831, -0.177893, -0.648856, -0.739824, -1.2e-05, 0.0, 0.0, 0.0, 1.0],
                [0.975358, -0.213886, -0.054124, -0.125006, -0.123132, -0.731272, 0.670881, -0.002831, -0.183071, -0.647684, -0.739588, -1.2e-05, 0.0, 0.0, 0.0, 1.0],
                [0.975298, -0.21159, -0.063431, -0.125006, -0.116156, -0.735509, 0.667484, -0.002831, -0.187887, -0.643628, -0.741918, -1.2e-05, 0.0, 0.0, 0.0, 1.0],
                [0.975185, -0.209201, -0.072458, -0.125006, -0.109906, -0.741554, 0.66183, -0.002831, -0.192187, -0.637443, -0.746144, -1.2e-05, 0.0, 0.0, 0.0, 1.0],
                [0.975046, -0.206833, -0.080662, -0.125006, -0.104631, -0.748584, 0.654733, -0.002831, -0.195802, -0.629954, -0.751544, -1.2e-05, 0.0, 0.0, 0.0, 1.0],
                [0.974912, -0.204725, -0.087374, -0.125006, -0.100586, -0.755358, 0.647547, -0.002831, -0.198568, -0.622513, -0.757, -1.2e-05, 0.0, 0.0, 0.0, 1.0],
                [0.974815, -0.203228, -0.091841, -0.125006, -0.098011, -0.760307, 0.642127, -0.002831, -0.200325, -0.616954, -0.761077, -1.2e-05, 0.0, 0.0, 0.0, 1.0],
                [0.974778, -0.20267, -0.093445, -0.125006, -0.097114, -0.762188, 0.64003, -0.002831, -0.200937, -0.614813, -0.762647, -1.2e-05, 0.0, 0.0, 0.0, 1.0],
                [0.974815, -0.203228, -0.091841, -0.125006, -0.098011, -0.760307, 0.642127, -0.002831, -0.200325, -0.616954, -0.761077, -1.2e-05, 0.0, 0.0, 0.0, 1.0],
                [0.974912, -0.204726, -0.087374, -0.125006, -0.100586, -0.755358, 0.647547, -0.002831, -0.198568, -0.622512, -0.757, -1.2e-05, 0.0, 0.0, 0.0, 1.0],
                [0.975046, -0.206833, -0.080662, -0.125006, -0.104631, -0.748584, 0.654733, -0.002831, -0.195802, -0.629954, -0.751545, -1.2e-05, 0.0, 0.0, 0.0, 1.0],
                [0.975185, -0.2092, -0.072458, -0.125006, -0.109906, -0.741554, 0.66183, -0.002831, -0.192186, -0.637443, -0.746145, -1.2e-05, 0.0, 0.0, 0.0, 1.0],
                [0.975298, -0.21159, -0.063432, -0.125006, -0.116156, -0.735509, 0.667484, -0.002831, -0.187887, -0.643628, -0.741918, -1.2e-05, 0.0, 0.0, 0.0, 1.0],
                [0.975358, -0.213886, -0.054123, -0.125006, -0.123133, -0.731271, 0.670881, -0.002831, -0.183071, -0.647684, -0.739588, -1.2e-05, 0.0, 0.0, 0.0, 1.0],
                [0.975345, -0.21604, -0.045049, -0.125006, -0.130601, -0.729598, 0.67129, -0.002831, -0.177893, -0.648856, -0.739824, -1.2e-05, 0.0, 0.0, 0.0, 1.0],
                [0.975246, -0.218072, -0.036612, -0.125006, -0.138353, -0.73093, 0.668282, -0.002831, -0.172494, -0.646674, -0.743007, -1.2e-05, 0.0, 0.0, 0.0, 1.0],
                [0.975056, -0.22004, -0.029134, -0.125006, -0.146212, -0.735494, 0.661568, -0.002831, -0.166999, -0.640805, -0.74932, -1.2e-05, 0.0, 0.0, 0.0, 1.0],
                [0.974778, -0.222008, -0.022824, -0.125006, -0.154025, -0.743215, 0.651083, -0.002831, -0.161509, -0.631145, -0.758664, -1.2e-05, 0.0, 0.0, 0.0, 1.0],
                [0.974418, -0.224026, -0.017916, -0.125006, -0.161676, -0.754124, 0.63652, -0.002831, -0.156108, -0.61734, -0.771052, -1.2e-05, 0.0, 0.0, 0.0, 1.0],
                [0.973989, -0.226131, -0.014512, -0.125006, -0.169073, -0.767881, 0.617878, -0.002831, -0.150864, -0.599352, -0.786141, -1.2e-05, 0.0, 0.0, 0.0, 1.0],
                [0.973502, -0.228327, -0.012665, -0.125006, -0.176148, -0.784044, 0.595186, -0.002831, -0.145827, -0.577184, -0.803488, -1.2e-05, 0.0, 0.0, 0.0, 1.0],
                [0.972971, -0.230592, -0.012413, -0.125006, -0.182855, -0.802149, 0.568438, -0.002831, -0.141034, -0.550804, -0.822632, -1.2e-05, 0.0, 0.0, 0.0, 1.0],
                [0.972411, -0.232872, -0.013707, -0.125006, -0.18916, -0.821542, 0.537854, -0.002831, -0.136512, -0.520423, -0.842926, -1.2e-05, 0.0, 0.0, 0.0, 1.0],
                [0.971834, -0.23509, -0.016465, -0.125006, -0.195043, -0.841562, 0.503719, -0.002831, -0.132275, -0.48632, -0.863711, -1.2e-05, 0.0, 0.0, 0.0, 1.0],
                [0.971252, -0.237165, -0.020565, -0.125006, -0.200501, -0.861546, 0.466411, -0.002831, -0.128334, -0.448879, -0.884329, -1.2e-05, 0.0, 0.0, 0.0, 1.0],
                [0.970675, -0.239001, -0.025855, -0.125006, -0.20553, -0.880865, 0.42642, -0.002831, -0.124689, -0.408602, -0.904156, -1.2e-05, 0.0, 0.0, 0.0, 1.0],
                [0.970113, -0.240516, -0.032149, -0.125006, -0.210138, -0.898956, 0.384344, -0.002831, -0.121341, -0.366102, -0.92263, -1.2e-05, 0.0, 0.0, 0.0, 1.0],
                [0.969573, -0.241638, -0.039239, -0.125006, -0.214329, -0.915349, 0.34088, -0.002831, -0.118287, -0.322098, -0.939287, -1.2e-05, 0.0, 0.0, 0.0, 1.0],
                [0.969062, -0.242318, -0.046913, -0.125006, -0.218113, -0.929712, 0.296754, -0.002831, -0.115524, -0.27734, -0.953801, -1.2e-05, 0.0, 0.0, 0.0, 1.0],
                [0.968586, -0.242542, -0.054898, -0.125006, -0.221496, -0.941789, 0.252931, -0.002831, -0.113049, -0.232826, -0.965926, -1.2e-05, 0.0, 0.0, 0.0, 1.0],
                [0.968151, -0.242324, -0.062951, -0.125006, -0.224487, -0.951517, 0.21029, -0.002831, -0.110857, -0.189461, -0.97561, -1.2e-05, 0.0, 0.0, 0.0, 1.0],
                [0.967761, -0.241711, -0.070805, -0.125006, -0.227087, -0.958954, 0.169821, -0.002831, -0.108947, -0.148268, -0.982928, -1.2e-05, 0.0, 0.0, 0.0, 1.0],
                [0.967421, -0.240792, -0.078207, -0.125006, -0.229305, -0.964297, 0.132484, -0.002831, -0.107316, -0.110235, -0.988095, -1.2e-05, 0.0, 0.0, 0.0, 1.0],
                [0.967133, -0.239702, -0.084832, -0.125006, -0.231137, -0.967814, 0.099566, -0.002831, -0.105967, -0.076686, -0.991408, -1.2e-05, 0.0, 0.0, 0.0, 1.0],
                [0.966903, -0.238579, -0.090434, -0.125006, -0.232581, -0.969905, 0.072053, -0.002831, -0.104902, -0.048636, -0.993293, -1.2e-05, 0.0, 0.0, 0.0, 1.0],
                [0.966734, -0.237598, -0.094729, -0.125006, -0.233632, -0.97098, 0.051127, -0.002831, -0.104128, -0.027295, -0.99419, -1.2e-05, 0.0, 0.0, 0.0, 1.0],
                [0.966629, -0.236919, -0.097461, -0.125006, -0.234277, -0.971432, 0.037884, -0.002831, -0.103652, -0.013787, -0.994518, -1.2e-05, 0.0, 0.0, 0.0, 1.0],
                [0.966593, -0.236672, -0.098412, -0.125006, -0.234496, -0.971547, 0.033288, -0.002831, -0.10349, -0.009098, -0.994589, -1.2e-05, 0.0, 0.0, 0.0, 1.0]
            ]
        },
        {
            "name": "Leg_L",
            "time": [0.0, 0.0167, 0.0333, 0.05, 0.0667, 0.0833, 0.1, 0.1167, 0.1333, 0.15, 0.1667, 0.1833, 0.2, 0.2167, 0.2333, 0.25, 0.2667, 0.2833, 0.3, 0.3167, 0.3333, 0.35, 0.3667, 0.3833, 0.4, 0.4167, 0.4333, 0.45, 0.4667, 0.4833, 0.5, 0.5167, 0.5333, 0.55, 0.5667, 0.5833, 0.6, 0.6167, 0.6333, 0.65, 0.6667, 0.6833, 0.7, 0.7167, 0.7333, 0.75, 0.7667, 0.7833, 0.8, 0.8167, 0.8333, 0.85, 0.8667, 0.8833, 0.9, 0.9167, 0.9333, 0.95, 0.9667, 0.9833, 1.0],
            "transform": [
                [1.0, 1.3e-05, 6e-06, -0.0, -1.3e-05, 0.748638, 0.662979, 0.374726, 4e-06, -0.662979, 0.748638, -0.0, 0.0, 0.0, 0.0, 1.0],
                [1.0, 1.4e-05, 6e-06, 0.0, -1.4e-05, 0.745576, 0.66642, 0.374726, 5e-06, -0.666421, 0.745577, -0.0, 0.0, 0.0, 0.0, 1.0],
                [1.0, 1.3e-05, 6e-06, 0.0, -1.4e-05, 0.736793, 0.676118, 0.374726, 5e-06, -0.676119, 0.736793, 0.0, 0.0, 0.0, 0.0, 1.0],
                [1.0, 1.3e-05, 6e-06, -0.0, -1.3e-05, 0.723047, 0.690798, 0.374726, 5e-06, -0.690798, 0.723047, 0.0, 0.0, 0.0, 0.0, 1.0],
                [1.0, 1.5e-05, 7e-06, -0.0, -1.5e-05, 0.705271, 0.708937, 0.374726, 6e-06, -0.708938, 0.705271, 0.0, 0.0, 0.0, 0.0, 1.0],
                [1.0, 1.5e-05, 7e-06, 0.0, -1.5e-05, 0.684575, 0.728942, 0.374726, 6e-06, -0.728943, 0.684575, 0.0, 0.0, 0.0, 0.0, 1.0],
                [1.0, 1.4e-05, 7e-06, 0.0, -1.5e-05, 0.661865, 0.749623, 0.374726, 6e-06, -0.749623, 0.661865, -0.0, 0.0, 0.0, 0.0, 1.0],
                [1.0, 1.6e-05, 8e-06, 0.0, -1.7e-05, 0.638572, 0.769561, 0.374726, 7e-06, -0.769562, 0.638572, -0.0, 0.0, 0.0, 0.0, 1.0],
                [1.0, 1.6e-05, 8e-06, -0.0, -1.6e-05, 0.615716, 0.787968, 0.374726, 7e-06, -0.787968, 0.615716, -0.0, 0.0, 0.0, 0.0, 1.0],
                [1.0, 1.5e-05, 8e-06, 0.0, -1.6e-05, 0.594387, 0.804179, 0.374726, 7e-06, -0.804179, 0.594387, 0.0, 0.0, 0.0, 0.0, 1.0],
