{
    "animation": [
        {
            "name": "Root",
            "time": [0.0, 0.0167, 0.0333, 0.05, 0.0667, 0.0833, 0.1, 0.1167, 0.1333, 0.15, 0.1667, 0.1833, 0.2, 0.2167, 0.2333, 0.25, 0.2667, 0.2833, 0.3, 0.3167, 0.3333, 0.35, 0.3667, 0.3833, 0.4, 0.4167, 0.4333, 0.45, 0.4667, 0.4833, 0.5, 0.5167, 0.5333, 0.55, 0.5667, 0.5833, 0.6, 0.6167, 0.6333, 0.65, 0.6667, 0.6833, 0.7, 0.7167, 0.7333, 0.75, 0.7667, 0.7833, 0.8, 0.8167, 0.8333, 0.85, 0.8667, 0.8833, 0.9, 0.9167, 0.9333, 0.95, 0.9667, 0.9833, 1.0, 1.0167, 1.0333, 1.05, 1.0667, 1.0833, 1.1, 1.1167, 1.1333, 1.15, 1.1667, 1.1833, 1.2, 1.2167, 1.2333, 1.25, 1.2667, 1.2833, 1.3, 1.3167, 1.3333, 1.35, 1.3667, 1.3833, 1.4, 1.4167, 1.4333, 1.45, 1.4667, 1.4833, 1.5, 1.5167, 1.5333, 1.55, 1.5667, 1.5833, 1.6, 1.6167, 1.6333, 1.65, 1.6667, 1.6833, 1.7, 1.7167, 1.7333, 1.75, 1.7667, 1.7833, 1.8, 1.8167, 1.8333, 1.85, 1.8667, 1.8833, 1.9, 1.9167, 1.9333, 1.95, 1.9667, 1.9833, 2.0],
            "transform": [
                [1.0, 0.0, 0.0, -5e-06, 0.0, 0.54733, -0.836917, 0.049404, 0.0, 0.836917, 0.54733, 0.777207, 0.0, 0.0, 0.0, 1.0],
                [1.0, 0.0, 0.0, -5e-06, 0.0, 0.54733, -0.836917, 0.049404, 0.0, 0.836917, 0.54733, 0.777064, 0.0, 0.0, 0.0, 1.0],
                [1.0, 0.0, 0.0, -5e-06, 0.0, 0.54733, -0.836917, 0.049404, 0.0, 0.836917, 0.54733, 0.776645, 0.0, 0.0, 0.0, 1.0],
                [1.0, 0.0, 0.0, -5e-06, 0.0, 0.54733, -0.836917, 0.049404, 0.0, 0.836917, 0.54733, 0.775965, 0.0, 0.0, 0.0, 1.0],
                [1.0, 0.0, 0.0, -5e-06, 0.0, 0.54733, -0.836917, 0.049404, 0.0, 0.836917, 0.54733, 0.775038, 0.0, 0.0, 0.0, 1.0],
                [1.0, 0.0, 0.0, -5e-06, 0.0, 0.54733, -0.836917, 0.049404, 0.0, 0.836917, 0.54733, 0.773878, 0.0, 0.0, 0.0, 1.0],
                [1.0, 0.0, 0.0, -5e-06, 0.0, 0.54733, -0.836917, 0.049404, 0.0, 0.836917, 0.54733, 0.772501, 0.0, 0.0, 0.0, 1.0],
                [1.0, 0.0, 0.0, -5e-06, 0.0, 0.54733, -0.836917, 0.049404, 0.0, 0.836917, 0.54733, 0.77092, 0.0, 0.0, 0.0, 1.0],
                [1.0, 0.0, 0.0, -5e-06, 0.0, 0.54733, -0.836917, 0.049404, 0.0, 0.836917, 0.54733, 0.76915, 0.0, 0.0, 0.0, 1.0],
                [1.0, 0.0, 0.0, -5e-06, 0.0, 0.54733, -0.836917, 0.049404, 0.0, 0.836917, 0.54733, 0.767206, 0.0, 0.0, 0.0, 1.0],
                [1.0, 0.0, 0.0, -5e-06, 0.0, 0.54733, -0.836917, 0.049404, 0.0, 0.836917, 0.54733, 0.765103, 0.0, 0.0, 0.0, 1.0],
                [1.0, 0.0, 0.0, -5e-06, 0.0, 0.54733, -0.836917, 0.049404, 0.0, 0.836917, 0.54733, 0.762854, 0.0, 0.0, 0.0, 1.0],
                [1.0, 0.0, 0.0, -5e-06, 0.0, 0.54733, -0.836917, 0.049404, 0.0, 0.836917, 0.54733, 0.760474, 0.0, 0.0, 0.0, 1.0],
                [1.0, 0.0, 0.0, -5e-06, 0.0, 0.54733, -0.836917, 0.049404, 0.0, 0.836917, 0.54733, 0.757978, 0.0, 0.0, 0.0, 1.0],
                [1.0, 0.0, 0.0, -5e-06, 0.0, 0.54733, -0.836917, 0.049404, 0.0, 0.836917, 0.54733, 0.755381, 0.0, 0.0, 0.0, 1.0],
                [1.0, 0.0, 0.0, -5e-06, 0.0, 0.54733, -0.836917, 0.049404, 0.0, 0.836917, 0.54733, 0.752696, 0.0, 0.0, 0.0, 1.0],
                [1.0, 0.0, 0.0, -5e-06, 0.0, 0.54733, -0.836917, 0.049404, 0.0, 0.836917, 0.54733, 0.749939, 0.0, 0.0, 0.0, 1.0],
                [1.0, 0.0, 0.0, -5e-06, 0.0, 0.54733, -0.836917, 0.049404, 0.0, 0.836917, 0.54733, 0.747123, 0.0, 0.0, 0.0, 1.0],
                [1.0, 0.0, 0.0, -5e-06, 0.0, 0.54733, -0.836917, 0.049404, 0.0, 0.836917, 0.54733, 0.744264, 0.0, 0.0, 0.0, 1.0],
                [1.0, 0.0, 0.0, -5e-06, 0.0, 0.54733, -0.836917, 0.049404, 0.0, 0.836917, 0.54733, 0.741376, 0.0, 0.0, 0.0, 1.0],
                [1.0, 0.0, 0.0, -5e-06, 0.0, 0.54733, -0.836917, 0.049404, 0.0, 0.836917, 0.54733, 0.738474, 0.0, 0.0, 0.0, 1.0],
                [1.0, 0.0, 0.0, -5e-06, 0.0, 0.54733, -0.836917, 0.049404, 0.0, 0.836917, 0.54733, 0.735571, 0.0, 0.0, 0.0, 1.0],
                [1.0, 0.0, 0.0, -5e-06, 0.0, 0.54733, -0.836917, 0.049404, 0.0, 0.836917, 0.54733, 0.732683, 0.0, 0.0, 0.0, 1.0],
                [1.0, 0.0, 0.0, -5e-06, 0.0, 0.54733, -0.836917, 0.049404, 0.0, 0.836917, 0.54733, 0.729824, 0.0, 0.0, 0.0, 1.0],
                [1.0, 0.0, 0.0, -5e-06, 0.0, 0.54733, -0.836917, 0.049404, 0.0, 0.836917, 0.54733, 0.727009, 0.0, 0.0, 0.0, 1.0],
                [1.0, 0.0, 0.0, -5e-06, 0.0, 0.54733, -0.836917, 0.049404, 0.0, 0.836917, 0.54733, 0.724252, 0.0, 0.0, 0.0, 1.0],
                [1.0, 0.0, 0.0, -5e-06, 0.0, 0.54733, -0.836917, 0.049404, 0.0, 0.836917, 0.54733, 0.721567, 0.0, 0.0, 0.0, 1.0],
                [1.0, 0.0, 0.0, -5e-06, 0.0, 0.54733, -0.836917, 0.049404, 0.0, 0.836917, 0.54733, 0.718969, 0.0, 0.0, 0.0, 1.0],
                [1.0, 0.0, 0.0, -5e-06, 0.0, 0.54733, -0.836917, 0.049404, 0.0, 0.836917, 0.54733, 0.716473, 0.0, 0.0, 0.0, 1.0],
                [1.0, 0.0, 0.0, -5e-06, 0.0, 0.54733, -0.836917, 0.049404, 0.0, 0.836917, 0.54733, 0.714094, 0.0, 0.0, 0.0, 1.0],
                [1.0, 0.0, 0.0, -5e-06, 0.0, 0.54733, -0.836917, 0.049404, 0.0, 0.836917, 0.54733, 0.711845, 0.0, 0.0, 0.0, 1.0],
                [1.0, 0.0, 0.0, -5e-06, 0.0, 0.54733, -0.836917, 0.049404, 0.0, 0.836917, 0.54733, 0.709741, 0.0, 0.0, 0.0, 1.0],
                [1.0, 0.0, 0.0, -5e-06, 0.0, 0.54733, -0.836917, 0.049404, 0.0, 0.836917, 0.54733, 0.707797, 0.0, 0.0, 0.0, 1.0],
                [1.0, 0.0, 0.0, -5e-06, 0.0, 0.54733, -0.836917, 0.049404, 0.0, 0.836917, 0.54733, 0.706028, 0.0, 0.0, 0.0, 1.0],
                [1.0, 0.0, 0.0, -5e-06, 0.0, 0.54733, -0.836917, 0.049404, 0.0, 0.836917, 0.54733, 0.704447, 0.0, 0.0, 0.0, 1.0],
                [1.0, 0.0, 0.0, -5e-06, 0.0, 0.54733, -0.836917, 0.049404, 0.0, 0.836917, 0.54733, 0.703069, 0.0, 0.0, 0.0, 1.0],
                [1.0, 0.0, 0.0, -5e-06, 0.0, 0.54733, -0.836917, 0.049404, 0.0, 0.836917, 0.54733, 0.70191, 0.0, 0.0, 0.0, 1.0],
                [1.0, 0.0, 0.0, -5e-06, 0.0, 0.54733, -0.836917, 0.049404, 0.0, 0.836917, 0.54733, 0.700983, 0.0, 0.0, 0.0, 1.0],
                [1.0, 0.0, 0.0, -5e-06, 0.0, 0.54733, -0.836917, 0.049404, 0.0, 0.836917, 0.54733, 0.700302, 0.0, 0.0, 0.0, 1.0],
                [1.0, 0.0, 0.0, -5e-06, 0.0, 0.54733, -0.836917, 0.049404, 0.0, 0.836917, 0.54733, 0.699884, 0.0, 0.0, 0.0, 1.0],
                [1.0, 0.0, 0.0, -5e-06, 0.0, 0.54733, -0.836917, 0.049404, 0.0, 0.836917, 0.54733, 0.699741, 0.0, 0.0, 0.0, 1.0],
                [1.0, 0.0, 0.0, -5e-06, 0.0, 0.54733, -0.836917, 0.049404, 0.0, 0.836917, 0.54733, 0.699952, 0.0, 0.0, 0.0, 1.0],
                [1.0, 0.0, 0.0, -5e-06, 0.0, 0.54733, -0.836917, 0.049404, 0.0, 0.836917, 0.54733, 0.700573, 0.0, 0.0, 0.0, 1.0],
                [1.0, 0.0, 0.0, -5e-06, 0.0, 0.54733, -0.836917, 0.049404, 0.0, 0.836917, 0.54733, 0.701581, 0.0, 0.0, 0.0, 1.0],
                [1.0, 0.0, 0.0, -5e-06, 0.0, 0.54733, -0.836917, 0.049404, 0.0, 0.836917, 0.54733, 0.702954, 0.0, 0.0, 0.0, 1.0],
                [1.0, 0.0, 0.0, -5e-06, 0.0, 0.54733, -0.836917, 0.049404, 0.0, 0.836917, 0.54733, 0.704672, 0.0, 0.0, 0.0, 1.0],
                [1.0, 0.0, 0.0, -5e-06, 0.0, 0.54733, -0.836917, 0.049404, 0.0, 0.836917, 0.54733, 0.706713, 0.0, 0.0, 0.0, 1.0],
                [1.0, 0.0, 0.0, -5e-06, 0.0, 0.54733, -0.836917, 0.049404, 0.0, 0.836917, 0.54733, 0.709055, 0.0, 0.0, 0.0, 1.0],
                [1.0, 0.0, 0.0, -5e-06, 0.0, 0.54733, -0.836917, 0.049404, 0.0, 0.836917, 0.54733, 0.711677, 0.0, 0.0, 0.0, 1.0],
                [1.0, 0.0, 0.0, -5e-06, 0.0, 0.54733, -0.836917, 0.049404, 0.0, 0.836917, 0.54733, 0.714557, 0.0, 0.0, 0.0, 1.0],
                [1.0, 0.0, 0.0, -5e-06, 0.0, 0.54733, -0.836917, 0.049404, 0.0, 0.836917, 0.54733, 0.717674, 0.0, 0.0, 0.0, 1.0],
                [1.0, 0.0, 0.0, -5e-06, 0.0, 0.54733, -0.836917, 0.049404, 0.0, 0.836917, 0.54733, 0.721006, 0.0, 0.0, 0.0, 1.0],
                [1.0, 0.0, 0.0, -5e-06, 0.0, 0.54733, -0.836917, 0.049404, 0.0, 0.836917, 0.54733, 0.724532, 0.0, 0.0, 0.0, 1.0],
                [1.0, 0.0, 0.0, -5e-06, 0.0, 0.54733, -0.836917, 0.049404, 0.0, 0.836917, 0.54733, 0.72823, 0.0, 0.0, 0.0, 1.0],
                [1.0, 0.0, 0.0, -5e-06, 0.0, 0.54733, -0.836917, 0.049404, 0.0, 0.836917, 0.54733, 0.732079, 0.0, 0.0, 0.0, 1.0],
                [1.0, 0.0, 0.0, -5e-06, 0.0, 0.54733, -0.836917, 0.049404, 0.0, 0.836917, 0.54733, 0.736056, 0.0, 0.0, 0.0, 1.0],
                [1.0, 0.0, 0.0, -5e-06, 0.0, 0.54733, -0.836917, 0.049404, 0.0, 0.836917, 0.54733, 0.740141, 0.0, 0.0, 0.0, 1.0],
                [1.0, 0.0, 0.0, -5e-06, 0.0, 0.54733, -0.836917, 0.049404, 0.0, 0.836917, 0.54733, 0.744313, 0.0, 0.0, 0.0, 1.0],
                [1.0, 0.0, 0.0, -5e-06, 0.0, 0.54733, -0.836917, 0.049404, 0.0, 0.836917, 0.54733, 0.748549, 0.0, 0.0, 0.0, 1.0],
                [1.0, 0.0, 0.0, -5e-06, 0.0, 0.54733, -0.836917, 0.049404, 0.0, 0.836917, 0.54733, 0.752828, 0.0, 0.0, 0.0, 1.0],
                [1.0, 0.0, 0.0, -5e-06, 0.0, 0.54733, -0.836917, 0.049404, 0.0, 0.836917, 0.54733, 0.757128, 0.0, 0.0, 0.0, 1.0],
                [1.0, 0.0, 0.0, -5e-06, 0.0, 0.54733, -0.836917, 0.049404, 0.0, 0.836917, 0.54733, 0.761429, 0.0, 0.0, 0.0, 1.0],
                [1.0, 0.0, 0.0, -5e-06, 0.0, 0.54733, -0.836917, 0.049404, 0.0, 0.836917, 0.54733, 0.765707, 0.0, 0.0, 0.0, 1.0],
                [1.0, 0.0, 0.0, -5e-06, 0.0, 0.54733, -0.836917, 0.049404, 0.0, 0.836917, 0.54733, 0.769943, 0.0, 0.0, 0.0, 1.0],
                [1.0, 0.0, 0.0, -5e-06, 0.0, 0.54733, -0.836917, 0.049404, 0.0, 0.836917, 0.54733, 0.774115, 0.0, 0.0, 0.0, 1.0],
                [1.0, 0.0, 0.0, -5e-06, 0.0, 0.54733, -0.836917, 0.049404, 0.0, 0.836917, 0.54733, 0.7782, 0.0, 0.0, 0.0, 1.0],
                [1.0, 0.0, 0.0, -5e-06, 0.0, 0.54733, -0.836917, 0.049404, 0.0, 0.836917, 0.54733, 0.782178, 0.0, 0.0, 0.0, 1.0],
                [1.0, 0.0, 0.0, -5e-06, 0.0, 0.54733, -0.836917, 0.049404, 0.0, 0.836917, 0.54733, 0.786026, 0.0, 0.0, 0.0, 1.0],
                [1.0, 0.0, 0.0, -5e-06, 0.0, 0.54733, -0.836917, 0.049404, 0.0, 0.836917, 0.54733, 0.789724, 0.0, 0.0, 0.0, 1.0],
                [1.0, 0.0, 0.0, -5e-06, 0.0, 0.54733, -0.836917, 0.049404, 0.0, 0.836917, 0.54733, 0.79325, 0.0, 0.0, 0.0, 1.0],
                [1.0, 0.0, 0.0, -5e-06, 0.0, 0.54733, -0.836917, 0.049404, 0.0, 0.836917, 0.54733, 0.796582, 0.0, 0.0, 0.0, 1.0],
                [1.0, 0.0, 0.0, -5e-06, 0.0, 0.54733, -0.836917, 0.049404, 0.0, 0.836917, 0.54733, 0.799699, 0.0, 0.0, 0.0, 1.0],
                [1.0, 0.0, 0.0, -5e-06, 0.0, 0.54733, -0.836917, 0.049404, 0.0, 0.836917, 0.54733, 0.802579, 0.0, 0.0, 0.0, 1.0],
                [1.0, 0.0, 0.0, -5e-06, 0.0, 0.54733, -0.836917, 0.049404, 0.0, 0.836917, 0.54733, 0.805201, 0.0, 0.0, 0.0, 1.0],
                [1.0, 0.0, 0.0, -5e-06, 0.0, 0.54733, -0.836917, 0.049404, 0.0, 0.836917, 0.54733, 0.807543, 0.0, 0.0, 0.0, 1.0],
                [1.0, 0.0, 0.0, -5e-06, 0.0, 0.54733, -0.836917, 0.049404, 0.0, 0.836917, 0.54733, 0.809584, 0.0, 0.0, 0.0, 1.0],
                [1.0, 0.0, 0.0, -5e-06, 0.0, 0.54733, -0.836917, 0.049404, 0.0, 0.836917, 0.54733, 0.811302, 0.0, 0.0, 0.0, 1.0],
                [1.0, 0.0, 0.0, -5e-06, 0.0, 0.54733, -0.836917, 0.049404, 0.0, 0.836917, 0.54733, 0.812675, 0.0, 0.0, 0.0, 1.0],
                [1.0, 0.0, 0.0, -5e-06, 0.0, 0.54733, -0.836917, 0.049404, 0.0, 0.836917, 0.54733, 0.813683, 0.0, 0.0, 0.0, 1.0],
                [1.0, 0.0, 0.0, -5e-06, 0.0, 0.54733, -0.836917, 0.049404, 0.0, 0.836917, 0.54733, 0.814304, 0.0, 0.0, 0.0, 1.0],
                [1.0, 0.0, 0.0, -5e-06, 0.0, 0.54733, -0.836917, 0.049404, 0.0, 0.836917, 0.54733, 0.814515, 0.0, 0.0, 0.0, 1.0],
                [1.0, 0.0, 0.0, -5e-06, 0.0, 0.54733, -0.836917, 0.049404, 0.0, 0.836917, 0.54733, 0.814447, 0.0, 0.0, 0.0, 1.0],
                [1.0, 0.0, 0.0, -5e-06, 0.0, 0.54733, -0.836917, 0.049404, 0.0, 0.836917, 0.54733, 0.814245, 0.0, 0.0, 0.0, 1.0],
                [1.0, 0.0, 0.0, -5e-06, 0.0, 0.54733, -0.836917, 0.049404, 0.0, 0.836917, 0.54733, 0.813917, 0.0, 0.0, 0.0, 1.0],
                [1.0, 0.0, 0.0, -5e-06, 0.0, 0.54733, -0.836917, 0.049404, 0.0, 0.836917, 0.54733, 0.813471, 0.0, 0.0, 0.0, 1.0],
                [1.0, 0.0, 0.0, -5e-06, 0.0, 0.54733, -0.836917, 0.049404, 0.0, 0.836917, 0.54733, 0.812912, 0.0, 0.0, 0.0, 1.0],
                [1.0, 0.0, 0.0, -5e-06, 0.0, 0.54733, -0.836917, 0.049404, 0.0, 0.836917, 0.54733, 0.812249, 0.0, 0.0, 0.0, 1.0],
                [1.0, 0.0, 0.0, -5e-06, 0.0, 0.54733, -0.836917, 0.049404, 0.0, 0.836917, 0.54733, 0.811488, 0.0, 0.0, 0.0, 1.0],
                [1.0, 0.0, 0.0, -5e-06, 0.0, 0.54733, -0.836917, 0.049404, 0.0, 0.836917, 0.54733, 0.810635, 0.0, 0.0, 0.0, 1.0],
                [1.0, 0.0, 0.0, -5e-06, 0.0, 0.54733, -0.836917, 0.049404, 0.0, 0.836917, 0.54733, 0.809699, 0.0, 0.0, 0.0, 1.0],
                [1.0, 0.0, 0.0, -5e-06, 0.0, 0.54733, -0.836917, 0.049404, 0.0, 0.836917, 0.54733, 0.808686, 0.0, 0.0, 0.0, 1.0],
                [1.0, 0.0, 0.0, -5e-06, 0.0, 0.54733, -0.836917, 0.049404, 0.0, 0.836917, 0.54733, 0.807603, 0.0, 0.0, 0.0, 1.0],
                [1.0, 0.0, 0.0, -5e-06, 0.0, 0.54733, -0.836917, 0.049404, 0.0, 0.836917, 0.54733, 0.806457, 0.0, 0.0, 0.0, 1.0],
                [1.0, 0.0, 0.0, -5e-06, 0.0, 0.54733, -0.836917, 0.049404, 0.0, 0.836917, 0.54733, 0.805255, 0.0, 0.0, 0.0, 1.0],
                [1.0, 0.0, 0.0, -5e-06, 0.0, 0.54733, -0.836917, 0.049404, 0.0, 0.836917, 0.54733, 0.804004, 0.0, 0.0, 0.0, 1.0],
                [1.0, 0.0, 0.0, -5e-06, 0.0, 0.54733, -0.836917, 0.049404, 0.0, 0.836917, 0.54733, 0.802711, 0.0, 0.0, 0.0, 1.0],
                [1.0, 0.0, 0.0, -5e-06, 0.0, 0.54733, -0.836917, 0.049404, 0.0, 0.836917, 0.54733, 0.801383, 0.0, 0.0, 0.0, 1.0],
                [1.0, 0.0, 0.0, -5e-06, 0.0, 0.54733, -0.836917, 0.049404, 0.0, 0.836917, 0.54733, 0.800027, 0.0, 0.0, 0.0, 1.0],
                [1.0, 0.0, 0.0, -5e-06, 0.0, 0.54733, -0.836917, 0.049404, 0.0, 0.836917, 0.54733, 0.79865, 0.0, 0.0, 0.0, 1.0],
                [1.0, 0.0, 0.0, -5e-06, 0.0, 0.54733, -0.836917, 0.049404, 0.0, 0.836917, 0.54733, 0.797259, 0.0, 0.0, 0.0, 1.0],
                [1.0, 0.0, 0.0, -5e-06, 0.0, 0.54733, -0.836917, 0.049404, 0.0, 0.836917, 0.54733, 0.795861, 0.0, 0.0, 0.0, 1.0],
                [1.0, 0.0, 0.0, -5e-06, 0.0, 0.54733, -0.836917, 0.049404, 0.0, 0.836917, 0.54733, 0.794463, 0.0, 0.0, 0.0, 1.0],
                [1.0, 0.0, 0.0, -5e-06, 0.0, 0.54733, -0.836917, 0.049404, 0.0, 0.836917, 0.54733, 0.793072, 0.0, 0.0, 0.0, 1.0],
                [1.0, 0.0, 0.0, -5e-06, 0.0, 0.54733, -0.836917, 0.049404, 0.0, 0.836917, 0.54733, 0.791695, 0.0, 0.0, 0.0, 1.0],
                [1.0, 0.0, 0.0, -5e-06, 0.0, 0.54733, -0.836917, 0.049404, 0.0, 0.836917, 0.54733, 0.790339, 0.0, 0.0, 0.0, 1.0],
                [1.0, 0.0, 0.0, -5e-06, 0.0, 0.54733, -0.836917, 0.049404, 0.0, 0.836917, 0.54733, 0.789011, 0.0, 0.0, 0.0, 1.0],
                [1.0, 0.0, 0.0, -5e-06, 0.0, 0.54733, -0.836917, 0.049404, 0.0, 0.836917, 0.54733, 0.787718, 0.0, 0.0, 0.0, 1.0],
                [1.0, 0.0, 0.0, -5e-06, 0.0, 0.54733, -0.836917, 0.049404, 0.0, 0.836917, 0.54733, 0.786467, 0.0, 0.0, 0.0, 1.0],
                [1.0, 0.0, 0.0, -5e-06, 0.0, 0.54733, -0.836917, 0.049404, 0.0, 0.836917, 0.54733, 0.785265, 0.0, 0.0, 0.0, 1.0],
                [1.0, 0.0, 0.0, -5e-06, 0.0, 0.54733, -0.836917, 0.049404, 0.0, 0.836917, 0.54733, 0.784119, 0.0, 0.0, 0.0, 1.0],
                [1.0, 0.0, 0.0, -5e-06, 0.0, 0.54733, -0.836917, 0.049404, 0.0, 0.836917, 0.54733, 0.783036, 0.0, 0.0, 0.0, 1.0],
                [1.0, 0.0, 0.0, -5e-06, 0.0, 0.54733, -0.836917, 0.049404, 0.0, 0.836917, 0.54733, 0.782023, 0.0, 0.0, 0.0, 1.0],
                [1.0, 0.0, 0.0, -5e-06, 0.0, 0.54733, -0.836917, 0.049404, 0.0, 0.836917, 0.54733, 0.781087, 0.0, 0.0, 0.0, 1.0],
                [1.0, 0.0, 0.0, -5e-06, 0.0, 0.54733, -0.836917, 0.049404, 0.0, 0.836917, 0.54733, 0.780235, 0.0, 0.0, 0.0, 1.0],
                [1.0, 0.0, 0.0, -5e-06, 0.0, 0.54733, -0.836917, 0.049404, 0.0, 0.836917, 0.54733, 0.779473, 0.0, 0.0, 0.0, 1.0],
                [1.0, 0.0, 0.0, -5e-06, 0.0, 0.54733, -0.836917, 0.049404, 0.0, 0.836917, 0.54733, 0.77881, 0.0, 0.0, 0.0, 1.0],
                [1.0, 0.0, 0.0, -5e-06, 0.0, 0.54733, -0.836917, 0.049404, 0.0, 0.836917, 0.54733, 0.778251, 0.0, 0.0, 0.0, 1.0],
                [1.0, 0.0, 0.0, -5e-06, 0.0, 0.54733, -0.836917, 0.049404, 0.0, 0.836917, 0.54733, 0.777805, 0.0, 0.0, 0.0, 1.0],
                [1.0, 0.0, 0.0, -5e-06, 0.0, 0.54733, -0.836917, 0.049404, 0.0, 0.836917, 0.54733, 0.777477, 0.0, 0.0, 0.0, 1.0],
                [1.0, 0.0, 0.0, -5e-06, 0.0, 0.54733, -0.836917, 0.049404, 0.0, 0.836917, 0.54733, 0.777276, 0.0, 0.0, 0.0, 1.0],
                [1.0, 0.0, 0.0, -5e-06, 0.0, 0.54733, -0.836917, 0.049404, 0.0, 0.836917, 0.54733, 0.777207, 0.0, 0.0, 0.0, 1.0]
            ]
        },
        {
            "name": "Thigh_R",
            "time": [0.0, 0.0167, 0.0333, 0.05, 0.0667, 0.0833, 0.1, 0.1167, 0.1333, 0.15, 0.1667, 0.1833, 0.2, 0.2167, 0.2333, 0.25, 0.2667, 0.2833, 0.3, 0.3167, 0.3333, 0.35, 0.3667, 0.3833, 0.4, 0.4167, 0.4333, 0.45, 0.4667, 0.4833, 0.5, 0.5167, 0.5333, 0.55, 0.5667, 0.5833, 0.6, 0.6167, 0.6333, 0.65, 0.6667, 0.6833, 0.7, 0.7167, 0.7333, 0.75, 0.7667, 0.7833, 0.8, 0.8167, 0.8333, 0.85, 0.8667, 0.8833, 0.9, 0.9167, 0.9333, 0.95, 0.9667, 0.9833, 1.0, 1.0167, 1.0333, 1.05, 1.0667, 1.0833, 1.1, 1.1167, 1.1333, 1.15, 1.1667, 1.1833, 1.2, 1.2167, 1.2333, 1.25, 1.2667, 1.2833, 1.3, 1.3167, 1.3333, 1.35, 1.3667, 1.3833, 1.4, 1.4167, 1.4333, 1.45, 1.4667, 1.4833, 1.5, 1.5167, 1.5333, 1.55, 1.5667, 1.5833, 1.6, 1.6167, 1.6333, 1.65, 1.6667, 1.6833, 1.7, 1.7167, 1.7333, 1.75, 1.7667, 1.7833, 1.8, 1.8167, 1.8333, 1.85, 1.8667, 1.8833, 1.9, 1.9167, 1.9333, 1.95, 1.9667, 1.9833, 2.0],
            "transform": [
                [1.0, -1.4e-05, 6e-06, 0.124994, -1.2e-05, -0.470311, 0.882501, -0.002831, -1e-05, -0.882501, -0.470311, -1.2e-05, 0.0, 0.0, 0.0, 1.0],
                [1.0, -1.4e-05, 6e-06, 0.124994, -1.2e-05, -0.471046, 0.882109, -0.002831, -1e-05, -0.882109, -0.471046, -1.2e-05, 0.0, 0.0, 0.0, 1.0],
                [1.0, -1.4e-05, 6e-06, 0.124994, -1.2e-05, -0.473203, 0.880953, -0.002831, -1e-05, -0.880953, -0.473203, -1.2e-05, 0.0, 0.0, 0.0, 1.0],
                [1.0, -1.4e-05, 6e-06, 0.124994, -1.2e-05, -0.476717, 0.879057, -0.002831, -1e-05, -0.879057, -0.476717, -1.2e-05, 0.0, 0.0, 0.0, 1.0],
                [1.0, -1.4e-05, 6e-06, 0.124994, -1.2e-05, -0.481526, 0.876432, -0.002831, -1e-05, -0.876432, -0.481526, -1.2e-05, 0.0, 0.0, 0.0, 1.0],
                [1.0, -1.4e-05, 6e-06, 0.124994, -1.2e-05, -0.48757, 0.873084, -0.002831, -1e-05, -0.873084, -0.48757, -1.2e-05, 0.0, 0.0, 0.0, 1.0],
                [1.0, -1.4e-05, 6e-06, 0.124994, -1.2e-05, -0.494788, 0.869014, -0.002831, -1e-05, -0.869014, -0.494788, -1.2e-05, 0.0, 0.0, 0.0, 1.0],
                [1.0, -1.4e-05, 6e-06, 0.124994, -1.2e-05, -0.50312, 0.864217, -0.002831, -1e-05, -0.864217, -0.50312, -1.2e-05, 0.0, 0.0, 0.0, 1.0],
                [1.0, -1.4e-05, 6e-06, 0.124994, -1.2e-05, -0.512502, 0.858686, -0.002831, -9e-06, -0.858686, -0.512502, -1.2e-05, 0.0, 0.0, 0.0, 1.0],
                [1.0, -1.4e-05, 6e-06, 0.124994, -1.2e-05, -0.52287, 0.852412, -0.002831, -9e-06, -0.852412, -0.52287, -1.2e-05, 0.0, 0.0, 0.0, 1.0],
                [1.0, -1.4e-05, 6e-06, 0.124994, -1.3e-05, -0.534153, 0.845388, -0.002831, -9e-06, -0.845388, -0.534153, -1.2e-05, 0.0, 0.0, 0.0, 1.0],
                [1.0, -1.4e-05, 6e-06, 0.124994, -1.3e-05, -0.546275, 0.837606, -0.002831, -9e-06, -0.837606, -0.546275, -1.2e-05, 0.0, 0.0, 0.0, 1.0],
                [1.0, -1.4e-05, 6e-06, 0.124994, -1.3e-05, -0.559157, 0.829062, -0.002831, -9e-06, -0.829062, -0.559157, -1.2e-05, 0.0, 0.0, 0.0, 1.0],
                [1.0, -1.4e-05, 6e-06, 0.124994, -1.3e-05, -0.572715, 0.819755, -0.002831, -9e-06, -0.819755, -0.572715, -1.2e-05, 0.0, 0.0, 0.0, 1.0],
                [1.0, -1.4e-05, 6e-06, 0.124994, -1.3e-05, -0.586856, 0.809691, -0.002831, -8e-06, -0.809691, -0.586856, -1.2e-05, 0.0, 0.0, 0.0, 1.0],
                [1.0, -1.4e-05, 6e-06, 0.124994, -1.3e-05, -0.601487, 0.798882, -0.002831, -8e-06, -0.798882, -0.601487, -1.2e-05, 0.0, 0.0, 0.0, 1.0],
                [1.0, -1.4e-05, 6e-06, 0.124994, -1.3e-05, -0.616509, 0.787348, -0.002831, -8e-06, -0.787348, -0.616509, -1.2e-05, 0.0, 0.0, 0.0, 1.0],
                [1.0, -1.4e-05, 6e-06, 0.124994, -1.3e-05, -0.631821, 0.775114, -0.002831, -8e-06, -0.775114, -0.631821, -1.2e-05, 0.0, 0.0, 0.0, 1.0],
                [1.0, -1.4e-05, 6e-06, 0.124994, -1.3e-05, -0.647318, 0.76222, -0.002831, -7e-06, -0.76222, -0.647318, -1.2e-05, 0.0, 0.0, 0.0, 1.0],
                [1.0, -1.4e-05, 5e-06, 0.124994, -1.4e-05, -0.662897, 0.748711, -0.002831, -7e-06, -0.748711, -0.662897, -1.2e-05, 0.0, 0.0, 0.0, 1.0],
                [1.0, -1.4e-05, 5e-06, 0.124994, -1.4e-05, -0.678454, 0.734643, -0.002831, -7e-06, -0.734643, -0.678454, -1.2e-05, 0.0, 0.0, 0.0, 1.0],
                [1.0, -1.4e-05, 5e-06, 0.124994, -1.4e-05, -0.693887, 0.720084, -0.002831, -6e-06, -0.720084, -0.693887, -1.2e-05, 0.0, 0.0, 0.0, 1.0],
                [1.0, -1.4e-05, 5e-06, 0.124994, -1.4e-05, -0.709098, 0.70511, -0.002831, -6e-06, -0.70511, -0.709098, -1.2e-05, 0.0, 0.0, 0.0, 1.0],
                [1.0, -1.4e-05, 5e-06, 0.124994, -1.4e-05, -0.723992, 0.689808, -0.002831, -6e-06, -0.689808, -0.723992, -1.2e-05, 0.0, 0.0, 0.0, 1.0],
                [1.0, -1.4e-05, 5e-06, 0.124994, -1.4e-05, -0.738481, 0.674275, -0.002831, -6e-06, -0.674275, -0.738481, -1.2e-05, 0.0, 0.0, 0.0, 1.0],
                [1.0, -1.4e-05, 5e-06, 0.124994, -1.4e-05, -0.75248, 0.658615, -0.002831, -5e-06, -0.658615, -0.75248, -1.2e-05, 0.0, 0.0, 0.0, 1.0],
                [1.0, -1.4e-05, 5e-06, 0.124994, -1.4e-05, -0.765915, 0.642942, -0.002831, -5e-06, -0.642941, -0.765915, -1.2e-05, 0.0, 0.0, 0.0, 1.0],
                [1.0, -1.4e-05, 5e-06, 0.124994, -1.4e-05, -0.778717, 0.627376, -0.002831, -5e-06, -0.627376, -0.778717, -1.2e-05, 0.0, 0.0, 0.0, 1.0],
                [1.0, -1.4e-05, 5e-06, 0.124994, -1.4e-05, -0.790823, 0.612045, -0.002831, -4e-06, -0.612045, -0.790823, -1.2e-05, 0.0, 0.0, 0.0, 1.0],
                [1.0, -1.3e-05, 5e-06, 0.124994, -1.4e-05, -0.80218, 0.597083, -0.002831, -4e-06, -0.597083, -0.802179, -1.2e-05, 0.0, 0.0, 0.0, 1.0],
                [1.0, -1.3e-05, 5e-06, 0.124994, -1.4e-05, -0.812739, 0.582628, -0.002831, -4e-06, -0.582628, -0.812739, -1.2e-05, 0.0, 0.0, 0.0, 1.0],
                [1.0, -1.3e-05, 5e-06, 0.124994, -1.3e-05, -0.822462, 0.568821, -0.002831, -4e-06, -0.56882, -0.822462, -1.2e-05, 0.0, 0.0, 0.0, 1.0],
                [1.0, -1.3e-05, 4e-06, 0.124994, -1.3e-05, -0.831312, 0.555807, -0.002831, -4e-06, -0.555807, -0.831312, -1.2e-05, 0.0, 0.0, 0.0, 1.0],
                [1.0, -1.3e-05, 4e-06, 0.124994, -1.3e-05, -0.839258, 0.543733, -0.002831, -3e-06, -0.543732, -0.839258, -1.2e-05, 0.0, 0.0, 0.0, 1.0],
                [1.0, -1.3e-05, 4e-06, 0.124994, -1.3e-05, -0.846277, 0.532745, -0.002831, -3e-06, -0.532744, -0.846276, -1.2e-05, 0.0, 0.0, 0.0, 1.0],
                [1.0, -1.3e-05, 4e-06, 0.124994, -1.3e-05, -0.85234, 0.522988, -0.002831, -3e-06, -0.522988, -0.85234, -1.2e-05, 0.0, 0.0, 0.0, 1.0],
                [1.0, -1.3e-05, 4e-06, 0.124994, -1.3e-05, -0.857426, 0.514607, -0.002831, -3e-06, -0.514606, -0.857426, -1.2e-05, 0.0, 0.0, 0.0, 1.0],
                [1.0, -1.3e-05, 4e-06, 0.124994, -1.3e-05, -0.861559, 0.507658, -0.002831, -3e-06, -0.507658, -0.861559, -1.2e-05, 0.0, 0.0, 0.0, 1.0],
                [1.0, -1.3e-05, 4e-06, 0.124994, -1.3e-05, -0.864612, 0.50244, -0.002831, -3e-06, -0.50244, -0.864612, -1.2e-05, 0.0, 0.0, 0.0, 1.0],
                [1.0, -1.3e-05, 4e-06, 0.124994, -1.3e-05, -0.866605, 0.498996, -0.002831, -3e-06, -0.498996, -0.866604, -1.2e-05, 0.0, 0.0, 0.0, 1.0],
                [1.0, -1.3e-05, 4e-06, 0.124994, -1.3e-05, -0.867496, 0.497444, -0.002831, -3e-06, -0.497444, -0.867496, -1.2e-05, 0.0, 0.0, 0.0, 1.0],
                [1.0, -1.3e-05, 4e-06, 0.124994, -1.3e-05, -0.867188, 0.497981, -0.002831, -3e-06, -0.497981, -0.867188, -1.2e-05, 0.0, 0.0, 0.0, 1.0],
                [1.0, -1.3e-05, 4e-06, 0.124994, -1.3e-05, -0.865656, 0.500639, -0.002831, -3e-06, -0.500639, -0.865656, -1.2e-05, 0.0, 0.0, 0.0, 1.0],
                [1.0, -1.2e-05, 4e-06, 0.124994, -1.3e-05, -0.86296, 0.505272, -0.002831, -3e-06, -0.505272, -0.86296, -1.2e-05, 0.0, 0.0, 0.0, 1.0],
                [1.0, -1.2e-05, 4e-06, 0.124994, -1.3e-05, -0.859154, 0.511718, -0.002831, -3e-06, -0.511718, -0.859154, -1.2e-05, 0.0, 0.0, 0.0, 1.0],
                [1.0, -1.2e-05, 4e-06, 0.124994, -1.3e-05, -0.854286, 0.519803, -0.002831, -3e-06, -0.519803, -0.854286, -1.2e-05, 0.0, 0.0, 0.0, 1.0],
                [1.0, -1.3e-05, 4e-06, 0.124994, -1.3e-05, -0.848406, 0.529346, -0.002831, -3e-06, -0.529345, -0.848406, -1.2e-05, 0.0, 0.0, 0.0, 1.0],
                [1.0, -1.3e-05, 4e-06, 0.124994, -1.3e-05, -0.841564, 0.540158, -0.002831, -3e-06, -0.540158, -0.841564, -1.2e-05, 0.0, 0.0, 0.0, 1.0],
                [1.0, -1.3e-05, 4e-06, 0.124994, -1.3e-05, -0.833812, 0.55205, -0.002831, -4e-06, -0.552049, -0.833811, -1.2e-05, 0.0, 0.0, 0.0, 1.0],
                [1.0, -1.3e-05, 4e-06, 0.124994, -1.3e-05, -0.825209, 0.564828, -0.002831, -4e-06, -0.564828, -0.825208, -1.2e-05, 0.0, 0.0, 0.0, 1.0],
                [1.0, -1.3e-05, 4e-06, 0.124994, -1.3e-05, -0.81582, 0.578306, -0.002831, -4e-06, -0.578305, -0.81582, -1.2e-05, 0.0, 0.0, 0.0, 1.0],
                [1.0, -1.3e-05, 4e-06, 0.124994, -1.3e-05, -0.805721, 0.592296, -0.002831, -4e-06, -0.592296, -0.805721, -1.2e-05, 0.0, 0.0, 0.0, 1.0],
                [1.0, -1.3e-05, 4e-06, 0.124994, -1.2e-05, -0.794992, 0.606621, -0.002831, -4e-06, -0.60662, -0.794991, -1.2e-05, 0.0, 0.0, 0.0, 1.0],
                [1.0, -1.3e-05, 4e-06, 0.124994, -1.2e-05, -0.783724, 0.62111, -0.002831, -5e-06, -0.62111, -0.783724, -1.2e-05, 0.0, 0.0, 0.0, 1.0],
                [1.0, -1.3e-05, 4e-06, 0.124994, -1.2e-05, -0.772016, 0.635603, -0.002831, -5e-06, -0.635603, -0.772016, -1.2e-05, 0.0, 0.0, 0.0, 1.0],
                [1.0, -1.2e-05, 4e-06, 0.124994, -1.2e-05, -0.759974, 0.649954, -0.002831, -5e-06, -0.649954, -0.759974, -1.2e-05, 0.0, 0.0, 0.0, 1.0],
                [1.0, -1.2e-05, 4e-06, 0.124994, -1.2e-05, -0.747709, 0.664027, -0.002831, -5e-06, -0.664027, -0.747709, -1.2e-05, 0.0, 0.0, 0.0, 1.0],
                [1.0, -1.2e-05, 4e-06, 0.124994, -1.2e-05, -0.735337, 0.677702, -0.002831, -6e-06, -0.677702, -0.735337, -1.2e-05, 0.0, 0.0, 0.0, 1.0],
                [1.0, -1.2e-05, 4e-06, 0.124994, -1.2e-05, -0.722974, 0.690875, -0.002831, -6e-06, -0.690875, -0.722974, -1.2e-05, 0.0, 0.0, 0.0, 1.0],
                [1.0, -1.2e-05, 4e-06, 0.124994, -1.1e-05, -0.710738, 0.703457, -0.002831, -6e-06, -0.703457, -0.710738, -1.2e-05, 0.0, 0.0, 0.0, 1.0],
                [1.0, -1.2e-05, 4e-06, 0.124994, -1.1e-05, -0.698741, 0.715375, -0.002831, -6e-06, -0.715374, -0.698741, -1.2e-05, 0.0, 0.0, 0.0, 1.0],
                [1.0, -1.2e-05, 4e-06, 0.124994, -1.1e-05, -0.687094, 0.726569, -0.002831, -6e-06, -0.726569, -0.687094, -1.2e-05, 0.0, 0.0, 0.0, 1.0],
                [1.0, -1.2e-05, 4e-06, 0.124994, -1.1e-05, -0.675894, 0.736999, -0.002831, -6e-06, -0.736999, -0.675894, -1.2e-05, 0.0, 0.0, 0.0, 1.0],
                [1.0, -1.2e-05, 4e-06, 0.124994, -1.1e-05, -0.665234, 0.746635, -0.002831, -7e-06, -0.746635, -0.665234, -1.2e-05, 0.0, 0.0, 0.0, 1.0],
                [1.0, -1.2e-05, 4e-06, 0.124994, -1e-05, -0.655192, 0.755462, -0.002831, -7e-06, -0.755462, -0.655192, -1.2e-05, 0.0, 0.0, 0.0, 1.0],
                [1.0, -1.2e-05, 3e-06, 0.124994, -1e-05, -0.645836, 0.763477, -0.002831, -7e-06, -0.763477, -0.645836, -1.2e-05, 0.0, 0.0, 0.0, 1.0],
                [1.0, -1.2e-05, 3e-06, 0.124994, -1e-05, -0.637214, 0.770687, -0.002831, -7e-06, -0.770687, -0.637214, -1.2e-05, 0.0, 0.0, 0.0, 1.0],
                [1.0, -1.1e-05, 3e-06, 0.124994, -1e-05, -0.629364, 0.777111, -0.002831, -7e-06, -0.777111, -0.629364, -1.2e-05, 0.0, 0.0, 0.0, 1.0],
                [1.0, -1.1e-05, 3e-06, 0.124994, -1e-05, -0.622306, 0.782775, -0.002831, -7e-06, -0.782774, -0.622305, -1.2e-05, 0.0, 0.0, 0.0, 1.0],
                [1.0, -1.1e-05, 3e-06, 0.124994, -9e-06, -0.616044, 0.787711, -0.002831, -7e-06, -0.787711, -0.616044, -1.2e-05, 0.0, 0.0, 0.0, 1.0],
                [1.0, -1.1e-05, 3e-06, 0.124994, -9e-06, -0.610629, 0.791917, -0.002831, -7e-06, -0.791917, -0.610629, -1.2e-05, 0.0, 0.0, 0.0, 1.0],
                [1.0, -1.1e-05, 3e-06, 0.124994, -9e-06, -0.605918, 0.795528, -0.002831, -7e-06, -0.795528, -0.605917, -1.2e-05, 0.0, 0.0, 0.0, 1.0],
                [1.0, -1.1e-05, 3e-06, 0.124994, -9e-06, -0.601931, 0.798548, -0.002831, -7e-06, -0.798548, -0.601931, -1.2e-05, 0.0, 0.0, 0.0, 1.0],
                [1.0, -1.1e-05, 3e-06, 0.124994, -9e-06, -0.59862, 0.801034, -0.002831, -7e-06, -0.801034, -0.598619, -1.2e-05, 0.0, 0.0, 0.0, 1.0],
                [1.0, -1.1e-05, 3e-06, 0.124994, -8e-06, -0.595926, 0.80304, -0.002831, -7e-06, -0.803039, -0.595926, -1.2e-05, 0.0, 0.0, 0.0, 1.0],
                [1.0, -1e-05, 3e-06, 0.124994, -8e-06, -0.593789, 0.804621, -0.002831, -7e-06, -0.80462, -0.593789, -1.2e-05, 0.0, 0.0, 0.0, 1.0],
                [1.0, -1e-05, 3e-06, 0.124994, -8e-06, -0.592146, 0.805831, -0.002831, -7e-06, -0.805831, -0.592145, -1.2e-05, 0.0, 0.0, 0.0, 1.0],
                [1.0, -1e-05, 2e-06, 0.124994, -8e-06, -0.590936, 0.806719, -0.002831, -7e-06, -0.806719, -0.590935, -1.2e-05, 0.0, 0.0, 0.0, 1.0],
                [1.0, -1e-05, 2e-06, 0.124994, -8e-06, -0.590107, 0.807326, -0.002831, -7e-06, -0.807325, -0.590107, -1.2e-05, 0.0, 0.0, 0.0, 1.0],
                [1.0, -1e-05, 2e-06, 0.124994, -8e-06, -0.589622, 0.80768, -0.002831, -7e-06, -0.80768, -0.589622, -1.2e-05, 0.0, 0.0, 0.0, 1.0],
                [1.0, -1e-05, 2e-06, 0.124994, -8e-06, -0.58946, 0.807798, -0.002831, -7e-06, -0.807797, -0.58946, -1.2e-05, 0.0, 0.0, 0.0, 1.0],
                [1.0, -1e-05, 2e-06, 0.124994, -8e-06, -0.589121, 0.808045, -0.002831, -7e-06, -0.808044, -0.589121, -1.2e-05, 0.0, 0.0, 0.0, 1.0],
                [1.0, -1e-05, 2e-06, 0.124994, -8e-06, -0.588131, 0.808766, -0.002831, -7e-06, -0.808766, -0.588131, -1.2e-05, 0.0, 0.0, 0.0, 1.0],
                [1.0, -1e-05, 2e-06, 0.124994, -8e-06, -0.586532, 0.809926, -0.002831, -7e-06, -0.809926, -0.586532, -1.2e-05, 0.0, 0.0, 0.0, 1.0],
                [1.0, -1e-05, 2e-06, 0.124994, -8e-06, -0.584374, 0.811485, -0.002831, -7e-06, -0.811485, -0.584373, -1.2e-05, 0.0, 0.0, 0.0, 1.0],
                [1.0, -1e-05, 3e-06, 0.124994, -8e-06, -0.581706, 0.813399, -0.002831, -7e-06, -0.813399, -0.581706, -1.2e-05, 0.0, 0.0, 0.0, 1.0],
                [1.0, -1.1e-05, 3e-06, 0.124994, -8e-06, -0.578583, 0.815624, -0.002831, -7e-06, -0.815624, -0.578582, -1.2e-05, 0.0, 0.0, 0.0, 1.0],
                [1.0, -1.1e-05, 3e-06, 0.124994, -8e-06, -0.575058, 0.818112, -0.002831, -7e-06, -0.818112, -0.575058, -1.2e-05, 0.0, 0.0, 0.0, 1.0],
                [1.0, -1.1e-05, 3e-06, 0.124994, -8e-06, -0.571188, 0.82082, -0.002831, -7e-06, -0.820819, -0.571188, -1.2e-05, 0.0, 0.0, 0.0, 1.0],
                [1.0, -1.1e-05, 3e-06, 0.124994, -9e-06, -0.567024, 0.823702, -0.002831, -7e-06, -0.823701, -0.567024, -1.2e-05, 0.0, 0.0, 0.0, 1.0],
                [1.0, -1.1e-05, 3e-06, 0.124994, -9e-06, -0.56262, 0.826716, -0.002831, -7e-06, -0.826715, -0.56262, -1.2e-05, 0.0, 0.0, 0.0, 1.0],
                [1.0, -1.1e-05, 3e-06, 0.124994, -9e-06, -0.558059, 0.829801, -0.002831, -8e-06, -0.829801, -0.558059, -1.2e-05, 0.0, 0.0, 0.0, 1.0],
                [1.0, -1.1e-05, 3e-06, 0.124994, -9e-06, -0.55324, 0.833022, -0.002831, -8e-06, -0.833022, -0.55324, -1.2e-05, 0.0, 0.0, 0.0, 1.0],
                [1.0, -1.1e-05, 3e-06, 0.124994, -9e-06, -0.548417, 0.836205, -0.002831, -8e-06, -0.836205, -0.548417, -1.2e-05, 0.0, 0.0, 0.0, 1.0],
                [1.0, -1.2e-05, 3e-06, 0.124994, -9e-06, -0.54354, 0.839383, -0.002831, -8e-06, -0.839383, -0.54354, -1.2e-05, 0.0, 0.0, 0.0, 1.0],
                [1.0, -1.2e-05, 4e-06, 0.124994, -9e-06, -0.53865, 0.84253, -0.002831, -8e-06, -0.84253, -0.53865, -1.2e-05, 0.0, 0.0, 0.0, 1.0],
                [1.0, -1.2e-05, 4e-06, 0.124994, -1e-05, -0.533785, 0.84562, -0.002831, -8e-06, -0.84562, -0.533785, -1.2e-05, 0.0, 0.0, 0.0, 1.0],
                [1.0, -1.2e-05, 4e-06, 0.124994, -1e-05, -0.528977, 0.848637, -0.002831, -8e-06, -0.848637, -0.528977, -1.2e-05, 0.0, 0.0, 0.0, 1.0],
                [1.0, -1.2e-05, 4e-06, 0.124994, -1e-05, -0.524257, 0.851561, -0.002831, -8e-06, -0.85156, -0.524256, -1.2e-05, 0.0, 0.0, 0.0, 1.0],
                [1.0, -1.2e-05, 4e-06, 0.124994, -1e-05, -0.519651, 0.854379, -0.002831, -9e-06, -0.854379, -0.519651, -1.2e-05, 0.0, 0.0, 0.0, 1.0],
                [1.0, -1.3e-05, 4e-06, 0.124994, -1e-05, -0.515185, 0.857079, -0.002831, -9e-06, -0.857079, -0.515185, -1.2e-05, 0.0, 0.0, 0.0, 1.0],
                [1.0, -1.3e-05, 4e-06, 0.124994, -1e-05, -0.510803, 0.859698, -0.002831, -9e-06, -0.859698, -0.510803, -1.2e-05, 0.0, 0.0, 0.0, 1.0],
                [1.0, -1.3e-05, 5e-06, 0.124994, -1e-05, -0.506682, 0.862134, -0.002831, -9e-06, -0.862133, -0.506681, -1.2e-05, 0.0, 0.0, 0.0, 1.0],
                [1.0, -1.3e-05, 5e-06, 0.124994, -1.1e-05, -0.502754, 0.86443, -0.002831, -9e-06, -0.86443, -0.502754, -1.2e-05, 0.0, 0.0, 0.0, 1.0],
                [1.0, -1.3e-05, 5e-06, 0.124994, -1.1e-05, -0.499033, 0.866584, -0.002831, -9e-06, -0.866583, -0.499033, -1.2e-05, 0.0, 0.0, 0.0, 1.0],
                [1.0, -1.3e-05, 5e-06, 0.124994, -1.1e-05, -0.495528, 0.868592, -0.002831, -9e-06, -0.868592, -0.495528, -1.2e-05, 0.0, 0.0, 0.0, 1.0],
                [1.0, -1.3e-05, 5e-06, 0.124994, -1.1e-05, -0.492247, 0.870455, -0.002831, -9e-06, -0.870455, -0.492247, -1.2e-05, 0.0, 0.0, 0.0, 1.0],
                [1.0, -1.4e-05, 5e-06, 0.124994, -1.1e-05, -0.489196, 0.872174, -0.002831, -9e-06, -0.872174, -0.489196, -1.2e-05, 0.0, 0.0, 0.0, 1.0],
                [1.0, -1.4e-05, 5e-06, 0.124994, -1.1e-05, -0.486377, 0.873749, -0.002831, -9e-06, -0.873749, -0.486377, -1.2e-05, 0.0, 0.0, 0.0, 1.0],
                [1.0, -1.4e-05, 5e-06, 0.124994, -1.1e-05, -0.483793, 0.875183, -0.002831, -1e-05, -0.875183, -0.483793, -1.2e-05, 0.0, 0.0, 0.0, 1.0],
                [1.0, -1.4e-05, 5e-06, 0.124994, -1.1e-05, -0.481442, 0.876478, -0.002831, -1e-05, -0.876478, -0.481442, -1.2e-05, 0.0, 0.0, 0.0, 1.0],
                [1.0, -1.4e-05, 5e-06, 0.124994, -1.2e-05, -0.479323, 0.877638, -0.002831, -1e-05, -0.877638, -0.479323, -1.2e-05, 0.0, 0.0, 0.0, 1.0],
                [1.0, -1.4e-05, 6e-06, 0.124994, -1.2e-05, -0.477435, 0.878667, -0.002831, -1e-05, -0.878667, -0.477434, -1.2e-05, 0.0, 0.0, 0.0, 1.0],
                [1.0, -1.4e-05, 6e-06, 0.124994, -1.2e-05, -0.475773, 0.879568, -0.002831, -1e-05, -0.879568, -0.475773, -1.2e-05, 0.0, 0.0, 0.0, 1.0],
                [1.0, -1.4e-05, 6e-06, 0.124994, -1.2e-05, -0.474335, 0.880345, -0.002831, -1e-05, -0.880345, -0.474335, -1.2e-05, 0.0, 0.0, 0.0, 1.0],
                [1.0, -1.4e-05, 6e-06, 0.124994, -1.2e-05, -0.473117, 0.880999, -0.002831, -1e-05, -0.880999, -0.473117, -1.2e-05, 0.0, 0.0, 0.0, 1.0],
                [1.0, -1.4e-05, 6e-06, 0.124994, -1.2e-05, -0.472118, 0.881536, -0.002831, -1e-05, -0.881535, -0.472118, -1.2e-05, 0.0, 0.0, 0.0, 1.0],
                [1.0, -1.4e-05, 6e-06, 0.124994, -1.2e-05, -0.471336, 0.881954, -0.002831, -1e-05, -0.881954, -0.471336, -1.2e-05, 0.0, 0.0, 0.0, 1.0],
                [1.0, -1.4e-05, 6e-06, 0.124994, -1.2e-05, -0.470771, 0.882256, -0.002831, -1e-05, -0.882256, -0.470771, -1.2e-05, 0.0, 0.0, 0.0, 1.0],
                [1.0, -1.4e-05, 6e-06, 0.124994, -1.2e-05, -0.470428, 0.882439, -0.002831, -1e-05, -0.882439, -0.470427, -1.2e-05, 0.0, 0.0, 0.0, 1.0],
                [1.0, -1.4e-05, 6e-06, 0.124994, -1.2e-05, -0.470311, 0.882501, -0.002831, -1e-05, -0.882501, -0.470311, -1.2e-05, 0.0, 0.0, 0.0, 1.0]
            ]
        },
        {
            "name": "Leg_R",
            "time": [0.0, 0.0167, 0.0333, 0.05, 0.0667, 0.0833, 0.1, 0.1167, 0.1333, 0.15, 0.1667, 0.1833, 0.2, 0.2167, 0.2333, 0.25, 0.2667, 0.2833, 0.3, 0.3167, 0.3333, 0.35, 0.3667, 0.3833, 0.4, 0.4167, 0.4333, 0.45, 0.4667, 0.4833, 0.5, 0.5167, 0.5333, 0.55, 0.5667, 0.5833, 0.6, 0.6167, 0.6333, 0.65, 0.6667, 0.6833, 0.7, 0.7167, 0.7333, 0.75, 0.7667, 0.7833, 0.8, 0.8167, 0.8333, 0.85, 0.8667, 0.8833, 0.9, 0.9167, 0.9333, 0.95, 0.9667, 0.9833, 1.0, 1.0167, 1.0333, 1.05, 1.0667, 1.0833, 1.1, 1.1167, 1.1333, 1.15, 1.1667, 1.1833, 1.2, 1.2167, 1.2333, 1.25, 1.2667, 1.2833, 1.3, 1.3167, 1.3333, 1.35, 1.3667, 1.3833, 1.4, 1.4167, 1.4333, 1.45, 1.4667, 1.4833, 1.5, 1.5167, 1.5333, 1.55, 1.5667, 1.5833, 1.6, 1.6167, 1.6333, 1.65, 1.6667, 1.6833, 1.7, 1.7167, 1.7333, 1.75, 1.7667, 1.7833, 1.8, 1.8167, 1.8333, 1.85, 1.8667, 1.8833, 1.9, 1.9167, 1.9333, 1.95, 1.9667, 1.9833, 2.0],
            "transform": [
                [1.0, 2.1e-05, 2e-05, -0.0, -2.2e-05, 0.069243, 0.9976, 0.374726, 1.9e-05, -0.9976, 0.069243, -0.0, 0.0, 0.0, 0.0, 1.0],
                [1.0, 2.1e-05, 2e-05, -0.0, -2.2e-05, 0.069148, 0.997606, 0.374726, 1.9e-05, -0.997606, 0.069148, 0.0, 0.0, 0.0, 0.0, 1.0],
                [1.0, 2.1e-05, 2e-05, -0.0, -2.2e-05, 0.068884, 0.997624, 0.374726, 1.9e-05, -0.997625, 0.068884, -0.0, 0.0, 0.0, 0.0, 1.0],
                [1.0, 2.1e-05, 2e-05, 0.0, -2.2e-05, 0.068489, 0.997652, 0.374726, 1.9e-05, -0.997652, 0.068489, -0.0, 0.0, 0.0, 0.0, 1.0],
                [1.0, 2.1e-05, 2e-05, 0.0, -2.2e-05, 0.06802, 0.997684, 0.374726, 1.9e-05, -0.997684, 0.06802, 0.0, 0.0, 0.0, 0.0, 1.0],
                [1.0, 2.1e-05, 2e-05, 0.0, -2.2e-05, 0.067543, 0.997716, 0.374726, 1.9e-05, -0.997716, 0.067543, -0.0, 0.0, 0.0, 0.0, 1.0],
                [1.0, 2.1e-05, 2e-05, -0.0, -2.2e-05, 0.067132, 0.997744, 0.374726, 2e-05, -0.997744, 0.067132, -0.0, 0.0, 0.0, 0.0, 1.0],
                [1.0, 2.1e-05, 2e-05, -0.0, -2.2e-05, 0.066867, 0.997762, 0.374726, 2e-05, -0.997762, 0.066867, 0.0, 0.0, 0.0, 0.0, 1.0],
                [1.0, 2.1e-05, 2e-05, 0.0, -2.2e-05, 0.066829, 0.997764, 0.374726, 2e-05, -0.997764, 0.066829, -0.0, 0.0, 0.0, 0.0, 1.0],
                [1.0, 2.1e-05, 2e-05, -0.0, -2.2e-05, 0.067104, 0.997746, 0.374726, 2e-05, -0.997746, 0.067104, -0.0, 0.0, 0.0, 0.0, 1.0],
                [1.0, 2.1e-05, 2e-05, 0.0, -2.2e-05, 0.067773, 0.9977, 0.374726, 1.9e-05, -0.997701, 0.067773, -0.0, 0.0, 0.0, 0.0, 1.0],
                [1.0, 2.1e-05, 2e-05, 0.0, -2.2e-05, 0.068914, 0.997623, 0.374726, 1.9e-05, -0.997623, 0.068914, -0.0, 0.0, 0.0, 0.0, 1.0],
                [1.0, 2.1e-05, 2e-05, 0.0, -2.2e-05, 0.070601, 0.997504, 0.374726, 1.9e-05, -0.997504, 0.070602, 0.0, 0.0, 0.0, 0.0, 1.0],
                [1.0, 2.1e-05, 2e-05, 0.0, -2.2e-05, 0.072902, 0.997339, 0.374726, 1.9e-05, -0.997339, 0.072902, 0.0, 0.0, 0.0, 0.0, 1.0],
                [1.0, 2.1e-05, 2e-05, -0.0, -2.2e-05, 0.075871, 0.997118, 0.374726, 1.9e-05, -0.997117, 0.075871, -0.0, 0.0, 0.0, 0.0, 1.0],
                [1.0, 2.1e-05, 2e-05, -0.0, -2.2e-05, 0.07956, 0.99683, 0.374726, 1.9e-05, -0.99683, 0.079561, 0.0, 0.0, 0.0, 0.0, 1.0],
                [1.0, 2.1e-05, 2e-05, -0.0, -2.2e-05, 0.084006, 0.996465, 0.374726, 1.9e-05, -0.996465, 0.084006, -0.0, 0.0, 0.0, 0.0, 1.0],
                [1.0, 2.1e-05, 2e-05, -0.0, -2.2e-05, 0.089235, 0.996011, 0.374726, 1.9e-05, -0.99601, 0.089235, 0.0, 0.0, 0.0, 0.0, 1.0],
                [1.0, 2.1e-05, 2e-05, -0.0, -2.2e-05, 0.095261, 0.995452, 0.374726, 1.9e-05, -0.995452, 0.095261, -0.0, 0.0, 0.0, 0.0, 1.0],
                [1.0, 2.1e-05, 2e-05, 0.0, -2.2e-05, 0.102084, 0.994776, 0.374726, 1.9e-05, -0.994775, 0.102084, 0.0, 0.0, 0.0, 0.0, 1.0],
                [1.0, 2.1e-05, 1.9e-05, -0.0, -2.2e-05, 0.109693, 0.993965, 0.374726, 1.9e-05, -0.993965, 0.109693, -0.0, 0.0, 0.0, 0.0, 1.0],
                [1.0, 2.1e-05, 1.9e-05, -0.0, -2.2e-05, 0.11806, 0.993006, 0.374726, 1.8e-05, -0.993006, 0.11806, 0.0, 0.0, 0.0, 0.0, 1.0],
