{
    "animation": [
        {
            "name": "Root",
            "time": [0.0, 0.0167, 0.0333, 0.05, 0.0667, 0.0833, 0.1, 0.1167, 0.1333, 0.15, 0.1667, 0.1833, 0.2, 0.2167, 0.2333, 0.25, 0.2667, 0.2833, 0.3, 0.3167, 0.3333, 0.35, 0.3667, 0.3833, 0.4, 0.4167, 0.4333, 0.45, 0.4667, 0.4833, 0.5, 0.5167, 0.5333, 0.55, 0.5667, 0.5833, 0.6, 0.6167, 0.6333, 0.65, 0.6667, 0.6833, 0.7, 0.7167, 0.7333, 0.75, 0.7667, 0.7833, 0.8, 0.8167, 0.8333, 0.85, 0.8667, 0.8833, 0.9, 0.9167, 0.9333, 0.95, 0.9667, 0.9833, 1.0, 1.0167, 1.0333, 1.05, 1.0667, 1.0833, 1.1, 1.1167, 1.1333, 1.15, 1.1667],
            "transform": [
                [1.0, 0.0, 0.0, -5e-06, 0.0, 0.0, -1.0, 0.000946, 0.0, 1.0, 0.0, 0.763972, 0.0, 0.0, 0.0, 1.0],
                [1.0, 0.0, 0.0, -5e-06, 0.0, 0.0, -1.0, 0.000946, 0.0, 1.0, 0.0, 0.763972, 0.0, 0.0, 0.0, 1.0],
                [1.0, 0.0, 0.0, -5e-06, 0.0, 0.0, -1.0, 0.000946, 0.0, 1.0, 0.0, 0.763972, 0.0, 0.0, 0.0, 1.0],
                [1.0, 0.0, 0.0, -5e-06, 0.0, 0.0, -1.0, 0.000946, 0.0, 1.0, 0.0, 0.763972, 0.0, 0.0, 0.0, 1.0],
                [1.0, 0.0, 0.0, -5e-06, 0.0, 0.0, -1.0, 0.000946, 0.0, 1.0, 0.0, 0.763972, 0.0, 0.0, 0.0, 1.0],
                [1.0, 0.0, 0.0, -5e-06, 0.0, 0.0, -1.0, 0.000946, 0.0, 1.0, 0.0, 0.763972, 0.0, 0.0, 0.0, 1.0],
                [1.0, 0.0, 0.0, -5e-06, 0.0, 0.0, -1.0, 0.000946, 0.0, 1.0, 0.0, 0.763972, 0.0, 0.0, 0.0, 1.0],
                [1.0, 0.0, 0.0, -5e-06, 0.0, 0.0, -1.0, 0.000946, 0.0, 1.0, 0.0, 0.763972, 0.0, 0.0, 0.0, 1.0],
                [1.0, 0.0, 0.0, -5e-06, 0.0, 0.0, -1.0, 0.000946, 0.0, 1.0, 0.0, 0.763972, 0.0, 0.0, 0.0, 1.0],
                [1.0, 0.0, 0.0, -5e-06, 0.0, 0.0, -1.0, 0.000946, 0.0, 1.0, 0.0, 0.763972, 0.0, 0.0, 0.0, 1.0],
                [1.0, 0.0, 0.0, -5e-06, 0.0, 0.0, -1.0, 0.000946, 0.0, 1.0, 0.0, 0.763972, 0.0, 0.0, 0.0, 1.0],
                [1.0, 0.0, 0.0, -5e-06, 0.0, 0.0, -1.0, 1.310847, 0.0, 1.0, 0.0, 7.725952, 0.0, 0.0, 0.0, 1.0],
                [1.0, 0.0, 0.0, -5e-06, 0.0, 0.0, -1.0, 1.310847, 0.0, 1.0, 0.0, 7.725952, 0.0, 0.0, 0.0, 1.0],
                [1.0, 0.0, 0.0, -5e-06, 0.0, 0.0, -1.0, 1.310847, 0.0, 1.0, 0.0, 7.725952, 0.0, 0.0, 0.0, 1.0],
                [1.0, 0.0, 0.0, -5e-06, 0.0, 0.0, -1.0, 1.310847, 0.0, 1.0, 0.0, 7.725952, 0.0, 0.0, 0.0, 1.0],
                [1.0, 0.0, 0.0, -5e-06, 0.0, 0.0, -1.0, 1.310847, 0.0, 1.0, 0.0, 7.725952, 0.0, 0.0, 0.0, 1.0],
                [1.0, 0.0, 0.0, -5e-06, 0.0, 0.0, -1.0, 1.310847, 0.0, 1.0, 0.0, 7.725952, 0.0, 0.0, 0.0, 1.0],
                [1.0, 0.0, 0.0, -5e-06, 0.0, 0.0, -1.0, 1.310847, 0.0, 1.0, 0.0, 7.725952, 0.0, 0.0, 0.0, 1.0],
                [1.0, 0.0, 0.0, -5e-06, 0.0, 0.0, -1.0, 1.310847, 0.0, 1.0, 0.0, 7.725952, 0.0, 0.0, 0.0, 1.0],
                [1.0, 0.0, 0.0, -5e-06, 0.0, 0.0, -1.0, 1.310847, 0.0, 1.0, 0.0, 7.725952, 0.0, 0.0, 0.0, 1.0],
                [1.0, 0.0, 0.0, -5e-06, 0.0, 0.0, -1.0, 1.310847, 0.0, 1.0, 0.0, 7.725952, 0.0, 0.0, 0.0, 1.0],
                [1.0, 0.0, 0.0, -5e-06, 0.0, 0.0, -1.0, 1.310847, 0.0, 1.0, 0.0, 7.725952, 0.0, 0.0, 0.0, 1.0],
                [1.0, 0.0, 0.0, -5e-06, 0.0, 0.0, -1.0, 1.310847, 0.0, 1.0, 0.0, 7.725952, 0.0, 0.0, 0.0, 1.0],
                [1.0, 0.0, 0.0, -5e-06, 0.0, 0.0, -1.0, 1.310847, 0.0, 1.0, 0.0, 7.725952, 0.0, 0.0, 0.0, 1.0],
                [1.0, 0.0, 0.0, -5e-06, 0.0, 0.0, -1.0, 1.310847, 0.0, 1.0, 0.0, 7.725952, 0.0, 0.0, 0.0, 1.0],
                [1.0, 0.0, 0.0, -5e-06, 0.0, 0.0, -1.0, 1.310847, 0.0, 1.0, 0.0, 7.725952, 0.0, 0.0, 0.0, 1.0],
                [1.0, 0.0, 0.0, -5e-06, 0.0, 0.0, -1.0, 1.310847, 0.0, 1.0, 0.0, 7.725952, 0.0, 0.0, 0.0, 1.0],
                [1.0, 0.0, 0.0, -5e-06, 0.0, 0.0, -1.0, 1.310847, 0.0, 1.0, 0.0, 7.725952, 0.0, 0.0, 0.0, 1.0],
                [1.0, 0.0, 0.0, -5e-06, 0.0, 0.0, -1.0, 1.310847, 0.0, 1.0, 0.0, 7.725952, 0.0, 0.0, 0.0, 1.0],
                [1.0, 0.0, 0.0, -5e-06, 0.0, 0.0, -1.0, 1.310847, 0.0, 1.0, 0.0, 7.725952, 0.0, 0.0, 0.0, 1.0],
                [1.0, 0.0, 0.0, -5e-06, 0.0, 0.0, -1.0, 1.310847, 0.0, 1.0, 0.0, 7.725952, 0.0, 0.0, 0.0, 1.0],
                [1.0, 0.0, 0.0, -5e-06, 0.0, 0.0, -1.0, 1.310847, 0.0, 1.0, 0.0, 7.725952, 0.0, 0.0, 0.0, 1.0],
                [1.0, 0.0, 0.0, -5e-06, 0.0, 0.0, -1.0, 1.310847, 0.0, 1.0, 0.0, 7.725952, 0.0, 0.0, 0.0, 1.0],
                [1.0, 0.0, 0.0, -5e-06, 0.0, 0.0, -1.0, 1.310847, 0.0, 1.0, 0.0, 7.725952, 0.0, 0.0, 0.0, 1.0],
                [1.0, 0.0, 0.0, -5e-06, 0.0, 0.0, -1.0, 1.310847, 0.0, 1.0, 0.0, 7.725952, 0.0, 0.0, 0.0, 1.0],
                [1.0, 0.0, 0.0, -5e-06, 0.0, 0.0, -1.0, 1.310847, 0.0, 1.0, 0.0, 7.725952, 0.0, 0.0, 0.0, 1.0],
                [1.0, 0.0, 0.0, -5e-06, 0.0, 0.0, -1.0, 1.310847, 0.0, 1.0, 0.0, 7.725952, 0.0, 0.0, 0.0, 1.0],
                [1.0, 0.0, 0.0, -5e-06, 0.0, 0.0, -1.0, 1.310847, 0.0, 1.0, 0.0, 7.725952, 0.0, 0.0, 0.0, 1.0],
                [1.0, 0.0, 0.0, -5e-06, 0.0, 0.0, -1.0, 1.310847, 0.0, 1.0, 0.0, 7.725952, 0.0, 0.0, 0.0, 1.0],
                [1.0, 0.0, 0.0, -5e-06, 0.0, 0.0, -1.0, 1.310847, 0.0, 1.0, 0.0, 7.725952, 0.0, 0.0, 0.0, 1.0],
                [1.0, 0.0, 0.0, -5e-06, 0.0, 0.0, -1.0, 1.310847, 0.0, 1.0, 0.0, 7.725952, 0.0, 0.0, 0.0, 1.0],
                [1.0, 0.0, 0.0, -5e-06, 0.0, 0.0, -1.0, 1.310847, 0.0, 1.0, 0.0, 7.725952, 0.0, 0.0, 0.0, 1.0],
                [1.0, 0.0, 0.0, -5e-06, 0.0, 0.0, -1.0, 1.310847, 0.0, 1.0, 0.0, 7.725952, 0.0, 0.0, 0.0, 1.0],
                [1.0, 0.0, 0.0, -5e-06, 0.0, 0.0, -1.0, 1.310847, 0.0, 1.0, 0.0, 7.725952, 0.0, 0.0, 0.0, 1.0],
                [1.0, 0.0, 0.0, -5e-06, 0.0, 0.0, -1.0, 1.310847, 0.0, 1.0, 0.0, 7.725952, 0.0, 0.0, 0.0, 1.0],
                [1.0, 0.0, 0.0, -5e-06, 0.0, 0.0, -1.0, 1.310847, 0.0, 1.0, 0.0, 7.209834, 0.0, 0.0, 0.0, 1.0],
                [1.0, 0.0, 0.0, -5e-06, 0.0, 0.0, -1.0, 1.310847, 0.0, 1.0, 0.0, 5.916708, 0.0, 0.0, 0.0, 1.0],
                [1.0, 0.0, 0.0, -5e-06, 0.0, 0.0, -1.0, 1.310847, 0.0, 1.0, 0.0, 4.229418, 0.0, 0.0, 0.0, 1.0],
                [1.0, 0.0, 0.0, -5e-06, 0.0, 0.0, -1.0, 1.310847, 0.0, 1.0, 0.0, 2.530809, 0.0, 0.0, 0.0, 1.0],
                [1.0, 0.0, 0.0, -5e-06, 0.0, 0.0, -1.0, 1.310847, 0.0, 1.0, 0.0, 1.203724, 0.0, 0.0, 0.0, 1.0],
                [1.0, 0.0, 0.0, -5e-06, 0.0, 0.0, -1.0, 1.310847, 0.0, 1.0, 0.0, 0.631008, 0.0, 0.0, 0.0, 1.0],
                [1.0, 0.0, 0.0, -5e-06, 0.0, 0.0, -1.0, 1.310847, 0.0, 1.0, 0.0, 0.578655, 0.0, 0.0, 0.0, 1.0],
                [1.0, 0.0, 0.0, -5e-06, 0.0, 0.0, -1.0, 1.310847, 0.0, 1.0, 0.0, 0.551771, 0.0, 0.0, 0.0, 1.0],
                [1.0, 0.0, 0.0, -5e-06, 0.0, 0.0, -1.0, 1.310847, 0.0, 1.0, 0.0, 0.541866, 0.0, 0.0, 0.0, 1.0],
                [1.0, 0.0, 0.0, -5e-06, 0.0, 0.0, -1.0, 1.310847, 0.0, 1.0, 0.0, 0.540451, 0.0, 0.0, 0.0, 1.0],
                [1.0, 0.0, 0.0, -5e-06, 0.0, 0.0, -1.0, 1.310847, 0.0, 1.0, 0.0, 0.542248, 0.0, 0.0, 0.0, 1.0],
                [1.0, 0.0, 0.0, -5e-06, 0.0, 0.0, -1.0, 1.310847, 0.0, 1.0, 0.0, 0.550017, 0.0, 0.0, 0.0, 1.0],
                [1.0, 0.0, 0.0, -5e-06, 0.0, 0.0, -1.0, 1.310847, 0.0, 1.0, 0.0, 0.567327, 0.0, 0.0, 0.0, 1.0],
                [1.0, 0.0, 0.0, -5e-06, 0.0, 0.0, -1.0, 1.310847, 0.0, 1.0, 0.0, 0.597747, 0.0, 0.0, 0.0, 1.0],
                [1.0, 0.0, 0.0, -5e-06, 0.0, 0.0, -1.0, 1.310847, 0.0, 1.0, 0.0, 0.642066, 0.0, 0.0, 0.0, 1.0],
                [1.0, 0.0, 0.0, -5e-06, 0.0, 0.0, -1.0, 1.310847, 0.0, 1.0, 0.0, 0.689954, 0.0, 0.0, 0.0, 1.0],
                [1.0, 0.0, 0.0, -5e-06, 0.0, 0.0, -1.0, 1.310847, 0.0, 1.0, 0.0, 0.728301, 0.0, 0.0, 0.0, 1.0],
                [1.0, 0.0, 0.0, -5e-06, 0.0, 0.0, -1.0, 1.310847, 0.0, 1.0, 0.0, 0.743997, 0.0, 0.0, 0.0, 1.0],
                [1.0, 0.0, 0.0, -5e-06, 0.0, 0.0, -1.0, 1.310847, 0.0, 1.0, 0.0, 0.74377, 0.0, 0.0, 0.0, 1.0],
                [1.0, 0.0, 0.0, -5e-06, 0.0, 0.0, -1.0, 1.310847, 0.0, 1.0, 0.0, 0.742183, 0.0, 0.0, 0.0, 1.0],
                [1.0, 0.0, 0.0, -5e-06, 0.0, 0.0, -1.0, 1.310847, 0.0, 1.0, 0.0, 0.737876, 0.0, 0.0, 0.0, 1.0],
                [1.0, 0.0, 0.0, -5e-06, 0.0, 0.0, -1.0, 1.310847, 0.0, 1.0, 0.0, 0.729489, 0.0, 0.0, 0.0, 1.0],
                [1.0, 0.0, 0.0, -5e-06, 0.0, 0.0, -1.0, 2.475322, 0.0, 1.0, 0.0, 0.463757, 0.0, 0.0, 0.0, 1.0],
                [1.0, 0.0, 0.0, -5e-06, 0.0, 0.0, -1.0, 2.475322, 0.0, 1.0, 0.0, 0.463757, 0.0, 0.0, 0.0, 1.0],
                [1.0, 0.0, 0.0, -5e-06, 0.0, 0.0, -1.0, 2.475322, 0.0, 1.0, 0.0, 0.463757, 0.0, 0.0, 0.0, 1.0],
                [1.0, 0.0, 0.0, -5e-06, 0.0, 0.0, -1.0, 2.475322, 0.0, 1.0, 0.0, 0.463757, 0.0, 0.0, 0.0, 1.0]
            ]
        },
        {
            "name": "Thigh_R",
            "time": [0.0, 0.0167, 0.0333, 0.05, 0.0667, 0.0833, 0.1, 0.1167, 0.1333, 0.15, 0.1667, 0.1833, 0.2, 0.2167, 0.2333, 0.25, 0.2667, 0.2833, 0.3, 0.3167, 0.3333, 0.35, 0.3667, 0.3833, 0.4, 0.4167, 0.4333, 0.45, 0.4667, 0.4833, 0.5, 0.5167, 0.5333, 0.55, 0.5667, 0.5833, 0.6, 0.6167, 0.6333, 0.65, 0.6667, 0.6833, 0.7, 0.7167, 0.7333, 0.75, 0.7667, 0.7833, 0.8, 0.8167, 0.8333, 0.85, 0.8667, 0.8833, 0.9, 0.9167, 0.9333, 0.95, 0.9667, 0.9833, 1.0, 1.0167, 1.0333, 1.05, 1.0667, 1.0833, 1.1, 1.1167, 1.1333, 1.15, 1.1667],
            "transform": [
                [1.0, -1.1e-05, 3e-06, 0.124994, -1.1e-05, -0.772499, 0.635016, -0.002831, -5e-06, -0.635016, -0.772499, -1.2e-05, 0.0, 0.0, 0.0, 1.0],
                [1.0, -1.1e-05, 3e-06, 0.124994, -1.1e-05, -0.772106, 0.635494, -0.002831, -5e-06, -0.635495, -0.772106, -1.2e-05, 0.0, 0.0, 0.0, 1.0],
                [1.0, -1.1e-05, 3e-06, 0.124994, -1.1e-05, -0.769351, 0.638827, -0.002831, -5e-06, -0.638827, -0.769351, -1.2e-05, 0.0, 0.0, 0.0, 1.0],
                [1.0, -1.2e-05, 3e-06, 0.124994, -1.1e-05, -0.761829, 0.647778, -0.002831, -5e-06, -0.647778, -0.761829, -1.2e-05, 0.0, 0.0, 0.0, 1.0],
                [1.0, -1.2e-05, 4e-06, 0.124994, -1.1e-05, -0.747005, 0.664819, -0.002831, -5e-06, -0.664819, -0.747004, -1.2e-05, 0.0, 0.0, 0.0, 1.0],
                [1.0, -1.2e-05, 4e-06, 0.124994, -1.1e-05, -0.722059, 0.691832, -0.002831, -6e-06, -0.691832, -0.722059, -1.2e-05, 0.0, 0.0, 0.0, 1.0],
                [1.0, -1.3e-05, 4e-06, 0.124994, -1.2e-05, -0.683707, 0.729757, -0.002831, -6e-06, -0.729757, -0.683707, -1.2e-05, 0.0, 0.0, 0.0, 1.0],
                [1.0, -1.3e-05, 5e-06, 0.124994, -1.2e-05, -0.62794, 0.778262, -0.002831, -7e-06, -0.778262, -0.62794, -1.2e-05, 0.0, 0.0, 0.0, 1.0],
                [1.0, -1.4e-05, 5e-06, 0.124994, -1.2e-05, -0.550111, 0.835092, -0.002831, -9e-06, -0.835092, -0.550111, -1.2e-05, 0.0, 0.0, 0.0, 1.0],
                [1.0, -1.5e-05, 6e-06, 0.124994, -1.2e-05, -0.444528, 0.895765, -0.002831, -1e-05, -0.895765, -0.444528, -1.2e-05, 0.0, 0.0, 0.0, 1.0],
                [1.0, -1.5e-05, 7e-06, 0.124994, -1.1e-05, -0.305954, 0.952047, -0.002831, -1.2e-05, -0.952047, -0.305954, -1.2e-05, 0.0, 0.0, 0.0, 1.0],
                [0.999998, 0.001222, -0.00166, 0.123825, 0.001136, 0.345279, 0.9385, -0.000977, 0.00172, -0.9385, 0.345276, -0.001321, 0.0, 0.0, 0.0, 1.0],
                [0.999653, -0.002098, -0.026275, 0.120536, 0.024847, 0.407762, 0.91275, 0.00424, 0.008799, -0.913086, 0.407673, -0.005005, 0.0, 0.0, 0.0, 1.0],
                [0.993627, -0.018558, -0.111185, 0.115453, 0.109623, 0.388816, 0.914771, 0.0123, 0.026254, -0.921129, 0.388372, -0.010698, 0.0, 0.0, 0.0, 1.0],
                [0.960036, -0.039531, -0.27707, 0.108901, 0.274524, 0.325687, 0.904746, 0.022688, 0.054473, -0.944651, 0.323523, -0.018035, 0.0, 0.0, 0.0, 1.0],
                [0.864343, -0.046329, -0.500763, 0.101209, 0.495925, 0.243815, 0.833434, 0.034888, 0.083481, -0.968715, 0.233716, -0.026651, 0.0, 0.0, 0.0, 1.0],
                [0.708433, -0.035222, -0.704898, 0.0927, 0.698963, 0.173473, 0.6938, 0.04838, 0.097843, -0.984209, 0.147513, -0.03618, 0.0, 0.0, 0.0, 1.0],
                [0.541378, -0.029296, -0.840269, 0.083703, 0.835458, 0.131004, 0.533712, 0.062647, 0.094442, -0.990949, 0.095398, -0.046257, 0.0, 0.0, 0.0, 1.0],
                [0.39548, -0.042615, -0.917486, 0.074542, 0.914734, 0.108341, 0.389262, 0.077175, 0.082813, -0.993201, 0.081828, -0.056517, 0.0, 0.0, 0.0, 1.0],
                [0.270985, -0.069711, -0.960056, 0.065544, 0.959676, 0.097028, 0.263833, 0.091443, 0.07476, -0.992838, 0.093192, -0.066594, 0.0, 0.0, 0.0, 1.0],
                [0.184271, -0.123283, -0.975113, 0.057036, 0.979464, 0.105629, 0.171738, 0.104935, 0.081828, -0.986734, 0.140215, -0.076123, 0.0, 0.0, 0.0, 1.0],
                [0.138189, -0.204268, -0.969112, 0.049343, 0.984771, 0.132569, 0.112479, 0.117134, 0.105498, -0.969898, 0.219476, -0.084739, 0.0, 0.0, 0.0, 1.0],
                [0.114433, -0.287796, -0.95083, 0.042792, 0.983782, 0.165907, 0.068183, 0.127522, 0.138126, -0.943212, 0.302114, -0.092076, 0.0, 0.0, 0.0, 1.0],
                [0.103495, -0.356221, -0.928653, 0.037709, 0.979865, 0.196796, 0.033714, 0.135583, 0.170744, -0.913443, 0.369417, -0.097769, 0.0, 0.0, 0.0, 1.0],
                [0.099755, -0.399963, -0.911086, 0.034419, 0.975683, 0.218925, 0.01072, 0.140798, 0.195172, -0.890001, 0.412076, -0.101453, 0.0, 0.0, 0.0, 1.0],
                [0.099269, -0.415343, -0.904232, 0.033251, 0.973792, 0.227427, 0.00244, 0.142652, 0.204633, -0.880777, 0.427034, -0.102762, 0.0, 0.0, 0.0, 1.0],
                [0.099268, -0.415344, -0.904232, 0.033251, 0.973793, 0.227427, 0.00244, 0.142652, 0.204633, -0.880777, 0.427035, -0.102762, 0.0, 0.0, 0.0, 1.0],
                [0.099268, -0.415344, -0.904232, 0.033251, 0.973793, 0.227427, 0.00244, 0.142652, 0.204632, -0.880777, 0.427035, -0.102762, 0.0, 0.0, 0.0, 1.0],
                [0.099268, -0.415344, -0.904232, 0.033251, 0.973793, 0.227427, 0.00244, 0.142652, 0.204633, -0.880776, 0.427035, -0.102762, 0.0, 0.0, 0.0, 1.0],
                [0.099269, -0.415343, -0.904232, 0.033251, 0.973792, 0.227427, 0.00244, 0.142652, 0.204633, -0.880777, 0.427034, -0.102762, 0.0, 0.0, 0.0, 1.0],
                [0.099268, -0.415344, -0.904232, 0.033251, 0.973793, 0.227427, 0.00244, 0.142652, 0.204633, -0.880777, 0.427035, -0.102762, 0.0, 0.0, 0.0, 1.0],
                [0.099268, -0.415344, -0.904232, 0.033251, 0.973793, 0.227427, 0.00244, 0.142652, 0.204633, -0.880777, 0.427035, -0.102762, 0.0, 0.0, 0.0, 1.0],
                [0.028132, -0.425057, -0.904729, 0.020293, 0.976112, 0.206752, -0.066782, 0.145323, 0.21544, -0.881238, 0.420721, -0.10443, 0.0, 0.0, 0.0, 1.0],
                [-0.171115, -0.436746, -0.883161, -0.010606, 0.955279, 0.145873, -0.257225, 0.15169, 0.241171, -0.887679, 0.392253, -0.108406, 0.0, 0.0, 0.0, 1.0],
                [-0.439202, -0.420234, -0.794044, -0.047485, 0.85876, 0.063232, -0.508462, 0.159291, 0.263881, -0.905211, 0.333109, -0.113152, 0.0, 0.0, 0.0, 1.0],
                [-0.6535, -0.377215, -0.656237, -0.078384, 0.708111, 0.001637, -0.706099, 0.165659, 0.267425, -0.926125, 0.266041, -0.117128, 0.0, 0.0, 0.0, 1.0],
                [-0.759575, -0.340088, -0.554424, -0.091341, 0.597665, -0.028663, -0.801234, 0.16833, 0.256599, -0.939957, 0.22503, -0.118796, 0.0, 0.0, 0.0, 1.0],
                [-0.804776, -0.33233, -0.491826, -0.08615, 0.548322, -0.098887, -0.8304, 0.165223, 0.227332, -0.937965, 0.261806, -0.116243, 0.0, 0.0, 0.0, 1.0],
                [-0.834222, -0.338278, -0.43548, -0.074728, 0.519198, -0.215806, -0.826959, 0.158387, 0.185763, -0.915968, 0.355664, -0.110627, 0.0, 0.0, 0.0, 1.0],
                [-0.852156, -0.339575, -0.398145, -0.063306, 0.501156, -0.310666, -0.807669, 0.151551, 0.150573, -0.887793, 0.434916, -0.105011, 0.0, 0.0, 0.0, 1.0],
                [-0.858361, -0.338345, -0.385667, -0.058114, 0.494731, -0.346804, -0.796849, 0.148443, 0.135859, -0.874786, 0.465072, -0.102459, 0.0, 0.0, 0.0, 1.0],
                [-0.895947, -0.355066, -0.266848, -0.058114, 0.39463, -0.360644, -0.845106, 0.148443, 0.203831, -0.862476, 0.463237, -0.102459, 0.0, 0.0, 0.0, 1.0],
                [-0.926636, -0.351906, -0.13232, -0.058114, 0.210616, -0.194356, -0.958054, 0.148443, 0.311427, -0.915636, 0.254214, -0.102459, 0.0, 0.0, 0.0, 1.0],
                [-0.920467, -0.365235, -0.139086, -0.058114, 0.057692, 0.225001, -0.972649, 0.148443, 0.38654, -0.903316, -0.186035, -0.102459, 0.0, 0.0, 0.0, 1.0],
                [-0.898817, -0.396828, -0.186161, -0.058114, -0.05609, 0.525346, -0.849039, 0.148443, 0.434721, -0.752689, -0.494447, -0.102459, 0.0, 0.0, 0.0, 1.0],
                [-0.898544, -0.359554, -0.251675, -0.060645, -0.134457, 0.771391, -0.621995, 0.148443, 0.41778, -0.52505, -0.741473, -0.102459, 0.0, 0.0, 0.0, 1.0],
                [-0.947633, -0.111876, -0.299126, -0.067515, -0.1355, 0.988997, 0.059369, 0.148443, 0.289192, 0.096792, -0.952365, -0.102459, 0.0, 0.0, 0.0, 1.0],
                [-0.99189, -0.080422, -0.098425, -0.077638, -0.092314, 0.988113, 0.12293, 0.148443, 0.087369, 0.131019, -0.987523, -0.102459, 0.0, 0.0, 0.0, 1.0],
                [-0.990241, -0.060741, 0.125439, -0.089932, -0.041758, 0.987992, 0.148762, 0.148443, -0.132968, 0.142072, -0.980885, -0.102459, 0.0, 0.0, 0.0, 1.0],
                [-0.945982, -0.050276, 0.320298, -0.103309, 0.003669, 0.986181, 0.165633, 0.148443, -0.324199, 0.157861, -0.932725, -0.102459, 0.0, 0.0, 0.0, 1.0],
                [-0.87449, -0.022833, 0.484506, -0.116687, 0.062113, 0.985396, 0.158547, 0.148443, -0.48105, 0.168742, -0.860301, -0.102459, 0.0, 0.0, 0.0, 1.0],
                [-0.885919, 0.3513, 0.302881, -0.128981, -0.023153, 0.618679, -0.785304, 0.148443, -0.463263, -0.702727, -0.539965, -0.102459, 0.0, 0.0, 0.0, 1.0],
                [-0.979933, 0.134384, 0.147213, -0.139104, -0.184701, -0.334518, -0.924112, 0.148443, -0.07494, -0.932759, 0.352626, -0.102459, 0.0, 0.0, 0.0, 1.0],
                [-0.993285, 0.016151, 0.114559, -0.145974, -0.111982, -0.382953, -0.916956, 0.148443, 0.029061, -0.923627, 0.38219, -0.102459, 0.0, 0.0, 0.0, 1.0],
                [-0.994664, -0.103173, -0.000198, -0.148505, 0.012933, -0.122785, -0.992349, 0.148443, 0.10236, -0.987056, 0.123464, -0.102459, 0.0, 0.0, 0.0, 1.0],
                [-0.931677, -0.358002, -0.061748, -0.148505, 0.166143, -0.268732, -0.948778, 0.148443, 0.32307, -0.894214, 0.309851, -0.102459, 0.0, 0.0, 0.0, 1.0],
                [-0.63612, -0.764095, 0.107285, -0.148505, 0.305698, -0.377244, -0.874206, 0.148443, 0.708449, -0.523304, 0.473554, -0.102459, 0.0, 0.0, 0.0, 1.0],
                [-0.140389, -0.944539, 0.29688, -0.148505, 0.304584, -0.326509, -0.894774, 0.148443, 0.942083, -0.035191, 0.33353, -0.102459, 0.0, 0.0, 0.0, 1.0],
                [0.249625, -0.947698, 0.19889, -0.148505, 0.187218, -0.154284, -0.970127, 0.148443, 0.950072, 0.279404, 0.138913, -0.102459, 0.0, 0.0, 0.0, 1.0],
                [0.519117, -0.854703, -0.001187, -0.148505, 0.012864, 0.009202, -0.999875, 0.148443, 0.854607, 0.519037, 0.015772, -0.102459, 0.0, 0.0, 0.0, 1.0],
                [0.691392, -0.674021, -0.26014, -0.148505, -0.177207, 0.19086, -0.96549, 0.148443, 0.70041, 0.713631, 0.012518, -0.102459, 0.0, 0.0, 0.0, 1.0],
                [0.768033, -0.398072, -0.501661, -0.148505, -0.315266, 0.446831, -0.837228, 0.148443, 0.557434, 0.801175, 0.217682, -0.102459, 0.0, 0.0, 0.0, 1.0],
                [0.786561, -0.208233, -0.581344, -0.148505, -0.365611, 0.601645, -0.710178, 0.148443, 0.497645, 0.771144, 0.397098, -0.102459, 0.0, 0.0, 0.0, 1.0],
                [0.786819, -0.208233, -0.580995, -0.148505, -0.365296, 0.601645, -0.71034, 0.148443, 0.497468, 0.771144, 0.397319, -0.102459, 0.0, 0.0, 0.0, 1.0],
                [0.787248, -0.208233, -0.580413, -0.148505, -0.364771, 0.601645, -0.71061, 0.148443, 0.497174, 0.771145, 0.397687, -0.102459, 0.0, 0.0, 0.0, 1.0],
                [0.787334, -0.208232, -0.580297, -0.148505, -0.364666, 0.601645, -0.710664, 0.148443, 0.497115, 0.771145, 0.39776, -0.102459, 0.0, 0.0, 0.0, 1.0],
                [0.786561, -0.208233, -0.581344, -0.148505, -0.365611, 0.601645, -0.710178, 0.148443, 0.497645, 0.771144, 0.397098, -0.102459, 0.0, 0.0, 0.0, 1.0],
                [0.993444, 0.11217, 0.022052, 0.124994, 0.109016, -0.987646, 0.112569, -0.002831, 0.034407, -0.109427, -0.993399, -1.2e-05, 0.0, 0.0, 0.0, 1.0],
                [0.993444, 0.11217, 0.022052, 0.124994, 0.109016, -0.987646, 0.112569, -0.002831, 0.034407, -0.109427, -0.993399, -1.2e-05, 0.0, 0.0, 0.0, 1.0],
                [0.993444, 0.11217, 0.022052, 0.124994, 0.109016, -0.987646, 0.112569, -0.002831, 0.034406, -0.109427, -0.993399, -1.2e-05, 0.0, 0.0, 0.0, 1.0],
                [0.993444, 0.11217, 0.022052, 0.124994, 0.109016, -0.987646, 0.112569, -0.002831, 0.034406, -0.109427, -0.993399, -1.2e-05, 0.0, 0.0, 0.0, 1.0]
            ]
        },
        {
            "name": "Leg_R",
            "time": [0.0, 0.0167, 0.0333, 0.05, 0.0667, 0.0833, 0.1, 0.1167, 0.1333, 0.15, 0.1667, 0.1833, 0.2, 0.2167, 0.2333, 0.25, 0.2667, 0.2833, 0.3, 0.3167, 0.3333, 0.35, 0.3667, 0.3833, 0.4, 0.4167, 0.4333, 0.45, 0.4667, 0.4833, 0.5, 0.5167, 0.5333, 0.55, 0.5667, 0.5833, 0.6, 0.6167, 0.6333, 0.65, 0.6667, 0.6833, 0.7, 0.7167, 0.7333, 0.75, 0.7667, 0.7833, 0.8, 0.8167, 0.8333, 0.85, 0.8667, 0.8833, 0.9, 0.9167, 0.9333, 0.95, 0.9667, 0.9833, 1.0, 1.0167, 1.0333, 1.05, 1.0667, 1.0833, 1.1, 1.1167, 1.1333, 1.15, 1.1667],
            "transform": [
                [1.0, 1.9e-05, 1.3e-05, -0.0, -2e-05, 0.426492, 0.904491, 0.374726, 1.2e-05, -0.904491, 0.426492, 0.0, 0.0, 0.0, 0.0, 1.0],
                [1.0, 1.9e-05, 1.3e-05, -0.0, -2e-05, 0.425837, 0.9048, 0.374726, 1.2e-05, -0.904801, 0.425837, -0.0, 0.0, 0.0, 0.0, 1.0],
                [1.0, 1.9e-05, 1.3e-05, 0.0, -2e-05, 0.421265, 0.906937, 0.374726, 1.2e-05, -0.906937, 0.421265, 0.0, 0.0, 0.0, 0.0, 1.0],
                [1.0, 1.9e-05, 1.3e-05, -0.0, -2e-05, 0.408937, 0.912563, 0.374726, 1.2e-05, -0.912562, 0.408937, -0.0, 0.0, 0.0, 0.0, 1.0],
                [1.0, 1.9e-05, 1.4e-05, -0.0, -2e-05, 0.385279, 0.9228, 0.374726, 1.3e-05, -0.9228, 0.385279, -0.0, 0.0, 0.0, 0.0, 1.0],
                [1.0, 2e-05, 1.4e-05, 0.0, -2e-05, 0.34728, 0.937762, 0.374726, 1.3e-05, -0.937762, 0.34728, -0.0, 0.0, 0.0, 0.0, 1.0],
                [1.0, 2e-05, 1.6e-05, 0.0, -2.1e-05, 0.292919, 0.956137, 0.374726, 1.5e-05, -0.956137, 0.292919, -0.0, 0.0, 0.0, 0.0, 1.0],
                [1.0, 2e-05, 1.7e-05, 0.0, -2.1e-05, 0.22161, 0.975135, 0.374726, 1.6e-05, -0.975135, 0.22161, 0.0, 0.0, 0.0, 0.0, 1.0],
                [1.0, 2.1e-05, 1.9e-05, -0.0, -2.2e-05, 0.13536, 0.990796, 0.374726, 1.8e-05, -0.990796, 0.13536, 0.0, 0.0, 0.0, 0.0, 1.0],
                [1.0, 2.1e-05, 2.1e-05, 0.0, -2.2e-05, 0.038563, 0.999256, 0.374726, 2e-05, -0.999256, 0.038563, -0.0, 0.0, 0.0, 0.0, 1.0],
                [1.0, 2.1e-05, 2.3e-05, -0.0, -2.2e-05, -0.059695, 0.998216, 0.374726, 2.2e-05, -0.998217, -0.059695, -0.0, 0.0, 0.0, 0.0, 1.0],
                [1.0, 2.1e-05, 1.7e-05, -0.0, -2.1e-05, 0.204598, 0.978846, 0.374726, 1.7e-05, -0.978847, 0.204598, -0.0, 0.0, 0.0, 0.0, 1.0],
                [1.0, 1.9e-05, 1.3e-05, -0.0, -2e-05, 0.403547, 0.914958, 0.374726, 1.2e-05, -0.914959, 0.403548, 0.0, 0.0, 0.0, 0.0, 1.0],
                [1.0, 1.7e-05, 9e-06, -0.0, -1.8e-05, 0.603388, 0.797448, 0.374726, 8e-06, -0.797448, 0.603388, -1e-06, 0.0, 0.0, 0.0, 1.0],
                [1.0, 1.3e-05, 6e-06, -0.0, -1.3e-05, 0.75956, 0.650437, 0.374727, 4e-06, -0.650437, 0.75956, 0.0, 0.0, 0.0, 0.0, 1.0],
                [1.0, 1.1e-05, 4e-06, -0.0, -1.2e-05, 0.858752, 0.512392, 0.374726, 2e-06, -0.512392, 0.858752, -0.0, 0.0, 0.0, 0.0, 1.0],
                [1.0, 8e-06, 3e-06, -0.0, -9e-06, 0.905201, 0.424982, 0.374726, 1e-06, -0.424982, 0.905202, -0.0, 0.0, 0.0, 0.0, 1.0],
                [1.0, 8e-06, 3e-06, -1e-06, -9e-06, 0.910898, 0.412632, 0.374726, 1e-06, -0.412633, 0.910898, 1e-06, 0.0, 0.0, 0.0, 1.0],
                [1.0, 1e-05, 3e-06, -0.0, -1e-05, 0.88912, 0.457673, 0.374726, 2e-06, -0.457673, 0.889121, 0.0, 0.0, 0.0, 0.0, 1.0],
                [1.0, 1.1e-05, 4e-06, -0.0, -1.1e-05, 0.852582, 0.522593, 0.374726, 2e-06, -0.522593, 0.852582, 0.0, 0.0, 0.0, 0.0, 1.0],
                [1.0, 1.3e-05, 5e-06, 1e-06, -1.3e-05, 0.802949, 0.596048, 0.374726, 4e-06, -0.596048, 0.802949, -0.0, 0.0, 0.0, 0.0, 1.0],
                [1.0, 1.4e-05, 6e-06, 0.0, -1.4e-05, 0.746029, 0.665913, 0.374726, 5e-06, -0.665914, 0.746029, 0.0, 0.0, 0.0, 0.0, 1.0],
                [1.0, 1.5e-05, 7e-06, -0.0, -1.6e-05, 0.701307, 0.712859, 0.374726, 6e-06, -0.712859, 0.701307, 0.0, 0.0, 0.0, 0.0, 1.0],
                [1.0, 1.4e-05, 7e-06, -0.0, -1.5e-05, 0.678924, 0.734209, 0.374726, 6e-06, -0.734209, 0.678924, -0.0, 0.0, 0.0, 0.0, 1.0],
                [1.0, 1.6e-05, 8e-06, -0.0, -1.7e-05, 0.675399, 0.737452, 0.374726, 7e-06, -0.737453, 0.675398, -0.0, 0.0, 0.0, 0.0, 1.0],
                [1.0, 1.5e-05, 7e-06, -0.0, -1.6e-05, 0.67729, 0.735716, 0.374726, 6e-06, -0.735716, 0.67729, -0.0, 0.0, 0.0, 0.0, 1.0],
                [1.0, 1.5e-05, 8e-06, -0.0, -1.6e-05, 0.677289, 0.735717, 0.374726, 6e-06, -0.735717, 0.677289, -0.0, 0.0, 0.0, 0.0, 1.0],
                [1.0, 1.6e-05, 8e-06, -0.0, -1.7e-05, 0.677289, 0.735717, 0.374726, 7e-06, -0.735717, 0.677289, -0.0, 0.0, 0.0, 0.0, 1.0],
                [1.0, 1.5e-05, 8e-06, -0.0, -1.6e-05, 0.677289, 0.735717, 0.374726, 6e-06, -0.735717, 0.677289, -0.0, 0.0, 0.0, 0.0, 1.0],
                [1.0, 1.5e-05, 8e-06, 1e-06, -1.6e-05, 0.67729, 0.735715, 0.374726, 6e-06, -0.735716, 0.67729, -0.0, 0.0, 0.0, 0.0, 1.0],
                [1.0, 1.5e-05, 7e-06, 0.0, -1.6e-05, 0.677289, 0.735716, 0.374726, 6e-06, -0.735717, 0.677289, 0.0, 0.0, 0.0, 0.0, 1.0],
                [1.0, 1.5e-05, 7e-06, 0.0, -1.6e-05, 0.677289, 0.735716, 0.374726, 6e-06, -0.735717, 0.677289, 0.0, 0.0, 0.0, 0.0, 1.0],
                [1.0, 1.6e-05, 8e-06, 0.0, -1.7e-05, 0.676128, 0.736784, 0.374726, 7e-06, -0.736784, 0.676128, -0.0, 0.0, 0.0, 0.0, 1.0],
                [1.0, 1.4e-05, 7e-06, -0.0, -1.5e-05, 0.675333, 0.737513, 0.374726, 6e-06, -0.737513, 0.675333, -0.0, 0.0, 0.0, 0.0, 1.0],
                [1.0, 1.8e-05, 9e-06, 0.0, -1.9e-05, 0.678013, 0.73505, 0.374726, 7e-06, -0.73505, 0.678013, -0.0, 0.0, 0.0, 0.0, 1.0],
                [1.0, 1.4e-05, 7e-06, 1e-06, -1.5e-05, 0.683428, 0.730018, 0.374726, 5e-06, -0.730018, 0.683428, -0.0, 0.0, 0.0, 0.0, 1.0],
                [1.0, 1.5e-05, 7e-06, -0.0, -1.5e-05, 0.686456, 0.727171, 0.374726, 6e-06, -0.727172, 0.686455, 0.0, 0.0, 0.0, 0.0, 1.0],
                [1.0, 1.4e-05, 7e-06, -0.0, -1.5e-05, 0.662669, 0.748912, 0.374726, 6e-06, -0.748913, 0.662669, 1e-06, 0.0, 0.0, 0.0, 1.0],
                [1.0, 1.8e-05, 9e-06, 1e-06, -1.8e-05, 0.632136, 0.774857, 0.374726, 8e-06, -0.774857, 0.632136, -0.0, 0.0, 0.0, 0.0, 1.0],
                [1.0, 1.7e-05, 9e-06, -0.0, -1.8e-05, 0.631255, 0.775574, 0.374726, 8e-06, -0.775575, 0.631256, -0.0, 0.0, 0.0, 0.0, 1.0],
                [1.0, 1.9e-05, 1e-05, -0.0, -2e-05, 0.640659, 0.767825, 0.374726, 9e-06, -0.767826, 0.640659, -0.0, 0.0, 0.0, 0.0, 1.0],
                [1.0, 1.9e-05, 1.3e-05, 0.0, -2e-05, 0.413662, 0.91043, 0.374726, 1.2e-05, -0.910431, 0.413662, -1e-06, 0.0, 0.0, 0.0, 1.0],
                [1.0, 2.2e-05, 2.1e-05, 0.0, -2.3e-05, 0.109729, 0.993961, 0.374726, 2e-05, -0.993962, 0.109729, 0.0, 0.0, 0.0, 0.0, 1.0],
                [1.0, 2.3e-05, 2.2e-05, -0.0, -2.3e-05, 0.088474, 0.996078, 0.374726, 2.1e-05, -0.996079, 0.088474, 1e-06, 0.0, 0.0, 0.0, 1.0],
                [1.0, 1.7e-05, 1.6e-05, -0.0, -1.8e-05, 0.118574, 0.992946, 0.374726, 1.5e-05, -0.992944, 0.118574, 1e-06, 0.0, 0.0, 0.0, 1.0],
                [1.0, 2.6e-05, 1.9e-05, 0.0, -2.6e-05, 0.355733, 0.934587, 0.374726, 1.8e-05, -0.934587, 0.355734, -1e-06, 0.0, 0.0, 0.0, 1.0],
                [1.0, 0.0, 1e-06, 0.0, -0.0, 0.999999, 0.001463, 0.374726, -1e-06, -0.001463, 0.999999, -0.0, 0.0, 0.0, 0.0, 1.0],
                [1.0, 0.0, 1e-06, 0.0, -0.0, 0.999999, 0.001476, 0.374725, -1e-06, -0.001476, 0.999999, 0.0, 0.0, 0.0, 0.0, 1.0],
                [1.0, 0.0, 1e-06, 0.0, -0.0, 0.999999, 0.001481, 0.374726, -1e-06, -0.001481, 0.999999, 0.0, 0.0, 0.0, 0.0, 1.0],
                [1.0, 0.0, 1e-06, -0.0, -0.0, 0.999999, 0.001479, 0.374726, -1e-06, -0.001479, 0.999999, 0.0, 0.0, 0.0, 0.0, 1.0],
                [1.0, 2e-06, 1e-06, 0.0, -3e-06, 0.993041, 0.117766, 0.374726, -1e-06, -0.117766, 0.993041, -0.0, 0.0, 0.0, 0.0, 1.0],
                [1.0, 1.8e-05, 2.9e-05, -0.0, -1.9e-05, -0.424506, 0.905425, 0.374726, 2.9e-05, -0.905424, -0.424506, 0.0, 0.0, 0.0, 0.0, 1.0],
                [1.0, 1.7e-05, 3.3e-05, -0.0, -1.8e-05, -0.56961, 0.821914, 0.374726, 3.3e-05, -0.821915, -0.56961, -0.0, 0.0, 0.0, 0.0, 1.0],
                [1.0, 2.1e-05, 1.8e-05, 0.0, -2.2e-05, 0.181249, 0.983437, 0.374726, 1.8e-05, -0.983438, 0.181249, 0.0, 0.0, 0.0, 0.0, 1.0],
                [1.0, 1.4e-05, 6e-06, -0.0, -1.4e-05, 0.762338, 0.647178, 0.374726, 4e-06, -0.647178, 0.762338, 0.0, 0.0, 0.0, 0.0, 1.0],
                [1.0, 1.5e-05, 1e-05, 0.0, -1.6e-05, 0.491587, 0.870827, 0.374726, 9e-06, -0.870828, 0.491587, -0.0, 0.0, 0.0, 0.0, 1.0],
                [1.000001, 1.5e-05, 1.4e-05, 0.0, -1.6e-05, 0.139669, 0.990198, 0.374726, 1.3e-05, -0.990198, 0.139669, -0.0, 0.0, 0.0, 0.0, 1.0],
                [1.0, 2.2e-05, 1.9e-05, 0.0, -2.3e-05, 0.221111, 0.975249, 0.374726, 1.8e-05, -0.975249, 0.221111, 0.0, 0.0, 0.0, 0.0, 1.0],
                [1.0, 1.7e-05, 1e-05, 0.0, -1.8e-05, 0.567161, 0.823606, 0.374726, 8e-06, -0.823606, 0.567162, 0.0, 0.0, 0.0, 0.0, 1.0],
                [1.0, 1.4e-05, 7e-06, 0.0, -1.4e-05, 0.705999, 0.708213, 0.374726, 5e-06, -0.708213, 0.705999, 0.0, 0.0, 0.0, 0.0, 1.0],
                [1.0, 1.3e-05, 5e-06, -0.0, -1.3e-05, 0.778512, 0.627629, 0.374726, 4e-06, -0.62763, 0.778512, 0.0, 0.0, 0.0, 0.0, 1.0],
                [1.0, 7e-06, 2e-06, -0.0, -7e-06, 0.946852, 0.32167, 0.374726, 0.0, -0.32167, 0.946852, 0.0, 0.0, 0.0, 0.0, 1.0],
                [1.0, -0.0, 1e-06, 0.0, 0.0, 0.999998, 0.001461, 0.374726, -1e-06, -0.001461, 0.999999, -0.0, 0.0, 0.0, 0.0, 1.0],
                [1.0, 0.0, 1e-06, -0.0, -0.0, 0.999999, 0.001461, 0.374726, -1e-06, -0.001461, 0.999999, -0.0, 0.0, 0.0, 0.0, 1.0],
                [1.0, 0.0, 1e-06, 0.0, -0.0, 0.999999, 0.001461, 0.374726, -1e-06, -0.001461, 0.999999, 0.0, 0.0, 0.0, 0.0, 1.0],
                [1.0, 0.0, 1e-06, -0.0, -0.0, 0.999998, 0.001461, 0.374726, -1e-06, -0.001461, 0.999999, 0.0, 0.0, 0.0, 0.0, 1.0],
                [1.0, 0.0, 1e-06, -0.0, 0.0, 0.999999, 0.001461, 0.374726, -1e-06, -0.001461, 0.999999, -0.0, 0.0, 0.0, 0.0, 1.0],
                [1.0, 8e-06, 2e-06, -0.0, -8e-06, 0.933069, 0.359697, 0.374726, 1e-06, -0.359697, 0.933069, 0.0, 0.0, 0.0, 0.0, 1.0],
                [1.0, 8e-06, 2e-06, 0.0, -8e-06, 0.933069, 0.359697, 0.374726, 1e-06, -0.359697, 0.933069, 0.0, 0.0, 0.0, 0.0, 1.0],
                [1.0, 8e-06, 2e-06, -0.0, -8e-06, 0.933069, 0.359697, 0.374726, 1e-06, -0.359697, 0.933069, 0.0, 0.0, 0.0, 0.0, 1.0],
                [1.0, 8e-06, 2e-06, -0.0, -8e-06, 0.933069, 0.359697, 0.374726, 1e-06, -0.359697, 0.933069, 0.0, 0.0, 0.0, 0.0, 1.0]
            ]
        },
        {
            "name": "Knee_R",
            "time": [0.0, 1.1667],
            "transform": [
                [1.0, 0.0, -0.0, 0.0, -0.0, 0.00567, -0.999984, 0.437252, -0.0, 0.999984, 0.00567, -0.000354, 0.0, 0.0, 0.0, 1.0],
                [1.0, 0.0, -0.0, -0.0, -0.0, 0.00567, -0.999984, 0.374726, -0.0, 0.999984, 0.00567, 0.0, 0.0, 0.0, 0.0, 1.0]
            ]
        },
        {
            "name": "Thigh_L",
            "time": [0.0, 0.0167, 0.0333, 0.05, 0.0667, 0.0833, 0.1, 0.1167, 0.1333, 0.15, 0.1667, 0.1833, 0.2, 0.2167, 0.2333, 0.25, 0.2667, 0.2833, 0.3, 0.3167, 0.3333, 0.35, 0.3667, 0.3833, 0.4, 0.4167, 0.4333, 0.45, 0.4667, 0.4833, 0.5, 0.5167, 0.5333, 0.55, 0.5667, 0.5833, 0.6, 0.6167, 0.6333, 0.65, 0.6667, 0.6833, 0.7, 0.7167, 0.7333, 0.75, 0.7667, 0.7833, 0.8, 0.8167, 0.8333, 0.85, 0.8667, 0.8833, 0.9, 0.9167, 0.9333, 0.95, 0.9667, 0.9833, 1.0, 1.0167, 1.0333, 1.05, 1.0667, 1.0833, 1.1, 1.1167, 1.1333, 1.15, 1.1667],
            "transform": [
                [1.0, -7e-06, 1e-06, -0.125006, -7e-06, -0.994327, -0.106374, -0.002831, 2e-06, 0.106374, -0.994326, -1.2e-05, 0.0, 0.0, 0.0, 1.0],
                [1.0, -7e-06, 1e-06, -0.125006, -6e-06, -0.99371, -0.111991, -0.002831, 2e-06, 0.111991, -0.993709, -1.2e-05, 0.0, 0.0, 0.0, 1.0],
                [1.0, -6e-06, 1e-06, -0.125006, -6e-06, -0.991824, -0.127617, -0.002831, 2e-06, 0.127617, -0.991824, -1.2e-05, 0.0, 0.0, 0.0, 1.0],
                [1.0, -6e-06, 1e-06, -0.125006, -5e-06, -0.98836, -0.152134, -0.002831, 2e-06, 0.152134, -0.98836, -1.2e-05, 0.0, 0.0, 0.0, 1.0],
                [1.0, -5e-06, 0.0, -0.125006, -5e-06, -0.982687, -0.185276, -0.002831, 1e-06, 0.185276, -0.982687, -1.2e-05, 0.0, 0.0, 0.0, 1.0],
                [1.0, -4e-06, 0.0, -0.125006, -4e-06, -0.973535, -0.22854, -0.002831, 1e-06, 0.22854, -0.973535, -1.2e-05, 0.0, 0.0, 0.0, 1.0],
                [1.0, -2e-06, 0.0, -0.125006, -2e-06, -0.957289, -0.289136, -0.002831, 1e-06, 0.289136, -0.957288, -1.2e-05, 0.0, 0.0, 0.0, 1.0],
                [1.0, -0.0, -0.0, -0.125006, -0.0, -0.926598, -0.376054, -0.002831, -0.0, 0.376054, -0.926598, -1.2e-05, 0.0, 0.0, 0.0, 1.0],
                [1.0, -0.0, -0.0, -0.125006, -0.0, -0.930252, -0.366924, -0.002831, -0.0, 0.366923, -0.930251, -1.2e-05, 0.0, 0.0, 0.0, 1.0],
                [1.0, -0.0, -0.0, -0.125006, -0.0, -0.934052, -0.357139, -0.002831, -0.0, 0.357138, -0.934052, -1.2e-05, 0.0, 0.0, 0.0, 1.0],
                [1.0, -0.0, -0.0, -0.125006, -0.0, -0.937976, -0.3467, -0.002831, 0.0, 0.3467, -0.937976, -1.2e-05, 0.0, 0.0, 0.0, 1.0],
                [0.999999, -0.001291, 0.000121, -0.124446, -0.00088, -0.607177, 0.794567, -0.003968, -0.000952, -0.794566, -0.607178, 0.000529, 0.0, 0.0, 0.0, 1.0],
                [0.999173, -0.035329, -0.020115, -0.122871, 0.001938, -0.452838, 0.891591, -0.007169, -0.040608, -0.890893, -0.452395, 0.00205, 0.0, 0.0, 0.0, 1.0],
                [0.990117, -0.119083, -0.074072, -0.120437, 0.028784, -0.344367, 0.938394, -0.012115, -0.137255, -0.931252, -0.337536, 0.004401, 0.0, 0.0, 0.0, 1.0],
                [0.961153, -0.231147, -0.150852, -0.1173, 0.084311, -0.274547, 0.95787, -0.018491, -0.262825, -0.933378, -0.244394, 0.00743, 0.0, 0.0, 0.0, 1.0],
                [0.908117, -0.348302, -0.232401, -0.113615, 0.156219, -0.233122, 0.959818, -0.025978, -0.388484, -0.907932, -0.157291, 0.010988, 0.0, 0.0, 0.0, 1.0],
                [0.839929, -0.451807, -0.300648, -0.109541, 0.228011, -0.208931, 0.950978, -0.034258, -0.492473, -0.867305, -0.07247, 0.014922, 0.0, 0.0, 0.0, 1.0],
                [0.77134, -0.532862, -0.347984, -0.105232, 0.290368, -0.191895, 0.937477, -0.043014, -0.566323, -0.824157, 0.00671, 0.019083, 0.0, 0.0, 0.0, 1.0],
                [0.713479, -0.59025, -0.377561, -0.100845, 0.343328, -0.175227, 0.922725, -0.051929, -0.610798, -0.787973, 0.077628, 0.023319, 0.0, 0.0, 0.0, 1.0],
                [0.671609, -0.62503, -0.397842, -0.096536, 0.392221, -0.155622, 0.906612, -0.060685, -0.628573, -0.764931, 0.140633, 0.02748, 0.0, 0.0, 0.0, 1.0],
                [0.628309, -0.637064, -0.446517, -0.092462, 0.469838, -0.14673, 0.870473, -0.068965, -0.620065, -0.756717, 0.207125, 0.031415, 0.0, 0.0, 0.0, 1.0],
                [0.557211, -0.62766, -0.543653, -0.088777, 0.583783, -0.16949, 0.794022, -0.076451, -0.590519, -0.759813, 0.271976, 0.034972, 0.0, 0.0, 0.0, 1.0],
                [0.456414, -0.592171, -0.664094, -0.08564, 0.697571, -0.225179, 0.680213, -0.082827, -0.552342, -0.773711, 0.310306, 0.038002, 0.0, 0.0, 0.0, 1.0],
                [0.346579, -0.530318, -0.773722, -0.083206, 0.780585, -0.294348, 0.551404, -0.087774, -0.520163, -0.795061, 0.311943, 0.040352, 0.0, 0.0, 0.0, 1.0],
                [0.260574, -0.463894, -0.846702, -0.081631, 0.824728, -0.348982, 0.445013, -0.090975, -0.501922, -0.814257, 0.29165, 0.041874, 0.0, 0.0, 0.0, 1.0],
                [0.226695, -0.432791, -0.872526, -0.081071, 0.837895, -0.370044, 0.401248, -0.092113, -0.496529, -0.822046, 0.278747, 0.042414, 0.0, 0.0, 0.0, 1.0],
                [0.226695, -0.432792, -0.872525, -0.081071, 0.837894, -0.370047, 0.401249, -0.092113, -0.496532, -0.822045, 0.278746, 0.042414, 0.0, 0.0, 0.0, 1.0],
                [0.226695, -0.432791, -0.872526, -0.081071, 0.837895, -0.370044, 0.401248, -0.092113, -0.496529, -0.822046, 0.278747, 0.042414, 0.0, 0.0, 0.0, 1.0],
                [0.226695, -0.432792, -0.872526, -0.081071, 0.837894, -0.370045, 0.401248, -0.092113, -0.496531, -0.822045, 0.278746, 0.042414, 0.0, 0.0, 0.0, 1.0],
                [0.226695, -0.432792, -0.872526, -0.081071, 0.837894, -0.370045, 0.401248, -0.092113, -0.496531, -0.822046, 0.278746, 0.042414, 0.0, 0.0, 0.0, 1.0],
                [0.226695, -0.432792, -0.872526, -0.081071, 0.837894, -0.370045, 0.401248, -0.092113, -0.496531, -0.822046, 0.278746, 0.042414, 0.0, 0.0, 0.0, 1.0],
                [0.226695, -0.432792, -0.872526, -0.081071, 0.837894, -0.370045, 0.401248, -0.092113, -0.496531, -0.822046, 0.278746, 0.042414, 0.0, 0.0, 0.0, 1.0],
                [0.221427, -0.451843, -0.864181, -0.063818, 0.837403, -0.366018, 0.405941, -0.090415, -0.499727, -0.813554, 0.297328, 0.050634, 0.0, 0.0, 0.0, 1.0],
                [0.204468, -0.489793, -0.847523, -0.02257, 0.837281, -0.361023, 0.410637, -0.086091, -0.507103, -0.793578, 0.336277, 0.070237, 0.0, 0.0, 0.0, 1.0],
                [0.165793, -0.52136, -0.837076, 0.02691, 0.840831, -0.368788, 0.396231, -0.08029, -0.515283, -0.769532, 0.377233, 0.093637, 0.0, 0.0, 0.0, 1.0],
                [0.057732, -0.535588, -0.842504, 0.068856, 0.852974, -0.412049, 0.320393, -0.074166, -0.518751, -0.737131, 0.433054, 0.113251, 0.0, 0.0, 0.0, 1.0],
                [-0.479395, -0.476348, -0.737071, 0.087504, 0.771678, -0.628799, -0.095528, -0.068871, -0.417965, -0.614577, 0.66903, 0.121491, 0.0, 0.0, 0.0, 1.0],
                [-0.999036, -0.04247, -0.011114, 0.088849, 0.041881, -0.846121, -0.531343, -0.065241, 0.013162, -0.531297, 0.847084, 0.10453, 0.0, 0.0, 0.0, 1.0],
                [-0.982265, -0.004717, -0.187442, 0.089539, 0.120879, -0.780138, -0.613819, -0.063101, -0.143335, -0.62559, 0.766872, 0.067182, 0.0, 0.0, 0.0, 1.0],
                [-0.955663, 0.099607, -0.277107, 0.089794, 0.173797, -0.568866, -0.803858, -0.062085, -0.237706, -0.816377, 0.526332, 0.029828, 0.0, 0.0, 0.0, 1.0],
                [-0.95606, 0.210468, -0.204091, 0.08983, 0.164262, -0.192056, -0.96754, -0.061828, -0.242833, -0.95855, 0.149045, 0.012847, 0.0, 0.0, 0.0, 1.0],
                [-0.963016, 0.252722, -0.093445, 0.08983, 0.146223, 0.19888, -0.969054, -0.061828, -0.226317, -0.946879, -0.228478, 0.012847, 0.0, 0.0, 0.0, 1.0],
                [-0.959784, 0.280737, 0.001336, 0.08983, 0.154821, 0.53326, -0.831664, -0.061828, -0.234191, -0.798011, -0.555277, 0.012847, 0.0, 0.0, 0.0, 1.0],
                [-0.949572, 0.291273, 0.116076, 0.08983, 0.179727, 0.808969, -0.559703, -0.061828, -0.256928, -0.510617, -0.820524, 0.012847, 0.0, 0.0, 0.0, 1.0],
                [-0.931426, 0.291631, 0.217709, 0.08983, 0.217861, 0.925995, -0.308337, -0.061828, -0.291518, -0.239763, -0.92603, 0.012847, 0.0, 0.0, 0.0, 1.0],
                [-0.912781, 0.246821, 0.325442, 0.08983, 0.248846, 0.967871, -0.036102, -0.056286, -0.323896, 0.048032, -0.944873, 0.012847, 0.0, 0.0, 0.0, 1.0],
                [-0.902851, 0.23556, 0.359684, 0.08983, 0.258353, 0.96592, 0.015908, -0.041246, -0.343679, 0.107288, -0.932939, 0.012847, 0.0, 0.0, 0.0, 1.0],
                [-0.895922, 0.228793, 0.380761, 0.08983, 0.2609, 0.964761, 0.034182, -0.019083, -0.359522, 0.129965, -0.924042, 0.012847, 0.0, 0.0, 0.0, 1.0],
                [-0.880947, 0.233109, 0.411816, 0.08983, 0.274728, 0.960516, 0.043991, 0.00783, -0.385301, 0.151891, -0.910205, 0.012847, 0.0, 0.0, 0.0, 1.0],
                [-0.832449, 0.37617, 0.406847, 0.08983, 0.327966, 0.926315, -0.185418, 0.037117, -0.446616, -0.020919, -0.894481, 0.012847, 0.0, 0.0, 0.0, 1.0],
