{
    "animation": [
        {
            "name": "Root",
            "time": [0.0, 0.0167, 0.0333, 0.05, 0.0667, 0.0833, 0.1, 0.1167, 0.1333, 0.15, 0.1667, 0.1833, 0.2, 0.2167, 0.2333, 0.25, 0.2667, 0.2833, 0.3, 0.3167, 0.3333, 0.35, 0.3667, 0.3833, 0.4, 0.4167, 0.4333, 0.45, 0.4667, 0.4833, 0.5, 0.5167, 0.5333, 0.55, 0.5667, 0.5833, 0.6],
            "transform": [
                [1.0, 0.0, 0.0, -0.066722, 0.0, 0.0, -1.0, -0.059904, 0.0, 1.0, 0.0, 0.531774, 0.0, 0.0, 0.0, 1.0],
                [1.0, 0.0, 0.0, -0.066722, 0.0, 0.0, -1.0, 0.168451, 0.0, 1.0, 0.0, 0.558883, 0.0, 0.0, 0.0, 1.0],
                [1.0, 0.0, 0.0, -0.066722, 0.0, 0.0, -1.0, 0.617901, 0.0, 1.0, 0.0, 0.610823, 0.0, 0.0, 0.0, 1.0],
                [1.0, 0.0, 0.0, -0.066722, 0.0, 0.0, -1.0, 1.008426, 0.0, 1.0, 0.0, 0.649931, 0.0, 0.0, 0.0, 1.0],
                [1.0, 0.0, 0.0, -0.066722, 0.0, 0.0, -1.0, 1.353591, 0.0, 1.0, 0.0, 0.664207, 0.0, 0.0, 0.0, 1.0],
                [1.0, 0.0, 0.0, -0.066722, 0.0, 0.0, -1.0, 1.717869, 0.0, 1.0, 0.0, 0.664207, 0.0, 0.0, 0.0, 1.0],
                [1.0, 0.0, 0.0, -0.066722, 0.0, 0.0, -1.0, 2.075772, 0.0, 1.0, 0.0, 0.664207, 0.0, 0.0, 0.0, 1.0],
                [1.0, 0.0, 0.0, -0.066722, 0.0, 0.0, -1.0, 2.388963, 0.0, 1.0, 0.0, 0.664207, 0.0, 0.0, 0.0, 1.0],
                [1.0, 0.0, 0.0, -0.066722, 0.0, 0.0, -1.0, 2.657666, 0.0, 1.0, 0.0, 0.664207, 0.0, 0.0, 0.0, 1.0],
                [1.0, 0.0, 0.0, -0.066722, 0.0, 0.0, -1.0, 2.891744, 0.0, 1.0, 0.0, 0.664207, 0.0, 0.0, 0.0, 1.0],
                [1.0, 0.0, 0.0, -0.065089, 0.0, 0.0, -1.0, 3.098468, 0.0, 1.0, 0.0, 0.623212, 0.0, 0.0, 0.0, 1.0],
                [1.0, 0.0, 0.0, -0.058474, 0.0, 0.0, -1.0, 3.274734, 0.0, 1.0, 0.0, 0.545257, 0.0, 0.0, 0.0, 1.0],
                [1.0, 0.0, 0.0, -0.044298, 0.0, 0.0, -1.0, 3.414842, 0.0, 1.0, 0.0, 0.497882, 0.0, 0.0, 0.0, 1.0],
                [1.0, 0.0, 0.0, -0.021342, 0.0, 0.0, -1.0, 3.517228, 0.0, 1.0, 0.0, 0.490098, 0.0, 0.0, 0.0, 1.0],
                [1.0, 0.0, 0.0, 0.006191, 0.0, 0.0, -1.0, 3.596853, 0.0, 1.0, 0.0, 0.485376, 0.0, 0.0, 0.0, 1.0],
                [1.0, 0.0, 0.0, 0.03274, 0.0, 0.0, -1.0, 3.672812, 0.0, 1.0, 0.0, 0.482952, 0.0, 0.0, 0.0, 1.0],
                [1.0, 0.0, 0.0, 0.052747, 0.0, 0.0, -1.0, 3.764199, 0.0, 1.0, 0.0, 0.482058, 0.0, 0.0, 0.0, 1.0],
                [1.0, 0.0, 0.0, 0.060652, 0.0, 0.0, -1.0, 3.890111, 0.0, 1.0, 0.0, 0.481931, 0.0, 0.0, 0.0, 1.0],
                [1.0, 0.0, 0.0, 0.060652, 0.0, 0.0, -1.0, 4.059179, 0.0, 1.0, 0.0, 0.609476, 0.0, 0.0, 0.0, 1.0],
                [1.0, 0.0, 0.0, 0.060652, 0.0, 0.0, -1.0, 4.238184, 0.0, 1.0, 0.0, 0.737022, 0.0, 0.0, 0.0, 1.0],
                [1.0, 0.0, 0.0, 0.060652, 0.0, 0.0, -1.0, 4.390719, 0.0, 1.0, 0.0, 0.737022, 0.0, 0.0, 0.0, 1.0],
                [1.0, 0.0, 0.0, 0.060652, 0.0, 0.0, -1.0, 4.509456, 0.0, 1.0, 0.0, 0.737022, 0.0, 0.0, 0.0, 1.0],
                [1.0, 0.0, 0.0, 0.060652, 0.0, 0.0, -1.0, 4.594338, 0.0, 1.0, 0.0, 0.737022, 0.0, 0.0, 0.0, 1.0],
                [1.0, 0.0, 0.0, 0.060652, 0.0, 0.0, -1.0, 4.645308, 0.0, 1.0, 0.0, 0.737022, 0.0, 0.0, 0.0, 1.0],
                [1.0, 0.0, 0.0, 0.060652, 0.0, 0.0, -1.0, 4.662311, 0.0, 1.0, 0.0, 0.737022, 0.0, 0.0, 0.0, 1.0],
                [1.0, 0.0, 0.0, 0.059735, 0.0, 0.0, -1.0, 4.66215, 0.0, 1.0, 0.0, 0.733376, 0.0, 0.0, 0.0, 1.0],
                [1.0, 0.0, 0.0, 0.057549, 0.0, 0.0, -1.0, 4.661767, 0.0, 1.0, 0.0, 0.724682, 0.0, 0.0, 0.0, 1.0],
                [1.0, 0.0, 0.0, 0.05494, 0.0, 0.0, -1.0, 4.661309, 0.0, 1.0, 0.0, 0.714305, 0.0, 0.0, 0.0, 1.0],
                [1.0, 0.0, 0.0, 0.052753, 0.0, 0.0, -1.0, 4.660925, 0.0, 1.0, 0.0, 0.705611, 0.0, 0.0, 0.0, 1.0],
                [1.0, 0.0, 0.0, 0.051837, 0.0, 0.0, -1.0, 4.660765, 0.0, 1.0, 0.0, 0.701965, 0.0, 0.0, 0.0, 1.0],
                [1.0, 0.0, 0.0, 0.051837, 0.0, 0.0, -1.0, 4.660765, 0.0, 1.0, 0.0, 0.701965, 0.0, 0.0, 0.0, 1.0],
                [1.0, 0.0, 0.0, 0.051837, 0.0, 0.0, -1.0, 4.660765, 0.0, 1.0, 0.0, 0.701965, 0.0, 0.0, 0.0, 1.0],
                [1.0, 0.0, 0.0, 0.051837, 0.0, 0.0, -1.0, 4.660765, 0.0, 1.0, 0.0, 0.701965, 0.0, 0.0, 0.0, 1.0],
                [1.0, 0.0, 0.0, 0.051837, 0.0, 0.0, -1.0, 4.660765, 0.0, 1.0, 0.0, 0.701965, 0.0, 0.0, 0.0, 1.0],
                [1.0, 0.0, 0.0, 0.051837, 0.0, 0.0, -1.0, 4.660765, 0.0, 1.0, 0.0, 0.701965, 0.0, 0.0, 0.0, 1.0],
                [1.0, 0.0, 0.0, 0.051837, 0.0, 0.0, -1.0, 4.660765, 0.0, 1.0, 0.0, 0.701965, 0.0, 0.0, 0.0, 1.0],
                [1.0, 0.0, 0.0, 0.051837, 0.0, 0.0, -1.0, 4.660765, 0.0, 1.0, 0.0, 0.701965, 0.0, 0.0, 0.0, 1.0]
            ]
        },
        {
            "name": "Thigh_R",
            "time": [0.0, 0.0167, 0.0333, 0.05, 0.0667, 0.0833, 0.1, 0.1167, 0.1333, 0.15, 0.1667, 0.1833, 0.2, 0.2167, 0.2333, 0.25, 0.2667, 0.2833, 0.3, 0.3167, 0.3333, 0.35, 0.3667, 0.3833, 0.4, 0.4167, 0.4333, 0.45, 0.4667, 0.4833, 0.5, 0.5167, 0.5333, 0.55, 0.5667, 0.5833, 0.6],
            "transform": [
                [0.941294, 0.095514, 0.323794, 0.121702, 0.259204, -0.818984, -0.511938, -0.04075, 0.216285, 0.565813, -0.795661, 0.101745, 0.0, 0.0, 0.0, 1.0],
                [0.958574, 0.18135, 0.219655, 0.121946, 0.171259, -0.983126, 0.064306, -0.036275, 0.22761, -0.024024, -0.973456, 0.094217, 0.0, 0.0, 0.0, 1.0],
                [0.96725, 0.197251, 0.159752, 0.122555, 0.010612, -0.660248, 0.750973, -0.028786, 0.253606, -0.724683, -0.640717, 0.075375, 0.0, 0.0, 0.0, 1.0],
                [0.989223, 0.113524, 0.092467, 0.123348, -0.038103, -0.410175, 0.911211, -0.019991, 0.141372, -0.904914, -0.401429, 0.050877, 0.0, 0.0, 0.0, 1.0],
                [0.999987, 0.003908, 0.003336, 0.12414, -0.002336, -0.232593, 0.972571, -0.011595, 0.004577, -0.972567, -0.232581, 0.026376, 0.0, 0.0, 0.0, 1.0],
                [0.999972, 0.004442, 0.005996, 0.12475, -0.005906, -0.019795, 0.999787, -0.005306, 0.004559, -0.999794, -0.019768, 0.007527, 0.0, 0.0, 0.0, 1.0],
                [0.999943, 0.004509, 0.009651, 0.124994, -0.009456, -0.041461, 0.999096, -0.002831, 0.004905, -0.99913, -0.041416, -1.2e-05, 0.0, 0.0, 0.0, 1.0],
                [0.999929, 0.002349, 0.011698, 0.124994, -0.010779, -0.242608, 0.970065, -0.002831, 0.005117, -0.970122, -0.242566, -1.2e-05, 0.0, 0.0, 0.0, 1.0],
                [0.999938, -0.00058, 0.011092, 0.124994, -0.009923, -0.495362, 0.86863, -0.002831, 0.004991, -0.868687, -0.495337, -1.2e-05, 0.0, 0.0, 0.0, 1.0],
                [0.999956, -0.000191, 0.009327, 0.124994, -0.008057, -0.521671, 0.853109, -0.002831, 0.004703, -0.853147, -0.521649, -1.2e-05, 0.0, 0.0, 0.0, 1.0],
                [0.999935, -0.001759, 0.011267, 0.124994, -0.010232, -0.574556, 0.818402, -0.002831, 0.005034, -0.818464, -0.574536, -1.2e-05, 0.0, 0.0, 0.0, 1.0],
                [0.999787, -0.006324, 0.019631, 0.124994, -0.019586, -0.58926, 0.807707, -0.002831, 0.00646, -0.80792, -0.589258, -1.2e-05, 0.0, 0.0, 0.0, 1.0],
                [0.999294, -0.009284, 0.036401, 0.124994, -0.036465, -0.472688, 0.880476, -0.002831, 0.009032, -0.881182, -0.472692, -1.2e-05, 0.0, 0.0, 0.0, 1.0],
                [0.998693, -0.009616, 0.050207, 0.124994, -0.049904, -0.396265, 0.916779, -0.002831, 0.011079, -0.918086, -0.396227, -1.2e-05, 0.0, 0.0, 0.0, 1.0],
                [0.998647, -0.007577, 0.051447, 0.124994, -0.050779, -0.355382, 0.933341, -0.002831, 0.011212, -0.934691, -0.355286, -1.2e-05, 0.0, 0.0, 0.0, 1.0],
                [0.998945, -0.005093, 0.045636, 0.124994, -0.044751, -0.330712, 0.94267, -0.002831, 0.010291, -0.943718, -0.330591, -1.2e-05, 0.0, 0.0, 0.0, 1.0],
                [0.999268, -0.003071, 0.03814, 0.124994, -0.037157, -0.315781, 0.948105, -0.002831, 0.009132, -0.948828, -0.315664, -1.2e-05, 0.0, 0.0, 0.0, 1.0],
                [0.999415, -0.002107, 0.034145, 0.124994, -0.033132, -0.308106, 0.950775, -0.002831, 0.008517, -0.95135, -0.307996, -1.2e-05, 0.0, 0.0, 0.0, 1.0],
                [0.999635, -0.0097, 0.025221, 0.124994, -0.02598, -0.601674, 0.79832, -0.002831, 0.007431, -0.798683, -0.601706, -1.2e-05, 0.0, 0.0, 0.0, 1.0],
                [0.999761, -0.017279, 0.013418, 0.124994, -0.020841, -0.938768, 0.34392, -0.002831, 0.006654, -0.344117, -0.938903, -1.2e-05, 0.0, 0.0, 0.0, 1.0],
                [0.999787, -0.014783, 0.014373, 0.124994, -0.019581, -0.899122, 0.437261, -0.002831, 0.006459, -0.43745, -0.89922, -1.2e-05, 0.0, 0.0, 0.0, 1.0],
                [0.999812, -0.015462, 0.011686, 0.124994, -0.018339, -0.949804, 0.312311, -0.002831, 0.00627, -0.312467, -0.949908, -1.2e-05, 0.0, 0.0, 0.0, 1.0],
                [0.999831, -0.016417, 0.008269, 0.124994, -0.017334, -0.991767, 0.12688, -0.002831, 0.006118, -0.127001, -0.991884, -1.2e-05, 0.0, 0.0, 0.0, 1.0],
                [0.999842, -0.017293, 0.004107, 0.124994, -0.016722, -0.993518, -0.112447, -0.002831, 0.006025, 0.112361, -0.993649, -1.2e-05, 0.0, 0.0, 0.0, 1.0],
                [0.999843, -0.017195, 0.0042, 0.124994, -0.016648, -0.994129, -0.106918, -0.002831, 0.006014, 0.106832, -0.994259, -1.2e-05, 0.0, 0.0, 0.0, 1.0],
                [0.99999, 0.000461, 0.004384, 0.124994, 0.000532, -0.999867, -0.016321, -0.002831, 0.004376, 0.016323, -0.999857, -1.2e-05, 0.0, 0.0, 0.0, 1.0],
                [0.999078, 0.042379, -0.006845, 0.124994, 0.042921, -0.983128, 0.177815, -0.002831, 0.000806, -0.177945, -0.98404, -1.2e-05, 0.0, 0.0, 0.0, 1.0],
                [0.995467, 0.090388, -0.029581, 0.124994, 0.095068, -0.954382, 0.283051, -0.002831, -0.002647, -0.28458, -0.958649, -1.2e-05, 0.0, 0.0, 0.0, 1.0],
                [0.990201, 0.129788, -0.051553, 0.124994, 0.139569, -0.932371, 0.333475, -0.002831, -0.004785, -0.337403, -0.941348, -1.2e-05, 0.0, 0.0, 0.0, 1.0],
                [0.987369, 0.146362, -0.060671, 0.124994, 0.158345, -0.924772, 0.346013, -0.002831, -0.005463, -0.351249, -0.936266, -1.2e-05, 0.0, 0.0, 0.0, 1.0],
                [0.987369, 0.146362, -0.060671, 0.124994, 0.158345, -0.924772, 0.346013, -0.002831, -0.005463, -0.351249, -0.936266, -1.2e-05, 0.0, 0.0, 0.0, 1.0],
                [0.987369, 0.146362, -0.060671, 0.124994, 0.158345, -0.924772, 0.346013, -0.002831, -0.005463, -0.351249, -0.936266, -1.2e-05, 0.0, 0.0, 0.0, 1.0],
                [0.987369, 0.146362, -0.060671, 0.124994, 0.158345, -0.924772, 0.346013, -0.002831, -0.005463, -0.351249, -0.936266, -1.2e-05, 0.0, 0.0, 0.0, 1.0],
                [0.987369, 0.146362, -0.060671, 0.124994, 0.158344, -0.924772, 0.346013, -0.002831, -0.005464, -0.351249, -0.936266, -1.2e-05, 0.0, 0.0, 0.0, 1.0],
                [0.987369, 0.146362, -0.060671, 0.124994, 0.158344, -0.924772, 0.346013, -0.002831, -0.005464, -0.351249, -0.936266, -1.2e-05, 0.0, 0.0, 0.0, 1.0],
                [0.987369, 0.146362, -0.060671, 0.124994, 0.158345, -0.924772, 0.346013, -0.002831, -0.005463, -0.351249, -0.936266, -1.2e-05, 0.0, 0.0, 0.0, 1.0],
                [0.987369, 0.146362, -0.060671, 0.124994, 0.158344, -0.924772, 0.346013, -0.002831, -0.005464, -0.351249, -0.936266, -1.2e-05, 0.0, 0.0, 0.0, 1.0]
            ]
        },
        {
            "name": "Leg_R",
            "time": [0.0, 0.0167, 0.0333, 0.05, 0.0667, 0.0833, 0.1, 0.1167, 0.1333, 0.15, 0.1667, 0.1833, 0.2, 0.2167, 0.2333, 0.25, 0.2667, 0.2833, 0.3, 0.3167, 0.3333, 0.35, 0.3667, 0.3833, 0.4, 0.4167, 0.4333, 0.45, 0.4667, 0.4833, 0.5, 0.5167, 0.5333, 0.55, 0.5667, 0.5833, 0.6],
            "transform": [
                [1.0, 1.1e-05, 4e-06, 0.0, -1.1e-05, 0.850305, 0.526289, 0.374726, 2e-06, -0.52629, 0.850306, 0.0, 0.0, 0.0, 0.0, 1.0],
                [1.0, 2.2e-05, 1.8e-05, 0.0, -2.3e-05, 0.214555, 0.976711, 0.374726, 1.7e-05, -0.976712, 0.214555, -0.0, 0.0, 0.0, 0.0, 1.0],
                [1.0, 1.9e-05, 2.3e-05, -0.0, -2e-05, -0.182947, 0.983123, 0.374726, 2.3e-05, -0.983122, -0.182947, -0.0, 0.0, 0.0, 0.0, 1.0],
                [1.0, 2.2e-05, 2.7e-05, 0.0, -2.3e-05, -0.182097, 0.98328, 0.374726, 2.7e-05, -0.98328, -0.182097, -0.0, 0.0, 0.0, 0.0, 1.0],
                [1.0, 2e-05, 2.7e-05, 0.0, -2.1e-05, -0.237342, 0.971426, 0.374726, 2.6e-05, -0.971426, -0.237342, -0.0, 0.0, 0.0, 0.0, 1.0],
                [1.0, 2.1e-05, 2.3e-05, 0.0, -2.2e-05, -0.079226, 0.996857, 0.374726, 2.3e-05, -0.996857, -0.079226, -0.0, 0.0, 0.0, 0.0, 1.0],
                [1.0, 1.9e-05, 1.3e-05, 0.0, -2e-05, 0.399771, 0.916615, 0.374726, 1.2e-05, -0.916616, 0.399771, 0.0, 0.0, 0.0, 0.0, 1.0],
                [1.0, 1.1e-05, 4e-06, -0.0, -1.2e-05, 0.836446, 0.548048, 0.374726, 3e-06, -0.548049, 0.836446, -0.0, 0.0, 0.0, 0.0, 1.0],
                [1.0, 0.0, 1e-06, -0.0, -0.0, 0.999999, 0.00146, 0.374726, -1e-06, -0.00146, 0.999999, 0.0, 0.0, 0.0, 0.0, 1.0],
                [1.0, 0.0, 1e-06, -0.0, -0.0, 0.999999, 0.001461, 0.374726, -1e-06, -0.001461, 0.999999, -0.0, 0.0, 0.0, 0.0, 1.0],
                [1.0, 0.0, 1e-06, 0.0, -0.0, 0.999999, 0.001461, 0.374726, -1e-06, -0.001461, 0.999999, -0.0, 0.0, 0.0, 0.0, 1.0],
                [1.0, 2e-06, 1e-06, 0.0, -2e-06, 0.994169, 0.107828, 0.374726, -1e-06, -0.107828, 0.994169, 0.0, 0.0, 0.0, 0.0, 1.0],
                [1.0, 1e-05, 3e-06, 0.0, -1e-05, 0.880692, 0.473689, 0.374726, 2e-06, -0.47369, 0.880692, 0.0, 0.0, 0.0, 0.0, 1.0],
                [1.0, 1.4e-05, 6e-06, -0.0, -1.4e-05, 0.740211, 0.672373, 0.374726, 5e-06, -0.672374, 0.740212, -0.0, 0.0, 0.0, 0.0, 1.0],
                [1.0, 1.6e-05, 9e-06, -0.0, -1.7e-05, 0.625231, 0.78044, 0.374726, 7e-06, -0.78044, 0.625231, -0.0, 0.0, 0.0, 0.0, 1.0],
                [1.0, 1.8e-05, 1.1e-05, 0.0, -1.8e-05, 0.527621, 0.849479, 0.374726, 9e-06, -0.84948, 0.527621, -0.0, 0.0, 0.0, 0.0, 1.0],
                [1.0, 1.9e-05, 1.2e-05, -0.0, -1.9e-05, 0.441129, 0.897444, 0.374726, 1.1e-05, -0.897444, 0.441129, -0.0, 0.0, 0.0, 0.0, 1.0],
                [1.0, 1.9e-05, 1.4e-05, 0.0, -2e-05, 0.360972, 0.932576, 0.374726, 1.3e-05, -0.932577, 0.360972, 0.0, 0.0, 0.0, 0.0, 1.0],
                [1.0, 1.5e-05, 7e-06, 0.0, -1.6e-05, 0.685605, 0.727974, 0.374726, 6e-06, -0.727974, 0.685605, -0.0, 0.0, 0.0, 0.0, 1.0],
                [1.0, 0.0, 1e-06, 0.0, -0.0, 0.999999, 0.00146, 0.374726, -1e-06, -0.00146, 0.999999, 0.0, 0.0, 0.0, 0.0, 1.0],
                [1.0, 1e-05, 3e-06, -0.0, -1.1e-05, 0.872163, 0.489215, 0.374726, 2e-06, -0.489215, 0.872163, -0.0, 0.0, 0.0, 0.0, 1.0],
                [1.0, 1.1e-05, 4e-06, -0.0, -1.1e-05, 0.863013, 0.505181, 0.374726, 2e-06, -0.505182, 0.863013, -0.0, 0.0, 0.0, 0.0, 1.0],
                [1.0, 8e-06, 2e-06, 0.0, -8e-06, 0.93352, 0.358525, 0.374726, 1e-06, -0.358525, 0.93352, -0.0, 0.0, 0.0, 0.0, 1.0],
                [1.0, 0.0, 1e-06, 0.0, -0.0, 0.999999, 0.00146, 0.374726, -1e-06, -0.00146, 0.999999, -1e-06, 0.0, 0.0, 0.0, 1.0],
                [1.0, 0.0, 1e-06, -0.0, -0.0, 0.999999, 0.00146, 0.374726, -1e-06, -0.00146, 0.999999, 1e-06, 0.0, 0.0, 0.0, 1.0],
                [1.0, 2e-06, 1e-06, 0.0, -2e-06, 0.997355, 0.07268, 0.374726, -1e-06, -0.07268, 0.997355, 0.0, 0.0, 0.0, 0.0, 1.0],
                [1.0, 7e-06, 2e-06, 0.0, -7e-06, 0.950246, 0.311497, 0.374726, 0.0, -0.311498, 0.950247, -0.0, 0.0, 0.0, 0.0, 1.0],
                [1.0, 8e-06, 2e-06, -0.0, -8e-06, 0.926089, 0.377304, 0.374726, 1e-06, -0.377304, 0.926089, -1e-06, 0.0, 0.0, 0.0, 1.0],
                [1.0, 8e-06, 2e-06, 0.0, -9e-06, 0.927607, 0.373557, 0.374726, 1e-06, -0.373557, 0.927607, 1e-06, 0.0, 0.0, 0.0, 1.0],
                [1.0, 8e-06, 2e-06, 0.0, -8e-06, 0.933592, 0.358337, 0.374726, 1e-06, -0.358337, 0.933592, -0.0, 0.0, 0.0, 0.0, 1.0],
                [1.0, 7e-06, 2e-06, 0.0, -7e-06, 0.933592, 0.358338, 0.374726, 1e-06, -0.358338, 0.933592, 1e-06, 0.0, 0.0, 0.0, 1.0],
                [1.0, 8e-06, 2e-06, 0.0, -8e-06, 0.933592, 0.358337, 0.374726, 1e-06, -0.358337, 0.933592, -1e-06, 0.0, 0.0, 0.0, 1.0],
                [1.0, 7e-06, 2e-06, 0.0, -7e-06, 0.933592, 0.358338, 0.374726, 1e-06, -0.358338, 0.933592, 1e-06, 0.0, 0.0, 0.0, 1.0],
                [1.0, 8e-06, 2e-06, -0.0, -8e-06, 0.933592, 0.358337, 0.374726, 1e-06, -0.358337, 0.933592, -0.0, 0.0, 0.0, 0.0, 1.0],
                [1.0, 8e-06, 2e-06, -0.0, -8e-06, 0.933592, 0.358337, 0.374726, 1e-06, -0.358337, 0.933592, -0.0, 0.0, 0.0, 0.0, 1.0],
                [1.0, 7e-06, 2e-06, 0.0, -7e-06, 0.933592, 0.358338, 0.374726, 1e-06, -0.358338, 0.933592, 1e-06, 0.0, 0.0, 0.0, 1.0],
                [1.0, 8e-06, 2e-06, -0.0, -8e-06, 0.933592, 0.358337, 0.374726, 1e-06, -0.358337, 0.933592, -0.0, 0.0, 0.0, 0.0, 1.0]
            ]
        },
        {
            "name": "Knee_R",
            "time": [0.0, 0.6],
            "transform": [
                [1.0, 0.0, -0.0, -0.0, -0.0, 0.00567, -0.999984, 0.376753, -0.0, 0.999984, 0.00567, -1.1e-05, 0.0, 0.0, 0.0, 1.0],
                [1.0, 0.0, -0.0, -0.0, -0.0, 0.00567, -0.999984, 0.374726, -0.0, 0.999984, 0.00567, 0.0, 0.0, 0.0, 0.0, 1.0]
            ]
        },
        {
            "name": "Thigh_L",
            "time": [0.0, 0.0167, 0.0333, 0.05, 0.0667, 0.0833, 0.1, 0.1167, 0.1333, 0.15, 0.1667, 0.1833, 0.2, 0.2167, 0.2333, 0.25, 0.2667, 0.2833, 0.3, 0.3167, 0.3333, 0.35, 0.3667, 0.3833, 0.4, 0.4167, 0.4333, 0.45, 0.4667, 0.4833, 0.5, 0.5167, 0.5333, 0.55, 0.5667, 0.5833, 0.6],
            "transform": [
                [0.997345, -0.029354, 0.066645, -0.148006, -0.072446, -0.306808, 0.94901, -0.011795, -0.00741, -0.951319, -0.30812, -0.007025, 0.0, 0.0, 0.0, 1.0],
                [0.999898, -0.013977, 0.002874, -0.146302, -0.00953, -0.504205, 0.863532, -0.011131, -0.01062, -0.863471, -0.504287, -0.006506, 0.0, 0.0, 0.0, 1.0],
                [0.999867, -0.004338, -0.015718, -0.142043, 0.001275, -0.940196, 0.340633, -0.009471, -0.016255, -0.340608, -0.940065, -0.005207, 0.0, 0.0, 0.0, 1.0],
                [0.999556, -0.011344, -0.027556, -0.136506, -0.018836, -0.957055, -0.289296, -0.007313, -0.02309, 0.289686, -0.956843, -0.003519, 0.0, 0.0, 0.0, 1.0],
                [0.998607, -0.010312, -0.051742, -0.130969, -0.043565, -0.71435, -0.698431, -0.005155, -0.02976, 0.699713, -0.713804, -0.00183, 0.0, 0.0, 0.0, 1.0],
                [0.994814, -0.030697, -0.096967, -0.12671, -0.095923, -0.600158, -0.794109, -0.003495, -0.033819, 0.799292, -0.59999, -0.000531, 0.0, 0.0, 0.0, 1.0],
                [0.986804, -0.069086, -0.146443, -0.125006, -0.158292, -0.601984, -0.782662, -0.002831, -0.034086, 0.795514, -0.604976, -1.2e-05, 0.0, 0.0, 0.0, 1.0],
                [0.984224, -0.103394, -0.143568, -0.125006, -0.173704, -0.718822, -0.673144, -0.002831, -0.033601, 0.687463, -0.725441, -1.2e-05, 0.0, 0.0, 0.0, 1.0],
                [0.993697, -0.063383, -0.092463, -0.125006, -0.106289, -0.794858, -0.597415, -0.002831, -0.035629, 0.603477, -0.796584, -1.2e-05, 0.0, 0.0, 0.0, 1.0],
                [0.996105, 0.088169, 0.00052, -0.125006, 0.078428, -0.883333, -0.462139, -0.002831, -0.040287, 0.46038, -0.886808, -1.2e-05, 0.0, 0.0, 0.0, 1.0],
                [0.988902, 0.146439, -0.02509, -0.125006, 0.14263, -0.982997, -0.115653, -0.002831, -0.041599, 0.110791, -0.992973, -1.2e-05, 0.0, 0.0, 0.0, 1.0],
                [0.99367, 0.084192, -0.074377, -0.125006, 0.104648, -0.934475, 0.340302, -0.002831, -0.040852, -0.345931, -0.93737, -1.2e-05, 0.0, 0.0, 0.0, 1.0],
                [0.996475, 0.030057, -0.078317, -0.125006, 0.073627, -0.760774, 0.644827, -0.002831, -0.0402, -0.648321, -0.760306, -1.2e-05, 0.0, 0.0, 0.0, 1.0],
                [0.998153, -0.008362, -0.06018, -0.125006, 0.046089, -0.541186, 0.83964, -0.002831, -0.039589, -0.840862, -0.5398, -1.2e-05, 0.0, 0.0, 0.0, 1.0],
                [0.999136, -0.03047, -0.028258, -0.125006, 0.014741, -0.375898, 0.926544, -0.002831, -0.038854, -0.926161, -0.375124, -1.2e-05, 0.0, 0.0, 0.0, 1.0],
                [0.999158, -0.040907, 0.003115, -0.125006, -0.015176, -0.297994, 0.954447, -0.002831, -0.038115, -0.953691, -0.298363, -1.2e-05, 0.0, 0.0, 0.0, 1.0],
                [0.998574, -0.046695, 0.02588, -0.125006, -0.037972, -0.280452, 0.959117, -0.002831, -0.037528, -0.958732, -0.281826, -1.2e-05, 0.0, 0.0, 0.0, 1.0],
                [0.998191, -0.049095, 0.034716, -0.125006, -0.047173, -0.28139, 0.958434, -0.002831, -0.037285, -0.958337, -0.283197, -1.2e-05, 0.0, 0.0, 0.0, 1.0],
                [0.998485, -0.05382, 0.011449, -0.125006, -0.040303, -0.573676, 0.818091, -0.002831, -0.037462, -0.817313, -0.574976, -1.2e-05, 0.0, 0.0, 0.0, 1.0],
                [0.998543, -0.05202, -0.01434, -0.125006, -0.038804, -0.876916, 0.479076, -0.002831, -0.037496, -0.477822, -0.877657, -1.2e-05, 0.0, 0.0, 0.0, 1.0],
                [0.998306, -0.057091, -0.011209, -0.125006, -0.044614, -0.87484, 0.482354, -0.002831, -0.037344, -0.481037, -0.875905, -1.2e-05, 0.0, 0.0, 0.0, 1.0],
                [0.998103, -0.059451, -0.016012, -0.125006, -0.049041, -0.924889, 0.377062, -0.002831, -0.037226, -0.375562, -0.926049, -1.2e-05, 0.0, 0.0, 0.0, 1.0],
                [0.997956, -0.059286, -0.023856, -0.125006, -0.052, -0.970332, 0.236119, -0.002831, -0.037147, -0.234396, -0.971431, -1.2e-05, 0.0, 0.0, 0.0, 1.0],
                [0.997879, -0.056529, -0.032279, -0.125006, -0.053485, -0.994644, 0.088448, -0.002831, -0.037106, -0.086534, -0.995558, -1.2e-05, 0.0, 0.0, 0.0, 1.0],
                [0.997877, -0.050975, -0.040526, -0.125006, -0.053516, -0.996494, -0.064314, -0.002831, -0.037105, 0.066346, -0.997107, -1.2e-05, 0.0, 0.0, 0.0, 1.0],
                [0.997366, -0.05832, -0.043129, -0.125006, -0.063004, -0.99117, -0.116678, -0.002831, -0.035944, 0.119088, -0.992233, -1.2e-05, 0.0, 0.0, 0.0, 1.0],
                [0.995663, -0.083465, -0.041088, -0.125006, -0.086781, -0.992428, -0.086928, -0.002831, -0.033521, 0.090117, -0.995367, -1.2e-05, 0.0, 0.0, 0.0, 1.0],
                [0.992767, -0.116372, -0.029526, -0.125006, -0.115899, -0.993112, 0.017269, -0.002831, -0.031333, -0.013722, -0.999415, -1.2e-05, 0.0, 0.0, 0.0, 1.0],
                [0.989573, -0.14252, -0.020805, -0.125006, -0.140848, -0.987755, 0.067105, -0.002831, -0.030114, -0.063475, -0.997529, -1.2e-05, 0.0, 0.0, 0.0, 1.0],
                [0.988015, -0.153423, -0.016998, -0.125006, -0.151462, -0.984805, 0.084965, -0.002831, -0.029775, -0.081372, -0.996239, -1.2e-05, 0.0, 0.0, 0.0, 1.0],
                [0.988015, -0.153423, -0.016998, -0.125006, -0.151462, -0.984805, 0.084965, -0.002831, -0.029775, -0.081372, -0.996239, -1.2e-05, 0.0, 0.0, 0.0, 1.0],
                [0.988015, -0.153423, -0.016998, -0.125006, -0.151462, -0.984805, 0.084965, -0.002831, -0.029775, -0.081372, -0.996239, -1.2e-05, 0.0, 0.0, 0.0, 1.0],
                [0.988015, -0.153423, -0.016998, -0.125006, -0.151462, -0.984805, 0.084965, -0.002831, -0.029775, -0.081372, -0.996239, -1.2e-05, 0.0, 0.0, 0.0, 1.0],
                [0.988015, -0.153423, -0.016998, -0.125006, -0.151462, -0.984805, 0.084965, -0.002831, -0.029775, -0.081372, -0.996239, -1.2e-05, 0.0, 0.0, 0.0, 1.0],
                [0.988015, -0.153423, -0.016998, -0.125006, -0.151462, -0.984805, 0.084965, -0.002831, -0.029775, -0.081372, -0.996239, -1.2e-05, 0.0, 0.0, 0.0, 1.0],
                [0.988015, -0.153423, -0.016998, -0.125006, -0.151462, -0.984805, 0.084965, -0.002831, -0.029775, -0.081372, -0.996239, -1.2e-05, 0.0, 0.0, 0.0, 1.0],
                [0.988015, -0.153423, -0.016998, -0.125006, -0.151462, -0.984805, 0.084965, -0.002831, -0.029775, -0.081372, -0.996239, -1.2e-05, 0.0, 0.0, 0.0, 1.0]
            ]
        },
        {
            "name": "Leg_L",
            "time": [0.0, 0.0167, 0.0333, 0.05, 0.0667, 0.0833, 0.1, 0.1167, 0.1333, 0.15, 0.1667, 0.1833, 0.2, 0.2167, 0.2333, 0.25, 0.2667, 0.2833, 0.3, 0.3167, 0.3333, 0.35, 0.3667, 0.3833, 0.4, 0.4167, 0.4333, 0.45, 0.4667, 0.4833, 0.5, 0.5167, 0.5333, 0.55, 0.5667, 0.5833, 0.6],
            "transform": [
                [1.0, 2.1e-05, 1.8e-05, 0.0, -2.2e-05, 0.171781, 0.985135, 0.374726, 1.7e-05, -0.985135, 0.171781, 0.0, 0.0, 0.0, 0.0, 1.0],
                [1.0, 2.1e-05, 1.9e-05, 0.0, -2.2e-05, 0.117894, 0.993026, 0.374726, 1.8e-05, -0.993026, 0.117894, 0.0, 0.0, 0.0, 0.0, 1.0],
                [1.0, 2e-05, 1.4e-05, 0.0, -2e-05, 0.355708, 0.934597, 0.374726, 1.3e-05, -0.934597, 0.355708, -0.0, 0.0, 0.0, 0.0, 1.0],
                [1.0, 1.1e-05, 4e-06, 0.0, -1.2e-05, 0.840621, 0.541624, 0.374726, 3e-06, -0.541624, 0.840621, -0.0, 0.0, 0.0, 0.0, 1.0],
                [1.0, 0.0, 1e-06, 0.0, -0.0, 0.999999, 0.00146, 0.374726, -1e-06, -0.00146, 0.999999, -0.0, 0.0, 0.0, 0.0, 1.0],
                [1.0, 0.0, 1e-06, 0.0, -0.0, 0.999999, 0.001461, 0.374726, -1e-06, -0.001461, 0.999999, -0.0, 0.0, 0.0, 0.0, 1.0],
                [1.0, 6e-06, 1e-06, 0.0, -6e-06, 0.96481, 0.262948, 0.374726, 0.0, -0.262948, 0.96481, 0.0, 0.0, 0.0, 0.0, 1.0],
                [1.0, 1.5e-05, 7e-06, 0.0, -1.5e-05, 0.663566, 0.748117, 0.374726, 6e-06, -0.748118, 0.663567, 0.0, 0.0, 0.0, 0.0, 1.0],
                [1.0, 2e-05, 1.5e-05, -0.0, -2e-05, 0.282904, 0.959147, 0.374726, 1.4e-05, -0.959148, 0.282905, 0.0, 0.0, 0.0, 0.0, 1.0],
                [1.0, 2e-05, 2.3e-05, -0.0, -2.1e-05, -0.091518, 0.995803, 0.374726, 2.2e-05, -0.995804, -0.091518, 0.0, 0.0, 0.0, 0.0, 1.0],
                [1.0, 2.1e-05, 3.1e-05, 0.0, -2.2e-05, -0.356819, 0.934173, 0.374726, 3.1e-05, -0.934174, -0.356819, 0.0, 0.0, 0.0, 0.0, 1.0],
                [1.0, 1.9e-05, 2.9e-05, 0.0, -1.9e-05, -0.393337, 0.919394, 0.374726, 2.9e-05, -0.919395, -0.393337, 0.0, 0.0, 0.0, 0.0, 1.0],
                [1.0, 2e-05, 2.8e-05, -0.0, -2e-05, -0.32431, 0.945951, 0.374726, 2.8e-05, -0.945951, -0.32431, 0.0, 0.0, 0.0, 0.0, 1.0],
                [1.0, 2e-05, 2.8e-05, 0.0, -2.1e-05, -0.274361, 0.961627, 0.374726, 2.7e-05, -0.961627, -0.274361, 0.0, 0.0, 0.0, 0.0, 1.0],
                [1.0, 2.1e-05, 2.4e-05, -0.0, -2.2e-05, -0.128681, 0.991686, 0.374726, 2.4e-05, -0.991686, -0.128681, -0.0, 0.0, 0.0, 0.0, 1.0],
                [1.0, 2.1e-05, 2e-05, -0.0, -2.2e-05, 0.066093, 0.997813, 0.374726, 1.9e-05, -0.997814, 0.066093, -0.0, 0.0, 0.0, 0.0, 1.0],
                [1.0, 2.1e-05, 1.7e-05, -0.0, -2.2e-05, 0.236393, 0.971657, 0.374726, 1.6e-05, -0.971657, 0.236393, -0.0, 0.0, 0.0, 0.0, 1.0],
                [1.0, 2e-05, 1.5e-05, 0.0, -2e-05, 0.305091, 0.952323, 0.374726, 1.4e-05, -0.952323, 0.305092, -0.0, 0.0, 0.0, 0.0, 1.0],
                [1.0, 1.6e-05, 8e-06, -0.0, -1.7e-05, 0.641501, 0.767122, 0.374726, 7e-06, -0.767122, 0.641501, -0.0, 0.0, 0.0, 0.0, 1.0],
                [1.0, 7e-06, 2e-06, -0.0, -7e-06, 0.951627, 0.307253, 0.374726, 0.0, -0.307253, 0.951628, -0.0, 0.0, 0.0, 0.0, 1.0],
                [1.0, 1.2e-05, 5e-06, -0.0, -1.3e-05, 0.815053, 0.579386, 0.374726, 3e-06, -0.579386, 0.815053, -0.0, 0.0, 0.0, 0.0, 1.0],
                [1.0, 1.3e-05, 5e-06, -0.0, -1.3e-05, 0.796575, 0.604539, 0.374726, 4e-06, -0.604539, 0.796575, -1e-06, 0.0, 0.0, 0.0, 1.0],
                [1.0, 1.1e-05, 4e-06, 0.0, -1.1e-05, 0.850152, 0.526536, 0.374726, 2e-06, -0.526536, 0.850152, -0.0, 0.0, 0.0, 0.0, 1.0],
                [1.0, 8e-06, 2e-06, -0.0, -8e-06, 0.92916, 0.369679, 0.374726, 1e-06, -0.369679, 0.92916, 0.0, 0.0, 0.0, 0.0, 1.0],
                [1.0, 2e-06, 1e-06, 0.0, -2e-06, 0.993759, 0.111549, 0.374726, -1e-06, -0.111549, 0.993759, 0.0, 0.0, 0.0, 0.0, 1.0],
                [1.0, 0.0, 1e-06, 0.0, -0.0, 0.999999, 0.00146, 0.374726, -1e-06, -0.00146, 0.999999, -1e-06, 0.0, 0.0, 0.0, 1.0],
                [1.0, 1e-06, 1e-06, -0.0, -1e-06, 0.998415, 0.056275, 0.374726, -1e-06, -0.056275, 0.998415, -0.0, 0.0, 0.0, 0.0, 1.0],
                [1.0, 6e-06, 1e-06, 0.0, -6e-06, 0.965993, 0.258566, 0.374726, 0.0, -0.258566, 0.965994, -0.0, 0.0, 0.0, 0.0, 1.0],
                [1.0, 7e-06, 2e-06, -0.0, -8e-06, 0.936168, 0.351553, 0.374726, 1e-06, -0.351553, 0.936168, -0.0, 0.0, 0.0, 0.0, 1.0],
                [1.0, 8e-06, 2e-06, 0.0, -8e-06, 0.923229, 0.384248, 0.374726, 1e-06, -0.384248, 0.92323, -0.0, 0.0, 0.0, 0.0, 1.0],
                [1.0, 8e-06, 2e-06, -0.0, -8e-06, 0.923229, 0.384248, 0.374726, 1e-06, -0.384248, 0.92323, -0.0, 0.0, 0.0, 0.0, 1.0],
                [1.0, 8e-06, 2e-06, -0.0, -8e-06, 0.923229, 0.384248, 0.374726, 1e-06, -0.384248, 0.92323, 0.0, 0.0, 0.0, 0.0, 1.0],
                [1.0, 8e-06, 2e-06, -0.0, -8e-06, 0.923229, 0.384248, 0.374726, 1e-06, -0.384248, 0.92323, -0.0, 0.0, 0.0, 0.0, 1.0],
                [1.0, 8e-06, 2e-06, -0.0, -8e-06, 0.923229, 0.384248, 0.374726, 1e-06, -0.384248, 0.92323, 0.0, 0.0, 0.0, 0.0, 1.0],
                [1.0, 8e-06, 2e-06, -0.0, -8e-06, 0.923229, 0.384248, 0.374726, 1e-06, -0.384248, 0.92323, -0.0, 0.0, 0.0, 0.0, 1.0],
                [1.0, 8e-06, 2e-06, -0.0, -8e-06, 0.923229, 0.384248, 0.374726, 1e-06, -0.384248, 0.92323, 0.0, 0.0, 0.0, 0.0, 1.0],
                [1.0, 8e-06, 2e-06, -0.0, -8e-06, 0.923229, 0.384248, 0.374726, 1e-06, -0.384248, 0.92323, -0.0, 0.0, 0.0, 0.0, 1.0]
            ]
        },
        {
            "name": "Knee_L",
            "time": [0.0, 0.6],
            "transform": [
                [1.0, 0.0, -0.0, 0.0, -0.0, 0.00567, -0.999984, 0.4654, -0.0, 0.999984, 0.00567, -0.000514, 0.0, 0.0, 0.0, 1.0],
                [1.0, 0.0, -0.0, -0.0, -0.0, 0.00567, -0.999984, 0.374726, -0.0, 0.999984, 0.00567, 0.0, 0.0, 0.0, 0.0, 1.0]
            ]
        },
        {
            "name": "Torso",
            "time": [0.0, 0.0167, 0.0333, 0.05, 0.0667, 0.0833, 0.1, 0.1167, 0.1333, 0.15, 0.1667, 0.1833, 0.2, 0.2167, 0.2333, 0.25, 0.2667, 0.2833, 0.3, 0.3167, 0.3333, 0.35, 0.3667, 0.3833, 0.4, 0.4167, 0.4333, 0.45, 0.4667, 0.4833, 0.5, 0.5167, 0.5333, 0.55, 0.5667, 0.5833, 0.6],
            "transform": [
                [0.922482, 0.03546, -0.384409, 0.0, 0.03546, 0.983779, 0.175845, 0.05, 0.384409, -0.175845, 0.906261, 0.0, 0.0, 0.0, 0.0, 1.0],
                [0.981273, 0.026701, -0.190763, 0.0, 0.026701, 0.96193, 0.271989, 0.05, 0.190763, -0.271989, 0.943203, 0.0, 0.0, 0.0, 0.0, 1.0],
                [1.0, 0.0, 0.0, 0.0, -0.0, 0.932009, 0.362436, 0.05, -0.0, -0.362436, 0.932009, 0.0, 0.0, 0.0, 0.0, 1.0],
                [1.0, -0.0, 0.0, 0.0, 0.0, 0.932441, 0.361322, 0.05, -0.0, -0.361323, 0.932441, 0.0, 0.0, 0.0, 0.0, 1.0],
                [1.0, 0.0, 0.0, 0.0, -0.0, 0.933525, 0.358513, 0.05, -0.0, -0.358513, 0.933525, 0.0, 0.0, 0.0, 0.0, 1.0],
                [1.0, 0.0, -0.0, 0.0, -0.0, 0.9353, 0.353855, 0.05, 0.0, -0.353855, 0.9353, 0.0, 0.0, 0.0, 0.0, 1.0],
                [1.0, 0.0, 0.0, 0.0, -0.0, 0.937794, 0.347192, 0.05, 0.0, -0.347192, 0.937794, 0.0, 0.0, 0.0, 0.0, 1.0],
                [1.0, 0.0, 0.0, 0.0, 0.0, 0.941018, 0.338358, 0.05, 0.0, -0.338358, 0.941018, 0.0, 0.0, 0.0, 0.0, 1.0],
                [1.0, 0.0, 0.0, 0.0, 0.0, 0.944962, 0.32718, 0.05, 0.0, -0.32718, 0.944962, 0.0, 0.0, 0.0, 0.0, 1.0],
                [1.0, 0.0, 0.0, 0.0, 0.0, 0.949597, 0.313472, 0.05, 0.0, -0.313472, 0.949597, 0.0, 0.0, 0.0, 0.0, 1.0],
                [1.0, 0.0, 0.0, 0.0, 0.0, 0.954865, 0.297041, 0.05, 0.0, -0.297041, 0.954865, 0.0, 0.0, 0.0, 0.0, 1.0],
                [1.0, 0.0, 0.0, 0.0, 0.0, 0.960675, 0.277677, 0.05, 0.0, -0.277677, 0.960674, 0.0, 0.0, 0.0, 0.0, 1.0],
                [1.0, 0.0, 0.0, 0.0, 0.0, 0.966898, 0.255165, 0.05, 0.0, -0.255165, 0.966898, 0.0, 0.0, 0.0, 0.0, 1.0],
                [1.0, 0.0, 0.0, 0.0, 0.0, 0.973361, 0.229276, 0.05, 0.0, -0.229276, 0.973361, 0.0, 0.0, 0.0, 0.0, 1.0],
                [1.0, 0.0, 0.0, 0.0, 0.0, 0.979841, 0.19978, 0.05, 0.0, -0.19978, 0.979841, 0.0, 0.0, 0.0, 0.0, 1.0],
                [1.0, 0.0, 0.0, 0.0, 0.0, 0.986051, 0.166443, 0.05, 0.0, -0.166443, 0.986051, 0.0, 0.0, 0.0, 0.0, 1.0],
                [1.0, 0.0, 0.0, 0.0, 0.0, 0.99164, 0.12904, 0.05, 0.0, -0.12904, 0.991639, 0.0, 0.0, 0.0, 0.0, 1.0],
                [1.0, 0.0, 0.0, 0.0, 0.0, 0.996176, 0.087365, 0.05, 0.0, -0.087365, 0.996176, 0.0, 0.0, 0.0, 0.0, 1.0],
                [1.0, 0.0, 0.0, 0.0, 0.0, 0.999127, 0.041769, 0.05, 0.0, -0.041769, 0.999127, 0.0, 0.0, 0.0, 0.0, 1.0],
                [1.0, 0.0, 0.0, 0.0, 0.0, 0.999987, -0.005187, 0.05, 0.0, 0.005187, 0.999986, 0.0, 0.0, 0.0, 0.0, 1.0],
                [1.0, 0.0, 0.0, 0.0, 0.0, 0.998732, -0.050354, 0.05, 0.0, 0.050354, 0.998731, 0.0, 0.0, 0.0, 0.0, 1.0],
                [1.0, 0.0, 0.0, 0.0, 0.0, 0.995886, -0.090619, 0.05, 0.0, 0.090619, 0.995886, 0.0, 0.0, 0.0, 0.0, 1.0],
                [1.0, 0.0, 0.0, 0.0, 0.0, 0.99241, -0.122977, 0.05, 0.0, 0.122977, 0.99241, 0.0, 0.0, 0.0, 0.0, 1.0],
                [1.0, 0.0, 0.0, 0.0, 0.0, 0.9895, -0.144535, 0.05, 0.0, 0.144535, 0.9895, 0.0, 0.0, 0.0, 0.0, 1.0],
                [1.0, 0.0, 0.0, 0.0, 0.0, 0.988312, -0.152447, 0.05, 0.0, 0.152447, 0.988312, 0.0, 0.0, 0.0, 0.0, 1.0],
                [1.0, 0.0, 0.0, 0.0, 0.0, 0.990483, -0.137636, 0.05, 0.0, 0.137636, 0.990483, 0.0, 0.0, 0.0, 0.0, 1.0],
                [1.0, 0.0, 0.0, 0.0, 0.0, 0.994865, -0.101215, 0.05, 0.0, 0.101215, 0.994864, 0.0, 0.0, 0.0, 0.0, 1.0],
                [1.0, 0.0, 0.0, 0.0, 0.0, 0.998429, -0.056039, 0.05, 0.0, 0.056039, 0.998429, 0.0, 0.0, 0.0, 0.0, 1.0],
                [1.0, 0.0, 0.0, 0.0, 0.0, 0.999859, -0.016812, 0.05, 0.0, 0.016812, 0.999859, 0.0, 0.0, 0.0, 0.0, 1.0],
                [1.0, 0.0, 0.0, 0.0, 0.0, 1.0, 0.0, 0.05, 0.0, 0.0, 1.0, 0.0, 0.0, 0.0, 0.0, 1.0],
                [1.0, 0.0, 0.0, 0.0, 0.0, 1.0, 0.0, 0.05, 0.0, 0.0, 1.0, 0.0, 0.0, 0.0, 0.0, 1.0],
                [1.0, 0.0, 0.0, 0.0, 0.0, 1.0, 0.0, 0.05, 0.0, 0.0, 1.0, 0.0, 0.0, 0.0, 0.0, 1.0],
                [1.0, 0.0, 0.0, 0.0, 0.0, 1.0, 0.0, 0.05, 0.0, 0.0, 1.0, 0.0, 0.0, 0.0, 0.0, 1.0],
                [1.0, 0.0, 0.0, 0.0, 0.0, 1.0, 0.0, 0.05, 0.0, 0.0, 1.0, 0.0, 0.0, 0.0, 0.0, 1.0],
                [1.0, 0.0, 0.0, 0.0, 0.0, 1.0, 0.0, 0.05, 0.0, 0.0, 1.0, 0.0, 0.0, 0.0, 0.0, 1.0],
                [1.0, 0.0, 0.0, 0.0, 0.0, 1.0, 0.0, 0.05, 0.0, 0.0, 1.0, 0.0, 0.0, 0.0, 0.0, 1.0],
                [1.0, 0.0, 0.0, 0.0, 0.0, 1.0, 0.0, 0.05, 0.0, 0.0, 1.0, 0.0, 0.0, 0.0, 0.0, 1.0]
            ]
        },
        {
            "name": "Chest",
            "time": [0.0, 0.0167, 0.0333, 0.05, 0.0667, 0.0833, 0.1, 0.1167, 0.1333, 0.15, 0.1667, 0.1833, 0.2, 0.2167, 0.2333, 0.25, 0.2667, 0.2833, 0.3, 0.3167, 0.3333, 0.35, 0.3667, 0.3833, 0.4, 0.4167, 0.4333, 0.45, 0.4667, 0.4833, 0.5, 0.5167, 0.5333, 0.55, 0.5667, 0.5833, 0.6],
            "transform": [
                [0.959539, -0.257805, -0.113231, 0.0, 0.281419, 0.864634, 0.416188, 0.3, -0.009393, -0.431214, 0.902201, -0.0, 0.0, 0.0, 0.0, 1.0],
                [0.989805, -0.131355, -0.055054, -0.0, 0.142098, 0.88453, 0.444314, 0.3, -0.009666, -0.447608, 0.894178, -0.0, 0.0, 0.0, 0.0, 1.0],
                [1.0, 0.0, 0.0, 0.0, -0.0, 0.885082, 0.465435, 0.3, 0.0, -0.465435, 0.885082, -0.0, 0.0, 0.0, 0.0, 1.0],
                [1.0, -0.0, -0.0, 0.0, 0.0, 0.87539, 0.483417, 0.3, -0.0, -0.483417, 0.87539, -0.0, 0.0, 0.0, 0.0, 1.0],
                [1.0, -0.0, -0.0, 0.0, 0.0, 0.865093, 0.501611, 0.3, -0.0, -0.501611, 0.865094, -0.0, 0.0, 0.0, 0.0, 1.0],
                [1.0, 0.0, -0.0, 0.0, -0.0, 0.854496, 0.519457, 0.3, 0.0, -0.519457, 0.854496, 0.0, 0.0, 0.0, 0.0, 1.0],
                [1.0, 0.0, 0.0, 0.0, -0.0, 0.843947, 0.536427, 0.3, -0.0, -0.536427, 0.843947, -0.0, 0.0, 0.0, 0.0, 1.0],
                [1.0, 0.0, 0.0, 0.0, -0.0, 0.833832, 0.552018, 0.3, 0.0, -0.552018, 0.833832, -0.0, 0.0, 0.0, 0.0, 1.0],
                [1.0, 0.0, 0.0, 0.0, 0.0, 0.82457, 0.565759, 0.3, 0.0, -0.565759, 0.82457, 0.0, 0.0, 0.0, 0.0, 1.0],
                [1.0, 0.0, 0.0, 0.0, 0.0, 0.816601, 0.577203, 0.3, 0.0, -0.577203, 0.816601, -0.0, 0.0, 0.0, 0.0, 1.0],
                [1.0, 0.0, 0.0, 0.0, 0.0, 0.810372, 0.585916, 0.3, 0.0, -0.585916, 0.810372, -0.0, 0.0, 0.0, 0.0, 1.0],
                [1.0, 0.0, 0.0, 0.0, 0.0, 0.806327, 0.59147, 0.3, 0.0, -0.59147, 0.806327, 0.0, 0.0, 0.0, 0.0, 1.0],
                [1.0, 0.0, 0.0, -0.0, 0.0, 0.80489, 0.593424, 0.3, 0.0, -0.593424, 0.80489, -0.0, 0.0, 0.0, 0.0, 1.0],
                [1.0, 0.0, 0.0, 0.0, 0.0, 0.820035, 0.572314, 0.3, 0.0, -0.572314, 0.820035, 0.0, 0.0, 0.0, 0.0, 1.0],
                [1.0, 0.0, 0.0, 0.0, 0.0, 0.856674, 0.515858, 0.3, 0.0, -0.515858, 0.856674, -0.0, 0.0, 0.0, 0.0, 1.0],
                [1.0, 0.0, 0.0, -0.0, 0.0, 0.900679, 0.434486, 0.3, 0.0, -0.434486, 0.900679, -0.0, 0.0, 0.0, 0.0, 1.0],
                [1.0, 0.0, 0.0, 0.0, 0.0, 0.939918, 0.341399, 0.3, 0.0, -0.341399, 0.939918, 0.0, 0.0, 0.0, 0.0, 1.0],
                [1.0, 0.0, 0.0, -0.0, 0.0, 0.967445, 0.253081, 0.3, 0.0, -0.253081, 0.967445, -0.0, 0.0, 0.0, 0.0, 1.0],
                [1.0, 0.0, 0.0, 0.0, 0.0, 0.982277, 0.187433, 0.3, 0.0, -0.187433, 0.982277, 0.0, 0.0, 0.0, 0.0, 1.0],
                [1.0, 0.0, 0.0, -0.0, 0.0, 0.986815, 0.161851, 0.3, 0.0, -0.161851, 0.986815, 0.0, 0.0, 0.0, 0.0, 1.0],
                [1.0, 0.0, 0.0, 0.0, 0.0, 0.986815, 0.161851, 0.3, 0.0, -0.161851, 0.986815, -0.0, 0.0, 0.0, 0.0, 1.0],
                [1.0, 0.0, 0.0, -0.0, 0.0, 0.986815, 0.161851, 0.3, 0.0, -0.161851, 0.986815, -0.0, 0.0, 0.0, 0.0, 1.0],
                [1.0, 0.0, 0.0, 0.0, 0.0, 0.986815, 0.161851, 0.3, 0.0, -0.161851, 0.986815, 0.0, 0.0, 0.0, 0.0, 1.0],
                [1.0, 0.0, 0.0, 0.0, 0.0, 0.986815, 0.161851, 0.3, 0.0, -0.161851, 0.986815, 0.0, 0.0, 0.0, 0.0, 1.0],
                [1.0, 0.0, 0.0, 0.0, 0.0, 0.986815, 0.161851, 0.3, 0.0, -0.161851, 0.986815, 0.0, 0.0, 0.0, 0.0, 1.0],
                [1.0, 0.0, 0.0, 0.0, 0.0, 0.989431, 0.145004, 0.3, 0.0, -0.145004, 0.989431, -0.0, 0.0, 0.0, 0.0, 1.0],
                [1.0, 0.0, 0.0, 0.0, 0.0, 0.994495, 0.104782, 0.3, 0.0, -0.104782, 0.994495, -0.0, 0.0, 0.0, 0.0, 1.0],
                [1.0, 0.0, 0.0, 0.0, 0.0, 0.998385, 0.056802, 0.3, 0.0, -0.056802, 0.998386, 0.0, 0.0, 0.0, 0.0, 1.0],
                [1.0, 0.0, 0.0, -0.0, 0.0, 0.99986, 0.016739, 0.3, 0.0, -0.016739, 0.99986, 0.0, 0.0, 0.0, 0.0, 1.0],
                [1.0, 0.0, 0.0, 0.0, 0.0, 1.0, 0.0, 0.3, 0.0, 0.0, 1.0, 0.0, 0.0, 0.0, 0.0, 1.0],
                [1.0, 0.0, 0.0, 0.0, 0.0, 1.0, 0.0, 0.3, 0.0, 0.0, 1.0, 0.0, 0.0, 0.0, 0.0, 1.0],
                [1.0, 0.0, 0.0, 0.0, 0.0, 1.0, 0.0, 0.3, 0.0, 0.0, 1.0, 0.0, 0.0, 0.0, 0.0, 1.0],
                [1.0, 0.0, 0.0, 0.0, 0.0, 1.0, 0.0, 0.3, 0.0, 0.0, 1.0, 0.0, 0.0, 0.0, 0.0, 1.0],
                [1.0, 0.0, 0.0, 0.0, 0.0, 1.0, 0.0, 0.3, 0.0, 0.0, 1.0, 0.0, 0.0, 0.0, 0.0, 1.0],
                [1.0, 0.0, 0.0, 0.0, 0.0, 1.0, 0.0, 0.3, 0.0, 0.0, 1.0, 0.0, 0.0, 0.0, 0.0, 1.0],
                [1.0, 0.0, 0.0, 0.0, 0.0, 1.0, 0.0, 0.3, 0.0, 0.0, 1.0, 0.0, 0.0, 0.0, 0.0, 1.0],
                [1.0, 0.0, 0.0, 0.0, 0.0, 1.0, 0.0, 0.3, 0.0, 0.0, 1.0, 0.0, 0.0, 0.0, 0.0, 1.0]
            ]
        },
        {
            "name": "Head",
            "time": [0.0, 0.0167, 0.0333, 0.05, 0.0667, 0.0833, 0.1, 0.1167, 0.1333, 0.15, 0.1667, 0.1833, 0.2, 0.2167, 0.2333, 0.25, 0.2667, 0.2833, 0.3, 0.3167, 0.3333, 0.35, 0.3667, 0.3833, 0.4, 0.4167, 0.4333, 0.45, 0.4667, 0.4833, 0.5, 0.5167, 0.5333, 0.55, 0.5667, 0.5833, 0.6],
            "transform": [
                [0.878273, 0.288155, 0.381579, 0.0, -0.028916, 0.828564, -0.559148, 0.4, -0.477284, 0.480051, 0.736037, 0.0, 0.0, 0.0, 0.0, 1.0],
                [0.965719, 0.177884, 0.189063, 0.0, -0.035675, 0.812343, -0.582087, 0.4, -0.257128, 0.555388, 0.790841, 0.0, 0.0, 0.0, 0.0, 1.0],
                [0.998371, 0.057001, 0.002615, 0.0, -0.044617, 0.808392, -0.586952, 0.4, -0.03557, 0.585879, 0.809618, 0.0, 0.0, 0.0, 0.0, 1.0],
                [0.998438, 0.055871, 0.000466, 0.0, -0.045292, 0.814219, -0.578789, 0.4, -0.032717, 0.577863, 0.815477, 0.0, 0.0, 0.0, 0.0, 1.0],
                [0.998483, 0.055059, -0.001164, 0.0, -0.046142, 0.824859, -0.563452, 0.4, -0.030063, 0.562651, 0.826148, -0.0, 0.0, 0.0, 0.0, 1.0],
                [0.998509, 0.054534, -0.002344, 0.0, -0.047108, 0.839261, -0.541684, 0.4, -0.027573, 0.540987, 0.840579, -0.0, 0.0, 0.0, 0.0, 1.0],
                [0.998522, 0.054259, -0.003126, 0.0, -0.048144, 0.856351, -0.514144, 0.4, -0.02522, 0.513535, 0.857698, -0.0, 0.0, 0.0, 0.0, 1.0],
