{
    "animation": [
        {
            "name": "Root",
            "time": [0.0, 0.0167, 0.0333, 0.05, 0.0667, 0.0833, 0.1, 0.1167, 0.1333, 0.15, 0.1667, 0.1833, 0.2, 0.2167, 0.2333, 0.25, 0.2667, 0.2833, 0.3, 0.3167, 0.3333, 0.35, 0.3667, 0.3833, 0.4, 0.4167, 0.4333, 0.45, 0.4667, 0.4833, 0.5, 0.5167, 0.5333, 0.55, 0.5667, 0.5833, 0.6],
            "transform": [
                [1.0, 0.0, 0.0, -0.119051, 0.0, 0.0, -1.0, -0.079735, 0.0, 1.0, 0.0, 0.558682, 0.0, 0.0, 0.0, 1.0],
                [1.0, 0.0, 0.0, -0.096494, 0.0, 0.0, -1.0, 0.052149, 0.0, 1.0, 0.0, 0.591441, 0.0, 0.0, 0.0, 1.0],
                [1.0, 0.0, 0.0, -0.054603, 0.0, 0.0, -1.0, 0.297077, 0.0, 1.0, 0.0, 0.65228, 0.0, 0.0, 0.0, 1.0],
                [1.0, 0.0, 0.0, -0.032046, 0.0, 0.0, -1.0, 0.428961, 0.0, 1.0, 0.0, 0.685039, 0.0, 0.0, 0.0, 1.0],
                [1.0, 0.0, 0.0, -0.032046, 0.0, 0.0, -1.0, 0.428961, 0.0, 1.0, 0.0, 0.685039, 0.0, 0.0, 0.0, 1.0],
                [1.0, 0.0, 0.0, -0.032046, 0.0, 0.0, -1.0, 0.428961, 0.0, 1.0, 0.0, 0.685039, 0.0, 0.0, 0.0, 1.0],
                [1.0, 0.0, 0.0, -0.032046, 0.0, 0.0, -1.0, 0.428961, 0.0, 1.0, 0.0, 0.685039, 0.0, 0.0, 0.0, 1.0],
                [1.0, 0.0, 0.0, -0.080749, 0.0, 0.0, -1.0, 0.507299, 0.0, 1.0, 0.0, 0.685039, 0.0, 0.0, 0.0, 1.0],
                [1.0, 0.0, 0.0, -0.171195, 0.0, 0.0, -1.0, 0.695276, 0.0, 1.0, 0.0, 0.685039, 0.0, 0.0, 0.0, 1.0],
                [1.0, 0.0, 0.0, -0.219898, 0.0, 0.0, -1.0, 0.922333, 0.0, 1.0, 0.0, 0.685039, 0.0, 0.0, 0.0, 1.0],
                [1.0, 0.0, 0.0, -0.15045, 0.0, 0.0, -1.0, 1.12951, 0.0, 1.0, 0.0, 0.685039, 0.0, 0.0, 0.0, 1.0],
                [1.0, 0.0, 0.0, -0.021476, 0.0, 0.0, -1.0, 1.304232, 0.0, 1.0, 0.0, 0.685039, 0.0, 0.0, 0.0, 1.0],
                [1.0, 0.0, 0.0, 0.047972, 0.0, 0.0, -1.0, 1.445525, 0.0, 1.0, 0.0, 0.685039, 0.0, 0.0, 0.0, 1.0],
                [1.0, 0.0, 0.0, 0.047972, 0.0, 0.0, -1.0, 1.552853, 0.0, 1.0, 0.0, 0.685039, 0.0, 0.0, 0.0, 1.0],
                [1.0, 0.0, 0.0, 0.047972, 0.0, 0.0, -1.0, 1.627446, 0.0, 1.0, 0.0, 0.685039, 0.0, 0.0, 0.0, 1.0],
                [1.0, 0.0, 0.0, 0.047972, 0.0, 0.0, -1.0, 1.670976, 0.0, 1.0, 0.0, 0.685039, 0.0, 0.0, 0.0, 1.0],
                [1.0, 0.0, 0.0, 0.047972, 0.0, 0.0, -1.0, 1.685115, 0.0, 1.0, 0.0, 0.685039, 0.0, 0.0, 0.0, 1.0],
                [1.0, 0.0, 0.0, 0.047972, 0.0, 0.0, -1.0, 1.685115, 0.0, 1.0, 0.0, 0.685039, 0.0, 0.0, 0.0, 1.0],
                [1.0, 0.0, 0.0, 0.047972, 0.0, 0.0, -1.0, 1.685115, 0.0, 1.0, 0.0, 0.685039, 0.0, 0.0, 0.0, 1.0],
                [1.0, 0.0, 0.0, 0.047972, 0.0, 0.0, -1.0, 1.685115, 0.0, 1.0, 0.0, 0.685039, 0.0, 0.0, 0.0, 1.0],
                [1.0, 0.0, 0.0, 0.047972, 0.0, 0.0, -1.0, 1.685115, 0.0, 1.0, 0.0, 0.685039, 0.0, 0.0, 0.0, 1.0],
                [1.0, 0.0, 0.0, 0.047972, 0.0, 0.0, -1.0, 1.685115, 0.0, 1.0, 0.0, 0.685039, 0.0, 0.0, 0.0, 1.0],
                [1.0, 0.0, 0.0, 0.065644, 0.0, 0.0, -1.0, 1.665767, 0.0, 1.0, 0.0, 0.669567, 0.0, 0.0, 0.0, 1.0],
                [1.0, 0.0, 0.0, 0.106107, 0.0, 0.0, -1.0, 1.625754, 0.0, 1.0, 0.0, 0.635245, 0.0, 0.0, 0.0, 1.0],
                [1.0, 0.0, 0.0, 0.150529, 0.0, 0.0, -1.0, 1.592121, 0.0, 1.0, 0.0, 0.600214, 0.0, 0.0, 0.0, 1.0],
                [1.0, 0.0, 0.0, 0.18362, 0.0, 0.0, -1.0, 1.575604, 0.0, 1.0, 0.0, 0.577599, 0.0, 0.0, 0.0, 1.0],
                [1.0, 0.0, 0.0, 0.20426, 0.0, 0.0, -1.0, 1.567123, 0.0, 1.0, 0.0, 0.565986, 0.0, 0.0, 0.0, 1.0],
                [1.0, 0.0, 0.0, 0.214869, 0.0, 0.0, -1.0, 1.563998, 0.0, 1.0, 0.0, 0.561707, 0.0, 0.0, 0.0, 1.0],
                [1.0, 0.0, 0.0, 0.217867, 0.0, 0.0, -1.0, 1.563552, 0.0, 1.0, 0.0, 0.561096, 0.0, 0.0, 0.0, 1.0],
                [1.0, 0.0, 0.0, 0.217867, 0.0, 0.0, -1.0, 1.563552, 0.0, 1.0, 0.0, 0.561096, 0.0, 0.0, 0.0, 1.0],
                [1.0, 0.0, 0.0, 0.217867, 0.0, 0.0, -1.0, 1.563552, 0.0, 1.0, 0.0, 0.561096, 0.0, 0.0, 0.0, 1.0],
                [1.0, 0.0, 0.0, 0.217867, 0.0, 0.0, -1.0, 1.563552, 0.0, 1.0, 0.0, 0.561096, 0.0, 0.0, 0.0, 1.0],
                [1.0, 0.0, 0.0, 0.217867, 0.0, 0.0, -1.0, 1.563552, 0.0, 1.0, 0.0, 0.561096, 0.0, 0.0, 0.0, 1.0],
                [1.0, 0.0, 0.0, 0.217867, 0.0, 0.0, -1.0, 1.563552, 0.0, 1.0, 0.0, 0.561096, 0.0, 0.0, 0.0, 1.0],
                [1.0, 0.0, 0.0, 0.217867, 0.0, 0.0, -1.0, 1.563552, 0.0, 1.0, 0.0, 0.561096, 0.0, 0.0, 0.0, 1.0],
                [1.0, 0.0, 0.0, 0.217867, 0.0, 0.0, -1.0, 1.563552, 0.0, 1.0, 0.0, 0.561096, 0.0, 0.0, 0.0, 1.0],
                [1.0, 0.0, 0.0, 0.217867, 0.0, 0.0, -1.0, 1.563552, 0.0, 1.0, 0.0, 0.561096, 0.0, 0.0, 0.0, 1.0]
            ]
        },
        {
            "name": "Thigh_R",
            "time": [0.0, 0.0167, 0.0333, 0.05, 0.0667, 0.0833, 0.1, 0.1167, 0.1333, 0.15, 0.1667, 0.1833, 0.2, 0.2167, 0.2333, 0.25, 0.2667, 0.2833, 0.3, 0.3167, 0.3333, 0.35, 0.3667, 0.3833, 0.4, 0.4167, 0.4333, 0.45, 0.4667, 0.4833, 0.5, 0.5167, 0.5333, 0.55, 0.5667, 0.5833, 0.6],
            "transform": [
                [0.905348, 0.244563, -0.347179, 0.124994, 0.421121, -0.411557, 0.808256, -0.002831, 0.054785, -0.877958, -0.475593, -1.2e-05, 0.0, 0.0, 0.0, 1.0],
                [0.946267, 0.272794, -0.173674, 0.116656, 0.279825, -0.421498, 0.862576, -0.007913, 0.162102, -0.864826, -0.475184, 0.009432, 0.0, 0.0, 0.0, 1.0],
                [0.836094, 0.474626, 0.275097, 0.093638, 0.117325, -0.644566, 0.755493, -0.020619, 0.535894, -0.599387, -0.594603, 0.033042, 0.0, 0.0, 0.0, 1.0],
                [0.363279, 0.680875, 0.635955, 0.058933, 0.13907, -0.71457, 0.685601, -0.037137, 0.921243, -0.160622, -0.354277, 0.063734, 0.0, 0.0, 0.0, 1.0],
                [-0.008526, 0.770164, 0.63779, 0.015535, 0.11667, -0.63269, 0.765566, -0.053655, 0.993135, 0.080938, -0.08446, 0.094427, 0.0, 0.0, 0.0, 1.0],
                [-0.170026, 0.768323, 0.617067, -0.033564, 0.158843, -0.596628, 0.786641, -0.066362, 0.972554, 0.231766, -0.0206, 0.118037, 0.0, 0.0, 0.0, 1.0],
                [-0.257078, 0.755026, 0.603198, -0.085371, 0.158199, -0.582877, 0.797012, -0.071444, 0.953354, 0.30032, 0.0304, 0.12748, 0.0, 0.0, 0.0, 1.0],
                [-0.723969, 0.572367, 0.385053, -0.13549, -0.183994, -0.69818, 0.691876, -0.055467, 0.664843, 0.430049, 0.610772, 0.124279, 0.0, 0.0, 0.0, 1.0],
                [-0.982652, -0.115614, -0.145012, -0.173923, 0.088443, -0.979401, 0.181526, -0.024206, -0.163012, 0.165552, 0.972636, 0.101413, 0.0, 0.0, 0.0, 1.0],
                [-0.903676, -0.332941, -0.269295, -0.189267, 0.255035, -0.923635, 0.286106, -0.00266, -0.343986, 0.189868, 0.919579, 0.038991, 0.0, 0.0, 0.0, 1.0],
                [-0.51834, -0.27782, -0.808789, -0.106041, -0.169355, -0.893681, 0.415517, 0.001123, -0.838238, 0.352352, 0.41618, -0.084495, 0.0, 0.0, 0.0, 1.0],
                [0.908779, -0.348516, -0.229474, 0.035384, -0.116741, -0.74032, 0.662042, 0.003722, -0.400615, -0.57486, -0.713472, -0.163548, 0.0, 0.0, 0.0, 1.0],
                [0.875749, 0.361519, -0.319949, 0.101494, 0.423624, -0.893308, 0.150149, 0.009502, -0.231531, -0.267031, -0.935461, -0.126972, 0.0, 0.0, 0.0, 1.0],
                [0.903537, 0.279778, -0.324568, 0.113946, 0.371371, -0.889154, 0.267376, 0.009012, -0.213785, -0.36212, -0.907285, -0.0771, 0.0, 0.0, 0.0, 1.0],
                [0.948489, 0.177303, -0.26255, 0.119032, 0.283613, -0.844513, 0.45427, 0.00747, -0.141184, -0.505333, -0.851297, -0.036778, 0.0, 0.0, 0.0, 1.0],
                [0.982814, 0.104922, -0.151883, 0.121224, 0.175069, -0.790725, 0.586605, 0.003861, -0.058549, -0.603113, -0.795504, -0.009814, 0.0, 0.0, 0.0, 1.0],
                [0.993299, 0.073044, -0.089563, 0.124994, 0.113611, -0.759291, 0.640759, -0.002831, -0.021201, -0.64664, -0.762501, -1.2e-05, 0.0, 0.0, 0.0, 1.0],
                [0.994409, 0.06009, -0.086838, 0.133583, 0.102995, -0.733443, 0.671904, -0.01311, -0.023316, -0.677091, -0.73553, -0.001012, 0.0, 0.0, 0.0, 1.0],
                [0.996723, 0.05286, -0.061232, 0.145318, 0.080689, -0.703343, 0.706257, -0.025226, -0.005734, -0.708883, -0.705302, -0.003327, 0.0, 0.0, 0.0, 1.0],
                [0.99736, 0.071791, 0.010888, 0.157295, 0.040515, -0.674647, 0.737029, -0.036811, 0.060258, -0.734642, -0.675774, -0.006074, 0.0, 0.0, 0.0, 1.0],
                [0.978448, 0.139317, 0.152416, 0.16661, -0.024255, -0.655464, 0.754837, -0.045498, 0.205065, -0.742266, -0.637958, -0.00837, 0.0, 0.0, 0.0, 1.0],
                [0.892649, 0.261916, 0.366847, 0.17036, -0.112827, -0.658116, 0.744415, -0.04892, 0.436402, -0.705892, -0.557916, -0.009332, 0.0, 0.0, 0.0, 1.0],
                [0.786459, 0.424082, 0.44904, 0.17036, -0.092101, -0.638371, 0.764199, -0.04892, 0.610737, -0.642368, -0.462994, -0.009332, 0.0, 0.0, 0.0, 1.0],
                [0.73095, 0.554496, 0.397802, 0.17036, 0.007911, -0.589764, 0.807537, -0.04892, 0.682385, -0.587122, -0.435475, -0.009332, 0.0, 0.0, 0.0, 1.0],
                [0.719573, 0.599258, 0.350864, 0.17036, 0.031315, -0.532753, 0.845692, -0.04892, 0.693711, -0.597549, -0.40212, -0.009332, 0.0, 0.0, 0.0, 1.0],
                [0.73281, 0.593788, 0.332274, 0.17036, -0.019943, -0.469374, 0.882774, -0.04892, 0.680142, -0.653532, -0.33212, -0.009332, 0.0, 0.0, 0.0, 1.0],
                [0.739962, 0.585988, 0.330264, 0.17036, -0.051896, -0.439793, 0.896599, -0.04892, 0.670644, -0.680589, -0.295019, -0.009332, 0.0, 0.0, 0.0, 1.0],
                [0.743122, 0.580532, 0.332796, 0.17036, -0.06738, -0.429891, 0.900363, -0.04892, 0.665755, -0.691503, -0.280345, -0.009331, 0.0, 0.0, 0.0, 1.0],
                [0.743888, 0.578647, 0.334362, 0.17036, -0.071291, -0.428751, 0.900606, -0.04892, 0.664491, -0.693787, -0.27769, -0.009331, 0.0, 0.0, 0.0, 1.0],
                [0.743887, 0.578649, 0.334361, 0.17036, -0.07129, -0.428751, 0.900606, -0.04892, 0.664492, -0.693786, -0.27769, -0.009331, 0.0, 0.0, 0.0, 1.0],
                [0.743887, 0.578649, 0.334361, 0.17036, -0.07129, -0.428751, 0.900606, -0.04892, 0.664492, -0.693786, -0.27769, -0.009331, 0.0, 0.0, 0.0, 1.0],
                [0.743887, 0.578649, 0.334361, 0.17036, -0.07129, -0.428751, 0.900606, -0.04892, 0.664492, -0.693786, -0.27769, -0.009331, 0.0, 0.0, 0.0, 1.0],
                [0.743887, 0.578649, 0.334361, 0.17036, -0.07129, -0.428751, 0.900606, -0.04892, 0.664492, -0.693786, -0.27769, -0.009331, 0.0, 0.0, 0.0, 1.0],
                [0.743887, 0.578649, 0.334361, 0.17036, -0.07129, -0.428751, 0.900606, -0.04892, 0.664492, -0.693786, -0.27769, -0.009331, 0.0, 0.0, 0.0, 1.0],
                [0.743887, 0.578649, 0.334361, 0.17036, -0.07129, -0.428751, 0.900606, -0.04892, 0.664492, -0.693786, -0.27769, -0.009331, 0.0, 0.0, 0.0, 1.0],
                [0.743887, 0.578649, 0.334361, 0.17036, -0.07129, -0.428751, 0.900606, -0.04892, 0.664492, -0.693786, -0.27769, -0.009331, 0.0, 0.0, 0.0, 1.0],
                [0.743887, 0.578649, 0.334361, 0.17036, -0.07129, -0.428751, 0.900606, -0.04892, 0.664492, -0.693786, -0.27769, -0.009331, 0.0, 0.0, 0.0, 1.0]
            ]
        },
        {
            "name": "Leg_R",
            "time": [0.0, 0.0167, 0.0333, 0.05, 0.0667, 0.0833, 0.1, 0.1167, 0.1333, 0.15, 0.1667, 0.1833, 0.2, 0.2167, 0.2333, 0.25, 0.2667, 0.2833, 0.3, 0.3167, 0.3333, 0.35, 0.3667, 0.3833, 0.4, 0.4167, 0.4333, 0.45, 0.4667, 0.4833, 0.5, 0.5167, 0.5333, 0.55, 0.5667, 0.5833, 0.6],
            "transform": [
                [1.0, 1.5e-05, 8e-06, -0.0, -1.5e-05, 0.613265, 0.789877, 0.374726, 7e-06, -0.789877, 0.613265, -0.0, 0.0, 0.0, 0.0, 1.0],
                [1.0, 2.1e-05, 1.6e-05, 0.0, -2.2e-05, 0.342138, 0.939649, 0.374726, 1.5e-05, -0.93965, 0.342138, 0.0, 0.0, 0.0, 0.0, 1.0],
                [1.0, 2.2e-05, 1.9e-05, 0.0, -2.2e-05, 0.182009, 0.983296, 0.374726, 1.8e-05, -0.983297, 0.182009, -0.0, 0.0, 0.0, 0.0, 1.0],
                [1.0, 1.9e-05, 1.6e-05, 0.0, -2e-05, 0.233519, 0.972351, 0.374726, 1.5e-05, -0.972352, 0.233519, -0.0, 0.0, 0.0, 0.0, 1.0],
                [1.0, 1.9e-05, 1.5e-05, -0.0, -2e-05, 0.25145, 0.967869, 0.374726, 1.5e-05, -0.96787, 0.25145, -0.0, 0.0, 0.0, 0.0, 1.0],
                [1.0, 2e-05, 1.4e-05, 0.0, -2.1e-05, 0.38496, 0.922932, 0.374726, 1.3e-05, -0.922933, 0.384961, -0.0, 0.0, 0.0, 0.0, 1.0],
                [1.0, 2e-05, 1.2e-05, 0.0, -2e-05, 0.52847, 0.848952, 0.374726, 1e-05, -0.848952, 0.52847, 0.0, 0.0, 0.0, 0.0, 1.0],
                [1.0, 2.2e-05, 1.5e-05, -0.0, -2.2e-05, 0.396637, 0.917975, 0.374726, 1.4e-05, -0.917976, 0.396637, -0.0, 0.0, 0.0, 0.0, 1.0],
                [1.0, 1.7e-05, 9e-06, -0.0, -1.7e-05, 0.578164, 0.815921, 0.374726, 8e-06, -0.815921, 0.578164, 0.0, 0.0, 0.0, 0.0, 1.0],
                [1.0, 1.8e-05, 9e-06, -0.0, -1.8e-05, 0.664495, 0.747293, 0.374726, 7e-06, -0.747293, 0.664495, 0.0, 0.0, 0.0, 0.0, 1.0],
                [1.0, 3e-06, 1e-06, -0.0, -3e-06, 0.984679, 0.174374, 0.374726, -0.0, -0.174374, 0.984679, -0.0, 0.0, 0.0, 0.0, 1.0],
                [1.0, 1.8e-05, 1.3e-05, -0.0, -1.8e-05, 0.363154, 0.931728, 0.374726, 1.2e-05, -0.931729, 0.363155, 0.0, 0.0, 0.0, 0.0, 1.0],
                [1.0, 7e-06, 2e-06, -0.0, -7e-06, 0.938659, 0.344848, 0.374726, 1e-06, -0.344848, 0.938659, 0.0, 0.0, 0.0, 0.0, 1.0],
                [1.0, 1e-05, 4e-06, 0.0, -1e-05, 0.842456, 0.538766, 0.374726, 2e-06, -0.538766, 0.842456, 0.0, 0.0, 0.0, 0.0, 1.0],
                [1.0, 1.4e-05, 6e-06, 0.0, -1.4e-05, 0.749289, 0.662243, 0.374726, 5e-06, -0.662243, 0.749289, -0.0, 0.0, 0.0, 0.0, 1.0],
                [1.0, 1.5e-05, 7e-06, 0.0, -1.6e-05, 0.727678, 0.685919, 0.374726, 5e-06, -0.68592, 0.727678, -0.0, 0.0, 0.0, 0.0, 1.0],
                [1.0, 1.4e-05, 6e-06, 0.0, -1.4e-05, 0.71965, 0.694337, 0.374726, 5e-06, -0.694337, 0.71965, 0.0, 0.0, 0.0, 0.0, 1.0],
                [1.0, 1.6e-05, 8e-06, 0.0, -1.6e-05, 0.666413, 0.745582, 0.374726, 7e-06, -0.745583, 0.666413, -0.0, 0.0, 0.0, 0.0, 1.0],
                [1.0, 1.7e-05, 9e-06, -0.0, -1.7e-05, 0.603064, 0.797692, 0.374726, 8e-06, -0.797693, 0.603065, 0.0, 0.0, 0.0, 0.0, 1.0],
                [1.0, 1.8e-05, 1.1e-05, 0.0, -1.9e-05, 0.543325, 0.839522, 0.374726, 9e-06, -0.839523, 0.543325, -0.0, 0.0, 0.0, 0.0, 1.0],
                [1.0, 1.8e-05, 1.1e-05, -0.0, -1.8e-05, 0.499499, 0.866314, 0.374726, 1e-05, -0.866315, 0.499499, 0.0, 0.0, 0.0, 0.0, 1.0],
                [1.0, 1.9e-05, 1.2e-05, -0.0, -2e-05, 0.482461, 0.875917, 0.374726, 1.1e-05, -0.875917, 0.482461, -0.0, 0.0, 0.0, 0.0, 1.0],
                [1.0, 1.5e-05, 9e-06, 0.0, -1.6e-05, 0.501198, 0.865332, 0.374726, 8e-06, -0.865333, 0.501198, 0.0, 0.0, 0.0, 0.0, 1.0],
                [1.0, 2.4e-05, 1.3e-05, -0.0, -2.4e-05, 0.594041, 0.804435, 0.374726, 1.2e-05, -0.804435, 0.594041, 0.0, 0.0, 0.0, 0.0, 1.0],
                [1.0, 2e-05, 1.1e-05, -0.0, -2e-05, 0.594712, 0.803939, 0.374726, 1e-05, -0.803939, 0.594712, 0.0, 0.0, 0.0, 0.0, 1.0],
                [1.0, 1.7e-05, 1.1e-05, -0.0, -1.8e-05, 0.477437, 0.878666, 0.374726, 1e-05, -0.878666, 0.477437, -0.0, 0.0, 0.0, 0.0, 1.0],
                [1.0, 2.4e-05, 1.6e-05, 0.0, -2.4e-05, 0.417138, 0.908843, 0.374726, 1.5e-05, -0.908843, 0.417138, -0.0, 0.0, 0.0, 0.0, 1.0],
                [1.0, 2.2e-05, 1.5e-05, 0.0, -2.3e-05, 0.392053, 0.919942, 0.374726, 1.4e-05, -0.919943, 0.392053, -0.0, 0.0, 0.0, 0.0, 1.0],
                [1.0, 2.1e-05, 1.5e-05, -0.0, -2.1e-05, 0.386592, 0.922251, 0.374726, 1.3e-05, -0.922251, 0.386592, 0.0, 0.0, 0.0, 0.0, 1.0],
                [1.0, 1.8e-05, 1.3e-05, 0.0, -1.8e-05, 0.386592, 0.922251, 0.374726, 1.1e-05, -0.922251, 0.386592, -0.0, 0.0, 0.0, 0.0, 1.0],
                [1.0, 1.8e-05, 1.3e-05, 0.0, -1.8e-05, 0.386592, 0.922251, 0.374726, 1.1e-05, -0.922251, 0.386592, -0.0, 0.0, 0.0, 0.0, 1.0],
                [1.0, 1.8e-05, 1.3e-05, 0.0, -1.8e-05, 0.386592, 0.922251, 0.374726, 1.1e-05, -0.922251, 0.386592, -0.0, 0.0, 0.0, 0.0, 1.0],
                [1.0, 1.8e-05, 1.3e-05, 0.0, -1.8e-05, 0.386592, 0.922251, 0.374726, 1.1e-05, -0.922251, 0.386592, -0.0, 0.0, 0.0, 0.0, 1.0],
                [1.0, 1.8e-05, 1.3e-05, 0.0, -1.8e-05, 0.386592, 0.922251, 0.374726, 1.1e-05, -0.922251, 0.386592, -0.0, 0.0, 0.0, 0.0, 1.0],
                [1.0, 1.8e-05, 1.3e-05, 0.0, -1.8e-05, 0.386592, 0.922251, 0.374726, 1.1e-05, -0.922251, 0.386592, -0.0, 0.0, 0.0, 0.0, 1.0],
                [1.0, 1.8e-05, 1.3e-05, 0.0, -1.8e-05, 0.386592, 0.922251, 0.374726, 1.1e-05, -0.922251, 0.386592, -0.0, 0.0, 0.0, 0.0, 1.0],
                [1.0, 1.8e-05, 1.3e-05, 0.0, -1.8e-05, 0.386592, 0.922251, 0.374726, 1.1e-05, -0.922251, 0.386592, -0.0, 0.0, 0.0, 0.0, 1.0]
            ]
        },
        {
            "name": "Knee_R",
            "time": [0.0, 0.6],
            "transform": [
                [1.0, 0.0, -0.0, -0.0, -0.0, 0.00567, -0.999984, 0.414187, -0.0, 0.999984, 0.00567, -0.000224, 0.0, 0.0, 0.0, 1.0],
                [1.0, 0.0, -0.0, -0.0, -0.0, 0.00567, -0.999984, 0.44184, -0.0, 0.999984, 0.00567, -0.000381, 0.0, 0.0, 0.0, 1.0]
            ]
        },
        {
            "name": "Thigh_L",
            "time": [0.0, 0.0167, 0.0333, 0.05, 0.0667, 0.0833, 0.1, 0.1167, 0.1333, 0.15, 0.1667, 0.1833, 0.2, 0.2167, 0.2333, 0.25, 0.2667, 0.2833, 0.3, 0.3167, 0.3333, 0.35, 0.3667, 0.3833, 0.4, 0.4167, 0.4333, 0.45, 0.4667, 0.4833, 0.5, 0.5167, 0.5333, 0.55, 0.5667, 0.5833, 0.6],
            "transform": [
                [0.951243, -0.293635, -0.094422, -0.125006, -0.30694, -0.87098, -0.383643, -0.002831, 0.030412, 0.393919, -0.918642, -1.2e-05, 0.0, 0.0, 0.0, 1.0],
                [0.95891, -0.279674, 0.047689, -0.120704, -0.283711, -0.945124, 0.162017, -0.007019, -0.00024, -0.168889, -0.985635, -0.008261, 0.0, 0.0, 0.0, 1.0],
                [0.977185, -0.18666, 0.101327, -0.107884, -0.199543, -0.643463, 0.739012, -0.017488, -0.072743, -0.74237, -0.666029, -0.028885, 0.0, 0.0, 0.0, 1.0],
                [0.98064, -0.195413, 0.012658, -0.086677, -0.145101, -0.681708, 0.717092, -0.031099, -0.131499, -0.705046, -0.696864, -0.055696, 0.0, 0.0, 0.0, 1.0],
                [0.943412, -0.124426, 0.307394, -0.057212, -0.30734, -0.676221, 0.669528, -0.04471, 0.12456, -0.726116, -0.676196, -0.082507, 0.0, 0.0, 0.0, 1.0],
                [0.582498, 0.049162, 0.811344, -0.019619, -0.474964, -0.789443, 0.388832, -0.055179, 0.659626, -0.611853, -0.436498, -0.103131, 0.0, 0.0, 0.0, 1.0],
                [0.06941, 0.037869, 0.996869, 0.025972, -0.406466, -0.911497, 0.062928, -0.059367, 0.911026, -0.409561, -0.047874, -0.111381, 0.0, 0.0, 0.0, 1.0],
                [-0.414891, 0.304928, 0.857255, 0.076742, -0.057664, -0.94909, 0.309685, -0.059397, 0.908043, 0.079052, 0.411352, -0.102941, 0.0, 0.0, 0.0, 1.0],
                [-0.694499, 0.509384, 0.508133, 0.119125, 0.114151, -0.619284, 0.776825, -0.059427, 0.71038, 0.597509, 0.371945, -0.075164, 0.0, 0.0, 0.0, 1.0],
                [-0.790475, 0.306068, 0.530539, 0.136865, 0.131303, -0.761378, 0.634873, -0.059367, 0.598255, 0.571513, 0.561662, -0.024364, 0.0, 0.0, 0.0, 1.0],
                [-0.898761, -0.068868, -0.432998, 0.060009, -0.372858, -0.399518, 0.837474, -0.023611, -0.230665, 0.914135, 0.333393, 0.059972, 0.0, 0.0, 0.0, 1.0],
                [0.439188, -0.692188, -0.572703, -0.161433, -0.293284, -0.713015, 0.636864, -0.033176, -0.849175, -0.111738, -0.516155, 0.146255, 0.0, 0.0, 0.0, 1.0],
                [0.926886, -0.373725, -0.034811, -0.181032, -0.293398, -0.779249, 0.553796, -0.049752, -0.234094, -0.503092, -0.831925, -0.006852, 0.0, 0.0, 0.0, 1.0],
                [0.951163, -0.308233, -0.016789, -0.175945, -0.276077, -0.873747, 0.400435, -0.042421, -0.138097, -0.376244, -0.916172, -0.005783, 0.0, 0.0, 0.0, 1.0],
                [0.961596, -0.272315, -0.03432, -0.162798, -0.25652, -0.936133, 0.240528, -0.026291, -0.097627, -0.222487, -0.970035, -0.003432, 0.0, 0.0, 0.0, 1.0],
                [0.963365, -0.257628, -0.074542, -0.144762, -0.250752, -0.963819, 0.090431, -0.010162, -0.095143, -0.068426, -0.993109, -0.001081, 0.0, 0.0, 0.0, 1.0],
                [0.96001, -0.250182, -0.12566, -0.125006, -0.256738, -0.965705, -0.038744, -0.002831, -0.111657, 0.069456, -0.991317, -1.2e-05, 0.0, 0.0, 0.0, 1.0],
                [0.954544, -0.233825, -0.184859, -0.106337, -0.268183, -0.944395, -0.190253, -0.004525, -0.130094, 0.231181, -0.964174, -0.004657, 0.0, 0.0, 0.0, 1.0],
                [0.948146, -0.243542, -0.204221, -0.090103, -0.282047, -0.940923, -0.187386, -0.008564, -0.14652, 0.235269, -0.960823, -0.015735, 0.0, 0.0, 0.0, 1.0],
                [0.94183, -0.252308, -0.222027, -0.077289, -0.295559, -0.936287, -0.189768, -0.013384, -0.160001, 0.244351, -0.956396, -0.028957, 0.0, 0.0, 0.0, 1.0],
                [0.936952, -0.258672, -0.234967, -0.068879, -0.305716, -0.93245, -0.192552, -0.017423, -0.169287, 0.252245, -0.952741, -0.040034, 0.0, 0.0, 0.0, 1.0],
                [0.935099, -0.261305, -0.239396, -0.065857, -0.309335, -0.931455, -0.191585, -0.019117, -0.172924, 0.253204, -0.951832, -0.04468, 0.0, 0.0, 0.0, 1.0],
                [0.911436, -0.334455, -0.239635, -0.065857, -0.376291, -0.91315, -0.156729, -0.019117, -0.166404, 0.23302, -0.958129, -0.04468, 0.0, 0.0, 0.0, 1.0],
                [0.841013, -0.534036, -0.086616, -0.065857, -0.518071, -0.841088, 0.155481, -0.019117, -0.155884, -0.085889, -0.984034, -0.04468, 0.0, 0.0, 0.0, 1.0],
                [0.764753, -0.64429, 0.006663, -0.065857, -0.623584, -0.737495, 0.259316, -0.019117, -0.162161, -0.202467, -0.96577, -0.04468, 0.0, 0.0, 0.0, 1.0],
                [0.72652, -0.686857, 0.019899, -0.065857, -0.662827, -0.692879, 0.283865, -0.019117, -0.181187, -0.219423, -0.958658, -0.04468, 0.0, 0.0, 0.0, 1.0],
                [0.703739, -0.710219, 0.018471, -0.065857, -0.684104, -0.670389, 0.28737, -0.019117, -0.191713, -0.214869, -0.957642, -0.04468, 0.0, 0.0, 0.0, 1.0],
                [0.693031, -0.72082, 0.011236, -0.065857, -0.693619, -0.662468, 0.282895, -0.019117, -0.196473, -0.203848, -0.959085, -0.04468, 0.0, 0.0, 0.0, 1.0],
                [0.690374, -0.723419, 0.006967, -0.065857, -0.695934, -0.661452, 0.279568, -0.019117, -0.197636, -0.197855, -0.960101, -0.04468, 0.0, 0.0, 0.0, 1.0],
                [0.690374, -0.723419, 0.006967, -0.065857, -0.695934, -0.661452, 0.279568, -0.019117, -0.197636, -0.197855, -0.960101, -0.04468, 0.0, 0.0, 0.0, 1.0],
                [0.690374, -0.723419, 0.006967, -0.065857, -0.695934, -0.661452, 0.279568, -0.019117, -0.197636, -0.197855, -0.960101, -0.04468, 0.0, 0.0, 0.0, 1.0],
                [0.690374, -0.723419, 0.006967, -0.065857, -0.695934, -0.661452, 0.279568, -0.019117, -0.197636, -0.197855, -0.960101, -0.04468, 0.0, 0.0, 0.0, 1.0],
                [0.690374, -0.723419, 0.006967, -0.065857, -0.695934, -0.661452, 0.279568, -0.019117, -0.197636, -0.197855, -0.960101, -0.04468, 0.0, 0.0, 0.0, 1.0],
                [0.690374, -0.723419, 0.006967, -0.065857, -0.695934, -0.661452, 0.279568, -0.019117, -0.197636, -0.197855, -0.960101, -0.04468, 0.0, 0.0, 0.0, 1.0],
                [0.690374, -0.723419, 0.006967, -0.065857, -0.695934, -0.661452, 0.279568, -0.019117, -0.197636, -0.197855, -0.960101, -0.04468, 0.0, 0.0, 0.0, 1.0],
                [0.690374, -0.723419, 0.006967, -0.065857, -0.695934, -0.661452, 0.279568, -0.019117, -0.197636, -0.197855, -0.960101, -0.04468, 0.0, 0.0, 0.0, 1.0],
                [0.690374, -0.723419, 0.006967, -0.065857, -0.695934, -0.661452, 0.279568, -0.019117, -0.197636, -0.197855, -0.960101, -0.04468, 0.0, 0.0, 0.0, 1.0]
            ]
        },
        {
            "name": "Leg_L",
            "time": [0.0, 0.0167, 0.0333, 0.05, 0.0667, 0.0833, 0.1, 0.1167, 0.1333, 0.15, 0.1667, 0.1833, 0.2, 0.2167, 0.2333, 0.25, 0.2667, 0.2833, 0.3, 0.3167, 0.3333, 0.35, 0.3667, 0.3833, 0.4, 0.4167, 0.4333, 0.45, 0.4667, 0.4833, 0.5, 0.5167, 0.5333, 0.55, 0.5667, 0.5833, 0.6],
            "transform": [
                [1.0, 1.5e-05, 9e-06, 0.0, -1.6e-05, 0.547843, 0.836581, 0.374726, 8e-06, -0.836581, 0.547843, 0.0, 0.0, 0.0, 0.0, 1.0],
                [1.0, 2.4e-05, 2.2e-05, 0.0, -2.4e-05, 0.099892, 0.994998, 0.374726, 2.1e-05, -0.994998, 0.099892, -0.0, 0.0, 0.0, 0.0, 1.0],
                [1.0, 2.2e-05, 1.8e-05, 0.0, -2.2e-05, 0.240111, 0.970745, 0.374726, 1.7e-05, -0.970745, 0.240111, 0.0, 0.0, 0.0, 0.0, 1.0],
                [1.0, 1.4e-05, 6e-06, 0.0, -1.4e-05, 0.772721, 0.634746, 0.374726, 4e-06, -0.634746, 0.772721, 0.0, 0.0, 0.0, 0.0, 1.0],
                [1.0, 1.3e-05, 6e-06, -0.0, -1.4e-05, 0.688797, 0.724954, 0.374726, 5e-06, -0.724954, 0.688797, -0.0, 0.0, 0.0, 0.0, 1.0],
                [1.0, 2e-05, 1e-05, 0.0, -2e-05, 0.653166, 0.757214, 0.374726, 9e-06, -0.757215, 0.653167, 0.0, 0.0, 0.0, 0.0, 1.0],
                [1.000001, 1.3e-05, 6e-06, 0.0, -1.4e-05, 0.6929, 0.721033, 0.374726, 5e-06, -0.721034, 0.6929, 0.0, 0.0, 0.0, 0.0, 1.0],
                [1.0, 1.9e-05, 1.4e-05, -0.0, -2e-05, 0.370571, 0.928803, 0.374726, 1.3e-05, -0.928804, 0.370571, 0.0, 0.0, 0.0, 0.0, 1.0],
                [1.0, 1.8e-05, 1.2e-05, 0.0, -1.9e-05, 0.434687, 0.900581, 0.374726, 1.1e-05, -0.900582, 0.434687, -0.0, 0.0, 0.0, 0.0, 1.0],
                [1.0, 0.0, 1e-06, -0.0, -0.0, 0.999998, 0.001463, 0.374726, -1e-06, -0.001463, 0.999999, 0.0, 0.0, 0.0, 0.0, 1.0],
                [1.0, 2.2e-05, 1.8e-05, -0.0, -2.2e-05, 0.220356, 0.975419, 0.374726, 1.7e-05, -0.97542, 0.220356, 0.0, 0.0, 0.0, 0.0, 1.0],
                [1.0, 1.5e-05, 6e-06, 0.0, -1.5e-05, 0.801088, 0.598546, 0.374726, 4e-06, -0.598546, 0.801088, -0.0, 0.0, 0.0, 0.0, 1.0],
                [1.0, 1.5e-05, 1e-05, -0.0, -1.6e-05, 0.429376, 0.903126, 0.374726, 9e-06, -0.903126, 0.429376, 0.0, 0.0, 0.0, 0.0, 1.0],
                [1.0, 1.7e-05, 1.1e-05, -0.0, -1.8e-05, 0.478768, 0.877941, 0.374726, 1e-05, -0.877941, 0.478768, 0.0, 0.0, 0.0, 0.0, 1.0],
                [1.0, 1.9e-05, 1e-05, 0.0, -2e-05, 0.630972, 0.775805, 0.374726, 9e-06, -0.775806, 0.630972, -0.0, 0.0, 0.0, 0.0, 1.0],
                [1.0, 1.3e-05, 5e-06, 0.0, -1.4e-05, 0.807149, 0.590347, 0.374726, 4e-06, -0.590348, 0.807149, 0.0, 0.0, 0.0, 0.0, 1.0],
                [1.0, 8e-06, 2e-06, 0.0, -8e-06, 0.940358, 0.340184, 0.374726, 1e-06, -0.340184, 0.940359, 0.0, 0.0, 0.0, 0.0, 1.0],
                [1.0, -0.0, 1e-06, 0.0, -0.0, 0.999998, 0.00146, 0.374726, -1e-06, -0.00146, 0.999999, 0.0, 0.0, 0.0, 0.0, 1.0],
                [1.0, -0.0, 1e-06, 0.0, -0.0, 0.999998, 0.001462, 0.374726, -1e-06, -0.001462, 0.999999, 0.0, 0.0, 0.0, 0.0, 1.0],
                [1.0, -0.0, 1e-06, -0.0, -0.0, 0.999999, 0.001463, 0.374726, -1e-06, -0.001463, 0.999999, 0.0, 0.0, 0.0, 0.0, 1.0],
                [1.0, -0.0, 1e-06, -0.0, -0.0, 0.999998, 0.001464, 0.374726, -1e-06, -0.001464, 0.999999, -0.0, 0.0, 0.0, 0.0, 1.0],
                [1.0, -0.0, 1e-06, -0.0, -0.0, 0.999999, 0.001464, 0.374726, -1e-06, -0.001464, 0.999999, -0.0, 0.0, 0.0, 0.0, 1.0],
                [1.0, -0.0, 1e-06, 0.0, -0.0, 0.999999, 0.001461, 0.374726, -1e-06, -0.001461, 0.999999, 0.0, 0.0, 0.0, 0.0, 1.0],
                [1.0, 1.1e-05, 4e-06, -0.0, -1.1e-05, 0.84909, 0.528248, 0.374726, 3e-06, -0.528249, 0.84909, -0.0, 0.0, 0.0, 0.0, 1.0],
                [1.0, 1.2e-05, 5e-06, -0.0, -1.2e-05, 0.763609, 0.645678, 0.374726, 4e-06, -0.645679, 0.763609, -0.0, 0.0, 0.0, 0.0, 1.0],
                [1.0, 1.2e-05, 5e-06, 0.0, -1.2e-05, 0.770612, 0.637303, 0.374726, 4e-06, -0.637304, 0.770613, 0.0, 0.0, 0.0, 0.0, 1.0],
                [1.0, 1e-05, 4e-06, 0.0, -1e-05, 0.791854, 0.61071, 0.374726, 3e-06, -0.61071, 0.791854, -0.0, 0.0, 0.0, 0.0, 1.0],
                [1.0, 1.2e-05, 5e-06, -0.0, -1.3e-05, 0.811286, 0.584649, 0.374726, 3e-06, -0.584649, 0.811286, -0.0, 0.0, 0.0, 0.0, 1.0],
                [1.0, 1.5e-05, 6e-06, -0.0, -1.5e-05, 0.819433, 0.573175, 0.374726, 4e-06, -0.573175, 0.819433, -0.0, 0.0, 0.0, 0.0, 1.0],
                [1.0, 1.5e-05, 6e-06, -0.0, -1.5e-05, 0.819433, 0.573175, 0.374726, 4e-06, -0.573175, 0.819433, -0.0, 0.0, 0.0, 0.0, 1.0],
                [1.0, 1.5e-05, 6e-06, -0.0, -1.5e-05, 0.819433, 0.573175, 0.374726, 4e-06, -0.573175, 0.819433, -0.0, 0.0, 0.0, 0.0, 1.0],
                [1.0, 1.5e-05, 6e-06, -0.0, -1.5e-05, 0.819433, 0.573175, 0.374726, 4e-06, -0.573175, 0.819433, -0.0, 0.0, 0.0, 0.0, 1.0],
                [1.0, 1.5e-05, 6e-06, -0.0, -1.5e-05, 0.819433, 0.573175, 0.374726, 4e-06, -0.573175, 0.819433, -0.0, 0.0, 0.0, 0.0, 1.0],
                [1.0, 1.5e-05, 6e-06, -0.0, -1.5e-05, 0.819433, 0.573175, 0.374726, 4e-06, -0.573175, 0.819433, -0.0, 0.0, 0.0, 0.0, 1.0],
                [1.0, 1.5e-05, 6e-06, -0.0, -1.5e-05, 0.819433, 0.573175, 0.374726, 4e-06, -0.573175, 0.819433, -0.0, 0.0, 0.0, 0.0, 1.0],
                [1.0, 1.5e-05, 6e-06, -0.0, -1.5e-05, 0.819433, 0.573175, 0.374726, 4e-06, -0.573175, 0.819433, -0.0, 0.0, 0.0, 0.0, 1.0],
                [1.0, 1.5e-05, 6e-06, -0.0, -1.5e-05, 0.819433, 0.573175, 0.374726, 4e-06, -0.573175, 0.819433, -0.0, 0.0, 0.0, 0.0, 1.0]
            ]
        },
        {
            "name": "Knee_L",
            "time": [0.0, 0.6],
            "transform": [
                [1.0, 0.0, -0.0, 0.0, -0.0, 0.00567, -0.999984, 0.422633, -0.0, 0.999984, 0.00567, -0.000272, 0.0, 0.0, 0.0, 1.0],
                [1.0, 0.0, -0.0, -0.0, -0.0, 0.00567, -0.999984, 0.38265, -0.0, 0.999984, 0.00567, -4.5e-05, 0.0, 0.0, 0.0, 1.0]
            ]
        },
        {
            "name": "Torso",
            "time": [0.0, 0.0167, 0.0333, 0.05, 0.0667, 0.0833, 0.1, 0.1167, 0.1333, 0.15, 0.1667, 0.1833, 0.2, 0.2167, 0.2333, 0.25, 0.2667, 0.2833, 0.3, 0.3167, 0.3333, 0.35, 0.3667, 0.3833, 0.4, 0.4167, 0.4333, 0.45, 0.4667, 0.4833, 0.5, 0.5167, 0.5333, 0.55, 0.5667, 0.5833, 0.6],
            "transform": [
                [0.887567, -0.126351, 0.443012, 0.0, 0.037019, 0.978104, 0.204797, 0.05, -0.459188, -0.165371, 0.872811, 0.0, 0.0, 0.0, 0.0, 1.0],
                [0.920558, -0.112095, 0.374175, 0.0, 0.026463, 0.973634, 0.226575, 0.05, -0.389708, -0.198674, 0.899253, 0.0, 0.0, 0.0, 0.0, 1.0],
                [0.985371, -0.057948, 0.160268, 0.0, 0.018179, 0.970791, 0.239236, 0.05, -0.16945, -0.232822, 0.957643, 0.0, 0.0, 0.0, 0.0, 1.0],
                [0.977444, 0.02835, -0.209281, 0.0, 0.02347, 0.97023, 0.241047, 0.05, 0.209884, -0.240522, 0.94768, 0.0, 0.0, 0.0, 0.0, 1.0],
                [0.728077, 0.117711, -0.675313, 0.0, 0.040329, 0.976085, 0.213618, 0.05, 0.684308, -0.182766, 0.705918, 0.0, 0.0, 0.0, 0.0, 1.0],
                [0.148849, 0.151555, -0.977177, 0.0, 0.03586, 0.986708, 0.158496, 0.05, 0.988209, -0.058634, 0.141436, 0.0, 0.0, 0.0, 0.0, 1.0],
                [-0.390514, 0.11395, -0.913518, 0.0, 0.006432, 0.992624, 0.121068, 0.05, 0.920575, 0.041403, -0.388366, 0.0, 0.0, 0.0, 0.0, 1.0],
                [-0.624988, 0.084858, -0.776008, 0.0, -0.007333, 0.993392, 0.114535, 0.05, 0.7806, 0.077273, -0.620236, 0.0, 0.0, 0.0, 0.0, 1.0],
                [-0.774787, 0.072347, -0.628069, 0.0, -0.003237, 0.992964, 0.118371, 0.05, 0.632214, 0.093745, -0.769102, 0.0, 0.0, 0.0, 0.0, 1.0],
                [-0.968386, 0.036375, -0.24679, 0.0, 0.006432, 0.992624, 0.121068, 0.05, 0.249373, 0.115653, -0.961477, 0.0, 0.0, 0.0, 0.0, 1.0],
                [-0.809778, -0.06194, 0.583458, 0.0, 0.009481, 0.992901, 0.118565, 0.05, -0.58666, 0.101544, -0.803442, 0.0, 0.0, 0.0, 0.0, 1.0],
                [0.139895, -0.118517, 0.983048, 0.0, 0.006654, 0.992901, 0.118758, 0.05, -0.990144, -0.010073, 0.13969, 0.0, 0.0, 0.0, 0.0, 1.0],
                [0.753831, -0.084363, 0.65163, 0.0, 0.006432, 0.992624, 0.121068, 0.05, -0.657037, -0.087074, 0.748813, 0.0, 0.0, 0.0, 0.0, 1.0],
                [0.936593, -0.049566, 0.346896, 0.0, 0.007522, 0.992562, 0.121511, 0.05, -0.350339, -0.111197, 0.929999, 0.0, 0.0, 0.0, 0.0, 1.0],
                [0.985996, -0.027692, 0.164456, 0.0, 0.007609, 0.992561, 0.121513, 0.05, -0.166598, -0.11856, 0.978871, 0.0, 0.0, 0.0, 0.0, 1.0],
                [0.99789, -0.014856, 0.063203, 0.0, 0.00709, 0.992583, 0.121366, 0.05, -0.064537, -0.120662, 0.990594, 0.0, 0.0, 0.0, 0.0, 1.0],
                [0.999411, -0.0023, -0.034236, 0.0, 0.006432, 0.992624, 0.121068, 0.05, 0.033705, -0.121217, 0.992054, 0.0, 0.0, 0.0, 0.0, 1.0],
                [0.98212, 0.016851, -0.187498, 0.0, 0.006041, 0.992652, 0.120852, 0.05, 0.188157, -0.119824, 0.974802, 0.0, 0.0, 0.0, 0.0, 1.0],
                [0.926935, 0.039857, -0.373099, 0.0, 0.005968, 0.992651, 0.120867, 0.05, 0.375175, -0.114263, 0.919885, 0.0, 0.0, 0.0, 0.0, 1.0],
                [0.837658, 0.060987, -0.54278, 0.0, 0.006111, 0.992638, 0.120965, 0.05, 0.546161, -0.104644, 0.831118, 0.0, 0.0, 0.0, 0.0, 1.0],
                [0.748763, 0.075531, -0.658521, 0.0, 0.006323, 0.992627, 0.121042, 0.05, 0.662808, -0.094796, 0.742765, 0.0, 0.0, 0.0, 0.0, 1.0],
                [0.709044, 0.080846, -0.700514, 0.0, 0.006432, 0.992624, 0.121068, 0.05, 0.705135, -0.090348, 0.703294, 0.0, 0.0, 0.0, 0.0, 1.0],
                [0.709045, 0.080846, -0.700514, 0.0, 0.006432, 0.992624, 0.121068, 0.05, 0.705134, -0.090348, 0.703294, 0.0, 0.0, 0.0, 0.0, 1.0],
                [0.709044, 0.080846, -0.700514, 0.0, 0.006432, 0.992624, 0.121068, 0.05, 0.705135, -0.090348, 0.703294, 0.0, 0.0, 0.0, 0.0, 1.0],
                [0.709045, 0.080846, -0.700514, 0.0, 0.006432, 0.992624, 0.121068, 0.05, 0.705134, -0.090348, 0.703294, 0.0, 0.0, 0.0, 0.0, 1.0],
                [0.709045, 0.080846, -0.700514, 0.0, 0.006432, 0.992624, 0.121068, 0.05, 0.705134, -0.090348, 0.703294, 0.0, 0.0, 0.0, 0.0, 1.0],
                [0.709044, 0.080846, -0.700514, 0.0, 0.006432, 0.992624, 0.121068, 0.05, 0.705134, -0.090348, 0.703294, 0.0, 0.0, 0.0, 0.0, 1.0],
                [0.709045, 0.080846, -0.700514, 0.0, 0.006432, 0.992624, 0.121068, 0.05, 0.705134, -0.090348, 0.703294, 0.0, 0.0, 0.0, 0.0, 1.0],
                [0.709045, 0.080846, -0.700514, 0.0, 0.006432, 0.992624, 0.121068, 0.05, 0.705134, -0.090348, 0.703294, 0.0, 0.0, 0.0, 0.0, 1.0],
                [0.709044, 0.080846, -0.700514, 0.0, 0.006432, 0.992624, 0.121068, 0.05, 0.705134, -0.090348, 0.703294, 0.0, 0.0, 0.0, 0.0, 1.0],
                [0.709045, 0.080846, -0.700514, 0.0, 0.006432, 0.992624, 0.121068, 0.05, 0.705134, -0.090348, 0.703294, 0.0, 0.0, 0.0, 0.0, 1.0],
                [0.709045, 0.080846, -0.700514, 0.0, 0.006432, 0.992624, 0.121068, 0.05, 0.705134, -0.090348, 0.703294, 0.0, 0.0, 0.0, 0.0, 1.0],
                [0.709044, 0.080846, -0.700514, 0.0, 0.006432, 0.992624, 0.121068, 0.05, 0.705134, -0.090348, 0.703294, 0.0, 0.0, 0.0, 0.0, 1.0],
                [0.709045, 0.080846, -0.700514, 0.0, 0.006432, 0.992624, 0.121068, 0.05, 0.705134, -0.090348, 0.703294, 0.0, 0.0, 0.0, 0.0, 1.0],
                [0.709045, 0.080846, -0.700514, 0.0, 0.006432, 0.992624, 0.121068, 0.05, 0.705134, -0.090348, 0.703294, 0.0, 0.0, 0.0, 0.0, 1.0],
                [0.709044, 0.080846, -0.700514, 0.0, 0.006432, 0.992624, 0.121068, 0.05, 0.705134, -0.090348, 0.703294, 0.0, 0.0, 0.0, 0.0, 1.0],
                [0.709045, 0.080846, -0.700514, 0.0, 0.006432, 0.992624, 0.121068, 0.05, 0.705134, -0.090348, 0.703294, 0.0, 0.0, 0.0, 0.0, 1.0]
            ]
        },
        {
            "name": "Chest",
            "time": [0.0, 0.0167, 0.0333, 0.05, 0.0667, 0.0833, 0.1, 0.1167, 0.1333, 0.15, 0.1667, 0.1833, 0.2, 0.2167, 0.2333, 0.25, 0.2667, 0.2833, 0.3, 0.3167, 0.3333, 0.35, 0.3667, 0.3833, 0.4, 0.4167, 0.4333, 0.45, 0.4667, 0.4833, 0.5, 0.5167, 0.5333, 0.55, 0.5667, 0.5833, 0.6],
            "transform": [
                [0.973362, -0.155337, -0.168634, 0.0, 0.224371, 0.796663, 0.561236, 0.3, 0.047164, -0.584122, 0.810294, -0.0, 0.0, 0.0, 0.0, 1.0],
                [0.97172, -0.073554, -0.224388, -0.0, 0.181817, 0.839389, 0.512218, 0.3, 0.150673, -0.538531, 0.829025, 0.0, 0.0, 0.0, 0.0, 1.0],
                [0.939056, 0.065131, -0.337538, 0.0, 0.080021, 0.913499, 0.398895, 0.3, 0.334321, -0.401595, 0.852615, -0.0, 0.0, 0.0, 0.0, 1.0],
                [0.906484, 0.113369, -0.406737, 0.0, -0.002484, 0.964697, 0.263351, 0.3, 0.422234, -0.237713, 0.874763, -0.0, 0.0, 0.0, 0.0, 1.0],
                [0.938314, 0.056969, -0.34106, 0.0, -0.010228, 0.990476, 0.137303, 0.3, 0.345633, -0.125345, 0.92996, -0.0, 0.0, 0.0, 0.0, 1.0],
                [0.979355, -0.008086, -0.201985, 0.0, 0.018846, 0.9985, 0.05141, 0.3, 0.201266, -0.054155, 0.978038, -0.0, 0.0, 0.0, 0.0, 1.0],
                [0.991622, -0.037606, -0.123578, -0.0, 0.040627, 0.998932, 0.022018, 0.3, 0.122618, -0.026855, 0.99209, -0.0, 0.0, 0.0, 0.0, 1.0],
                [0.991622, -0.037606, -0.123578, -0.0, 0.040627, 0.998932, 0.022018, 0.3, 0.122618, -0.026855, 0.992091, 0.0, 0.0, 0.0, 0.0, 1.0],
                [0.991622, -0.037606, -0.123578, 0.0, 0.040627, 0.998932, 0.022018, 0.3, 0.122618, -0.026855, 0.992091, -0.0, 0.0, 0.0, 0.0, 1.0],
                [0.991622, -0.037606, -0.123578, 0.0, 0.040627, 0.998932, 0.022018, 0.3, 0.122618, -0.026855, 0.99209, -0.0, 0.0, 0.0, 0.0, 1.0],
                [0.991622, -0.037606, -0.123578, -0.0, 0.040627, 0.998932, 0.022018, 0.3, 0.122618, -0.026855, 0.992091, -0.0, 0.0, 0.0, 0.0, 1.0],
                [0.991622, -0.037606, -0.123578, -0.0, 0.040627, 0.998932, 0.022018, 0.3, 0.122618, -0.026855, 0.992091, -0.0, 0.0, 0.0, 0.0, 1.0],
                [0.991622, -0.037606, -0.123578, 0.0, 0.040627, 0.998932, 0.022018, 0.3, 0.122618, -0.026855, 0.992091, -0.0, 0.0, 0.0, 0.0, 1.0],
                [0.991622, -0.037606, -0.123578, -0.0, 0.040627, 0.998932, 0.022018, 0.3, 0.122618, -0.026855, 0.99209, -0.0, 0.0, 0.0, 0.0, 1.0],
                [0.991622, -0.037606, -0.123578, 0.0, 0.040627, 0.998932, 0.022018, 0.3, 0.122618, -0.026855, 0.992091, -0.0, 0.0, 0.0, 0.0, 1.0],
                [0.991622, -0.037606, -0.123578, -0.0, 0.040627, 0.998932, 0.022018, 0.3, 0.122618, -0.026855, 0.992091, -0.0, 0.0, 0.0, 0.0, 1.0],
                [0.991622, -0.037606, -0.123578, -0.0, 0.040627, 0.998932, 0.022018, 0.3, 0.122618, -0.026855, 0.992091, -0.0, 0.0, 0.0, 0.0, 1.0],
                [0.991622, -0.037606, -0.123578, 0.0, 0.040627, 0.998932, 0.022018, 0.3, 0.122618, -0.026855, 0.992091, 0.0, 0.0, 0.0, 0.0, 1.0],
                [0.991622, -0.037606, -0.123578, 0.0, 0.040627, 0.998932, 0.022018, 0.3, 0.122618, -0.026855, 0.992091, 0.0, 0.0, 0.0, 0.0, 1.0],
                [0.991622, -0.037606, -0.123578, 0.0, 0.040627, 0.998932, 0.022018, 0.3, 0.122618, -0.026855, 0.99209, 0.0, 0.0, 0.0, 0.0, 1.0],
                [0.991622, -0.037606, -0.123578, -0.0, 0.040627, 0.998932, 0.022018, 0.3, 0.122618, -0.026855, 0.99209, 0.0, 0.0, 0.0, 0.0, 1.0],
                [0.991622, -0.037606, -0.123578, 0.0, 0.040627, 0.998932, 0.022018, 0.3, 0.122618, -0.026855, 0.992091, 0.0, 0.0, 0.0, 0.0, 1.0],
                [0.991622, -0.037606, -0.123578, 0.0, 0.040627, 0.998932, 0.022018, 0.3, 0.122618, -0.026855, 0.992091, 0.0, 0.0, 0.0, 0.0, 1.0],
                [0.991622, -0.037606, -0.123578, 0.0, 0.040627, 0.998932, 0.022018, 0.3, 0.122618, -0.026855, 0.992091, -0.0, 0.0, 0.0, 0.0, 1.0],
                [0.991622, -0.037606, -0.123578, -0.0, 0.040627, 0.998932, 0.022018, 0.3, 0.122618, -0.026855, 0.992091, -0.0, 0.0, 0.0, 0.0, 1.0],
                [0.991622, -0.037606, -0.123578, 0.0, 0.040627, 0.998932, 0.022018, 0.3, 0.122618, -0.026855, 0.992091, 0.0, 0.0, 0.0, 0.0, 1.0],
                [0.991622, -0.037606, -0.123578, -0.0, 0.040627, 0.998932, 0.022018, 0.3, 0.122618, -0.026855, 0.992091, -0.0, 0.0, 0.0, 0.0, 1.0],
                [0.991622, -0.037606, -0.123578, -0.0, 0.040627, 0.998932, 0.022018, 0.3, 0.122618, -0.026855, 0.992091, -0.0, 0.0, 0.0, 0.0, 1.0],
                [0.991622, -0.037606, -0.123578, 0.0, 0.040627, 0.998932, 0.022018, 0.3, 0.122618, -0.026855, 0.992091, -0.0, 0.0, 0.0, 0.0, 1.0],
                [0.991622, -0.037606, -0.123578, -0.0, 0.040627, 0.998932, 0.022018, 0.3, 0.122618, -0.026855, 0.992091, 0.0, 0.0, 0.0, 0.0, 1.0],
                [0.991622, -0.037606, -0.123578, 0.0, 0.040627, 0.998932, 0.022018, 0.3, 0.122618, -0.026855, 0.992091, -0.0, 0.0, 0.0, 0.0, 1.0],
