{
    "animation": [
        {
            "name": "Root",
            "time": [0.0, 0.0167, 0.0333, 0.05, 0.0667, 0.0833, 0.1, 0.1167, 0.1333, 0.15, 0.1667, 0.1833, 0.2, 0.2167, 0.2333, 0.25, 0.2667, 0.2833, 0.3, 0.3167, 0.3333, 0.35, 0.3667, 0.3833, 0.4, 0.4167, 0.4333, 0.45, 0.4667, 0.4833, 0.5, 0.5167, 0.5333, 0.55, 0.5667, 0.5833, 0.6, 0.6167, 0.6333, 0.65, 0.6667, 0.6833, 0.7, 0.7167, 0.7333, 0.75, 0.7667, 0.7833, 0.8, 0.8167, 0.8333],
            "transform": [
                [1.0, 0.0, 0.0, -5e-06, 0.0, 0.0, -1.0, 0.000946, 0.0, 1.0, 0.0, 0.763972, 0.0, 0.0, 0.0, 1.0],
                [0.999988, 0.0, 0.00495, 1.6e-05, 0.00495, 0.0, -0.999988, 0.002037, 0.0, 1.0, 0.0, 0.763972, 0.0, 0.0, 0.0, 1.0],
                [0.999811, 0.0, 0.019467, 0.000162, 0.019467, 0.0, -0.999811, 0.00585, 0.0, 1.0, 0.0, 0.763972, 0.0, 0.0, 0.0, 1.0],
                [0.999073, 0.0, 0.043055, 0.000557, 0.043055, 0.0, -0.999073, 0.013198, 0.0, 1.0, 0.0, 0.763972, 0.0, 0.0, 0.0, 1.0],
                [0.997168, 0.0, 0.075202, 0.001328, 0.075202, 0.0, -0.997168, 0.024893, 0.0, 1.0, 0.0, 0.763972, 0.0, 0.0, 0.0, 1.0],
                [0.993324, 0.0, 0.11536, 0.002597, 0.11536, 0.0, -0.993324, 0.041746, 0.0, 1.0, 0.0, 0.763972, 0.0, 0.0, 0.0, 1.0],
                [0.986641, 0.0, 0.162911, 0.004492, 0.162911, 0.0, -0.986641, 0.064572, 0.0, 1.0, 0.0, 0.763972, 0.0, 0.0, 0.0, 1.0],
                [0.97614, 0.0, 0.217142, 0.007135, 0.217142, 0.0, -0.97614, 0.09418, 0.0, 1.0, 0.0, 0.763972, 0.0, 0.0, 0.0, 1.0],
                [0.96081, 0.0, 0.277209, 0.010653, 0.277209, 0.0, -0.96081, 0.131384, 0.0, 1.0, 0.0, 0.763972, 0.0, 0.0, 0.0, 1.0],
                [0.939654, 0.0, 0.342126, 0.01517, 0.342126, 0.0, -0.939654, 0.176996, 0.0, 1.0, 0.0, 0.763972, 0.0, 0.0, 0.0, 1.0],
                [0.91175, 0.0, 0.410746, 0.020811, 0.410746, 0.0, -0.91175, 0.231828, 0.0, 1.0, 0.0, 0.763972, 0.0, 0.0, 0.0, 1.0],
                [0.876639, 0.0, 0.481149, 0.03404, 0.481149, 0.0, -0.876639, 0.29651, 0.0, 1.0, 0.0, 0.763972, 0.0, 0.0, 0.0, 1.0],
                [0.837183, 0.0, 0.546924, 0.056557, 0.546924, 0.0, -0.837183, 0.370944, 0.0, 1.0, 0.0, 0.763972, 0.0, 0.0, 0.0, 1.0],
                [0.799304, 0.0, 0.600927, 0.081336, 0.600927, 0.0, -0.799304, 0.45485, 0.0, 1.0, 0.0, 0.763972, 0.0, 0.0, 0.0, 1.0],
                [0.770666, 0.0, 0.637239, 0.101355, 0.637239, 0.0, -0.770666, 0.547948, 0.0, 1.0, 0.0, 0.763972, 0.0, 0.0, 0.0, 1.0],
                [0.759435, 0.0, 0.650584, 0.109588, 0.650584, 0.0, -0.759435, 0.649958, 0.0, 1.0, 0.0, 0.763972, 0.0, 0.0, 0.0, 1.0],
                [0.759435, 0.0, 0.650584, 0.109588, 0.650584, 0.0, -0.759435, 0.758509, 0.0, 1.0, 0.0, 0.763972, 0.0, 0.0, 0.0, 1.0],
                [0.759435, 0.0, 0.650584, 0.109588, 0.650584, 0.0, -0.759435, 0.862872, 0.0, 1.0, 0.0, 0.763972, 0.0, 0.0, 0.0, 1.0],
                [0.759435, 0.0, 0.650584, 0.109588, 0.650584, 0.0, -0.759435, 0.950225, 0.0, 1.0, 0.0, 0.763972, 0.0, 0.0, 0.0, 1.0],
                [0.765992, 0.0, 0.64285, 0.109569, 0.64285, 0.0, -0.765992, 1.010964, 0.0, 1.0, 0.0, 0.763972, 0.0, 0.0, 0.0, 1.0],
                [0.784476, 0.0, 0.620159, 0.109433, 0.620159, 0.0, -0.784476, 1.048352, 0.0, 1.0, 0.0, 0.763972, 0.0, 0.0, 0.0, 1.0],
                [0.812578, 0.0, 0.582853, 0.109064, 0.582853, 0.0, -0.812578, 1.068867, 0.0, 1.0, 0.0, 0.763972, 0.0, 0.0, 0.0, 1.0],
                [0.847412, 0.0, 0.530936, 0.108346, 0.530936, 0.0, -0.847412, 1.078988, 0.0, 1.0, 0.0, 0.763972, 0.0, 0.0, 0.0, 1.0],
                [0.885642, 0.0, 0.464369, 0.107163, 0.464369, 0.0, -0.885642, 1.085192, 0.0, 1.0, 0.0, 0.763972, 0.0, 0.0, 0.0, 1.0],
                [0.923607, 0.0, 0.383342, 0.105397, 0.383342, 0.0, -0.923607, 1.093959, 0.0, 1.0, 0.0, 0.763972, 0.0, 0.0, 0.0, 1.0],
                [0.95748, 0.0, 0.288498, 0.102933, 0.288498, 0.0, -0.95748, 1.111767, 0.0, 1.0, 0.0, 0.763972, 0.0, 0.0, 0.0, 1.0],
                [0.983466, 0.0, 0.181092, 0.099653, 0.181092, 0.0, -0.983466, 1.145093, 0.0, 1.0, 0.0, 0.763972, 0.0, 0.0, 0.0, 1.0],
                [0.99801, 0.0, 0.06305, 0.095443, 0.06305, 0.0, -0.99801, 1.200418, 0.0, 1.0, 0.0, 0.763972, 0.0, 0.0, 0.0, 1.0],
                [0.998009, 0.0, -0.063067, 0.090184, -0.063067, 0.0, -0.998009, 1.284218, 0.0, 1.0, 0.0, 0.763972, 0.0, 0.0, 0.0, 1.0],
                [0.981279, 0.0, -0.192591, 0.080929, -0.192591, 0.0, -0.981279, 1.404363, 0.0, 1.0, 0.0, 0.763972, 0.0, 0.0, 0.0, 1.0],
                [0.949577, 0.0, -0.313535, 0.067278, -0.313535, 0.0, -0.949577, 1.545959, 0.0, 1.0, 0.0, 0.763972, 0.0, 0.0, 0.0, 1.0],
                [0.910871, 0.0, -0.412692, 0.052938, -0.412692, 0.0, -0.910871, 1.681347, 0.0, 1.0, 0.0, 0.763972, 0.0, 0.0, 0.0, 1.0],
                [0.877788, 0.0, -0.47905, 0.041615, -0.47905, 0.0, -0.877788, 1.782864, 0.0, 1.0, 0.0, 0.763972, 0.0, 0.0, 0.0, 1.0],
                [0.864104, 0.0, -0.503313, 0.037017, -0.503313, 0.0, -0.864104, 1.822851, 0.0, 1.0, 0.0, 0.763972, 0.0, 0.0, 0.0, 1.0],
                [0.864104, 0.0, -0.503313, 0.037017, -0.503313, 0.0, -0.864104, 1.822851, 0.0, 1.0, 0.0, 0.763972, 0.0, 0.0, 0.0, 1.0],
                [0.864104, 0.0, -0.503313, 0.037017, -0.503313, 0.0, -0.864104, 1.822851, 0.0, 1.0, 0.0, 0.763972, 0.0, 0.0, 0.0, 1.0],
                [0.864104, 0.0, -0.503313, 0.037017, -0.503313, 0.0, -0.864104, 1.822851, 0.0, 1.0, 0.0, 0.763972, 0.0, 0.0, 0.0, 1.0],
                [0.864104, 0.0, -0.503313, 0.037017, -0.503313, 0.0, -0.864104, 1.822851, 0.0, 1.0, 0.0, 0.763972, 0.0, 0.0, 0.0, 1.0],
                [0.864104, 0.0, -0.503313, 0.037017, -0.503313, 0.0, -0.864104, 1.822851, 0.0, 1.0, 0.0, 0.763972, 0.0, 0.0, 0.0, 1.0],
                [0.864104, 0.0, -0.503313, 0.037017, -0.503313, 0.0, -0.864104, 1.822851, 0.0, 1.0, 0.0, 0.763972, 0.0, 0.0, 0.0, 1.0],
                [0.864104, 0.0, -0.503313, 0.037017, -0.503313, 0.0, -0.864104, 1.822851, 0.0, 1.0, 0.0, 0.763972, 0.0, 0.0, 0.0, 1.0],
                [0.864104, 0.0, -0.503313, 0.037017, -0.503313, 0.0, -0.864104, 1.822851, 0.0, 1.0, 0.0, 0.763972, 0.0, 0.0, 0.0, 1.0],
                [0.864104, 0.0, -0.503313, 0.037017, -0.503313, 0.0, -0.864104, 1.822851, 0.0, 1.0, 0.0, 0.763972, 0.0, 0.0, 0.0, 1.0],
                [0.864104, 0.0, -0.503313, 0.037017, -0.503313, 0.0, -0.864104, 1.822851, 0.0, 1.0, 0.0, 0.763972, 0.0, 0.0, 0.0, 1.0],
                [0.864104, 0.0, -0.503313, 0.037017, -0.503313, 0.0, -0.864104, 1.822851, 0.0, 1.0, 0.0, 0.763972, 0.0, 0.0, 0.0, 1.0],
                [0.864104, 0.0, -0.503313, 0.037017, -0.503313, 0.0, -0.864104, 1.822851, 0.0, 1.0, 0.0, 0.763972, 0.0, 0.0, 0.0, 1.0],
                [0.864104, 0.0, -0.503313, 0.037017, -0.503313, 0.0, -0.864104, 1.822851, 0.0, 1.0, 0.0, 0.763972, 0.0, 0.0, 0.0, 1.0],
                [0.864104, 0.0, -0.503313, 0.037017, -0.503313, 0.0, -0.864104, 1.822851, 0.0, 1.0, 0.0, 0.763972, 0.0, 0.0, 0.0, 1.0],
                [0.864104, 0.0, -0.503313, 0.037017, -0.503313, 0.0, -0.864104, 1.822851, 0.0, 1.0, 0.0, 0.763972, 0.0, 0.0, 0.0, 1.0],
                [0.864104, 0.0, -0.503313, 0.037017, -0.503313, 0.0, -0.864104, 1.822851, 0.0, 1.0, 0.0, 0.763972, 0.0, 0.0, 0.0, 1.0],
                [0.864104, 0.0, -0.503313, 0.037017, -0.503313, 0.0, -0.864104, 1.822851, 0.0, 1.0, 0.0, 0.763972, 0.0, 0.0, 0.0, 1.0]
            ]
        },
        {
            "name": "Thigh_R",
            "time": [0.0, 0.0167, 0.0333, 0.05, 0.0667, 0.0833, 0.1, 0.1167, 0.1333, 0.15, 0.1667, 0.1833, 0.2, 0.2167, 0.2333, 0.25, 0.2667, 0.2833, 0.3, 0.3167, 0.3333, 0.35, 0.3667, 0.3833, 0.4, 0.4167, 0.4333, 0.45, 0.4667, 0.4833, 0.5, 0.5167, 0.5333, 0.55, 0.5667, 0.5833, 0.6, 0.6167, 0.6333, 0.65, 0.6667, 0.6833, 0.7, 0.7167, 0.7333, 0.75, 0.7667, 0.7833, 0.8, 0.8167, 0.8333],
            "transform": [
                [1.0, -0.0, -0.0, 0.124994, -0.0, -0.999984, 0.005754, -0.002831, -0.0, -0.005754, -0.999983, -1.2e-05, 0.0, 0.0, 0.0, 1.0],
                [0.999998, -6.2e-05, -0.001604, 0.124994, -3.3e-05, -0.999826, 0.018656, -0.002831, -0.001605, -0.018656, -0.999824, -1.2e-05, 0.0, 0.0, 0.0, 1.0],
                [0.999983, -8.1e-05, -0.005814, 0.124994, 0.000181, -0.998989, 0.044962, -0.00283, -0.005812, -0.044962, -0.998971, -1.2e-05, 0.0, 0.0, 0.0, 1.0],
                [0.999928, 0.00086, -0.012009, 0.124994, 0.001649, -0.997832, 0.065801, -0.002831, -0.011926, -0.065816, -0.997761, -1.2e-05, 0.0, 0.0, 0.0, 1.0],
                [0.999796, 0.003578, -0.019872, 0.124994, 0.005674, -0.994301, 0.106458, -0.002831, -0.019378, -0.106549, -0.994119, -1.2e-05, 0.0, 0.0, 0.0, 1.0],
                [0.999531, 0.009088, -0.029241, 0.124994, 0.013382, -0.988569, 0.150178, -0.002831, -0.027541, -0.150499, -0.988227, -1.2e-05, 0.0, 0.0, 0.0, 1.0],
                [0.999047, 0.017923, -0.039809, 0.124994, 0.025292, -0.980849, 0.193125, -0.002831, -0.035585, -0.193948, -0.980366, -1.2e-05, 0.0, 0.0, 0.0, 1.0],
                [0.998264, 0.029946, -0.050722, 0.124994, 0.040933, -0.971903, 0.231796, -0.002831, -0.042356, -0.23347, -0.971441, -1.2e-05, 0.0, 0.0, 0.0, 1.0],
                [0.99721, 0.044173, -0.060185, 0.124994, 0.058547, -0.962929, 0.263328, -0.002831, -0.046322, -0.266117, -0.962827, -1.2e-05, 0.0, 0.0, 0.0, 1.0],
                [0.996146, 0.050125, -0.071974, 0.124994, 0.074936, -0.912826, 0.401417, -0.002831, -0.045579, -0.405263, -0.913063, -1.2e-05, 0.0, 0.0, 0.0, 1.0],
                [0.995619, 0.055336, -0.07537, 0.124994, 0.085483, -0.865292, 0.493926, -0.002831, -0.037885, -0.498205, -0.866231, -1.2e-05, 0.0, 0.0, 0.0, 1.0],
                [0.99653, 0.049188, -0.067151, 0.124994, 0.079341, -0.805278, 0.587565, -0.002831, -0.025174, -0.590854, -0.806385, -1.2e-05, 0.0, 0.0, 0.0, 1.0],
                [0.998353, 0.033437, -0.046626, 0.124994, 0.056152, -0.736367, 0.674249, -0.002831, -0.011789, -0.675756, -0.737031, -1.2e-05, 0.0, 0.0, 0.0, 1.0],
                [0.9996, 0.018416, -0.021486, 0.124994, 0.028289, -0.670111, 0.741722, -0.002831, -0.000738, -0.742033, -0.670363, -1.2e-05, 0.0, 0.0, 0.0, 1.0],
                [0.999925, 0.009015, -0.008377, 0.124994, 0.012157, -0.617599, 0.7864, -0.002831, 0.001916, -0.786442, -0.617661, -1.2e-05, 0.0, 0.0, 0.0, 1.0],
                [0.999574, 0.006297, -0.028504, 0.124994, 0.026683, -0.593067, 0.804711, -0.002831, -0.011837, -0.805129, -0.592982, -1.2e-05, 0.0, 0.0, 0.0, 1.0],
                [0.997113, 0.010945, -0.075148, 0.124994, 0.067127, -0.589765, 0.804781, -0.002831, -0.035511, -0.807501, -0.588796, -1.2e-05, 0.0, 0.0, 0.0, 1.0],
                [0.995593, 0.014845, -0.092596, 0.124994, 0.083515, -0.589497, 0.803442, -0.002831, -0.042658, -0.807634, -0.588139, -1.2e-05, 0.0, 0.0, 0.0, 1.0],
                [0.999574, 0.006298, -0.028504, 0.124994, 0.026684, -0.593067, 0.804711, -0.002831, -0.011837, -0.805129, -0.592982, -1.2e-05, 0.0, 0.0, 0.0, 1.0],
                [0.998342, -0.007266, 0.057104, 0.124994, -0.049374, -0.618099, 0.784549, -0.002831, 0.029596, -0.786067, -0.617432, -1.2e-05, 0.0, 0.0, 0.0, 1.0],
                [0.995938, -0.012604, 0.089154, 0.124994, -0.075933, -0.649684, 0.756403, -0.002831, 0.048388, -0.7601, -0.648002, -1.2e-05, 0.0, 0.0, 0.0, 1.0],
                [0.996379, -0.008883, 0.084559, 0.124994, -0.068111, -0.678675, 0.731274, -0.002831, 0.050892, -0.734386, -0.676822, -1.2e-05, 0.0, 0.0, 0.0, 1.0],
                [0.998353, 0.002879, 0.057298, 0.124994, -0.038714, -0.703259, 0.70988, -0.002831, 0.04234, -0.710929, -0.701989, -1.2e-05, 0.0, 0.0, 0.0, 1.0],
                [0.999629, 0.019595, 0.018882, 0.124994, 0.001168, -0.724139, 0.689653, -0.002831, 0.027187, -0.689376, -0.723894, -1.2e-05, 0.0, 0.0, 0.0, 1.0],
                [0.999072, 0.037479, -0.021238, 0.124994, 0.042073, -0.743091, 0.667867, -0.002831, 0.009249, -0.668141, -0.743977, -1.2e-05, 0.0, 0.0, 0.0, 1.0],
                [0.996992, 0.053321, -0.056249, 0.124994, 0.077019, -0.762792, 0.642042, -0.002831, -0.008672, -0.644442, -0.764604, -1.2e-05, 0.0, 0.0, 0.0, 1.0],
                [0.994391, 0.065637, -0.082939, 0.124994, 0.102679, -0.787196, 0.608095, -0.002831, -0.025376, -0.6132, -0.789521, -1.2e-05, 0.0, 0.0, 0.0, 1.0],
                [0.991854, 0.076037, -0.102201, 0.124994, 0.120369, -0.822024, 0.556587, -0.002831, -0.041691, -0.564354, -0.82448, -1.2e-05, 0.0, 0.0, 0.0, 1.0],
                [0.988812, 0.091234, -0.118011, 0.124994, 0.136371, -0.873484, 0.467365, -0.002831, -0.060441, -0.47823, -0.876153, -1.2e-05, 0.0, 0.0, 0.0, 1.0],
                [0.983964, 0.121247, -0.130824, 0.124994, 0.159192, -0.927779, 0.337469, -0.002831, -0.080459, -0.352883, -0.932202, -1.2e-05, 0.0, 0.0, 0.0, 1.0],
                [0.976354, 0.168291, -0.135685, 0.124994, 0.192847, -0.961677, 0.194903, -0.002831, -0.097685, -0.21646, -0.971392, -1.2e-05, 0.0, 0.0, 0.0, 1.0],
                [0.966277, 0.223281, -0.128279, 0.124994, 0.232183, -0.970879, 0.059047, -0.002831, -0.111359, -0.08684, -0.989979, -1.2e-05, 0.0, 0.0, 0.0, 1.0],
                [0.956736, 0.268492, -0.112113, 0.124994, 0.264953, -0.963181, -0.045641, -0.002831, -0.12024, 0.013961, -0.992647, -1.2e-05, 0.0, 0.0, 0.0, 1.0],
                [0.952608, 0.286409, -0.102508, 0.124994, 0.278115, -0.956511, -0.087976, -0.002831, -0.123248, 0.055298, -0.990834, -1.2e-05, 0.0, 0.0, 0.0, 1.0],
                [0.952609, 0.286409, -0.102508, 0.124994, 0.278115, -0.956511, -0.087977, -0.002831, -0.123248, 0.055299, -0.990834, -1.2e-05, 0.0, 0.0, 0.0, 1.0],
                [0.952609, 0.286409, -0.102508, 0.124994, 0.278115, -0.956511, -0.087977, -0.002831, -0.123248, 0.055299, -0.990834, -1.2e-05, 0.0, 0.0, 0.0, 1.0],
                [0.952608, 0.286409, -0.102508, 0.124994, 0.278115, -0.956511, -0.087976, -0.002831, -0.123248, 0.055298, -0.990834, -1.2e-05, 0.0, 0.0, 0.0, 1.0],
                [0.952608, 0.286408, -0.102508, 0.124994, 0.278114, -0.956511, -0.087976, -0.002831, -0.123247, 0.055298, -0.990834, -1.2e-05, 0.0, 0.0, 0.0, 1.0],
                [0.952609, 0.286409, -0.102508, 0.124994, 0.278115, -0.956511, -0.087977, -0.002831, -0.123248, 0.055299, -0.990834, -1.2e-05, 0.0, 0.0, 0.0, 1.0],
                [0.952608, 0.286409, -0.102508, 0.124994, 0.278115, -0.956511, -0.087976, -0.002831, -0.123248, 0.055298, -0.990834, -1.2e-05, 0.0, 0.0, 0.0, 1.0],
                [0.952608, 0.286408, -0.102508, 0.124994, 0.278114, -0.956511, -0.087976, -0.002831, -0.123247, 0.055298, -0.990834, -1.2e-05, 0.0, 0.0, 0.0, 1.0],
                [0.952609, 0.286409, -0.102508, 0.124994, 0.278115, -0.956511, -0.087977, -0.002831, -0.123248, 0.055299, -0.990834, -1.2e-05, 0.0, 0.0, 0.0, 1.0],
                [0.952608, 0.286409, -0.102508, 0.124994, 0.278115, -0.956511, -0.087976, -0.002831, -0.123248, 0.055298, -0.990834, -1.2e-05, 0.0, 0.0, 0.0, 1.0],
                [0.952608, 0.286408, -0.102508, 0.124994, 0.278114, -0.956511, -0.087976, -0.002831, -0.123247, 0.055298, -0.990834, -1.2e-05, 0.0, 0.0, 0.0, 1.0],
                [0.952609, 0.286409, -0.102508, 0.124994, 0.278115, -0.956511, -0.087977, -0.002831, -0.123248, 0.055299, -0.990834, -1.2e-05, 0.0, 0.0, 0.0, 1.0],
                [0.952608, 0.286409, -0.102508, 0.124994, 0.278115, -0.956511, -0.087976, -0.002831, -0.123248, 0.055298, -0.990834, -1.2e-05, 0.0, 0.0, 0.0, 1.0],
                [0.952608, 0.286408, -0.102508, 0.124994, 0.278114, -0.956511, -0.087976, -0.002831, -0.123247, 0.055298, -0.990834, -1.2e-05, 0.0, 0.0, 0.0, 1.0],
                [0.952609, 0.286409, -0.102508, 0.124994, 0.278115, -0.956511, -0.087977, -0.002831, -0.123248, 0.055299, -0.990834, -1.2e-05, 0.0, 0.0, 0.0, 1.0],
                [0.952608, 0.286409, -0.102508, 0.124994, 0.278115, -0.956511, -0.087976, -0.002831, -0.123248, 0.055298, -0.990834, -1.2e-05, 0.0, 0.0, 0.0, 1.0],
                [0.952608, 0.286408, -0.102508, 0.124994, 0.278114, -0.956511, -0.087976, -0.002831, -0.123247, 0.055298, -0.990834, -1.2e-05, 0.0, 0.0, 0.0, 1.0],
                [0.952609, 0.286409, -0.102508, 0.124994, 0.278115, -0.956511, -0.087977, -0.002831, -0.123248, 0.055299, -0.990834, -1.2e-05, 0.0, 0.0, 0.0, 1.0]
            ]
        },
        {
            "name": "Leg_R",
            "time": [0.0, 0.0167, 0.0333, 0.05, 0.0667, 0.0833, 0.1, 0.1167, 0.1333, 0.15, 0.1667, 0.1833, 0.2, 0.2167, 0.2333, 0.25, 0.2667, 0.2833, 0.3, 0.3167, 0.3333, 0.35, 0.3667, 0.3833, 0.4, 0.4167, 0.4333, 0.45, 0.4667, 0.4833, 0.5, 0.5167, 0.5333, 0.55, 0.5667, 0.5833, 0.6, 0.6167, 0.6333, 0.65, 0.6667, 0.6833, 0.7, 0.7167, 0.7333, 0.75, 0.7667, 0.7833, 0.8, 0.8167, 0.8333],
            "transform": [
                [1.0, 0.0, 1e-06, -0.0, -0.0, 0.999934, 0.011504, 0.374726, -1e-06, -0.011504, 0.999934, 0.0, 0.0, 0.0, 0.0, 1.0],
                [1.0, 0.0, 1e-06, 0.0, -0.0, 0.999792, 0.020395, 0.374726, -1e-06, -0.020395, 0.999792, -0.0, 0.0, 0.0, 0.0, 1.0],
                [1.0, 1e-06, 1e-06, 0.0, -1e-06, 0.99963, 0.027173, 0.374726, -1e-06, -0.027173, 0.999631, -0.0, 0.0, 0.0, 0.0, 1.0],
                [1.0, 0.0, 1e-06, -0.0, -0.0, 0.999999, 0.00146, 0.374726, -1e-06, -0.00146, 0.999999, -0.0, 0.0, 0.0, 0.0, 1.0],
                [1.0, 0.0, 1e-06, -0.0, -0.0, 0.999999, 0.00146, 0.374726, -1e-06, -0.00146, 0.999999, 0.0, 0.0, 0.0, 0.0, 1.0],
                [1.0, 0.0, 1e-06, -0.0, -0.0, 0.999999, 0.00146, 0.374726, -1e-06, -0.00146, 0.999999, -0.0, 0.0, 0.0, 0.0, 1.0],
                [1.0, 0.0, 1e-06, -0.0, -0.0, 0.999999, 0.00146, 0.374726, -1e-06, -0.00146, 0.999999, -0.0, 0.0, 0.0, 0.0, 1.0],
                [1.0, 0.0, 1e-06, 0.0, -0.0, 0.999999, 0.00146, 0.374726, -1e-06, -0.00146, 0.999999, 0.0, 0.0, 0.0, 0.0, 1.0],
                [1.0, 0.0, 1e-06, -0.0, 0.0, 0.999999, 0.00146, 0.374726, -1e-06, -0.00146, 0.999999, -0.0, 0.0, 0.0, 0.0, 1.0],
                [1.0, 5e-06, 1e-06, -0.0, -5e-06, 0.969224, 0.246179, 0.374726, -0.0, -0.246179, 0.969225, -0.0, 0.0, 0.0, 0.0, 1.0],
                [1.0, 9e-06, 3e-06, 0.0, -9e-06, 0.908411, 0.418077, 0.374726, 1e-06, -0.418077, 0.908411, 0.0, 0.0, 0.0, 0.0, 1.0],
                [1.0, 1.3e-05, 5e-06, -0.0, -1.3e-05, 0.803744, 0.594975, 0.374726, 4e-06, -0.594975, 0.803744, -0.0, 0.0, 0.0, 0.0, 1.0],
                [1.0, 1.9e-05, 9e-06, 0.0, -2e-05, 0.674878, 0.737929, 0.374726, 8e-06, -0.73793, 0.674878, 0.0, 0.0, 0.0, 0.0, 1.0],
                [1.0, 1.7e-05, 1e-05, -0.0, -1.7e-05, 0.561724, 0.827324, 0.374726, 9e-06, -0.827325, 0.561725, -0.0, 0.0, 0.0, 0.0, 1.0],
                [1.0, 1.9e-05, 1.2e-05, 0.0, -1.9e-05, 0.491682, 0.870775, 0.374726, 1e-05, -0.870775, 0.491682, -0.0, 0.0, 0.0, 0.0, 1.0],
                [1.0, 2.3e-05, 1.4e-05, -0.0, -2.3e-05, 0.484896, 0.874572, 0.374726, 1.3e-05, -0.874573, 0.484896, 0.0, 0.0, 0.0, 0.0, 1.0],
                [1.0, 2.2e-05, 1.3e-05, 0.0, -2.3e-05, 0.525608, 0.850727, 0.374726, 1.2e-05, -0.850727, 0.525608, -0.0, 0.0, 0.0, 0.0, 1.0],
                [1.0, 2.2e-05, 1.3e-05, -0.0, -2.3e-05, 0.544694, 0.838635, 0.374726, 1.1e-05, -0.838635, 0.544694, -0.0, 0.0, 0.0, 0.0, 1.0],
                [1.0, 2e-05, 1.3e-05, 0.0, -2.1e-05, 0.484896, 0.874571, 0.374726, 1.2e-05, -0.874572, 0.484896, -0.0, 0.0, 0.0, 0.0, 1.0],
                [1.0, 1.7e-05, 1.2e-05, 0.0, -1.7e-05, 0.409181, 0.912453, 0.374726, 1.1e-05, -0.912453, 0.409182, -0.0, 0.0, 0.0, 0.0, 1.0],
                [1.0, 1.6e-05, 1.2e-05, -0.0, -1.7e-05, 0.372347, 0.928093, 0.374726, 1.1e-05, -0.928093, 0.372347, 0.0, 0.0, 0.0, 0.0, 1.0],
                [1.0, 1.8e-05, 1.4e-05, 0.0, -1.9e-05, 0.355576, 0.934647, 0.374726, 1.2e-05, -0.934648, 0.355576, 0.0, 0.0, 0.0, 0.0, 1.0],
                [1.0, 1.8e-05, 1.3e-05, -0.0, -1.9e-05, 0.352459, 0.935827, 0.374726, 1.2e-05, -0.935827, 0.352459, 0.0, 0.0, 0.0, 0.0, 1.0],
                [1.0, 1.8e-05, 1.3e-05, -0.0, -1.9e-05, 0.360503, 0.932758, 0.374726, 1.2e-05, -0.932758, 0.360503, 0.0, 0.0, 0.0, 0.0, 1.0],
                [1.0, 2.2e-05, 1.5e-05, 0.0, -2.3e-05, 0.376282, 0.926505, 0.374726, 1.4e-05, -0.926505, 0.376282, 0.0, 0.0, 0.0, 0.0, 1.0],
                [1.0, 2.1e-05, 1.5e-05, -0.0, -2.2e-05, 0.394006, 0.919108, 0.374726, 1.4e-05, -0.919108, 0.394006, 0.0, 0.0, 0.0, 0.0, 1.0],
                [1.0, 1.9e-05, 1.3e-05, 0.0, -2e-05, 0.407502, 0.913204, 0.374726, 1.2e-05, -0.913204, 0.407502, -0.0, 0.0, 0.0, 0.0, 1.0],
                [1.0, 1.8e-05, 1.2e-05, -0.0, -1.9e-05, 0.415768, 0.90947, 0.374726, 1.1e-05, -0.909471, 0.415768, 0.0, 0.0, 0.0, 0.0, 1.0],
                [1.0, 2.1e-05, 1.4e-05, 0.0, -2.1e-05, 0.432229, 0.901764, 0.374726, 1.3e-05, -0.901763, 0.432229, -0.0, 0.0, 0.0, 0.0, 1.0],
                [1.0, 1.7e-05, 1.1e-05, -0.0, -1.8e-05, 0.484575, 0.874749, 0.374726, 1e-05, -0.874749, 0.484576, -0.0, 0.0, 0.0, 0.0, 1.0],
                [1.0, 1.5e-05, 9e-06, 0.0, -1.6e-05, 0.5731, 0.819485, 0.374726, 7e-06, -0.819486, 0.5731, -0.0, 0.0, 0.0, 0.0, 1.0],
                [1.0, 1.5e-05, 8e-06, 0.0, -1.6e-05, 0.677997, 0.735064, 0.374726, 6e-06, -0.735065, 0.677997, -0.0, 0.0, 0.0, 0.0, 1.0],
                [1.0, 1.2e-05, 5e-06, -0.0, -1.2e-05, 0.766896, 0.641771, 0.374726, 4e-06, -0.641771, 0.766896, 0.0, 0.0, 0.0, 0.0, 1.0],
                [1.0, 1.3e-05, 5e-06, -0.0, -1.3e-05, 0.803341, 0.595519, 0.374726, 4e-06, -0.59552, 0.803341, 0.0, 0.0, 0.0, 0.0, 1.0],
                [1.0, 1.2e-05, 5e-06, -0.0, -1.3e-05, 0.803342, 0.595518, 0.374726, 4e-06, -0.595518, 0.803342, 0.0, 0.0, 0.0, 0.0, 1.0],
                [1.0, 1.2e-05, 5e-06, -0.0, -1.3e-05, 0.803342, 0.595518, 0.374726, 4e-06, -0.595518, 0.803342, 0.0, 0.0, 0.0, 0.0, 1.0],
                [1.000001, 1.3e-05, 5e-06, -0.0, -1.3e-05, 0.803341, 0.595519, 0.374726, 4e-06, -0.59552, 0.803341, -0.0, 0.0, 0.0, 0.0, 1.0],
                [1.0, 1.4e-05, 5e-06, -0.0, -1.5e-05, 0.803341, 0.595519, 0.374726, 4e-06, -0.59552, 0.803341, -0.0, 0.0, 0.0, 0.0, 1.0],
                [1.0, 1.2e-05, 5e-06, -0.0, -1.3e-05, 0.803342, 0.595518, 0.374726, 4e-06, -0.595518, 0.803342, 0.0, 0.0, 0.0, 0.0, 1.0],
                [1.000001, 1.3e-05, 5e-06, -0.0, -1.3e-05, 0.803341, 0.595519, 0.374726, 4e-06, -0.59552, 0.803341, -0.0, 0.0, 0.0, 0.0, 1.0],
                [1.0, 1.4e-05, 5e-06, -0.0, -1.5e-05, 0.803341, 0.595519, 0.374726, 4e-06, -0.59552, 0.803341, -0.0, 0.0, 0.0, 0.0, 1.0],
                [1.0, 1.2e-05, 5e-06, -0.0, -1.3e-05, 0.803342, 0.595518, 0.374726, 4e-06, -0.595518, 0.803342, 0.0, 0.0, 0.0, 0.0, 1.0],
                [1.000001, 1.3e-05, 5e-06, -0.0, -1.3e-05, 0.803341, 0.595519, 0.374726, 4e-06, -0.59552, 0.803341, -0.0, 0.0, 0.0, 0.0, 1.0],
                [1.0, 1.4e-05, 5e-06, -0.0, -1.5e-05, 0.803341, 0.595519, 0.374726, 4e-06, -0.59552, 0.803341, -0.0, 0.0, 0.0, 0.0, 1.0],
                [1.0, 1.2e-05, 5e-06, -0.0, -1.3e-05, 0.803342, 0.595518, 0.374726, 4e-06, -0.595518, 0.803342, 0.0, 0.0, 0.0, 0.0, 1.0],
                [1.000001, 1.3e-05, 5e-06, -0.0, -1.3e-05, 0.803341, 0.595519, 0.374726, 4e-06, -0.59552, 0.803341, -0.0, 0.0, 0.0, 0.0, 1.0],
                [1.0, 1.4e-05, 5e-06, -0.0, -1.5e-05, 0.803341, 0.595519, 0.374726, 4e-06, -0.59552, 0.803341, -0.0, 0.0, 0.0, 0.0, 1.0],
                [1.0, 1.2e-05, 5e-06, -0.0, -1.3e-05, 0.803342, 0.595518, 0.374726, 4e-06, -0.595518, 0.803342, 0.0, 0.0, 0.0, 0.0, 1.0],
                [1.000001, 1.3e-05, 5e-06, -0.0, -1.3e-05, 0.803341, 0.595519, 0.374726, 4e-06, -0.59552, 0.803341, -0.0, 0.0, 0.0, 0.0, 1.0],
                [1.0, 1.4e-05, 5e-06, -0.0, -1.5e-05, 0.803341, 0.595519, 0.374726, 4e-06, -0.59552, 0.803341, -0.0, 0.0, 0.0, 0.0, 1.0],
                [1.0, 1.2e-05, 5e-06, -0.0, -1.3e-05, 0.803342, 0.595518, 0.374726, 4e-06, -0.595518, 0.803342, 0.0, 0.0, 0.0, 0.0, 1.0]
            ]
        },
        {
            "name": "Knee_R",
            "time": [0.0, 0.8333],
            "transform": [
                [1.0, 0.0, -0.0, -0.0, -0.0, 0.00567, -0.999984, 0.374726, -0.0, 0.999984, 0.00567, 0.0, 0.0, 0.0, 0.0, 1.0],
                [1.0, 0.0, -0.0, -0.0, -0.0, 0.00567, -0.999984, 0.385543, -0.0, 0.999984, 0.00567, -6.1e-05, 0.0, 0.0, 0.0, 1.0]
            ]
        },
        {
            "name": "Thigh_L",
            "time": [0.0, 0.0167, 0.0333, 0.05, 0.0667, 0.0833, 0.1, 0.1167, 0.1333, 0.15, 0.1667, 0.1833, 0.2, 0.2167, 0.2333, 0.25, 0.2667, 0.2833, 0.3, 0.3167, 0.3333, 0.35, 0.3667, 0.3833, 0.4, 0.4167, 0.4333, 0.45, 0.4667, 0.4833, 0.5, 0.5167, 0.5333, 0.55, 0.5667, 0.5833, 0.6, 0.6167, 0.6333, 0.65, 0.6667, 0.6833, 0.7, 0.7167, 0.7333, 0.75, 0.7667, 0.7833, 0.8, 0.8167, 0.8333],
            "transform": [
                [1.0, -0.0, -0.0, -0.125006, -0.0, -0.999984, 0.005797, -0.002831, -0.0, -0.005797, -0.999983, -1.2e-05, 0.0, 0.0, 0.0, 1.0],
                [0.999998, -5.4e-05, -0.001842, -0.125006, 4.6e-05, -0.998533, 0.054155, -0.002831, -0.001843, -0.054155, -0.99853, -1.2e-05, 0.0, 0.0, 0.0, 1.0],
                [0.99998, -0.000394, -0.006291, -0.125006, 0.000222, -0.995217, 0.097694, -0.00283, -0.006299, -0.097694, -0.995196, -1.2e-05, 0.0, 0.0, 0.0, 1.0],
                [0.999933, -0.001216, -0.011516, -0.125006, 0.000289, -0.991535, 0.129842, -0.002831, -0.011576, -0.129836, -0.991468, -1.2e-05, 0.0, 0.0, 0.0, 1.0],
                [0.999874, -0.002686, -0.015663, -0.125006, -0.000319, -0.988804, 0.149223, -0.002831, -0.015888, -0.149199, -0.988679, -1.2e-05, 0.0, 0.0, 0.0, 1.0],
                [0.999841, -0.005105, -0.017112, -0.125006, -0.002411, -0.988091, 0.153855, -0.002831, -0.017694, -0.153789, -0.987945, -1.2e-05, 0.0, 0.0, 0.0, 1.0],
                [0.99985, -0.009145, -0.014701, -0.125006, -0.006974, -0.989918, 0.141476, -0.002831, -0.015847, -0.141352, -0.989833, -1.2e-05, 0.0, 0.0, 0.0, 1.0],
                [0.999839, -0.016096, -0.007973, -0.125006, -0.015135, -0.99396, 0.108698, -0.002831, -0.009675, -0.108559, -0.994043, -1.2e-05, 0.0, 0.0, 0.0, 1.0],
                [0.999603, -0.028062, 0.002398, -0.125006, -0.028147, -0.998322, 0.050608, -0.002831, 0.000974, -0.050656, -0.998716, -1.2e-05, 0.0, 0.0, 0.0, 1.0],
                [0.998753, -0.048026, 0.013675, -0.125006, -0.047405, -0.997967, -0.042626, -0.002831, 0.015695, 0.041925, -0.998997, -1.2e-05, 0.0, 0.0, 0.0, 1.0],
                [0.996661, -0.079815, 0.017207, -0.125006, -0.07448, -0.975087, -0.208947, -0.002831, 0.033456, 0.206968, -0.977775, -1.2e-05, 0.0, 0.0, 0.0, 1.0],
                [0.992379, -0.120706, -0.024744, -0.125006, -0.121419, -0.923812, -0.363084, -0.002831, 0.020968, 0.363322, -0.931427, -1.2e-05, 0.0, 0.0, 0.0, 1.0],
                [0.975618, -0.165795, -0.143811, -0.125006, -0.210155, -0.894626, -0.39431, -0.002831, -0.063283, 0.414918, -0.907655, -1.2e-05, 0.0, 0.0, 0.0, 1.0],
                [0.913818, -0.211911, -0.346454, -0.125006, -0.340786, -0.864139, -0.370312, -0.002831, -0.220911, 0.456464, -0.861881, -1.2e-05, 0.0, 0.0, 0.0, 1.0],
                [0.789093, -0.251846, -0.560273, -0.125006, -0.468583, -0.836552, -0.283922, -0.002831, -0.397192, 0.486575, -0.778128, -1.2e-05, 0.0, 0.0, 0.0, 1.0],
                [0.66127, -0.278038, -0.696719, -0.125006, -0.545374, -0.815901, -0.192026, -0.002831, -0.515062, 0.506954, -0.691165, -1.2e-05, 0.0, 0.0, 0.0, 1.0],
                [0.602759, -0.289062, -0.743724, -0.125006, -0.573055, -0.80541, -0.151402, -0.002831, -0.555238, 0.517454, -0.651116, -1.2e-05, 0.0, 0.0, 0.0, 1.0],
                [0.612715, -0.288886, -0.735612, -0.125006, -0.570746, -0.80558, -0.159029, -0.002831, -0.546653, 0.517287, -0.658471, -1.2e-05, 0.0, 0.0, 0.0, 1.0],
                [0.66127, -0.278038, -0.696719, -0.125006, -0.545374, -0.815901, -0.192026, -0.002831, -0.515062, 0.506954, -0.691165, -1.2e-05, 0.0, 0.0, 0.0, 1.0],
                [0.718721, -0.262333, -0.643911, -0.125006, -0.503027, -0.835519, -0.221074, -0.002831, -0.480004, 0.482795, -0.732465, -1.2e-05, 0.0, 0.0, 0.0, 1.0],
                [0.776906, -0.247934, -0.578745, -0.125006, -0.448849, -0.862711, -0.232949, -0.002831, -0.441534, 0.440748, -0.78153, -1.2e-05, 0.0, 0.0, 0.0, 1.0],
                [0.834777, -0.236687, -0.497119, -0.125006, -0.386975, -0.894484, -0.223941, -0.002831, -0.391661, 0.379314, -0.838286, -1.2e-05, 0.0, 0.0, 0.0, 1.0],
                [0.88855, -0.310922, -0.337353, -0.125006, -0.326296, -0.945196, 0.011712, -0.002831, -0.322506, 0.09967, -0.941306, -1.2e-05, 0.0, 0.0, 0.0, 1.0],
                [0.931715, -0.319475, -0.172748, -0.125006, -0.280762, -0.935292, 0.21541, -0.002831, -0.230388, -0.152199, -0.961122, -1.2e-05, 0.0, 0.0, 0.0, 1.0],
                [0.956572, -0.290753, -0.020822, -0.125006, -0.26477, -0.896524, 0.355166, -0.002831, -0.121932, -0.334229, -0.934572, -1.2e-05, 0.0, 0.0, 0.0, 1.0],
                [0.95884, -0.259475, 0.115318, -0.125006, -0.283433, -0.850212, 0.443628, -0.002831, -0.017066, -0.458054, -0.888761, -1.2e-05, 0.0, 0.0, 0.0, 1.0],
                [0.943561, -0.247724, 0.21983, -0.125006, -0.326012, -0.811703, 0.484619, -0.002831, 0.058385, -0.528935, -0.846652, -1.2e-05, 0.0, 0.0, 0.0, 1.0],
                [0.924372, -0.263865, 0.275522, -0.125006, -0.371599, -0.786193, 0.493778, -0.002831, 0.086323, -0.558818, -0.824786, -1.2e-05, 0.0, 0.0, 0.0, 1.0],
                [0.914527, -0.300384, 0.270944, -0.125006, -0.400054, -0.770895, 0.495659, -0.002831, 0.059982, -0.561686, -0.825173, -1.2e-05, 0.0, 0.0, 0.0, 1.0],
                [0.925866, -0.33177, 0.180832, -0.125006, -0.375048, -0.748726, 0.54658, -0.002831, -0.045945, -0.573881, -0.817649, -1.2e-05, 0.0, 0.0, 0.0, 1.0],
                [0.934547, -0.355355, 0.018588, -0.125006, -0.28367, -0.712452, 0.641829, -0.002831, -0.214834, -0.605092, -0.766623, -1.2e-05, 0.0, 0.0, 0.0, 1.0],
                [0.912579, -0.377227, -0.157801, -0.125006, -0.158821, -0.682609, 0.713317, -0.002831, -0.376798, -0.625896, -0.682846, -1.2e-05, 0.0, 0.0, 0.0, 1.0],
                [0.875752, -0.386532, -0.289227, -0.125006, -0.051849, -0.670951, 0.739687, -0.002831, -0.479969, -0.632787, -0.607628, -1.2e-05, 0.0, 0.0, 0.0, 1.0],
                [0.857727, -0.386375, -0.339147, -0.125006, -0.007988, -0.669619, 0.742663, -0.002831, -0.514045, -0.634292, -0.577436, -1.2e-05, 0.0, 0.0, 0.0, 1.0],
                [0.857727, -0.386375, -0.339147, -0.125006, -0.007988, -0.669619, 0.742663, -0.002831, -0.514045, -0.634293, -0.577436, -1.2e-05, 0.0, 0.0, 0.0, 1.0],
                [0.857727, -0.386375, -0.339147, -0.125006, -0.007988, -0.669619, 0.742663, -0.002831, -0.514045, -0.634293, -0.577436, -1.2e-05, 0.0, 0.0, 0.0, 1.0],
                [0.857727, -0.386375, -0.339147, -0.125006, -0.007988, -0.669619, 0.742663, -0.002831, -0.514045, -0.634292, -0.577436, -1.2e-05, 0.0, 0.0, 0.0, 1.0],
                [0.857726, -0.386375, -0.339147, -0.125006, -0.007988, -0.669619, 0.742663, -0.002831, -0.514045, -0.634292, -0.577435, -1.2e-05, 0.0, 0.0, 0.0, 1.0],
                [0.857727, -0.386375, -0.339147, -0.125006, -0.007988, -0.669619, 0.742663, -0.002831, -0.514045, -0.634293, -0.577436, -1.2e-05, 0.0, 0.0, 0.0, 1.0],
                [0.857727, -0.386375, -0.339147, -0.125006, -0.007988, -0.669619, 0.742663, -0.002831, -0.514045, -0.634292, -0.577436, -1.2e-05, 0.0, 0.0, 0.0, 1.0],
                [0.857726, -0.386375, -0.339147, -0.125006, -0.007988, -0.669619, 0.742663, -0.002831, -0.514045, -0.634292, -0.577435, -1.2e-05, 0.0, 0.0, 0.0, 1.0],
                [0.857727, -0.386375, -0.339147, -0.125006, -0.007988, -0.669619, 0.742663, -0.002831, -0.514045, -0.634293, -0.577436, -1.2e-05, 0.0, 0.0, 0.0, 1.0],
                [0.857727, -0.386375, -0.339147, -0.125006, -0.007988, -0.669619, 0.742663, -0.002831, -0.514045, -0.634292, -0.577436, -1.2e-05, 0.0, 0.0, 0.0, 1.0],
                [0.857726, -0.386375, -0.339147, -0.125006, -0.007988, -0.669619, 0.742663, -0.002831, -0.514045, -0.634292, -0.577435, -1.2e-05, 0.0, 0.0, 0.0, 1.0],
                [0.857727, -0.386375, -0.339147, -0.125006, -0.007988, -0.669619, 0.742663, -0.002831, -0.514045, -0.634293, -0.577436, -1.2e-05, 0.0, 0.0, 0.0, 1.0],
                [0.857727, -0.386375, -0.339147, -0.125006, -0.007988, -0.669619, 0.742663, -0.002831, -0.514045, -0.634292, -0.577436, -1.2e-05, 0.0, 0.0, 0.0, 1.0],
                [0.857726, -0.386375, -0.339147, -0.125006, -0.007988, -0.669619, 0.742663, -0.002831, -0.514045, -0.634292, -0.577435, -1.2e-05, 0.0, 0.0, 0.0, 1.0],
                [0.857727, -0.386375, -0.339147, -0.125006, -0.007988, -0.669619, 0.742663, -0.002831, -0.514045, -0.634293, -0.577436, -1.2e-05, 0.0, 0.0, 0.0, 1.0],
                [0.857727, -0.386375, -0.339147, -0.125006, -0.007988, -0.669619, 0.742663, -0.002831, -0.514045, -0.634292, -0.577436, -1.2e-05, 0.0, 0.0, 0.0, 1.0],
                [0.857726, -0.386375, -0.339147, -0.125006, -0.007988, -0.669619, 0.742663, -0.002831, -0.514045, -0.634292, -0.577435, -1.2e-05, 0.0, 0.0, 0.0, 1.0],
                [0.857727, -0.386375, -0.339147, -0.125006, -0.007988, -0.669619, 0.742663, -0.002831, -0.514045, -0.634293, -0.577436, -1.2e-05, 0.0, 0.0, 0.0, 1.0]
            ]
        },
        {
            "name": "Leg_L",
            "time": [0.0, 0.0167, 0.0333, 0.05, 0.0667, 0.0833, 0.1, 0.1167, 0.1333, 0.15, 0.1667, 0.1833, 0.2, 0.2167, 0.2333, 0.25, 0.2667, 0.2833, 0.3, 0.3167, 0.3333, 0.35, 0.3667, 0.3833, 0.4, 0.4167, 0.4333, 0.45, 0.4667, 0.4833, 0.5, 0.5167, 0.5333, 0.55, 0.5667, 0.5833, 0.6, 0.6167, 0.6333, 0.65, 0.6667, 0.6833, 0.7, 0.7167, 0.7333, 0.75, 0.7667, 0.7833, 0.8, 0.8167, 0.8333],
            "transform": [
                [1.0, 0.0, 1e-06, -0.0, -0.0, 0.999933, 0.01159, 0.374726, -1e-06, -0.01159, 0.999933, 0.0, 0.0, 0.0, 0.0, 1.0],
                [1.0, 2e-06, 1e-06, 0.0, -2e-06, 0.993546, 0.113431, 0.374726, -1e-06, -0.113432, 0.993546, 0.0, 0.0, 0.0, 0.0, 1.0],
                [1.0, 5e-06, 1e-06, -0.0, -5e-06, 0.976431, 0.215829, 0.374726, -0.0, -0.21583, 0.976431, 0.0, 0.0, 0.0, 0.0, 1.0],
                [1.0, 6e-06, 2e-06, 0.0, -7e-06, 0.952063, 0.305901, 0.374726, 0.0, -0.305901, 0.952063, 0.0, 0.0, 0.0, 0.0, 1.0],
                [1.0, 8e-06, 2e-06, -0.0, -8e-06, 0.924251, 0.381785, 0.374726, 1e-06, -0.381786, 0.924251, -0.0, 0.0, 0.0, 0.0, 1.0],
                [1.0, 9e-06, 3e-06, -0.0, -1e-05, 0.897483, 0.441048, 0.374726, 2e-06, -0.441049, 0.897483, -0.0, 0.0, 0.0, 0.0, 1.0],
                [1.0, 1e-05, 3e-06, -0.0, -1.1e-05, 0.87663, 0.481165, 0.374726, 2e-06, -0.481165, 0.876631, -0.0, 0.0, 0.0, 0.0, 1.0],
                [1.0, 1e-05, 4e-06, 0.0, -1.1e-05, 0.86742, 0.497576, 0.374726, 2e-06, -0.497576, 0.86742, 0.0, 0.0, 0.0, 0.0, 1.0],
                [1.0, 1e-05, 3e-06, -0.0, -1.1e-05, 0.876145, 0.482047, 0.374726, 2e-06, -0.482048, 0.876145, -0.0, 0.0, 0.0, 0.0, 1.0],
                [1.0, 9e-06, 3e-06, 0.0, -9e-06, 0.910222, 0.414119, 0.374726, 1e-06, -0.41412, 0.910223, -0.0, 0.0, 0.0, 0.0, 1.0],
                [1.000001, 4e-06, 1e-06, 0.0, -5e-06, 0.978169, 0.207809, 0.374726, -0.0, -0.20781, 0.97817, 0.0, 0.0, 0.0, 0.0, 1.0],
                [1.0, 0.0, 1e-06, 0.0, -0.0, 0.999999, 0.001461, 0.374726, -1e-06, -0.001461, 0.999999, -0.0, 0.0, 0.0, 0.0, 1.0],
                [1.0, 0.0, 1e-06, 0.0, -0.0, 0.999999, 0.001463, 0.374726, -1e-06, -0.001463, 0.999999, 0.0, 0.0, 0.0, 0.0, 1.0],
                [1.0, 0.0, 1e-06, 0.0, 0.0, 0.999999, 0.001466, 0.374726, -1e-06, -0.001466, 0.999999, 0.0, 0.0, 0.0, 0.0, 1.0],
                [1.0, 0.0, 1e-06, -0.0, 0.0, 0.999999, 0.001468, 0.374726, -1e-06, -0.001468, 0.999999, -0.0, 0.0, 0.0, 0.0, 1.0],
                [1.0, 0.0, 1e-06, 0.0, 0.0, 0.999998, 0.001469, 0.374726, -1e-06, -0.001469, 0.999999, -0.0, 0.0, 0.0, 0.0, 1.0],
                [1.0, 0.0, 1e-06, -0.0, -0.0, 0.999999, 0.00147, 0.374726, -1e-06, -0.00147, 0.999999, -0.0, 0.0, 0.0, 0.0, 1.0],
                [1.0, 0.0, 1e-06, 0.0, -0.0, 0.999999, 0.00147, 0.374726, -1e-06, -0.00147, 0.999999, -0.0, 0.0, 0.0, 0.0, 1.0],
                [1.0, 0.0, 1e-06, 0.0, 0.0, 0.999999, 0.001469, 0.374726, -1e-06, -0.001469, 0.999999, 0.0, 0.0, 0.0, 0.0, 1.0],
                [1.0, -0.0, 1e-06, -0.0, -0.0, 0.999998, 0.001468, 0.374726, -1e-06, -0.001468, 0.999999, -0.0, 0.0, 0.0, 0.0, 1.0],
                [1.0, 0.0, 1e-06, 0.0, 0.0, 0.999999, 0.001465, 0.374726, -1e-06, -0.001465, 0.999999, 0.0, 0.0, 0.0, 0.0, 1.0],
                [1.0, 0.0, 1e-06, 0.0, 0.0, 0.999999, 0.001462, 0.374726, -1e-06, -0.001462, 0.999999, -0.0, 0.0, 0.0, 0.0, 1.0],
                [1.0, 8e-06, 2e-06, 0.0, -8e-06, 0.908668, 0.417518, 0.374726, 1e-06, -0.417518, 0.908668, 0.0, 0.0, 0.0, 0.0, 1.0],
                [1.0, 1.6e-05, 7e-06, 0.0, -1.6e-05, 0.74647, 0.665419, 0.374726, 6e-06, -0.66542, 0.74647, -0.0, 0.0, 0.0, 0.0, 1.0],
                [1.0, 1.7e-05, 9e-06, 0.0, -1.8e-05, 0.642385, 0.766381, 0.374726, 7e-06, -0.766381, 0.642385, -0.0, 0.0, 0.0, 0.0, 1.0],
                [1.0, 1.3e-05, 7e-06, 0.0, -1.3e-05, 0.599659, 0.800255, 0.374726, 6e-06, -0.800256, 0.599659, 0.0, 0.0, 0.0, 0.0, 1.0],
                [1.0, 1.7e-05, 9e-06, -0.0, -1.7e-05, 0.609635, 0.792681, 0.374726, 8e-06, -0.792682, 0.609636, 0.0, 0.0, 0.0, 0.0, 1.0],
                [1.0, 1.6e-05, 8e-06, 0.0, -1.6e-05, 0.654659, 0.755924, 0.374726, 7e-06, -0.755924, 0.654659, -0.0, 0.0, 0.0, 0.0, 1.0],
                [1.0, 1.5e-05, 7e-06, -0.0, -1.5e-05, 0.71287, 0.701296, 0.374726, 6e-06, -0.701296, 0.71287, -0.0, 0.0, 0.0, 0.0, 1.0],
                [1.0, 1.4e-05, 7e-06, 0.0, -1.5e-05, 0.725101, 0.688642, 0.374726, 5e-06, -0.688643, 0.725101, -0.0, 0.0, 0.0, 0.0, 1.0],
                [1.0, 1.5e-05, 7e-06, -0.0, -1.6e-05, 0.684667, 0.728856, 0.374726, 6e-06, -0.728856, 0.684667, 0.0, 0.0, 0.0, 0.0, 1.0],
                [1.0, 1.6e-05, 8e-06, 0.0, -1.6e-05, 0.644889, 0.764276, 0.374726, 7e-06, -0.764276, 0.64489, 0.0, 0.0, 0.0, 0.0, 1.0],
                [1.0, 1.7e-05, 9e-06, 0.0, -1.7e-05, 0.628635, 0.7777, 0.374726, 7e-06, -0.777701, 0.628635, -0.0, 0.0, 0.0, 0.0, 1.0],
                [1.0, 1.6e-05, 9e-06, 0.0, -1.7e-05, 0.626613, 0.77933, 0.374726, 7e-06, -0.77933, 0.626614, -0.0, 0.0, 0.0, 0.0, 1.0],
                [1.0, 1.6e-05, 9e-06, 0.0, -1.7e-05, 0.626613, 0.77933, 0.374726, 7e-06, -0.77933, 0.626614, -0.0, 0.0, 0.0, 0.0, 1.0],
                [1.0, 1.6e-05, 9e-06, 0.0, -1.7e-05, 0.626613, 0.77933, 0.374726, 7e-06, -0.77933, 0.626614, -0.0, 0.0, 0.0, 0.0, 1.0],
                [1.0, 1.6e-05, 9e-06, 0.0, -1.7e-05, 0.626613, 0.77933, 0.374726, 7e-06, -0.77933, 0.626614, -0.0, 0.0, 0.0, 0.0, 1.0],
                [1.0, 1.6e-05, 9e-06, -0.0, -1.7e-05, 0.626614, 0.77933, 0.374726, 7e-06, -0.77933, 0.626614, -0.0, 0.0, 0.0, 0.0, 1.0],
                [1.0, 1.6e-05, 9e-06, 0.0, -1.7e-05, 0.626613, 0.77933, 0.374726, 7e-06, -0.77933, 0.626614, -0.0, 0.0, 0.0, 0.0, 1.0],
                [1.0, 1.6e-05, 9e-06, 0.0, -1.7e-05, 0.626613, 0.77933, 0.374726, 7e-06, -0.77933, 0.626614, -0.0, 0.0, 0.0, 0.0, 1.0],
                [1.0, 1.6e-05, 9e-06, -0.0, -1.7e-05, 0.626614, 0.77933, 0.374726, 7e-06, -0.77933, 0.626614, -0.0, 0.0, 0.0, 0.0, 1.0],
                [1.0, 1.6e-05, 9e-06, 0.0, -1.7e-05, 0.626613, 0.77933, 0.374726, 7e-06, -0.77933, 0.626614, -0.0, 0.0, 0.0, 0.0, 1.0],
                [1.0, 1.6e-05, 9e-06, 0.0, -1.7e-05, 0.626613, 0.77933, 0.374726, 7e-06, -0.77933, 0.626614, -0.0, 0.0, 0.0, 0.0, 1.0],
                [1.0, 1.6e-05, 9e-06, -0.0, -1.7e-05, 0.626614, 0.77933, 0.374726, 7e-06, -0.77933, 0.626614, -0.0, 0.0, 0.0, 0.0, 1.0],
                [1.0, 1.6e-05, 9e-06, 0.0, -1.7e-05, 0.626613, 0.77933, 0.374726, 7e-06, -0.77933, 0.626614, -0.0, 0.0, 0.0, 0.0, 1.0],
                [1.0, 1.6e-05, 9e-06, 0.0, -1.7e-05, 0.626613, 0.77933, 0.374726, 7e-06, -0.77933, 0.626614, -0.0, 0.0, 0.0, 0.0, 1.0],
                [1.0, 1.6e-05, 9e-06, -0.0, -1.7e-05, 0.626614, 0.77933, 0.374726, 7e-06, -0.77933, 0.626614, -0.0, 0.0, 0.0, 0.0, 1.0],
                [1.0, 1.6e-05, 9e-06, 0.0, -1.7e-05, 0.626613, 0.77933, 0.374726, 7e-06, -0.77933, 0.626614, -0.0, 0.0, 0.0, 0.0, 1.0],
                [1.0, 1.6e-05, 9e-06, 0.0, -1.7e-05, 0.626613, 0.77933, 0.374726, 7e-06, -0.77933, 0.626614, -0.0, 0.0, 0.0, 0.0, 1.0],
