{
    "animation": [
        {
            "name": "Root",
            "time": [0.0, 0.0167, 0.0333, 0.05, 0.0667, 0.0833, 0.1, 0.1167, 0.1333, 0.15, 0.1667, 0.1833, 0.2, 0.2167, 0.2333, 0.25, 0.2667, 0.2833, 0.3, 0.3167, 0.3333, 0.35, 0.3667, 0.3833, 0.4, 0.4167, 0.4333, 0.45, 0.4667, 0.4833, 0.5, 0.5167, 0.5333, 0.55, 0.5667, 0.5833, 0.6],
            "transform": [
                [1.0, 0.0, 0.0, -0.059293, 0.0, 0.0, -1.0, 0.118511, 0.0, 1.0, 0.0, 0.561096, 0.0, 0.0, 0.0, 1.0],
                [1.0, 0.0, 0.0, -0.059293, 0.0, 0.0, -1.0, 0.239135, 0.0, 1.0, 0.0, 0.561096, 0.0, 0.0, 0.0, 1.0],
                [1.0, 0.0, 0.0, -0.059293, 0.0, 0.0, -1.0, 0.447747, 0.0, 1.0, 0.0, 0.561096, 0.0, 0.0, 0.0, 1.0],
                [1.0, 0.0, 0.0, -0.059293, 0.0, 0.0, -1.0, 0.646725, 0.0, 1.0, 0.0, 0.561096, 0.0, 0.0, 0.0, 1.0],
                [1.0, 0.0, 0.0, -0.059293, 0.0, 0.0, -1.0, 0.765857, 0.0, 1.0, 0.0, 0.619043, 0.0, 0.0, 0.0, 1.0],
                [1.0, 0.0, 0.0, -0.059293, 0.0, 0.0, -1.0, 0.844585, 0.0, 1.0, 0.0, 0.676991, 0.0, 0.0, 0.0, 1.0],
                [1.0, 0.0, 0.0, -0.059293, 0.0, 0.0, -1.0, 0.937041, 0.0, 1.0, 0.0, 0.676991, 0.0, 0.0, 0.0, 1.0],
                [1.0, 0.0, 0.0, -0.059293, 0.0, 0.0, -1.0, 1.046476, 0.0, 1.0, 0.0, 0.676991, 0.0, 0.0, 0.0, 1.0],
                [1.0, 0.0, 0.0, -0.059293, 0.0, 0.0, -1.0, 1.16342, 0.0, 1.0, 0.0, 0.676991, 0.0, 0.0, 0.0, 1.0],
                [1.0, 0.0, 0.0, -0.059293, 0.0, 0.0, -1.0, 1.277742, 0.0, 1.0, 0.0, 0.676991, 0.0, 0.0, 0.0, 1.0],
                [1.0, 0.0, 0.0, -0.059293, 0.0, 0.0, -1.0, 1.376671, 0.0, 1.0, 0.0, 0.676991, 0.0, 0.0, 0.0, 1.0],
                [1.0, 0.0, 0.0, -0.059293, 0.0, 0.0, -1.0, 1.446775, 0.0, 1.0, 0.0, 0.676991, 0.0, 0.0, 0.0, 1.0],
                [1.0, 0.0, 0.0, -0.059293, 0.0, 0.0, -1.0, 1.485923, 0.0, 1.0, 0.0, 0.676991, 0.0, 0.0, 0.0, 1.0],
                [1.0, 0.0, 0.0, -0.059293, 0.0, 0.0, -1.0, 1.537187, 0.0, 1.0, 0.0, 0.676991, 0.0, 0.0, 0.0, 1.0],
                [1.0, 0.0, 0.0, -0.059293, 0.0, 0.0, -1.0, 1.640771, 0.0, 1.0, 0.0, 0.676991, 0.0, 0.0, 0.0, 1.0],
                [1.0, 0.0, 0.0, -0.059293, 0.0, 0.0, -1.0, 1.780194, 0.0, 1.0, 0.0, 0.676991, 0.0, 0.0, 0.0, 1.0],
                [1.0, 0.0, 0.0, -0.059293, 0.0, 0.0, -1.0, 1.924807, 0.0, 1.0, 0.0, 0.676991, 0.0, 0.0, 0.0, 1.0],
                [1.0, 0.0, 0.0, -0.059293, 0.0, 0.0, -1.0, 2.049609, 0.0, 1.0, 0.0, 0.676991, 0.0, 0.0, 0.0, 1.0],
                [1.0, 0.0, 0.0, -0.059293, 0.0, 0.0, -1.0, 2.152192, 0.0, 1.0, 0.0, 0.676991, 0.0, 0.0, 0.0, 1.0],
                [1.0, 0.0, 0.0, -0.059293, 0.0, 0.0, -1.0, 2.235797, 0.0, 1.0, 0.0, 0.676991, 0.0, 0.0, 0.0, 1.0],
                [1.0, 0.0, 0.0, -0.059293, 0.0, 0.0, -1.0, 2.303664, 0.0, 1.0, 0.0, 0.676991, 0.0, 0.0, 0.0, 1.0],
                [1.0, 0.0, 0.0, -0.059293, 0.0, 0.0, -1.0, 2.359035, 0.0, 1.0, 0.0, 0.676991, 0.0, 0.0, 0.0, 1.0],
                [1.0, 0.0, 0.0, -0.061575, 0.0, 0.0, -1.0, 2.404508, 0.0, 1.0, 0.0, 0.665695, 0.0, 0.0, 0.0, 1.0],
                [1.0, 0.0, 0.0, -0.065815, 0.0, 0.0, -1.0, 2.440112, 0.0, 1.0, 0.0, 0.637803, 0.0, 0.0, 0.0, 1.0],
                [1.0, 0.0, 0.0, -0.068097, 0.0, 0.0, -1.0, 2.465236, 0.0, 1.0, 0.0, 0.602305, 0.0, 0.0, 0.0, 1.0],
                [1.0, 0.0, 0.0, -0.067741, 0.0, 0.0, -1.0, 2.479873, 0.0, 1.0, 0.0, 0.567884, 0.0, 0.0, 0.0, 1.0],
                [1.0, 0.0, 0.0, -0.067078, 0.0, 0.0, -1.0, 2.48644, 0.0, 1.0, 0.0, 0.541992, 0.0, 0.0, 0.0, 1.0],
                [1.0, 0.0, 0.0, -0.066722, 0.0, 0.0, -1.0, 2.487958, 0.0, 1.0, 0.0, 0.531774, 0.0, 0.0, 0.0, 1.0],
                [1.0, 0.0, 0.0, -0.066722, 0.0, 0.0, -1.0, 2.487958, 0.0, 1.0, 0.0, 0.531774, 0.0, 0.0, 0.0, 1.0],
                [1.0, 0.0, 0.0, -0.066722, 0.0, 0.0, -1.0, 2.487958, 0.0, 1.0, 0.0, 0.531774, 0.0, 0.0, 0.0, 1.0],
                [1.0, 0.0, 0.0, -0.066722, 0.0, 0.0, -1.0, 2.487958, 0.0, 1.0, 0.0, 0.531774, 0.0, 0.0, 0.0, 1.0],
                [1.0, 0.0, 0.0, -0.066722, 0.0, 0.0, -1.0, 2.487958, 0.0, 1.0, 0.0, 0.531774, 0.0, 0.0, 0.0, 1.0],
                [1.0, 0.0, 0.0, -0.066722, 0.0, 0.0, -1.0, 2.487958, 0.0, 1.0, 0.0, 0.531774, 0.0, 0.0, 0.0, 1.0],
                [1.0, 0.0, 0.0, -0.066722, 0.0, 0.0, -1.0, 2.487958, 0.0, 1.0, 0.0, 0.531774, 0.0, 0.0, 0.0, 1.0],
                [1.0, 0.0, 0.0, -0.066722, 0.0, 0.0, -1.0, 2.487958, 0.0, 1.0, 0.0, 0.531774, 0.0, 0.0, 0.0, 1.0],
                [1.0, 0.0, 0.0, -0.066722, 0.0, 0.0, -1.0, 2.487958, 0.0, 1.0, 0.0, 0.531774, 0.0, 0.0, 0.0, 1.0],
                [1.0, 0.0, 0.0, -0.066722, 0.0, 0.0, -1.0, 2.487958, 0.0, 1.0, 0.0, 0.531774, 0.0, 0.0, 0.0, 1.0]
            ]
        },
        {
            "name": "Thigh_R",
            "time": [0.0, 0.0167, 0.0333, 0.05, 0.0667, 0.0833, 0.1, 0.1167, 0.1333, 0.15, 0.1667, 0.1833, 0.2, 0.2167, 0.2333, 0.25, 0.2667, 0.2833, 0.3, 0.3167, 0.3333, 0.35, 0.3667, 0.3833, 0.4, 0.4167, 0.4333, 0.45, 0.4667, 0.4833, 0.5, 0.5167, 0.5333, 0.55, 0.5667, 0.5833, 0.6],
            "transform": [
                [0.946718, 0.259382, -0.19091, 0.17036, 0.319097, -0.835719, 0.446935, -0.04892, -0.04362, -0.48404, -0.873958, -0.009332, 0.0, 0.0, 0.0, 1.0],
                [0.945379, 0.29302, -0.142821, 0.161993, 0.324125, -0.891583, 0.316265, -0.036971, -0.034665, -0.345282, -0.937859, 0.012602, 0.0, 0.0, 0.0, 1.0],
                [0.940787, 0.335977, -0.045156, 0.143544, 0.337946, -0.939997, 0.046902, -0.01478, -0.026689, -0.059386, -0.997879, 0.053336, 0.0, 0.0, 0.0, 1.0],
                [0.933836, 0.344824, 0.095112, 0.124994, 0.357088, -0.883116, -0.304295, -0.002831, -0.020933, 0.318125, -0.947818, 0.07527, 0.0, 0.0, 0.0, 1.0],
                [0.927622, 0.314939, 0.200828, 0.111551, 0.373308, -0.763505, -0.526975, -0.005664, -0.012632, 0.563804, -0.825813, 0.069095, 0.0, 0.0, 0.0, 1.0],
                [0.916861, 0.366826, 0.157497, 0.101448, 0.398979, -0.828667, -0.392592, -0.013135, -0.013501, 0.422789, -0.906127, 0.052817, 0.0, 0.0, 0.0, 1.0],
                [0.911595, 0.407726, -0.052483, 0.09421, 0.411072, -0.905299, 0.107025, -0.023697, -0.003876, -0.119138, -0.99287, 0.029803, 0.0, 0.0, 0.0, 1.0],
                [0.934778, 0.308881, -0.175448, 0.089357, 0.353252, -0.756204, 0.55079, -0.035805, 0.037454, -0.576844, -0.815996, 0.00342, 0.0, 0.0, 0.0, 1.0],
                [0.969098, 0.192089, -0.154762, 0.086414, 0.22973, -0.474276, 0.849875, -0.047913, 0.089851, -0.859165, -0.503748, -0.022961, 0.0, 0.0, 0.0, 1.0],
                [0.989291, 0.131303, -0.063743, 0.084903, 0.105569, -0.342117, 0.933709, -0.058475, 0.100791, -0.930439, -0.352314, -0.045976, 0.0, 0.0, 0.0, 1.0],
                [0.996932, 0.068907, -0.037133, 0.084346, 0.063229, -0.429279, 0.900956, -0.065946, 0.046142, -0.90054, -0.432319, -0.062254, 0.0, 0.0, 0.0, 1.0],
                [0.998603, 0.037836, -0.036885, 0.084266, 0.052167, -0.594818, 0.802166, -0.068779, 0.008411, -0.80297, -0.59596, -0.068429, 0.0, 0.0, 0.0, 1.0],
                [0.999489, 0.029767, -0.011664, 0.085315, 0.029424, -0.713763, 0.69977, -0.067995, 0.012505, -0.699755, -0.714273, -0.063664, 0.0, 0.0, 0.0, 1.0],
                [0.999722, 0.022598, -0.006759, 0.08816, 0.020718, -0.704356, 0.709545, -0.065864, 0.011274, -0.709487, -0.704628, -0.050731, 0.0, 0.0, 0.0, 1.0],
                [0.999824, 0.017149, -0.007633, 0.092352, 0.017113, -0.665672, 0.746049, -0.062725, 0.007713, -0.746048, -0.665848, -0.031671, 0.0, 0.0, 0.0, 1.0],
                [0.999927, 0.010816, -0.005364, 0.097444, 0.011416, -0.702585, 0.711509, -0.058913, 0.003927, -0.711518, -0.702657, -0.008528, 0.0, 0.0, 0.0, 1.0],
                [0.999993, 0.003118, -0.001939, 0.102984, 0.003655, -0.794541, 0.6072, -0.054765, 0.000352, -0.607203, -0.794547, 0.016658, 0.0, 0.0, 0.0, 1.0],
                [0.999753, 0.009053, 0.020288, 0.108525, -0.001213, -0.889592, 0.456755, -0.050616, 0.022183, -0.456666, -0.889362, 0.041843, 0.0, 0.0, 0.0, 1.0],
                [0.997234, 0.032098, 0.067035, 0.113616, 0.012943, -0.963153, 0.268642, -0.046804, 0.073187, -0.267031, -0.960905, 0.064987, 0.0, 0.0, 0.0, 1.0],
                [0.990539, 0.055659, 0.125439, 0.117809, 0.048635, -0.997109, 0.058384, -0.043665, 0.128326, -0.051731, -0.990382, 0.084047, 0.0, 0.0, 0.0, 1.0],
                [0.980851, 0.064655, 0.183715, 0.120654, 0.093354, -0.983941, -0.152139, -0.041535, 0.170928, 0.166376, -0.971135, 0.09698, 0.0, 0.0, 0.0, 1.0],
                [0.973703, 0.047662, 0.222778, 0.121702, 0.125999, -0.927366, -0.352304, -0.04075, 0.189805, 0.37111, -0.908984, 0.101745, 0.0, 0.0, 0.0, 1.0],
                [0.969252, 0.019739, 0.245277, 0.121702, 0.150798, -0.835319, -0.52868, -0.04075, 0.194449, 0.549412, -0.812611, 0.101745, 0.0, 0.0, 0.0, 1.0],
                [0.962342, 0.019713, 0.271126, 0.121702, 0.183643, -0.782514, -0.594935, -0.04075, 0.200432, 0.622321, -0.756666, 0.101744, 0.0, 0.0, 0.0, 1.0],
                [0.954438, 0.053206, 0.293628, 0.121702, 0.215802, -0.802667, -0.556018, -0.04075, 0.206102, 0.59405, -0.777577, 0.101745, 0.0, 0.0, 0.0, 1.0],
                [0.947302, 0.08288, 0.309434, 0.121702, 0.241479, -0.819465, -0.519776, -0.04075, 0.210492, 0.567106, -0.796294, 0.101745, 0.0, 0.0, 0.0, 1.0],
                [0.94154, 0.105037, 0.320109, 0.121702, 0.260483, -0.829547, -0.493965, -0.04075, 0.213661, 0.548471, -0.808412, 0.101745, 0.0, 0.0, 0.0, 1.0],
                [0.939194, 0.113994, 0.323914, 0.121702, 0.267854, -0.833455, -0.483331, -0.04075, 0.214871, 0.540703, -0.813308, 0.101745, 0.0, 0.0, 0.0, 1.0],
                [0.939194, 0.113994, 0.323914, 0.121702, 0.267854, -0.833454, -0.483331, -0.04075, 0.214871, 0.540704, -0.813308, 0.101745, 0.0, 0.0, 0.0, 1.0],
                [0.939194, 0.113993, 0.323915, 0.121702, 0.267853, -0.833454, -0.483331, -0.04075, 0.214871, 0.540704, -0.813308, 0.101745, 0.0, 0.0, 0.0, 1.0],
                [0.939194, 0.113993, 0.323915, 0.121702, 0.267853, -0.833454, -0.483331, -0.04075, 0.214871, 0.540704, -0.813308, 0.101745, 0.0, 0.0, 0.0, 1.0],
                [0.939194, 0.113993, 0.323915, 0.121702, 0.267853, -0.833454, -0.483331, -0.04075, 0.214871, 0.540704, -0.813308, 0.101745, 0.0, 0.0, 0.0, 1.0],
                [0.939194, 0.113993, 0.323915, 0.121702, 0.267853, -0.833454, -0.483331, -0.04075, 0.214871, 0.540704, -0.813308, 0.101745, 0.0, 0.0, 0.0, 1.0],
                [0.939194, 0.113993, 0.323915, 0.121702, 0.267853, -0.833454, -0.483331, -0.04075, 0.214871, 0.540704, -0.813308, 0.101745, 0.0, 0.0, 0.0, 1.0],
                [0.939194, 0.113993, 0.323915, 0.121702, 0.267853, -0.833454, -0.483331, -0.04075, 0.214871, 0.540704, -0.813308, 0.101745, 0.0, 0.0, 0.0, 1.0],
                [0.939194, 0.113993, 0.323915, 0.121702, 0.267853, -0.833454, -0.483331, -0.04075, 0.214871, 0.540704, -0.813308, 0.101745, 0.0, 0.0, 0.0, 1.0],
                [0.939194, 0.113993, 0.323915, 0.121702, 0.267853, -0.833454, -0.483331, -0.04075, 0.214871, 0.540704, -0.813308, 0.101745, 0.0, 0.0, 0.0, 1.0]
            ]
        },
        {
            "name": "Leg_R",
            "time": [0.0, 0.0167, 0.0333, 0.05, 0.0667, 0.0833, 0.1, 0.1167, 0.1333, 0.15, 0.1667, 0.1833, 0.2, 0.2167, 0.2333, 0.25, 0.2667, 0.2833, 0.3, 0.3167, 0.3333, 0.35, 0.3667, 0.3833, 0.4, 0.4167, 0.4333, 0.45, 0.4667, 0.4833, 0.5, 0.5167, 0.5333, 0.55, 0.5667, 0.5833, 0.6],
            "transform": [
                [1.0, 2.3e-05, 2e-05, -0.0, -2.4e-05, 0.179524, 0.983754, 0.374726, 1.9e-05, -0.983753, 0.179524, 0.0, 0.0, 0.0, 0.0, 1.0],
                [1.0, 2.3e-05, 1.7e-05, -0.0, -2.3e-05, 0.295691, 0.955283, 0.374726, 1.6e-05, -0.955284, 0.295691, -0.0, 0.0, 0.0, 0.0, 1.0],
                [1.0, 1.7e-05, 1e-05, 0.0, -1.8e-05, 0.572358, 0.820004, 0.374726, 9e-06, -0.820004, 0.572358, -0.0, 0.0, 0.0, 0.0, 1.0],
                [1.0, 9e-06, 3e-06, -0.0, -9e-06, 0.901979, 0.43178, 0.374726, 1e-06, -0.431779, 0.901979, -0.0, 0.0, 0.0, 0.0, 1.0],
                [1.0, 0.0, 1e-06, 0.0, 0.0, 0.999999, 0.001462, 0.374726, -1e-06, -0.001462, 0.999999, -0.0, 0.0, 0.0, 0.0, 1.0],
                [1.0, 5e-06, 1e-06, -0.0, -5e-06, 0.962953, 0.269668, 0.374726, -0.0, -0.269668, 0.962953, 0.0, 0.0, 0.0, 0.0, 1.0],
                [1.0, 2.1e-05, 1.4e-05, -0.0, -2.2e-05, 0.428223, 0.903673, 0.374726, 1.3e-05, -0.903673, 0.428224, -0.0, 0.0, 0.0, 0.0, 1.0],
                [1.0, 2.1e-05, 2.1e-05, -0.0, -2.2e-05, 0.016467, 0.999864, 0.374726, 2.1e-05, -0.999864, 0.016468, -0.0, 0.0, 0.0, 0.0, 1.0],
                [1.0, 1.8e-05, 2e-05, 0.0, -1.8e-05, -0.083579, 0.996501, 0.374726, 1.9e-05, -0.996501, -0.083579, 0.0, 0.0, 0.0, 0.0, 1.0],
                [1.0, 1.9e-05, 1.7e-05, -0.0, -2e-05, 0.130976, 0.991385, 0.374726, 1.6e-05, -0.991386, 0.130976, -0.0, 0.0, 0.0, 0.0, 1.0],
                [1.0, 1.8e-05, 1.1e-05, -0.0, -1.9e-05, 0.504818, 0.863226, 0.374726, 1e-05, -0.863226, 0.504818, -0.0, 0.0, 0.0, 0.0, 1.0],
                [1.0, 1.3e-05, 5e-06, 0.0, -1.3e-05, 0.807028, 0.590513, 0.374726, 4e-06, -0.590513, 0.807028, 0.0, 0.0, 0.0, 0.0, 1.0],
                [1.0, 7e-06, 2e-06, 0.0, -8e-06, 0.936138, 0.351633, 0.374726, 1e-06, -0.351633, 0.936138, 0.0, 0.0, 0.0, 0.0, 1.0],
                [1.0, 1e-05, 3e-06, 0.0, -1e-05, 0.88786, 0.460113, 0.374726, 2e-06, -0.460114, 0.88786, -0.0, 0.0, 0.0, 0.0, 1.0],
                [1.0, 1.5e-05, 7e-06, 0.0, -1.6e-05, 0.697714, 0.716376, 0.374726, 6e-06, -0.716377, 0.697714, 0.0, 0.0, 0.0, 0.0, 1.0],
                [1.0, 1.8e-05, 1.1e-05, -0.0, -1.9e-05, 0.516715, 0.856158, 0.374726, 1e-05, -0.856158, 0.516714, 0.0, 0.0, 0.0, 0.0, 1.0],
                [1.0, 1.9e-05, 1.3e-05, -0.0, -2e-05, 0.432976, 0.901406, 0.374726, 1.2e-05, -0.901405, 0.432976, 0.0, 0.0, 0.0, 0.0, 1.0],
                [1.0, 1.9e-05, 1.3e-05, -0.0, -1.9e-05, 0.427293, 0.904113, 0.374726, 1.2e-05, -0.904113, 0.427293, -0.0, 0.0, 0.0, 0.0, 1.0],
                [1.0, 1.8e-05, 1.2e-05, 0.0, -1.9e-05, 0.476986, 0.87891, 0.374726, 1.1e-05, -0.878911, 0.476986, 0.0, 0.0, 0.0, 0.0, 1.0],
                [1.0, 1.7e-05, 1e-05, -0.0, -1.8e-05, 0.583372, 0.812205, 0.374726, 8e-06, -0.812205, 0.583372, 0.0, 0.0, 0.0, 0.0, 1.0],
                [1.0, 1.4e-05, 6e-06, 0.0, -1.5e-05, 0.729424, 0.684061, 0.374726, 5e-06, -0.684062, 0.729424, -0.0, 0.0, 0.0, 0.0, 1.0],
                [1.0, 1e-05, 3e-06, 0.0, -1e-05, 0.88575, 0.464162, 0.374726, 2e-06, -0.464163, 0.88575, -0.0, 0.0, 0.0, 0.0, 1.0],
                [1.0, 4e-06, 1e-06, 0.0, -4e-06, 0.981808, 0.189877, 0.374726, -0.0, -0.189877, 0.981808, 0.0, 0.0, 0.0, 0.0, 1.0],
                [1.0, 3e-06, 1e-06, -0.0, -3e-06, 0.991437, 0.130584, 0.374726, -1e-06, -0.130584, 0.991437, 0.0, 0.0, 0.0, 0.0, 1.0],
                [1.0, 7e-06, 2e-06, 0.0, -7e-06, 0.947749, 0.319015, 0.374726, 0.0, -0.319016, 0.94775, -0.0, 0.0, 0.0, 0.0, 1.0],
                [1.0, 9e-06, 3e-06, -0.0, -1e-05, 0.880287, 0.474441, 0.374726, 2e-06, -0.474441, 0.880288, -0.0, 0.0, 0.0, 0.0, 1.0],
                [1.0, 1.2e-05, 5e-06, 0.0, -1.2e-05, 0.818806, 0.57407, 0.374726, 3e-06, -0.57407, 0.818807, -0.0, 0.0, 0.0, 0.0, 1.0],
                [1.0, 1.3e-05, 5e-06, 0.0, -1.3e-05, 0.791647, 0.610978, 0.374726, 4e-06, -0.610979, 0.791647, 0.0, 0.0, 0.0, 0.0, 1.0],
                [1.0, 1.2e-05, 5e-06, -0.0, -1.3e-05, 0.791648, 0.610977, 0.374726, 4e-06, -0.610978, 0.791647, 0.0, 0.0, 0.0, 0.0, 1.0],
                [1.0, 1.4e-05, 6e-06, -0.0, -1.4e-05, 0.791647, 0.610977, 0.374726, 4e-06, -0.610978, 0.791647, 0.0, 0.0, 0.0, 0.0, 1.0],
                [1.0, 1.4e-05, 6e-06, -0.0, -1.4e-05, 0.791647, 0.610977, 0.374726, 4e-06, -0.610978, 0.791647, 0.0, 0.0, 0.0, 0.0, 1.0],
                [1.0, 1.4e-05, 6e-06, -0.0, -1.4e-05, 0.791647, 0.610977, 0.374726, 4e-06, -0.610978, 0.791647, 0.0, 0.0, 0.0, 0.0, 1.0],
                [1.0, 1.4e-05, 6e-06, -0.0, -1.4e-05, 0.791647, 0.610977, 0.374726, 4e-06, -0.610978, 0.791647, 0.0, 0.0, 0.0, 0.0, 1.0],
                [1.0, 1.4e-05, 6e-06, -0.0, -1.4e-05, 0.791647, 0.610977, 0.374726, 4e-06, -0.610978, 0.791647, 0.0, 0.0, 0.0, 0.0, 1.0],
                [1.0, 1.4e-05, 6e-06, -0.0, -1.4e-05, 0.791647, 0.610977, 0.374726, 4e-06, -0.610978, 0.791647, 0.0, 0.0, 0.0, 0.0, 1.0],
                [1.0, 1.4e-05, 6e-06, -0.0, -1.4e-05, 0.791647, 0.610977, 0.374726, 4e-06, -0.610978, 0.791647, 0.0, 0.0, 0.0, 0.0, 1.0],
                [1.0, 1.4e-05, 6e-06, -0.0, -1.4e-05, 0.791647, 0.610977, 0.374726, 4e-06, -0.610978, 0.791647, 0.0, 0.0, 0.0, 0.0, 1.0]
            ]
        },
        {
            "name": "Knee_R",
            "time": [0.0, 0.6],
            "transform": [
                [1.0, 0.0, -0.0, -0.0, -0.0, 0.00567, -0.999984, 0.464574, -0.0, 0.999984, 0.00567, -0.000509, 0.0, 0.0, 0.0, 1.0],
                [1.0, 0.0, -0.0, 0.0, -0.0, 0.00567, -0.999984, 0.387579, -0.0, 0.999984, 0.00567, -7.3e-05, 0.0, 0.0, 0.0, 1.0]
            ]
        },
        {
            "name": "Thigh_L",
            "time": [0.0, 0.0167, 0.0333, 0.05, 0.0667, 0.0833, 0.1, 0.1167, 0.1333, 0.15, 0.1667, 0.1833, 0.2, 0.2167, 0.2333, 0.25, 0.2667, 0.2833, 0.3, 0.3167, 0.3333, 0.35, 0.3667, 0.3833, 0.4, 0.4167, 0.4333, 0.45, 0.4667, 0.4833, 0.5, 0.5167, 0.5333, 0.55, 0.5667, 0.5833, 0.6],
            "transform": [
                [0.757168, -0.641671, -0.122292, -0.125006, -0.646886, -0.762577, -0.003909, -0.002831, -0.090749, 0.082068, -0.992487, -1.2e-05, 0.0, 0.0, 0.0, 1.0],
                [0.786629, -0.605669, 0.119918, -0.124586, -0.608207, -0.72669, 0.319385, -0.002982, -0.106299, -0.324172, -0.940007, 0.010669, 0.0, 0.0, 0.0, 1.0],
                [0.867872, -0.393148, 0.3037, -0.123433, -0.4635, -0.420781, 0.779815, -0.00331, -0.178791, -0.817545, -0.547408, 0.023019, 0.0, 0.0, 0.0, 1.0],
                [0.936595, -0.321204, 0.140066, -0.121712, -0.237026, -0.286319, 0.928354, -0.003785, -0.258087, -0.902691, -0.344298, 0.036472, 0.0, 0.0, 0.0, 1.0],
                [0.988724, -0.149566, 0.007455, -0.119583, -0.093569, -0.578149, 0.810549, -0.004381, -0.11692, -0.802106, -0.585625, 0.05046, 0.0, 0.0, 0.0, 1.0],
                [0.999681, -0.010415, 0.02302, -0.117211, -0.022146, -0.799781, 0.599884, -0.00507, 0.012164, -0.600202, -0.799756, 0.06442, 0.0, 0.0, 0.0, 1.0],
                [0.999654, -0.016546, 0.020457, -0.114757, -0.024629, -0.861981, 0.506344, -0.005825, 0.009256, -0.506672, -0.862089, 0.077784, 0.0, 0.0, 0.0, 1.0],
                [0.999598, -0.023067, 0.016481, -0.112384, -0.027421, -0.934292, 0.355455, -0.006618, 0.007199, -0.355763, -0.934549, 0.089987, 0.0, 0.0, 0.0, 1.0],
                [0.999524, -0.029254, 0.009827, -0.110256, -0.030377, -0.988806, 0.146083, -0.007421, 0.005443, -0.146312, -0.989224, 0.100463, 0.0, 0.0, 0.0, 1.0],
                [0.9973, -0.039702, -0.06178, -0.108534, -0.045777, -0.99391, -0.100245, -0.008206, -0.057424, 0.102803, -0.993043, 0.108645, 0.0, 0.0, 0.0, 1.0],
                [0.983301, -0.02893, -0.17967, -0.107382, -0.086223, -0.943499, -0.319963, -0.008948, -0.160262, 0.330112, -0.930238, 0.113968, 0.0, 0.0, 0.0, 1.0],
                [0.972221, -0.018279, -0.233349, -0.106961, -0.107851, -0.919791, -0.377297, -0.009617, -0.207736, 0.391983, -0.896212, 0.115866, 0.0, 0.0, 0.0, 1.0],
                [0.970488, -0.091186, -0.223246, -0.108111, -0.131969, -0.975651, -0.175185, -0.010183, -0.201835, 0.199477, -0.958891, 0.112422, 0.0, 0.0, 0.0, 1.0],
                [0.969951, -0.158488, -0.184599, -0.11123, -0.136665, -0.98263, 0.125548, -0.010642, -0.20129, -0.096547, -0.974762, 0.10308, 0.0, 0.0, 0.0, 1.0],
                [0.974095, -0.164195, -0.155499, -0.115827, -0.082548, -0.89834, 0.431476, -0.011004, -0.210537, -0.407462, -0.888622, 0.089316, 0.0, 0.0, 0.0, 1.0],
                [0.97543, -0.158023, -0.153511, -0.121409, -0.017776, -0.750975, 0.660092, -0.011282, -0.219592, -0.641144, -0.735332, 0.072603, 0.0, 0.0, 0.0, 1.0],
                [0.973042, -0.14569, -0.178783, -0.127484, 0.046398, -0.635691, 0.770548, -0.011486, -0.225912, -0.758071, -0.611794, 0.054416, 0.0, 0.0, 0.0, 1.0],
                [0.975097, -0.125883, -0.182594, -0.133558, 0.072573, -0.596868, 0.799051, -0.011627, -0.209571, -0.792403, -0.572868, 0.036229, 0.0, 0.0, 0.0, 1.0],
                [0.985806, -0.10536, -0.130714, -0.13914, 0.039395, -0.611667, 0.790134, -0.011717, -0.163202, -0.784068, -0.598834, 0.019516, 0.0, 0.0, 0.0, 1.0],
                [0.994133, -0.097725, -0.046354, -0.143737, -0.029025, -0.653881, 0.756042, -0.011768, -0.104194, -0.75026, -0.652881, 0.005754, 0.0, 0.0, 0.0, 1.0],
                [0.993955, -0.105158, 0.031539, -0.146856, -0.096089, -0.694328, 0.713215, -0.01179, -0.053101, -0.711935, -0.700236, -0.003585, 0.0, 0.0, 0.0, 1.0],
                [0.991651, -0.111012, 0.065606, -0.148006, -0.124886, -0.700103, 0.703037, -0.011795, -0.032114, -0.70536, -0.708122, -0.007026, 0.0, 0.0, 0.0, 1.0],
                [0.992257, -0.103104, 0.069245, -0.148006, -0.119511, -0.640928, 0.758241, -0.011795, -0.033797, -0.760646, -0.648287, -0.007025, 0.0, 0.0, 0.0, 1.0],
                [0.993397, -0.089696, 0.071527, -0.148006, -0.108999, -0.543428, 0.83235, -0.011795, -0.035788, -0.83465, -0.549616, -0.007025, 0.0, 0.0, 0.0, 1.0],
                [0.994353, -0.079734, 0.070033, -0.148006, -0.098226, -0.441685, 0.891777, -0.011795, -0.040173, -0.89362, -0.447022, -0.007026, 0.0, 0.0, 0.0, 1.0],
                [0.994898, -0.075207, 0.06724, -0.148006, -0.08958, -0.352052, 0.931684, -0.011795, -0.046397, -0.932954, -0.356993, -0.007025, 0.0, 0.0, 0.0, 1.0],
                [0.995247, -0.072829, 0.064644, -0.148006, -0.082996, -0.287158, 0.954281, -0.011795, -0.050936, -0.955111, -0.291838, -0.007025, 0.0, 0.0, 0.0, 1.0],
                [0.995371, -0.072077, 0.063566, -0.148006, -0.08038, -0.261857, 0.961754, -0.011795, -0.052675, -0.962412, -0.266439, -0.007025, 0.0, 0.0, 0.0, 1.0],
                [0.995371, -0.072077, 0.063566, -0.148006, -0.08038, -0.261857, 0.961754, -0.011795, -0.052675, -0.962412, -0.266439, -0.007025, 0.0, 0.0, 0.0, 1.0],
                [0.995371, -0.072077, 0.063566, -0.148006, -0.08038, -0.261857, 0.961754, -0.011795, -0.052675, -0.962412, -0.266439, -0.007025, 0.0, 0.0, 0.0, 1.0],
                [0.995371, -0.072077, 0.063566, -0.148006, -0.08038, -0.261857, 0.961754, -0.011795, -0.052675, -0.962412, -0.266439, -0.007025, 0.0, 0.0, 0.0, 1.0],
                [0.995371, -0.072077, 0.063566, -0.148006, -0.08038, -0.261857, 0.961754, -0.011795, -0.052675, -0.962412, -0.266439, -0.007025, 0.0, 0.0, 0.0, 1.0],
                [0.995371, -0.072077, 0.063566, -0.148006, -0.08038, -0.261857, 0.961754, -0.011795, -0.052675, -0.962412, -0.266439, -0.007025, 0.0, 0.0, 0.0, 1.0],
                [0.995371, -0.072077, 0.063566, -0.148006, -0.08038, -0.261857, 0.961754, -0.011795, -0.052675, -0.962412, -0.266439, -0.007025, 0.0, 0.0, 0.0, 1.0],
                [0.995371, -0.072077, 0.063566, -0.148006, -0.08038, -0.261857, 0.961754, -0.011795, -0.052675, -0.962412, -0.266439, -0.007025, 0.0, 0.0, 0.0, 1.0],
                [0.995371, -0.072077, 0.063566, -0.148006, -0.08038, -0.261857, 0.961754, -0.011795, -0.052675, -0.962412, -0.266439, -0.007025, 0.0, 0.0, 0.0, 1.0],
                [0.995371, -0.072077, 0.063566, -0.148006, -0.08038, -0.261857, 0.961754, -0.011795, -0.052675, -0.962412, -0.266439, -0.007025, 0.0, 0.0, 0.0, 1.0]
            ]
        },
        {
            "name": "Leg_L",
            "time": [0.0, 0.0167, 0.0333, 0.05, 0.0667, 0.0833, 0.1, 0.1167, 0.1333, 0.15, 0.1667, 0.1833, 0.2, 0.2167, 0.2333, 0.25, 0.2667, 0.2833, 0.3, 0.3167, 0.3333, 0.35, 0.3667, 0.3833, 0.4, 0.4167, 0.4333, 0.45, 0.4667, 0.4833, 0.5, 0.5167, 0.5333, 0.55, 0.5667, 0.5833, 0.6],
            "transform": [
                [1.0, 1.7e-05, 9e-06, 0.0, -1.7e-05, 0.60628, 0.795251, 0.374726, 8e-06, -0.795251, 0.60628, -0.0, 0.0, 0.0, 0.0, 1.0],
                [1.0, 2e-05, 1.6e-05, -0.0, -2.1e-05, 0.255852, 0.966716, 0.374726, 1.5e-05, -0.966716, 0.255852, 0.0, 0.0, 0.0, 0.0, 1.0],
                [1.0, 2.1e-05, 2.1e-05, -0.0, -2.2e-05, 0.04899, 0.998799, 0.374726, 2e-05, -0.9988, 0.04899, -0.0, 0.0, 0.0, 0.0, 1.0],
                [1.0, 1.5e-05, 1.6e-05, 0.0, -1.6e-05, 0.015293, 0.999882, 0.374726, 1.5e-05, -0.999883, 0.015293, 0.0, 0.0, 0.0, 0.0, 1.0],
                [1.0, 2e-05, 1.8e-05, 0.0, -2.1e-05, 0.134222, 0.990951, 0.374726, 1.8e-05, -0.990951, 0.134223, -0.0, 0.0, 0.0, 0.0, 1.0],
                [1.0, 1.9e-05, 1.2e-05, -0.0, -1.9e-05, 0.456466, 0.889741, 0.374726, 1.1e-05, -0.889741, 0.456466, -0.0, 0.0, 0.0, 0.0, 1.0],
                [1.0, 1.9e-05, 1.3e-05, 0.0, -2e-05, 0.440278, 0.897862, 0.374726, 1.2e-05, -0.897862, 0.440278, -0.0, 0.0, 0.0, 0.0, 1.0],
                [1.0, 1.8e-05, 1.2e-05, 0.0, -1.9e-05, 0.475221, 0.879866, 0.374726, 1.1e-05, -0.879866, 0.475221, 0.0, 0.0, 0.0, 0.0, 1.0],
                [1.0, 1.7e-05, 1e-05, -0.0, -1.8e-05, 0.579148, 0.815222, 0.374726, 8e-06, -0.815222, 0.579148, -0.0, 0.0, 0.0, 0.0, 1.0],
                [1.0, 1.4e-05, 6e-06, 0.0, -1.4e-05, 0.738738, 0.673992, 0.374726, 5e-06, -0.673993, 0.738739, 0.0, 0.0, 0.0, 0.0, 1.0],
                [1.0, 9e-06, 3e-06, -0.0, -1e-05, 0.888314, 0.459235, 0.374726, 2e-06, -0.459235, 0.888315, 0.0, 0.0, 0.0, 0.0, 1.0],
                [1.0, 9e-06, 3e-06, 0.0, -9e-06, 0.916741, 0.399481, 0.374726, 1e-06, -0.399482, 0.916741, 0.0, 0.0, 0.0, 0.0, 1.0],
                [1.0, 1.5e-05, 6e-06, 0.0, -1.5e-05, 0.757541, 0.652787, 0.374726, 5e-06, -0.652787, 0.757541, -0.0, 0.0, 0.0, 0.0, 1.0],
                [1.0, 1.8e-05, 1.1e-05, 0.0, -1.9e-05, 0.515412, 0.856942, 0.374726, 1e-05, -0.856942, 0.515413, 0.0, 0.0, 0.0, 0.0, 1.0],
                [1.0, 2.1e-05, 1.6e-05, 0.0, -2.2e-05, 0.321458, 0.946923, 0.374726, 1.5e-05, -0.946923, 0.321458, 0.0, 0.0, 0.0, 0.0, 1.0],
                [1.0, 2e-05, 1.5e-05, 0.0, -2e-05, 0.279712, 0.960084, 0.374726, 1.5e-05, -0.960083, 0.279712, 0.0, 0.0, 0.0, 0.0, 1.0],
                [1.0, 2e-05, 1.4e-05, -0.0, -2.1e-05, 0.393379, 0.919377, 0.374726, 1.3e-05, -0.919376, 0.393379, 0.0, 0.0, 0.0, 0.0, 1.0],
                [1.0, 1.8e-05, 1e-05, 0.0, -1.9e-05, 0.574888, 0.818232, 0.374726, 9e-06, -0.818233, 0.574888, -0.0, 0.0, 0.0, 0.0, 1.0],
                [1.0, 1.3e-05, 6e-06, -0.0, -1.3e-05, 0.746224, 0.665695, 0.374726, 4e-06, -0.665696, 0.746224, 0.0, 0.0, 0.0, 0.0, 1.0],
                [1.0, 1.1e-05, 3e-06, 0.0, -1.1e-05, 0.870176, 0.492741, 0.374726, 2e-06, -0.492741, 0.870177, 0.0, 0.0, 0.0, 0.0, 1.0],
                [1.0, 7e-06, 2e-06, 0.0, -8e-06, 0.933566, 0.358405, 0.374726, 1e-06, -0.358406, 0.933566, 0.0, 0.0, 0.0, 0.0, 1.0],
                [1.0, 8e-06, 2e-06, -0.0, -8e-06, 0.936161, 0.351571, 0.374726, 1e-06, -0.351572, 0.936162, 0.0, 0.0, 0.0, 0.0, 1.0],
                [1.0, 1.1e-05, 4e-06, -0.0, -1.2e-05, 0.859116, 0.51178, 0.374726, 3e-06, -0.51178, 0.859116, 0.0, 0.0, 0.0, 0.0, 1.0],
                [1.0, 1.4e-05, 7e-06, 0.0, -1.5e-05, 0.713905, 0.700243, 0.374726, 5e-06, -0.700243, 0.713905, 0.0, 0.0, 0.0, 0.0, 1.0],
                [1.0, 1.8e-05, 1e-05, -0.0, -1.8e-05, 0.551867, 0.833932, 0.374726, 9e-06, -0.833933, 0.551867, 0.0, 0.0, 0.0, 0.0, 1.0],
                [1.0, 1.9e-05, 1.3e-05, -0.0, -2e-05, 0.412984, 0.910738, 0.374726, 1.2e-05, -0.910738, 0.412984, 0.0, 0.0, 0.0, 0.0, 1.0],
                [1.0, 2e-05, 1.5e-05, 0.0, -2.1e-05, 0.318174, 0.948032, 0.374726, 1.4e-05, -0.948032, 0.318174, 0.0, 0.0, 0.0, 0.0, 1.0],
                [1.0, 2e-05, 1.5e-05, -0.0, -2e-05, 0.283029, 0.959111, 0.374726, 1.4e-05, -0.959112, 0.283029, -0.0, 0.0, 0.0, 0.0, 1.0],
                [1.0, 2e-05, 1.5e-05, -0.0, -2e-05, 0.283029, 0.959111, 0.374726, 1.4e-05, -0.959112, 0.283029, -0.0, 0.0, 0.0, 0.0, 1.0],
                [1.0, 2e-05, 1.5e-05, -0.0, -2e-05, 0.283029, 0.959111, 0.374726, 1.4e-05, -0.959112, 0.283029, -0.0, 0.0, 0.0, 0.0, 1.0],
                [1.0, 2e-05, 1.5e-05, -0.0, -2e-05, 0.283029, 0.959111, 0.374726, 1.4e-05, -0.959112, 0.283029, -0.0, 0.0, 0.0, 0.0, 1.0],
                [1.0, 2e-05, 1.5e-05, -0.0, -2e-05, 0.283029, 0.959111, 0.374726, 1.4e-05, -0.959112, 0.283029, -0.0, 0.0, 0.0, 0.0, 1.0],
                [1.0, 2e-05, 1.5e-05, -0.0, -2e-05, 0.283029, 0.959111, 0.374726, 1.4e-05, -0.959112, 0.283029, -0.0, 0.0, 0.0, 0.0, 1.0],
                [1.0, 2e-05, 1.5e-05, -0.0, -2e-05, 0.283029, 0.959111, 0.374726, 1.4e-05, -0.959112, 0.283029, -0.0, 0.0, 0.0, 0.0, 1.0],
                [1.0, 2e-05, 1.5e-05, -0.0, -2e-05, 0.283029, 0.959111, 0.374726, 1.4e-05, -0.959112, 0.283029, -0.0, 0.0, 0.0, 0.0, 1.0],
                [1.0, 2e-05, 1.5e-05, -0.0, -2e-05, 0.283029, 0.959111, 0.374726, 1.4e-05, -0.959112, 0.283029, -0.0, 0.0, 0.0, 0.0, 1.0],
                [1.0, 2e-05, 1.5e-05, -0.0, -2e-05, 0.283029, 0.959111, 0.374726, 1.4e-05, -0.959112, 0.283029, -0.0, 0.0, 0.0, 0.0, 1.0]
            ]
        },
        {
            "name": "Knee_L",
            "time": [0.0, 0.6],
            "transform": [
                [1.0, 0.0, -0.0, 0.0, -0.0, 0.00567, -0.999984, 0.415113, -0.0, 0.999984, 0.00567, -0.000229, 0.0, 0.0, 0.0, 1.0],
                [1.0, 0.0, -0.0, 0.0, -0.0, 0.00567, -0.999984, 0.453392, -0.0, 0.999984, 0.00567, -0.000446, 0.0, 0.0, 0.0, 1.0]
            ]
        },
        {
            "name": "Torso",
            "time": [0.0, 0.0167, 0.0333, 0.05, 0.0667, 0.0833, 0.1, 0.1167, 0.1333, 0.15, 0.1667, 0.1833, 0.2, 0.2167, 0.2333, 0.25, 0.2667, 0.2833, 0.3, 0.3167, 0.3333, 0.35, 0.3667, 0.3833, 0.4, 0.4167, 0.4333, 0.45, 0.4667, 0.4833, 0.5, 0.5167, 0.5333, 0.55, 0.5667, 0.5833, 0.6],
            "transform": [
                [0.880685, 0.186026, -0.435647, 0.0, -0.086061, 0.967192, 0.239026, 0.05, 0.46582, -0.173014, 0.867801, 0.0, 0.0, 0.0, 0.0, 1.0],
                [0.891954, 0.18315, -0.41337, 0.0, -0.083583, 0.965315, 0.247347, 0.05, 0.444334, -0.186071, 0.876325, 0.0, 0.0, 0.0, 0.0, 1.0],
                [0.917422, 0.172052, -0.358796, 0.0, -0.083323, 0.964764, 0.249577, 0.05, 0.389094, -0.199071, 0.899431, 0.0, 0.0, 0.0, 0.0, 1.0],
                [0.9489, 0.153618, -0.275664, 0.0, -0.084304, 0.965172, 0.247663, 0.05, 0.304109, -0.211768, 0.928802, 0.0, 0.0, 0.0, 0.0, 1.0],
                [0.977319, 0.128823, -0.168083, 0.0, -0.085474, 0.966133, 0.243477, 0.05, 0.193756, -0.223588, 0.955231, 0.0, 0.0, 0.0, 0.0, 1.0],
                [0.99422, 0.098831, -0.041944, 0.0, -0.086061, 0.967192, 0.239026, 0.05, 0.064191, -0.234035, 0.970107, 0.0, 0.0, 0.0, 0.0, 1.0],
                [0.993411, 0.065242, 0.094226, 0.0, -0.08598, 0.967861, 0.236333, 0.05, -0.075778, -0.242877, 0.967093, 0.0, 0.0, 0.0, 0.0, 1.0],
                [0.973089, 0.030572, 0.228392, 0.0, -0.085709, 0.968065, 0.235593, 0.05, -0.213895, -0.248828, 0.944634, 0.0, 0.0, 0.0, 0.0, 1.0],
                [0.937556, -0.001976, 0.347829, 0.0, -0.085573, 0.967939, 0.236158, 0.05, -0.337144, -0.251176, 0.907328, 0.0, 0.0, 0.0, 0.0, 1.0],
                [0.896628, -0.028984, 0.441835, 0.0, -0.08568, 0.967639, 0.237349, 0.05, -0.434416, -0.25067, 0.865129, 0.0, 0.0, 0.0, 0.0, 1.0],
                [0.86315, -0.047285, 0.502729, 0.0, -0.085923, 0.967332, 0.238508, 0.05, -0.497584, -0.249064, 0.83089, 0.0, 0.0, 0.0, 0.0, 1.0],
                [0.849695, -0.054016, 0.5245, 0.0, -0.086061, 0.967192, 0.239026, 0.05, -0.520203, -0.248238, 0.81717, 0.0, 0.0, 0.0, 0.0, 1.0],
                [0.855679, -0.051101, 0.514978, 0.0, -0.085855, 0.967305, 0.238641, 0.05, -0.510336, -0.248413, 0.823316, 0.0, 0.0, 0.0, 0.0, 1.0],
                [0.873308, -0.042174, 0.48534, 0.0, -0.085468, 0.967531, 0.237862, 0.05, -0.479614, -0.249208, 0.841348, 0.0, 0.0, 0.0, 0.0, 1.0],
                [0.900887, -0.026872, 0.433221, 0.0, -0.085228, 0.967701, 0.237257, 0.05, -0.425604, -0.250665, 0.869499, 0.0, 0.0, 0.0, 0.0, 1.0],
                [0.934876, -0.004588, 0.354944, 0.0, -0.085392, 0.967647, 0.23742, 0.05, -0.34455, -0.252268, 0.904238, 0.0, 0.0, 0.0, 0.0, 1.0],
                [0.969091, 0.025589, 0.245374, 0.0, -0.086061, 0.967192, 0.239026, 0.05, -0.231208, -0.252755, 0.939499, 0.0, 0.0, 0.0, 0.0, 1.0],
                [0.992716, 0.063481, 0.102398, 0.0, -0.086757, 0.966397, 0.24197, 0.05, -0.083597, -0.249091, 0.964865, 0.0, 0.0, 0.0, 0.0, 1.0],
                [0.993136, 0.103245, -0.054976, 0.0, -0.086842, 0.965685, 0.244769, 0.05, 0.07836, -0.238315, 0.968022, 0.0, 0.0, 0.0, 0.0, 1.0],
                [0.970412, 0.137452, -0.198512, 0.0, -0.08641, 0.965399, 0.246047, 0.05, 0.225463, -0.221614, 0.948712, 0.0, 0.0, 0.0, 0.0, 1.0],
                [0.939501, 0.160287, -0.302732, 0.0, -0.085987, 0.965824, 0.24452, 0.05, 0.33158, -0.203696, 0.921175, 0.0, 0.0, 0.0, 0.0, 1.0],
                [0.92218, 0.168133, -0.348304, 0.0, -0.086061, 0.967192, 0.239026, 0.05, 0.377065, -0.19045, 0.906394, 0.0, 0.0, 0.0, 0.0, 1.0],
                [0.920695, 0.152564, -0.359227, 0.0, -0.071931, 0.970995, 0.228025, 0.05, 0.383596, -0.184102, 0.904964, 0.0, 0.0, 0.0, 0.0, 1.0],
                [0.921981, 0.114409, -0.369948, 0.0, -0.035969, 0.97653, 0.212357, 0.05, 0.385561, -0.182483, 0.904457, 0.0, 0.0, 0.0, 0.0, 1.0],
                [0.923107, 0.064783, -0.379047, 0.0, 0.011103, 0.980806, 0.194669, 0.05, 0.384383, -0.183909, 0.90467, 0.0, 0.0, 0.0, 0.0, 1.0],
                [0.922533, 0.015116, -0.385621, 0.0, 0.058304, 0.982304, 0.17799, 0.05, 0.381487, -0.186685, 0.905326, 0.0, 0.0, 0.0, 0.0, 1.0],
                [0.920769, -0.023032, -0.389427, 0.0, 0.094587, 0.981649, 0.165586, 0.05, 0.378467, -0.189301, 0.906051, 0.0, 0.0, 0.0, 0.0, 1.0],
                [0.919741, -0.038258, -0.390656, 0.0, 0.109077, 0.980951, 0.160739, 0.05, 0.377065, -0.19045, 0.906394, 0.0, 0.0, 0.0, 0.0, 1.0],
                [0.919741, -0.038258, -0.390656, 0.0, 0.109077, 0.980951, 0.160739, 0.05, 0.377065, -0.190449, 0.906394, 0.0, 0.0, 0.0, 0.0, 1.0],
                [0.919741, -0.038258, -0.390656, 0.0, 0.109077, 0.980951, 0.160739, 0.05, 0.377065, -0.19045, 0.906394, 0.0, 0.0, 0.0, 0.0, 1.0],
                [0.919741, -0.038258, -0.390656, 0.0, 0.109077, 0.980951, 0.160739, 0.05, 0.377065, -0.190449, 0.906394, 0.0, 0.0, 0.0, 0.0, 1.0],
                [0.919741, -0.038258, -0.390656, 0.0, 0.109077, 0.980951, 0.160739, 0.05, 0.377065, -0.190449, 0.906394, 0.0, 0.0, 0.0, 0.0, 1.0],
                [0.919741, -0.038258, -0.390656, 0.0, 0.109077, 0.980951, 0.160739, 0.05, 0.377065, -0.190449, 0.906394, 0.0, 0.0, 0.0, 0.0, 1.0],
                [0.919741, -0.038258, -0.390656, 0.0, 0.109077, 0.980951, 0.160739, 0.05, 0.377065, -0.190449, 0.906394, 0.0, 0.0, 0.0, 0.0, 1.0],
                [0.919741, -0.038258, -0.390656, 0.0, 0.109077, 0.980951, 0.160739, 0.05, 0.377065, -0.190449, 0.906394, 0.0, 0.0, 0.0, 0.0, 1.0],
                [0.919741, -0.038258, -0.390656, 0.0, 0.109077, 0.980951, 0.160739, 0.05, 0.377065, -0.190449, 0.906394, 0.0, 0.0, 0.0, 0.0, 1.0],
                [0.919741, -0.038258, -0.390656, 0.0, 0.109077, 0.980951, 0.160739, 0.05, 0.377065, -0.190449, 0.906394, 0.0, 0.0, 0.0, 0.0, 1.0]
            ]
        },
        {
            "name": "Chest",
            "time": [0.0, 0.0167, 0.0333, 0.05, 0.0667, 0.0833, 0.1, 0.1167, 0.1333, 0.15, 0.1667, 0.1833, 0.2, 0.2167, 0.2333, 0.25, 0.2667, 0.2833, 0.3, 0.3167, 0.3333, 0.35, 0.3667, 0.3833, 0.4, 0.4167, 0.4333, 0.45, 0.4667, 0.4833, 0.5, 0.5167, 0.5333, 0.55, 0.5667, 0.5833, 0.6],
            "transform": [
                [0.983963, -0.127439, -0.124799, -0.0, 0.154499, 0.958582, 0.23927, 0.3, 0.089138, -0.254715, 0.962899, -0.0, 0.0, 0.0, 0.0, 1.0],
                [0.98388, -0.123538, -0.129296, 0.0, 0.152201, 0.95807, 0.242767, 0.3, 0.093884, -0.258533, 0.961429, 0.0, 0.0, 0.0, 0.0, 1.0],
                [0.9835, -0.113278, -0.141054, 0.0, 0.145509, 0.958613, 0.244718, 0.3, 0.107495, -0.261205, 0.959279, 0.0, 0.0, 0.0, 0.0, 1.0],
                [0.982491, -0.098051, -0.158419, 0.0, 0.135396, 0.959866, 0.24561, 0.3, 0.127979, -0.262759, 0.956336, -0.0, 0.0, 0.0, 0.0, 1.0],
                [0.980515, -0.079278, -0.179739, -0.0, 0.122821, 0.961473, 0.245937, 0.3, 0.153316, -0.263221, 0.952475, 0.0, 0.0, 0.0, 0.0, 1.0],
                [0.977362, -0.058397, -0.203355, -0.0, 0.108759, 0.963112, 0.246145, 0.3, 0.181479, -0.262689, 0.94766, 0.0, 0.0, 0.0, 0.0, 1.0],
                [0.973052, -0.036847, -0.227623, 0.0, 0.094211, 0.964526, 0.246603, 0.3, 0.210462, -0.261402, 0.942006, 0.0, 0.0, 0.0, 0.0, 1.0],
                [0.967871, -0.016045, -0.250935, -0.0, 0.080197, 0.965541, 0.247586, 0.3, 0.238315, -0.259755, 0.935806, -0.0, 0.0, 0.0, 0.0, 1.0],
                [0.962368, 0.002632, -0.271735, -0.0, 0.067744, 0.96606, 0.249275, 0.3, 0.263168, -0.258303, 0.929528, 0.0, 0.0, 0.0, 0.0, 1.0],
                [0.957304, 0.017852, -0.288531, 0.0, 0.057871, 0.966053, 0.251778, 0.3, 0.283231, -0.257725, 0.923774, 0.0, 0.0, 0.0, 0.0, 1.0],
                [0.953556, 0.028307, -0.299882, 0.0, 0.051583, 0.965522, 0.25516, 0.3, 0.296766, -0.258778, 0.919219, 0.0, 0.0, 0.0, 0.0, 1.0],
                [0.951997, 0.032672, -0.30436, 0.0, 0.049864, 0.964455, 0.259501, 0.3, 0.30202, -0.26222, 0.916529, -0.0, 0.0, 0.0, 0.0, 1.0],
                [0.981721, -0.021842, -0.189067, 0.0, 0.089819, 0.928983, 0.359058, 0.3, 0.167797, -0.369477, 0.913965, 0.0, 0.0, 0.0, 0.0, 1.0],
                [0.992999, -0.08905, -0.077604, 0.0, 0.114819, 0.881924, 0.457194, 0.3, 0.027728, -0.462904, 0.885974, 0.0, 0.0, 0.0, 0.0, 1.0],
                [0.985762, -0.006329, -0.168029, -0.0, 0.082749, 0.888171, 0.452001, 0.3, 0.146378, -0.45947, 0.876048, -0.0, 0.0, 0.0, 0.0, 1.0],
                [0.931181, 0.145423, -0.334296, 0.0, 0.02122, 0.893817, 0.447929, 0.3, 0.363939, -0.424197, 0.82922, 0.0, 0.0, 0.0, 0.0, 1.0],
                [0.874839, 0.225372, -0.428795, 0.0, -0.008539, 0.892218, 0.451525, 0.3, 0.484339, -0.39135, 0.782471, -0.0, 0.0, 0.0, 0.0, 1.0],
                [0.866424, 0.228756, -0.443825, 0.0, 0.007099, 0.883143, 0.46905, 0.3, 0.499259, -0.409547, 0.763552, -0.0, 0.0, 0.0, 0.0, 1.0],
                [0.863623, 0.226282, -0.450501, 0.0, 0.037715, 0.862104, 0.505325, 0.3, 0.502725, -0.453401, 0.735999, -0.0, 0.0, 0.0, 0.0, 1.0],
                [0.864148, 0.217987, -0.453575, 0.0, 0.075459, 0.834994, 0.54506, 0.3, 0.497548, -0.505239, 0.70511, 0.0, 0.0, 0.0, 0.0, 1.0],
                [0.865376, 0.204085, -0.457683, -0.0, 0.112713, 0.810644, 0.574589, 0.3, 0.488283, -0.548822, 0.678509, -0.0, 0.0, 0.0, 0.0, 1.0],
                [0.864765, 0.185068, -0.466831, 0.0, 0.142951, 0.800434, 0.582126, 0.3, 0.4814, -0.570136, 0.665732, -0.0, 0.0, 0.0, 0.0, 1.0],
                [0.860996, 0.164838, -0.48116, 0.0, 0.165259, 0.804028, 0.571164, 0.3, 0.481015, -0.571286, 0.665024, 0.0, 0.0, 0.0, 0.0, 1.0],
                [0.85511, 0.147231, -0.497101, -0.0, 0.182755, 0.811679, 0.554777, 0.3, 0.485167, -0.565243, 0.667168, 0.0, 0.0, 0.0, 0.0, 1.0],
                [0.848343, 0.132527, -0.512593, 0.0, 0.195651, 0.821162, 0.536109, 0.3, 0.491971, -0.555093, 0.670698, 0.0, 0.0, 0.0, 0.0, 1.0],
                [0.841949, 0.121185, -0.525771, 0.0, 0.204253, 0.830344, 0.518469, 0.3, 0.499402, -0.543915, 0.674355, 0.0, 0.0, 0.0, 0.0, 1.0],
                [0.837203, 0.113842, -0.534913, 0.0, 0.209011, 0.837242, 0.505312, 0.3, 0.505377, -0.534852, 0.677147, 0.0, 0.0, 0.0, 0.0, 1.0],
                [0.835353, 0.111233, -0.538343, -0.0, 0.210476, 0.839968, 0.500154, 0.3, 0.507824, -0.531113, 0.678258, 0.0, 0.0, 0.0, 0.0, 1.0],
                [0.835353, 0.111233, -0.538343, -0.0, 0.210476, 0.839968, 0.500154, 0.3, 0.507824, -0.531113, 0.678258, 0.0, 0.0, 0.0, 0.0, 1.0],
                [0.835353, 0.111233, -0.538343, -0.0, 0.210476, 0.839968, 0.500153, 0.3, 0.507824, -0.531113, 0.678258, 0.0, 0.0, 0.0, 0.0, 1.0],
                [0.835353, 0.111233, -0.538343, -0.0, 0.210476, 0.839968, 0.500153, 0.3, 0.507824, -0.531113, 0.678258, 0.0, 0.0, 0.0, 0.0, 1.0],
