{
    "animation": [
        {
            "name": "Root",
            "time": [0.0, 0.0167, 0.0333, 0.05, 0.0667, 0.0833, 0.1, 0.1167, 0.1333, 0.15, 0.1667, 0.1833, 0.2, 0.2167, 0.2333, 0.25, 0.2667, 0.2833, 0.3, 0.3167, 0.3333, 0.35, 0.3667, 0.3833, 0.4, 0.4167, 0.4333, 0.45, 0.4667, 0.4833, 0.5, 0.5167, 0.5333, 0.55, 0.5667],
            "transform": [
                [0.864104, 0.0, -0.503313, -0.001933, -0.503313, 0.0, -0.864104, -0.062169, 0.0, 1.0, 0.0, 0.763972, 0.0, 0.0, 0.0, 1.0],
                [0.871175, 0.0, -0.490973, -0.00014, -0.490973, 0.0, -0.871175, -0.062599, 0.0, 1.0, 0.0, 0.763972, 0.0, 0.0, 0.0, 1.0],
                [0.889528, 0.0, -0.456881, 0.004728, -0.456881, 0.0, -0.889528, -0.063766, 0.0, 1.0, 0.0, 0.763972, 0.0, 0.0, 0.0, 1.0],
                [0.914247, 0.0, -0.405157, 0.011901, -0.405157, 0.0, -0.914247, -0.065486, 0.0, 1.0, 0.0, 0.763972, 0.0, 0.0, 0.0, 1.0],
                [0.940324, 0.0, -0.34028, 0.020612, -0.34028, 0.0, -0.940324, -0.067575, 0.0, 1.0, 0.0, 0.763972, 0.0, 0.0, 0.0, 1.0],
                [0.96353, 0.0, -0.267599, 0.030091, -0.267599, 0.0, -0.96353, -0.069848, 0.0, 1.0, 0.0, 0.763972, 0.0, 0.0, 0.0, 1.0],
                [0.981128, 0.0, -0.19336, 0.03957, -0.19336, 0.0, -0.981128, -0.072121, 0.0, 1.0, 0.0, 0.763972, 0.0, 0.0, 0.0, 1.0],
                [0.992241, 0.0, -0.124327, 0.048281, -0.124327, 0.0, -0.992241, -0.074209, 0.0, 1.0, 0.0, 0.763972, 0.0, 0.0, 0.0, 1.0],
                [0.997735, 0.0, -0.067264, 0.055454, -0.067264, 0.0, -0.997735, -0.07593, 0.0, 1.0, 0.0, 0.763972, 0.0, 0.0, 0.0, 1.0],
                [0.999591, 0.0, -0.02859, 0.060322, -0.02859, 0.0, -0.999591, -0.077097, 0.0, 1.0, 0.0, 0.763972, 0.0, 0.0, 0.0, 1.0],
                [0.999897, 0.0, -0.014372, 0.062115, -0.014372, 0.0, -0.999897, -0.077527, 0.0, 1.0, 0.0, 0.763972, 0.0, 0.0, 0.0, 1.0],
                [0.999897, 0.0, -0.014372, 0.062115, -0.014372, 0.0, -0.999897, -0.058463, 0.0, 1.0, 0.0, 0.763972, 0.0, 0.0, 0.0, 1.0],
                [0.999897, 0.0, -0.014372, 0.062115, -0.014372, 0.0, -0.999897, -0.006267, 0.0, 1.0, 0.0, 0.763972, 0.0, 0.0, 0.0, 1.0],
                [0.999897, 0.0, -0.014372, 0.062115, -0.014372, 0.0, -0.999897, 0.071568, 0.0, 1.0, 0.0, 0.763972, 0.0, 0.0, 0.0, 1.0],
                [0.999897, 0.0, -0.014372, 0.062115, -0.014372, 0.0, -0.999897, 0.167547, 0.0, 1.0, 0.0, 0.763972, 0.0, 0.0, 0.0, 1.0],
                [0.999897, 0.0, -0.014372, 0.062115, -0.014372, 0.0, -0.999897, 0.274178, 0.0, 1.0, 0.0, 0.763972, 0.0, 0.0, 0.0, 1.0],
                [0.999897, 0.0, -0.014372, 0.062115, -0.014372, 0.0, -0.999897, 0.383546, 0.0, 1.0, 0.0, 0.763972, 0.0, 0.0, 0.0, 1.0],
                [0.999897, 0.0, -0.014372, 0.062115, -0.014372, 0.0, -0.999897, 0.486052, 0.0, 1.0, 0.0, 0.763972, 0.0, 0.0, 0.0, 1.0],
                [0.999897, 0.0, -0.014372, 0.062115, -0.014372, 0.0, -0.999897, 0.571676, 0.0, 1.0, 0.0, 0.763972, 0.0, 0.0, 0.0, 1.0],
                [0.999897, 0.0, -0.014372, 0.062115, -0.014372, 0.0, -0.999897, 0.630398, 0.0, 1.0, 0.0, 0.763972, 0.0, 0.0, 0.0, 1.0],
                [0.999897, 0.0, -0.014372, 0.062115, -0.014372, 0.0, -0.999897, 0.652198, 0.0, 1.0, 0.0, 0.763972, 0.0, 0.0, 0.0, 1.0],
                [0.999897, 0.0, -0.014372, 0.062115, -0.014372, 0.0, -0.999897, 0.652198, 0.0, 1.0, 0.0, 0.763972, 0.0, 0.0, 0.0, 1.0],
                [0.999897, 0.0, -0.014372, 0.062115, -0.014372, 0.0, -0.999897, 0.652198, 0.0, 1.0, 0.0, 0.763972, 0.0, 0.0, 0.0, 1.0],
                [0.999897, 0.0, -0.014372, 0.062115, -0.014372, 0.0, -0.999897, 0.652198, 0.0, 1.0, 0.0, 0.763972, 0.0, 0.0, 0.0, 1.0],
                [0.999897, 0.0, -0.014372, 0.062115, -0.014372, 0.0, -0.999897, 0.652198, 0.0, 1.0, 0.0, 0.763972, 0.0, 0.0, 0.0, 1.0],
                [0.999897, 0.0, -0.014372, 0.062115, -0.014372, 0.0, -0.999897, 0.652198, 0.0, 1.0, 0.0, 0.763972, 0.0, 0.0, 0.0, 1.0],
                [0.999897, 0.0, -0.014372, 0.062115, -0.014372, 0.0, -0.999897, 0.652198, 0.0, 1.0, 0.0, 0.763972, 0.0, 0.0, 0.0, 1.0],
                [0.999897, 0.0, -0.014372, 0.062115, -0.014372, 0.0, -0.999897, 0.652198, 0.0, 1.0, 0.0, 0.763972, 0.0, 0.0, 0.0, 1.0],
                [0.999897, 0.0, -0.014372, 0.062115, -0.014372, 0.0, -0.999897, 0.652198, 0.0, 1.0, 0.0, 0.763972, 0.0, 0.0, 0.0, 1.0],
                [0.999897, 0.0, -0.014372, 0.062115, -0.014372, 0.0, -0.999897, 0.652198, 0.0, 1.0, 0.0, 0.763972, 0.0, 0.0, 0.0, 1.0],
                [0.999897, 0.0, -0.014372, 0.062115, -0.014372, 0.0, -0.999897, 0.652198, 0.0, 1.0, 0.0, 0.763972, 0.0, 0.0, 0.0, 1.0],
                [0.999897, 0.0, -0.014372, 0.062115, -0.014372, 0.0, -0.999897, 0.652198, 0.0, 1.0, 0.0, 0.763972, 0.0, 0.0, 0.0, 1.0],
                [0.999897, 0.0, -0.014372, 0.062115, -0.014372, 0.0, -0.999897, 0.652198, 0.0, 1.0, 0.0, 0.763972, 0.0, 0.0, 0.0, 1.0],
                [0.999897, 0.0, -0.014372, 0.062115, -0.014372, 0.0, -0.999897, 0.652198, 0.0, 1.0, 0.0, 0.763972, 0.0, 0.0, 0.0, 1.0],
                [0.999897, 0.0, -0.014372, 0.062115, -0.014372, 0.0, -0.999897, 0.652198, 0.0, 1.0, 0.0, 0.763972, 0.0, 0.0, 0.0, 1.0]
            ]
        },
        {
            "name": "Thigh_R",
            "time": [0.0, 0.0167, 0.0333, 0.05, 0.0667, 0.0833, 0.1, 0.1167, 0.1333, 0.15, 0.1667, 0.1833, 0.2, 0.2167, 0.2333, 0.25, 0.2667, 0.2833, 0.3, 0.3167, 0.3333, 0.35, 0.3667, 0.3833, 0.4, 0.4167, 0.4333, 0.45, 0.4667, 0.4833, 0.5, 0.5167, 0.5333, 0.55, 0.5667],
            "transform": [
                [0.952608, 0.286409, -0.102508, 0.124994, 0.278115, -0.956511, -0.087977, -0.002831, -0.123248, 0.055299, -0.990834, -1.2e-05, 0.0, 0.0, 0.0, 1.0],
                [0.952489, 0.286801, -0.102515, 0.124971, 0.278831, -0.956538, -0.085379, -0.002822, -0.122547, 0.052739, -0.99106, -0.001633, 0.0, 0.0, 0.0, 1.0],
                [0.95202, 0.287994, -0.103522, 0.124905, 0.280832, -0.956546, -0.078452, -0.002797, -0.121617, 0.045615, -0.991529, -0.006196, 0.0, 0.0, 0.0, 1.0],
                [0.950797, 0.290704, -0.107127, 0.124804, 0.284442, -0.956131, -0.070045, -0.002762, -0.12279, 0.036127, -0.991775, -0.013248, 0.0, 0.0, 0.0, 1.0],
                [0.948298, 0.29597, -0.114596, 0.124673, 0.290342, -0.95482, -0.063409, -0.002718, -0.128186, 0.026859, -0.991386, -0.022336, 0.0, 0.0, 0.0, 1.0],
                [0.944061, 0.30467, -0.126199, 0.12452, 0.299232, -0.952262, -0.060476, -0.00267, -0.1386, 0.01933, -0.99016, -0.033008, 0.0, 0.0, 0.0, 1.0],
                [0.937844, 0.317144, -0.140955, 0.12435, 0.311595, -0.948292, -0.060431, -0.002623, -0.152832, 0.012754, -0.98817, -0.044811, 0.0, 0.0, 0.0, 1.0],
                [0.929807, 0.332681, -0.157424, 0.124171, 0.327494, -0.943035, -0.058591, -0.002579, -0.167949, 0.002922, -0.985791, -0.057293, 0.0, 0.0, 0.0, 1.0],
                [0.920643, 0.348758, -0.175453, 0.123988, 0.34619, -0.937034, -0.046058, -0.002544, -0.180469, -0.018337, -0.98341, -0.070001, 0.0, 0.0, 0.0, 1.0],
                [0.911679, 0.360224, -0.197689, 0.123809, 0.365514, -0.930749, -0.010349, -0.002519, -0.187726, -0.062823, -0.98021, -0.082483, 0.0, 0.0, 0.0, 1.0],
                [0.90514, 0.358911, -0.227826, 0.123639, 0.381007, -0.922606, 0.06027, -0.00251, -0.188563, -0.141356, -0.971834, -0.094287, 0.0, 0.0, 0.0, 1.0],
                [0.900027, 0.3481, -0.262255, 0.123486, 0.39248, -0.908977, 0.140428, -0.00252, -0.1895, -0.229319, -0.954726, -0.104959, 0.0, 0.0, 0.0, 1.0],
                [0.891086, 0.334612, -0.306595, 0.123355, 0.408505, -0.885683, 0.220658, -0.002554, -0.197711, -0.32187, -0.92591, -0.114047, 0.0, 0.0, 0.0, 1.0],
                [0.873725, 0.310805, -0.374172, 0.123254, 0.436215, -0.841016, 0.320015, -0.002614, -0.215223, -0.442824, -0.870394, -0.121099, 0.0, 0.0, 0.0, 1.0],
                [0.83766, 0.258414, -0.481194, 0.123188, 0.487238, -0.751668, 0.444517, -0.002705, -0.246829, -0.60681, -0.755552, -0.125663, 0.0, 0.0, 0.0, 1.0],
                [0.752371, 0.134247, -0.644915, 0.123165, 0.584824, -0.58671, 0.560136, -0.002831, -0.303182, -0.798592, -0.519935, -0.127285, 0.0, 0.0, 0.0, 1.0],
                [0.618556, -0.12483, -0.775762, 0.123165, 0.715648, -0.318115, 0.621813, -0.00479, -0.324402, -0.939798, -0.107438, -0.127296, 0.0, 0.0, 0.0, 1.0],
                [0.600644, -0.326566, -0.729781, 0.123165, 0.773782, 0.007718, 0.633405, -0.009859, -0.201217, -0.945143, 0.257327, -0.127322, 0.0, 0.0, 0.0, 1.0],
                [0.725064, -0.285509, -0.62671, 0.123165, 0.679105, 0.145187, 0.71954, -0.017255, -0.114445, -0.947315, 0.29916, -0.127357, 0.0, 0.0, 0.0, 1.0],
                [0.796522, -0.074721, -0.599974, 0.123165, 0.592326, -0.10257, 0.799143, -0.0262, -0.121253, -0.991915, -0.03744, -0.127394, 0.0, 0.0, 0.0, 1.0],
                [0.815416, -0.11742, -0.566841, 0.123165, 0.5642, -0.057885, 0.823607, -0.035911, -0.12952, -0.991394, 0.019048, -0.127426, 0.0, 0.0, 0.0, 1.0],
                [0.849645, -0.111611, -0.515408, 0.123165, 0.504362, -0.113464, 0.856006, -0.045607, -0.15402, -0.987253, -0.040112, -0.127447, 0.0, 0.0, 0.0, 1.0],
                [0.912559, -0.158272, -0.377076, 0.123165, 0.357869, -0.137156, 0.923644, -0.054508, -0.197905, -0.977823, -0.068523, -0.12745, 0.0, 0.0, 0.0, 1.0],
                [0.961064, -0.175553, -0.213397, 0.123165, 0.191486, -0.133676, 0.97235, -0.061833, -0.199225, -0.975352, -0.094856, -0.127429, 0.0, 0.0, 0.0, 1.0],
                [0.988136, -0.107767, -0.109424, 0.123165, 0.064242, -0.357126, 0.931845, -0.066801, -0.1395, -0.927819, -0.345965, -0.127376, 0.0, 0.0, 0.0, 1.0],
                [0.998957, -0.040592, -0.020932, 0.123165, -0.006787, -0.585169, 0.810883, -0.068631, -0.045164, -0.809895, -0.584834, -0.127285, 0.0, 0.0, 0.0, 1.0],
                [0.998513, 0.011193, 0.053366, 0.123347, -0.025339, -0.771368, 0.635885, -0.064, 0.048283, -0.636292, -0.769936, -0.114544, 0.0, 0.0, 0.0, 1.0],
                [0.992293, 0.04449, 0.115649, 0.123781, -0.006296, -0.914011, 0.405641, -0.052956, 0.123752, -0.403242, -0.906687, -0.084323, 0.0, 0.0, 0.0, 1.0],
                [0.985472, 0.050885, 0.162037, 0.124299, 0.021656, -0.983923, 0.177277, -0.039774, 0.168453, -0.171192, -0.97073, -0.048289, 0.0, 0.0, 0.0, 1.0],
                [0.9818, 0.038706, 0.185929, 0.124734, 0.040522, -0.999161, -0.005973, -0.028729, 0.185542, 0.013398, -0.982545, -0.018113, 0.0, 0.0, 0.0, 1.0],
                [0.981087, 0.02913, 0.191364, 0.124916, 0.046266, -0.995246, -0.085702, -0.024098, 0.187958, 0.092935, -0.97777, -0.005461, 0.0, 0.0, 0.0, 1.0],
                [0.981087, 0.02913, 0.191364, 0.124916, 0.046266, -0.995246, -0.085702, -0.024098, 0.187958, 0.092934, -0.97777, -0.005461, 0.0, 0.0, 0.0, 1.0],
                [0.981087, 0.02913, 0.191364, 0.124916, 0.046266, -0.995246, -0.085702, -0.024098, 0.187958, 0.092935, -0.97777, -0.005461, 0.0, 0.0, 0.0, 1.0],
                [0.981087, 0.02913, 0.191364, 0.124916, 0.046266, -0.995246, -0.085702, -0.024098, 0.187958, 0.092934, -0.97777, -0.005461, 0.0, 0.0, 0.0, 1.0],
                [0.981087, 0.02913, 0.191364, 0.124916, 0.046266, -0.995246, -0.085702, -0.024098, 0.187958, 0.092935, -0.97777, -0.005461, 0.0, 0.0, 0.0, 1.0]
            ]
        },
        {
            "name": "Leg_R",
            "time": [0.0, 0.0167, 0.0333, 0.05, 0.0667, 0.0833, 0.1, 0.1167, 0.1333, 0.15, 0.1667, 0.1833, 0.2, 0.2167, 0.2333, 0.25, 0.2667, 0.2833, 0.3, 0.3167, 0.3333, 0.35, 0.3667, 0.3833, 0.4, 0.4167, 0.4333, 0.45, 0.4667, 0.4833, 0.5, 0.5167, 0.5333, 0.55, 0.5667],
            "transform": [
                [1.0, 1.3e-05, 5e-06, -0.0, -1.3e-05, 0.803342, 0.595518, 0.374726, 3e-06, -0.595518, 0.803342, -0.0, 0.0, 0.0, 0.0, 1.0],
                [1.0, 1.3e-05, 5e-06, 0.0, -1.3e-05, 0.801875, 0.597491, 0.374726, 3e-06, -0.597492, 0.801875, 0.0, 0.0, 0.0, 0.0, 1.0],
                [1.0, 1.3e-05, 5e-06, 0.0, -1.3e-05, 0.798024, 0.602625, 0.374726, 4e-06, -0.602625, 0.798024, 0.0, 0.0, 0.0, 0.0, 1.0],
                [1.0, 1.1e-05, 5e-06, 0.0, -1.2e-05, 0.793994, 0.607925, 0.374726, 3e-06, -0.607925, 0.793994, 0.0, 0.0, 0.0, 0.0, 1.0],
                [1.0, 1.3e-05, 5e-06, 0.0, -1.3e-05, 0.792486, 0.60989, 0.374726, 4e-06, -0.609891, 0.792486, -0.0, 0.0, 0.0, 0.0, 1.0],
                [1.0, 1.1e-05, 5e-06, 0.0, -1.2e-05, 0.795316, 0.606195, 0.374726, 3e-06, -0.606195, 0.795316, -0.0, 0.0, 0.0, 0.0, 1.0],
                [1.0, 1.3e-05, 5e-06, -0.0, -1.3e-05, 0.802337, 0.59687, 0.374726, 4e-06, -0.596871, 0.802337, -0.0, 0.0, 0.0, 0.0, 1.0],
                [1.0, 1.2e-05, 5e-06, 0.0, -1.3e-05, 0.81063, 0.585557, 0.374726, 3e-06, -0.585558, 0.81063, -0.0, 0.0, 0.0, 0.0, 1.0],
                [1.0, 9e-06, 4e-06, -0.0, -1e-05, 0.814292, 0.580455, 0.374726, 2e-06, -0.580455, 0.814292, -0.0, 0.0, 0.0, 0.0, 1.0],
                [1.0, 9e-06, 4e-06, 0.0, -1e-05, 0.804443, 0.59403, 0.374726, 2e-06, -0.59403, 0.804443, -0.0, 0.0, 0.0, 0.0, 1.0],
                [1.0, 1.5e-05, 6e-06, 0.0, -1.5e-05, 0.772236, 0.635334, 0.374726, 5e-06, -0.635336, 0.772236, -0.0, 0.0, 0.0, 0.0, 1.0],
                [1.0, 1.3e-05, 6e-06, -0.0, -1.4e-05, 0.706509, 0.707703, 0.374726, 5e-06, -0.707704, 0.70651, 0.0, 0.0, 0.0, 0.0, 1.0],
                [1.0, 1.7e-05, 9e-06, 0.0, -1.8e-05, 0.585013, 0.811024, 0.374726, 8e-06, -0.811024, 0.585013, -0.0, 0.0, 0.0, 0.0, 1.0],
                [1.0, 2.4e-05, 1.7e-05, -0.0, -2.5e-05, 0.400109, 0.916467, 0.374726, 1.5e-05, -0.916468, 0.400109, -0.0, 0.0, 0.0, 0.0, 1.0],
                [1.0, 1.8e-05, 1.6e-05, -0.0, -1.9e-05, 0.167248, 0.985915, 0.374726, 1.5e-05, -0.985914, 0.167248, 0.0, 0.0, 0.0, 0.0, 1.0],
                [1.0, 2.1e-05, 2.3e-05, 0.0, -2.2e-05, -0.047922, 0.998851, 0.374726, 2.2e-05, -0.998851, -0.047922, 0.0, 0.0, 0.0, 0.0, 1.0],
                [1.0, 1.7e-05, 2.1e-05, -0.0, -1.8e-05, -0.16316, 0.9866, 0.374726, 2e-05, -0.986599, -0.16316, -0.0, 0.0, 0.0, 0.0, 1.0],
                [1.0, 2.1e-05, 2.2e-05, 0.0, -2.2e-05, -0.002511, 0.999997, 0.374726, 2.1e-05, -0.999997, -0.002511, -0.0, 0.0, 0.0, 0.0, 1.0],
                [1.0, 1.9e-05, 1.1e-05, -0.0, -2e-05, 0.52295, 0.852363, 0.374726, 1e-05, -0.852363, 0.52295, -0.0, 0.0, 0.0, 0.0, 1.0],
                [1.0, 0.0, 1e-06, 0.0, -0.0, 0.999999, 0.001463, 0.374726, -1e-06, -0.001463, 0.999999, -0.0, 0.0, 0.0, 0.0, 1.0],
                [1.0, 0.0, 1e-06, 0.0, -0.0, 0.999999, 0.001467, 0.374726, -1e-06, -0.001467, 0.999999, -0.0, 0.0, 0.0, 0.0, 1.0],
                [1.0, 0.0, 1e-06, 0.0, 0.0, 0.999999, 0.001465, 0.374726, -1e-06, -0.001465, 0.999999, -0.0, 0.0, 0.0, 0.0, 1.0],
                [1.0, 7e-06, 2e-06, -0.0, -7e-06, 0.946653, 0.322256, 0.374726, 0.0, -0.322256, 0.946652, 0.0, 0.0, 0.0, 0.0, 1.0],
                [1.0, 1.7e-05, 9e-06, 0.0, -1.8e-05, 0.635193, 0.772353, 0.374726, 8e-06, -0.772353, 0.635193, -0.0, 0.0, 0.0, 0.0, 1.0],
                [1.0, 1.8e-05, 1.1e-05, -0.0, -1.9e-05, 0.497025, 0.867736, 0.374726, 1e-05, -0.867736, 0.497026, -0.0, 0.0, 0.0, 0.0, 1.0],
                [1.0, 1.9e-05, 1.3e-05, -0.0, -2e-05, 0.423983, 0.90567, 0.374726, 1.2e-05, -0.90567, 0.423983, -0.0, 0.0, 0.0, 0.0, 1.0],
                [1.0, 1.9e-05, 1.3e-05, -0.0, -2e-05, 0.41501, 0.909816, 0.374726, 1.2e-05, -0.909816, 0.41501, 0.0, 0.0, 0.0, 0.0, 1.0],
                [1.0, 1.7e-05, 1e-05, 0.0, -1.8e-05, 0.547841, 0.836582, 0.374726, 9e-06, -0.836583, 0.547841, -0.0, 0.0, 0.0, 0.0, 1.0],
                [1.0, 1.4e-05, 6e-06, -0.0, -1.5e-05, 0.72239, 0.691486, 0.374726, 5e-06, -0.691486, 0.72239, 0.0, 0.0, 0.0, 0.0, 1.0],
                [1.0, 1.1e-05, 4e-06, -0.0, -1.1e-05, 0.861665, 0.507477, 0.374726, 2e-06, -0.507477, 0.861665, 0.0, 0.0, 0.0, 0.0, 1.0],
                [1.0, 8e-06, 2e-06, 0.0, -9e-06, 0.914641, 0.404266, 0.374726, 1e-06, -0.404266, 0.914641, -0.0, 0.0, 0.0, 0.0, 1.0],
                [1.0, 8e-06, 3e-06, 0.0, -9e-06, 0.914641, 0.404266, 0.374726, 1e-06, -0.404267, 0.914641, -0.0, 0.0, 0.0, 0.0, 1.0],
                [1.0, 8e-06, 3e-06, 0.0, -9e-06, 0.914641, 0.404266, 0.374726, 1e-06, -0.404267, 0.914642, -0.0, 0.0, 0.0, 0.0, 1.0],
                [1.0, 8e-06, 3e-06, 0.0, -9e-06, 0.914641, 0.404266, 0.374726, 1e-06, -0.404267, 0.914641, -0.0, 0.0, 0.0, 0.0, 1.0],
                [1.0, 8e-06, 3e-06, 0.0, -9e-06, 0.914641, 0.404266, 0.374726, 1e-06, -0.404267, 0.914642, -0.0, 0.0, 0.0, 0.0, 1.0]
            ]
        },
        {
            "name": "Knee_R",
            "time": [0.0, 0.5667],
            "transform": [
                [1.0, 0.0, -0.0, 0.0, -0.0, 0.00567, -0.999984, 0.385543, -0.0, 0.999984, 0.00567, -6.1e-05, 0.0, 0.0, 0.0, 1.0],
                [1.0, 0.0, -0.0, 0.0, -0.0, 0.00567, -0.999984, 0.374726, -0.0, 0.999984, 0.00567, -0.0, 0.0, 0.0, 0.0, 1.0]
            ]
        },
        {
            "name": "Thigh_L",
            "time": [0.0, 0.0167, 0.0333, 0.05, 0.0667, 0.0833, 0.1, 0.1167, 0.1333, 0.15, 0.1667, 0.1833, 0.2, 0.2167, 0.2333, 0.25, 0.2667, 0.2833, 0.3, 0.3167, 0.3333, 0.35, 0.3667, 0.3833, 0.4, 0.4167, 0.4333, 0.45, 0.4667, 0.4833, 0.5, 0.5167, 0.5333, 0.55, 0.5667],
            "transform": [
                [0.857726, -0.386374, -0.339147, -0.125006, -0.007988, -0.669619, 0.742663, -0.002831, -0.514045, -0.634292, -0.577436, -1.2e-05, 0.0, 0.0, 0.0, 1.0],
                [0.862817, -0.381403, -0.331782, -0.124992, -0.010486, -0.669684, 0.742573, -0.002831, -0.505408, -0.637225, -0.581814, 0.000949, 0.0, 0.0, 0.0, 1.0],
                [0.876246, -0.367866, -0.311236, -0.124953, -0.017556, -0.669842, 0.742296, -0.002831, -0.481544, -0.64497, -0.593405, 0.003697, 0.0, 0.0, 0.0, 1.0],
                [0.894876, -0.347942, -0.279524, -0.12489, -0.028832, -0.670052, 0.741754, -0.002831, -0.445383, -0.655719, -0.609645, 0.008036, 0.0, 0.0, 0.0, 1.0],
                [0.915437, -0.323962, -0.238801, -0.124808, -0.043987, -0.67033, 0.740759, -0.002831, -0.400053, -0.667613, -0.627894, 0.013765, 0.0, 0.0, 0.0, 1.0],
                [0.934985, -0.298327, -0.191843, -0.124709, -0.062405, -0.670807, 0.739002, -0.002831, -0.349154, -0.678984, -0.645812, 0.020687, 0.0, 0.0, 0.0, 1.0],
                [0.951338, -0.273354, -0.142248, -0.124595, -0.082942, -0.671732, 0.736137, -0.002831, -0.296778, -0.688516, -0.661716, 0.028602, 0.0, 0.0, 0.0, 1.0],
                [0.963361, -0.251071, -0.094332, -0.12447, -0.103818, -0.673369, 0.731981, -0.002831, -0.2473, -0.695369, -0.674763, 0.037312, 0.0, 0.0, 0.0, 1.0],
                [0.971027, -0.23305, -0.052865, -0.124336, -0.122638, -0.675843, 0.726771, -0.002831, -0.205103, -0.699231, -0.684842, 0.046618, 0.0, 0.0, 0.0, 1.0],
                [0.975166, -0.220306, -0.022737, -0.124196, -0.136526, -0.678788, 0.721532, -0.002831, -0.174391, -0.700509, -0.692008, 0.056322, 0.0, 0.0, 0.0, 1.0],
                [0.976932, -0.213366, -0.008892, -0.124054, -0.142309, -0.681502, 0.717847, -0.002831, -0.159225, -0.700021, -0.696145, 0.066224, 0.0, 0.0, 0.0, 1.0],
                [0.977476, -0.210916, -0.007451, -0.123912, -0.143917, -0.691966, 0.70744, -0.002831, -0.154366, -0.690433, -0.706734, 0.076127, 0.0, 0.0, 0.0, 1.0],
                [0.977382, -0.21129, -0.009026, -0.123772, -0.148018, -0.713935, 0.684389, -0.002831, -0.151049, -0.667573, -0.729062, 0.08583, 0.0, 0.0, 0.0, 1.0],
                [0.97667, -0.214389, -0.012406, -0.123639, -0.155347, -0.745224, 0.648466, -0.002831, -0.148269, -0.63141, -0.761142, 0.095136, 0.0, 0.0, 0.0, 1.0],
                [0.9753, -0.220056, -0.019135, -0.123513, -0.166454, -0.789142, 0.591227, -0.002831, -0.145203, -0.573438, -0.806279, 0.103847, 0.0, 0.0, 0.0, 1.0],
                [0.973187, -0.227601, -0.033252, -0.1234, -0.181625, -0.849073, 0.496073, -0.002831, -0.14114, -0.476732, -0.867644, 0.111762, 0.0, 0.0, 0.0, 1.0],
                [0.970434, -0.233625, -0.060644, -0.1233, -0.199399, -0.917559, 0.343985, -0.002831, -0.136008, -0.321722, -0.937015, 0.118683, 0.0, 0.0, 0.0, 1.0],
                [0.967513, -0.230616, -0.103606, -0.123218, -0.216342, -0.967255, 0.132722, -0.002831, -0.130821, -0.105996, -0.985723, 0.124413, 0.0, 0.0, 0.0, 1.0],
                [0.964892, -0.208107, -0.160237, -0.123155, -0.230232, -0.96377, -0.134688, -0.002831, -0.126402, 0.166851, -0.977846, 0.128751, 0.0, 0.0, 0.0, 1.0],
                [0.96304, -0.168649, -0.210031, -0.123116, -0.239437, -0.893167, -0.380689, -0.002831, -0.12339, 0.416907, -0.900535, 0.1315, 0.0, 0.0, 0.0, 1.0],
                [0.962414, -0.165478, -0.215351, -0.123102, -0.242462, -0.880759, -0.406789, -0.002831, -0.122358, 0.443714, -0.887776, 0.13246, 0.0, 0.0, 0.0, 1.0],
                [0.96282, -0.166158, -0.212999, -0.123155, -0.240308, -0.886991, -0.394335, -0.002831, -0.123407, 0.430859, -0.893942, 0.128808, 0.0, 0.0, 0.0, 1.0],
                [0.963677, -0.168561, -0.207159, -0.123297, -0.235466, -0.90227, -0.361199, -0.002831, -0.12603, 0.396858, -0.909186, 0.118895, 0.0, 0.0, 0.0, 1.0],
                [0.964853, -0.171966, -0.198712, -0.123507, -0.228392, -0.922762, -0.310401, -0.002831, -0.129986, 0.344875, -0.929604, 0.104286, 0.0, 0.0, 0.0, 1.0],
                [0.966217, -0.199336, -0.163371, -0.123762, -0.219515, -0.968642, -0.116387, -0.002831, -0.135048, 0.148317, -0.979675, 0.086546, 0.0, 0.0, 0.0, 1.0],
                [0.967636, -0.210666, -0.138927, -0.124039, -0.209321, -0.977543, 0.024398, -0.002831, -0.140947, 0.005472, -0.990002, 0.067241, 0.0, 0.0, 0.0, 1.0],
                [0.968979, -0.213958, -0.123702, -0.124317, -0.19844, -0.971902, 0.126608, -0.002831, -0.147315, -0.098133, -0.984209, 0.047937, 0.0, 0.0, 0.0, 1.0],
                [0.97013, -0.212954, -0.116184, -0.124572, -0.187734, -0.962386, 0.196394, -0.002831, -0.153636, -0.168716, -0.973617, 0.030197, 0.0, 0.0, 0.0, 1.0],
                [0.971003, -0.209653, -0.114887, -0.124782, -0.178332, -0.955254, 0.235983, -0.002831, -0.159221, -0.208652, -0.964942, 0.015588, 0.0, 0.0, 0.0, 1.0],
                [0.971548, -0.205929, -0.116998, -0.124924, -0.171619, -0.952536, 0.251442, -0.002831, -0.163224, -0.224209, -0.960775, 0.005675, 0.0, 0.0, 0.0, 1.0],
                [0.971738, -0.204152, -0.118526, -0.124977, -0.169073, -0.952287, 0.254096, -0.002831, -0.164745, -0.226875, -0.959889, 0.002022, 0.0, 0.0, 0.0, 1.0],
                [0.971738, -0.204152, -0.118526, -0.124977, -0.169073, -0.952287, 0.254096, -0.002831, -0.164745, -0.226875, -0.959889, 0.002022, 0.0, 0.0, 0.0, 1.0],
                [0.971738, -0.204152, -0.118526, -0.124977, -0.169073, -0.952287, 0.254096, -0.002831, -0.164745, -0.226875, -0.959889, 0.002022, 0.0, 0.0, 0.0, 1.0],
                [0.971738, -0.204152, -0.118526, -0.124977, -0.169073, -0.952287, 0.254096, -0.002831, -0.164745, -0.226875, -0.959889, 0.002022, 0.0, 0.0, 0.0, 1.0],
                [0.971738, -0.204152, -0.118526, -0.124977, -0.169073, -0.952287, 0.254096, -0.002831, -0.164745, -0.226875, -0.959889, 0.002022, 0.0, 0.0, 0.0, 1.0]
            ]
        },
        {
            "name": "Leg_L",
            "time": [0.0, 0.0167, 0.0333, 0.05, 0.0667, 0.0833, 0.1, 0.1167, 0.1333, 0.15, 0.1667, 0.1833, 0.2, 0.2167, 0.2333, 0.25, 0.2667, 0.2833, 0.3, 0.3167, 0.3333, 0.35, 0.3667, 0.3833, 0.4, 0.4167, 0.4333, 0.45, 0.4667, 0.4833, 0.5, 0.5167, 0.5333, 0.55, 0.5667],
            "transform": [
                [1.0, 1.6e-05, 9e-06, 0.0, -1.7e-05, 0.626614, 0.779329, 0.374726, 7e-06, -0.779329, 0.626615, -0.0, 0.0, 0.0, 0.0, 1.0],
                [1.0, 1.6e-05, 9e-06, -0.0, -1.7e-05, 0.626127, 0.779721, 0.374726, 7e-06, -0.779721, 0.626127, 0.0, 0.0, 0.0, 0.0, 1.0],
                [1.0, 1.6e-05, 9e-06, -0.0, -1.7e-05, 0.625561, 0.780175, 0.374726, 7e-06, -0.780175, 0.625561, -0.0, 0.0, 0.0, 0.0, 1.0],
                [1.0, 1.6e-05, 8e-06, -0.0, -1.7e-05, 0.626646, 0.779304, 0.374726, 7e-06, -0.779304, 0.626646, -0.0, 0.0, 0.0, 0.0, 1.0],
                [1.0, 1.7e-05, 9e-06, -0.0, -1.8e-05, 0.631167, 0.775647, 0.374726, 8e-06, -0.775647, 0.631167, 0.0, 0.0, 0.0, 0.0, 1.0],
                [1.0, 1.7e-05, 9e-06, 0.0, -1.8e-05, 0.640523, 0.767939, 0.374726, 8e-06, -0.767939, 0.640523, -0.0, 0.0, 0.0, 0.0, 1.0],
                [1.0, 1.6e-05, 8e-06, -0.0, -1.7e-05, 0.655376, 0.755303, 0.374726, 7e-06, -0.755303, 0.655376, -0.0, 0.0, 0.0, 0.0, 1.0],
                [1.0, 1.4e-05, 7e-06, -0.0, -1.5e-05, 0.675364, 0.737485, 0.374726, 6e-06, -0.737485, 0.675364, -0.0, 0.0, 0.0, 0.0, 1.0],
                [1.0, 1.6e-05, 7e-06, 0.0, -1.6e-05, 0.699009, 0.715113, 0.374726, 6e-06, -0.715113, 0.699009, 0.0, 0.0, 0.0, 0.0, 1.0],
                [1.0, 1.5e-05, 7e-06, 0.0, -1.6e-05, 0.723538, 0.690284, 0.374726, 6e-06, -0.690284, 0.723538, -0.0, 0.0, 0.0, 0.0, 1.0],
                [1.0, 1.5e-05, 6e-06, 0.0, -1.5e-05, 0.745845, 0.666119, 0.374726, 5e-06, -0.66612, 0.745846, -0.0, 0.0, 0.0, 0.0, 1.0],
                [1.0, 1.4e-05, 6e-06, 0.0, -1.5e-05, 0.76091, 0.648858, 0.374726, 5e-06, -0.648858, 0.76091, 0.0, 0.0, 0.0, 0.0, 1.0],
                [1.0, 1.6e-05, 7e-06, -0.0, -1.6e-05, 0.75881, 0.651312, 0.374726, 5e-06, -0.651312, 0.75881, 0.0, 0.0, 0.0, 0.0, 1.0],
                [1.0, 1.5e-05, 7e-06, -0.0, -1.6e-05, 0.737217, 0.675656, 0.374726, 5e-06, -0.675656, 0.737218, 0.0, 0.0, 0.0, 0.0, 1.0],
                [1.0, 1.7e-05, 8e-06, -0.0, -1.7e-05, 0.70455, 0.709654, 0.374726, 6e-06, -0.709654, 0.70455, 0.0, 0.0, 0.0, 0.0, 1.0],
                [1.0, 1.7e-05, 8e-06, 0.0, -1.8e-05, 0.680366, 0.732873, 0.374726, 7e-06, -0.732872, 0.680366, 0.0, 0.0, 0.0, 0.0, 1.0],
                [1.0, 1.6e-05, 7e-06, -0.0, -1.6e-05, 0.700341, 0.713807, 0.374726, 6e-06, -0.713808, 0.700342, -0.0, 0.0, 0.0, 0.0, 1.0],
                [1.0, 1.4e-05, 5e-06, 0.0, -1.4e-05, 0.79133, 0.611388, 0.374726, 4e-06, -0.611389, 0.791331, -0.0, 0.0, 0.0, 0.0, 1.0],
                [1.0, 6e-06, 2e-06, -0.0, -7e-06, 0.93533, 0.353777, 0.374726, 1e-06, -0.353778, 0.93533, -0.0, 0.0, 0.0, 0.0, 1.0],
                [1.0, 0.0, 1e-06, -0.0, -0.0, 0.999999, 0.001461, 0.374726, -1e-06, -0.001461, 0.999999, -0.0, 0.0, 0.0, 0.0, 1.0],
                [1.0, 0.0, 1e-06, 0.0, -0.0, 0.999999, 0.001462, 0.374726, -1e-06, -0.001462, 0.999999, -0.0, 0.0, 0.0, 0.0, 1.0],
                [1.0, 0.0, 1e-06, -0.0, 0.0, 0.999999, 0.001462, 0.374726, -1e-06, -0.001462, 0.999999, -0.0, 0.0, 0.0, 0.0, 1.0],
                [1.0, 0.0, 1e-06, 0.0, -0.0, 0.999999, 0.001461, 0.374726, -1e-06, -0.001461, 0.999999, -0.0, 0.0, 0.0, 0.0, 1.0],
                [1.0, 0.0, 1e-06, 0.0, 0.0, 0.999999, 0.00146, 0.374726, -1e-06, -0.00146, 0.999999, 0.0, 0.0, 0.0, 0.0, 1.0],
                [1.0, 5e-06, 1e-06, 0.0, -6e-06, 0.963572, 0.26745, 0.374726, 0.0, -0.26745, 0.963571, 0.0, 0.0, 0.0, 0.0, 1.0],
                [1.0, 8e-06, 2e-06, 0.0, -8e-06, 0.919844, 0.392284, 0.374726, 1e-06, -0.392284, 0.919844, -0.0, 0.0, 0.0, 0.0, 1.0],
                [1.0, 9e-06, 3e-06, 0.0, -9e-06, 0.899077, 0.437789, 0.374726, 1e-06, -0.43779, 0.899077, 0.0, 0.0, 0.0, 0.0, 1.0],
                [1.0, 1e-05, 3e-06, 0.0, -1.1e-05, 0.900519, 0.434816, 0.374726, 2e-06, -0.434816, 0.900519, -0.0, 0.0, 0.0, 0.0, 1.0],
                [1.0, 9e-06, 3e-06, 0.0, -9e-06, 0.916587, 0.399834, 0.374726, 1e-06, -0.399834, 0.916588, 0.0, 0.0, 0.0, 0.0, 1.0],
                [1.0, 8e-06, 2e-06, -0.0, -9e-06, 0.935075, 0.354448, 0.374726, 1e-06, -0.354449, 0.935076, -0.0, 0.0, 0.0, 0.0, 1.0],
                [1.0, 7e-06, 2e-06, -0.0, -8e-06, 0.943383, 0.331705, 0.374726, 1e-06, -0.331705, 0.943383, 0.0, 0.0, 0.0, 0.0, 1.0],
                [1.0, 7e-06, 2e-06, 0.0, -7e-06, 0.943383, 0.331705, 0.374726, 1e-06, -0.331705, 0.943383, -0.0, 0.0, 0.0, 0.0, 1.0],
                [1.0, 7e-06, 2e-06, 0.0, -7e-06, 0.943383, 0.331705, 0.374726, 1e-06, -0.331705, 0.943383, -0.0, 0.0, 0.0, 0.0, 1.0],
                [1.0, 7e-06, 2e-06, 0.0, -7e-06, 0.943383, 0.331705, 0.374726, 1e-06, -0.331705, 0.943383, -0.0, 0.0, 0.0, 0.0, 1.0],
                [1.0, 7e-06, 2e-06, 0.0, -7e-06, 0.943383, 0.331705, 0.374726, 1e-06, -0.331705, 0.943383, -0.0, 0.0, 0.0, 0.0, 1.0]
            ]
        },
        {
            "name": "Knee_L",
            "time": [0.0, 0.5667],
            "transform": [
                [1.0, 0.0, -0.0, 0.0, -0.0, 0.00567, -0.999984, 0.4124, -0.0, 0.999984, 0.00567, -0.000214, 0.0, 0.0, 0.0, 1.0],
                [1.0, 0.0, -0.0, 0.0, -0.0, 0.00567, -0.999984, 0.374726, -0.0, 0.999984, 0.00567, -0.0, 0.0, 0.0, 0.0, 1.0]
            ]
        },
        {
            "name": "Torso",
            "time": [0.0, 0.0167, 0.0333, 0.05, 0.0667, 0.0833, 0.1, 0.1167, 0.1333, 0.15, 0.1667, 0.1833, 0.2, 0.2167, 0.2333, 0.25, 0.2667, 0.2833, 0.3, 0.3167, 0.3333, 0.35, 0.3667, 0.3833, 0.4, 0.4167, 0.4333, 0.45, 0.4667, 0.4833, 0.5, 0.5167, 0.5333, 0.55, 0.5667],
            "transform": [
                [1.0, 0.0, 0.0, -0.0, 0.0, 1.0, 0.0, 0.05, 0.0, 0.0, 1.0, 0.0, 0.0, 0.0, 0.0, 1.0],
                [0.999982, 0.0, 0.006062, 0.0, 0.0, 1.0, 0.0, 0.05, -0.006062, 0.0, 0.999982, 0.0, 0.0, 0.0, 0.0, 1.0],
                [0.999733, 0.0, 0.023143, -0.0, 0.0, 1.0, 0.0, 0.05, -0.023143, 0.0, 0.999733, -0.0, 0.0, 0.0, 0.0, 1.0],
                [0.99877, 0.0, 0.049586, 0.0, 0.0, 1.0, 0.0, 0.05, -0.049586, 0.0, 0.99877, 0.0, 0.0, 0.0, 0.0, 1.0],
                [0.996491, 0.0, 0.08371, 0.0, 0.0, 1.0, 0.0, 0.05, -0.08371, 0.0, 0.996491, -0.0, 0.0, 0.0, 0.0, 1.0],
                [0.992312, 0.0, 0.123766, 0.0, 0.0, 1.0, 0.0, 0.05, -0.123766, 0.0, 0.992312, 0.0, 0.0, 0.0, 0.0, 1.0],
                [0.985798, 0.0, 0.16794, 0.0, 0.0, 1.0, 0.0, 0.05, -0.16794, 0.0, 0.985798, -0.0, 0.0, 0.0, 0.0, 1.0],
                [0.976754, 0.0, 0.214363, 0.0, 0.0, 1.0, 0.0, 0.05, -0.214363, 0.0, 0.976754, -0.0, 0.0, 0.0, 0.0, 1.0],
                [0.965296, 0.0, 0.261161, -0.0, 0.0, 1.0, 0.0, 0.05, -0.261161, 0.0, 0.965296, -0.0, 0.0, 0.0, 0.0, 1.0],
                [0.951868, 0.0, 0.30651, -0.0, 0.0, 1.0, 0.0, 0.05, -0.30651, 0.0, 0.951868, -0.0, 0.0, 0.0, 0.0, 1.0],
                [0.937236, 0.0, 0.348697, -0.0, 0.0, 1.0, 0.0, 0.05, -0.348697, 0.0, 0.937236, -0.0, 0.0, 0.0, 0.0, 1.0],
                [0.922435, 0.0, 0.386153, -0.0, 0.0, 1.0, 0.0, 0.05, -0.386153, 0.0, 0.922435, 0.0, 0.0, 0.0, 0.0, 1.0],
                [0.908692, 0.0, 0.417469, -0.0, 0.0, 1.0, 0.0, 0.05, -0.417469, 0.0, 0.908692, 0.0, 0.0, 0.0, 0.0, 1.0],
                [0.897328, 0.0, 0.441365, -0.0, 0.0, 1.0, 0.0, 0.05, -0.441365, 0.0, 0.897328, -0.0, 0.0, 0.0, 0.0, 1.0],
                [0.889658, 0.0, 0.456629, 0.0, 0.0, 1.0, 0.0, 0.05, -0.456629, 0.0, 0.889658, 0.0, 0.0, 0.0, 0.0, 1.0],
                [0.886873, 0.0, 0.462014, -0.0, 0.0, 1.0, 0.0, 0.05, -0.462014, 0.0, 0.886873, -0.0, 0.0, 0.0, 0.0, 1.0],
                [0.890553, 0.001473, 0.454879, -0.0, 0.005831, 0.999876, -0.014654, 0.05, -0.454844, 0.015702, 0.890433, -0.0, 0.0, 0.0, 0.0, 1.0],
                [0.900676, 0.004391, 0.43447, -0.0, 0.019206, 0.998569, -0.049908, 0.05, -0.434068, 0.053295, 0.899303, -0.0, 0.0, 0.0, 0.0, 1.0],
                [0.915527, 0.00636, 0.402206, -0.0, 0.033782, 0.995127, -0.092632, 0.05, -0.400835, 0.098394, 0.910851, 0.0, 0.0, 0.0, 0.0, 1.0],
                [0.933062, 0.005673, 0.359671, -0.0, 0.043809, 0.990641, -0.129275, 0.05, -0.357038, 0.136378, 0.924081, -0.0, 0.0, 0.0, 0.0, 1.0],
                [0.951185, 0.002193, 0.308613, -0.0, 0.045026, 0.988289, -0.145798, 0.05, -0.305319, 0.152576, 0.939948, -0.0, 0.0, 0.0, 0.0, 1.0],
                [0.968129, -0.002202, 0.250444, -0.0, 0.036397, 0.990583, -0.131986, 0.05, -0.247795, 0.136895, 0.959092, -0.0, 0.0, 0.0, 0.0, 1.0],
                [0.982273, -0.004791, 0.187398, -0.0, 0.023206, 0.995092, -0.096193, 0.05, -0.186018, 0.098837, 0.977563, -0.0, 0.0, 0.0, 0.0, 1.0],
                [0.992437, -0.004345, 0.122682, -0.0, 0.010862, 0.998562, -0.052497, 0.05, -0.122277, 0.053433, 0.991057, -0.0, 0.0, 0.0, 0.0, 1.0],
                [0.998234, -0.001778, 0.059389, -0.0, 0.002706, 0.999876, -0.015551, 0.05, -0.059354, 0.015685, 0.998114, -0.0, 0.0, 0.0, 0.0, 1.0],
                [1.0, 0.0, 0.0, -0.0, -0.0, 1.0, 0.0, 0.05, 0.0, 0.0, 1.0, -0.0, 0.0, 0.0, 0.0, 1.0],
                [0.998568, 0.0, -0.053511, -0.0, 0.0, 1.0, 0.0, 0.05, 0.053511, 0.0, 0.998568, -0.0, 0.0, 0.0, 0.0, 1.0],
                [0.995095, 0.0, -0.098932, -0.0, 0.0, 1.0, 0.0, 0.05, 0.098932, 0.0, 0.995095, -0.0, 0.0, 0.0, 0.0, 1.0],
                [0.990977, 0.0, -0.134032, -0.0, 0.0, 1.0, 0.0, 0.05, 0.134032, 0.0, 0.990977, -0.0, 0.0, 0.0, 0.0, 1.0],
                [0.987653, 0.0, -0.156661, -0.0, 0.0, 1.0, 0.0, 0.05, 0.156661, 0.0, 0.987653, -0.0, 0.0, 0.0, 0.0, 1.0],
                [0.986347, 0.0, -0.164686, -0.0, 0.0, 1.0, 0.0, 0.05, 0.164686, 0.0, 0.986347, -0.0, 0.0, 0.0, 0.0, 1.0],
                [0.986347, 0.0, -0.164686, -0.0, 0.0, 1.0, 0.0, 0.05, 0.164686, 0.0, 0.986347, -0.0, 0.0, 0.0, 0.0, 1.0],
                [0.986347, 0.0, -0.164686, -0.0, 0.0, 1.0, 0.0, 0.05, 0.164686, 0.0, 0.986347, -0.0, 0.0, 0.0, 0.0, 1.0],
                [0.986347, 0.0, -0.164686, -0.0, 0.0, 1.0, 0.0, 0.05, 0.164686, 0.0, 0.986347, -0.0, 0.0, 0.0, 0.0, 1.0],
                [0.986347, 0.0, -0.164686, -0.0, 0.0, 1.0, 0.0, 0.05, 0.164686, 0.0, 0.986347, -0.0, 0.0, 0.0, 0.0, 1.0]
            ]
        },
        {
            "name": "Chest",
            "time": [0.0, 0.0167, 0.0333, 0.05, 0.0667, 0.0833, 0.1, 0.1167, 0.1333, 0.15, 0.1667, 0.1833, 0.2, 0.2167, 0.2333, 0.25, 0.2667, 0.2833, 0.3, 0.3167, 0.3333, 0.35, 0.3667, 0.3833, 0.4, 0.4167, 0.4333, 0.45, 0.4667, 0.4833, 0.5, 0.5167, 0.5333, 0.55, 0.5667],
            "transform": [
                [0.893638, 0.0, -0.448789, -0.0, 0.0, 1.0, 0.0, 0.3, 0.448789, 0.0, 0.893638, 0.0, 0.0, 0.0, 0.0, 1.0],
                [0.897086, -0.000634, -0.441855, -0.0, 0.000634, 1.0, -0.000148, 0.3, 0.441855, -0.000148, 0.897086, -0.0, 0.0, 0.0, 0.0, 1.0],
                [0.906524, -0.002457, -0.422148, -0.0, 0.002457, 0.999997, -0.000544, 0.3, 0.422148, -0.000544, 0.906527, 0.0, 0.0, 0.0, 0.0, 1.0],
                [0.9203, -0.005354, -0.391176, 0.0, 0.005354, 0.999985, -0.001091, 0.3, 0.391176, -0.001091, 0.920315, 0.0, 0.0, 0.0, 0.0, 1.0],
                [0.936553, -0.009208, -0.350404, 0.0, 0.009208, 0.999956, -0.001666, 0.3, 0.350404, -0.001666, 0.936597, -0.0, 0.0, 0.0, 0.0, 1.0],
                [0.953397, -0.013898, -0.301398, 0.0, 0.013898, 0.999901, -0.002144, 0.3, 0.301398, -0.002144, 0.953496, -0.0, 0.0, 0.0, 0.0, 1.0],
                [0.969103, -0.01929, -0.2459, -0.0, 0.01929, 0.999811, -0.002409, 0.3, 0.2459, -0.002409, 0.969292, -0.0, 0.0, 0.0, 0.0, 1.0],
                [0.982252, -0.025236, -0.185863, -0.0, 0.025236, 0.999679, -0.002366, 0.3, 0.185863, -0.002366, 0.982573, 0.0, 0.0, 0.0, 0.0, 1.0],
                [0.991854, -0.031585, -0.1234, -0.0, 0.031585, 0.999499, -0.001957, 0.3, 0.1234, -0.001957, 0.992355, 0.0, 0.0, 0.0, 0.0, 1.0],
                [0.997424, -0.038186, -0.060717, 0.0, 0.038186, 0.99927, -0.001161, 0.3, 0.060717, -0.001161, 0.998154, 0.0, 0.0, 0.0, 0.0, 1.0],
                [0.998991, -0.044899, 0.0, -0.0, 0.044899, 0.998991, -0.0, 0.3, 0.0, 0.0, 1.0, 0.0, 0.0, 0.0, 0.0, 1.0],
                [0.997045, -0.051445, 0.057043, -0.0, 0.051731, 0.998654, -0.003549, 0.3, -0.056783, 0.00649, 0.998365, -0.0, 0.0, 0.0, 0.0, 1.0],
                [0.992309, -0.05708, 0.109837, 0.0, 0.059124, 0.998131, -0.015437, 0.3, -0.10875, 0.021812, 0.99383, -0.0, 0.0, 0.0, 0.0, 1.0],
                [0.985546, -0.061248, 0.157949, 0.0, 0.067346, 0.997166, -0.033543, 0.3, -0.155447, 0.043696, 0.986877, -0.0, 0.0, 0.0, 0.0, 1.0],
                [0.977531, -0.063716, 0.200932, 0.0, 0.076349, 0.995521, -0.055756, 0.3, -0.19648, 0.069844, 0.978017, 0.0, 0.0, 0.0, 0.0, 1.0],
                [0.969034, -0.064537, 0.238343, -0.0, 0.085813, 0.993095, -0.079987, 0.3, -0.231535, 0.097963, 0.967881, -0.0, 0.0, 0.0, 0.0, 1.0],
                [0.960797, -0.064006, 0.269762, 0.0, 0.095203, 0.989991, -0.104186, 0.3, -0.260393, 0.125784, 0.957274, 0.0, 0.0, 0.0, 0.0, 1.0],
                [0.953506, -0.062595, 0.294803, -0.0, 0.103832, 0.986535, -0.126362, 0.3, -0.282924, 0.151096, 0.947166, 0.0, 0.0, 0.0, 0.0, 1.0],
                [0.947761, -0.060885, 0.313117, -0.0, 0.110929, 0.983256, -0.144574, 0.3, -0.299072, 0.171755, 0.938646, 0.0, 0.0, 0.0, 0.0, 1.0],
                [0.944058, -0.05948, 0.32437, 0.0, 0.11571, 0.98081, -0.156917, 0.3, -0.308812, 0.185672, 0.932824, 0.0, 0.0, 0.0, 0.0, 1.0],
                [0.942766, -0.058916, 0.328209, 0.0, 0.117447, 0.979864, -0.16147, 0.3, -0.312087, 0.190775, 0.930702, -0.0, 0.0, 0.0, 0.0, 1.0],
                [0.953893, -0.055863, 0.294903, 0.0, 0.103016, 0.983779, -0.146858, 0.3, -0.281915, 0.170466, 0.944174, -0.0, 0.0, 0.0, 0.0, 1.0],
                [0.975763, -0.045617, 0.214024, -0.0, 0.070404, 0.991473, -0.109658, 0.3, -0.207197, 0.122068, 0.970654, -0.0, 0.0, 0.0, 0.0, 1.0],
                [0.992848, -0.02803, 0.116047, 0.0, 0.035344, 0.997484, -0.061456, 0.3, -0.114033, 0.065118, 0.991341, 0.0, 0.0, 0.0, 0.0, 1.0],
                [0.999379, -0.00904, 0.034062, -0.0, 0.009676, 0.999781, -0.018532, 0.3, -0.033888, 0.01885, 0.999248, 0.0, 0.0, 0.0, 0.0, 1.0],
                [1.0, 0.0, -0.0, 0.0, -0.0, 1.0, 0.0, 0.3, 0.0, -0.0, 1.0, -0.0, 0.0, 0.0, 0.0, 1.0],
                [1.0, 0.0, 0.0, 0.0, 0.0, 1.0, 0.0, 0.3, 0.0, 0.0, 1.0, -0.0, 0.0, 0.0, 0.0, 1.0],
                [1.0, 0.0, 0.0, 0.0, 0.0, 1.0, 0.0, 0.3, -0.0, 0.0, 1.0, 0.0, 0.0, 0.0, 0.0, 1.0],
                [1.0, 0.0, 0.0, 0.0, 0.0, 1.0, 0.0, 0.3, 0.0, 0.0, 1.0, 0.0, 0.0, 0.0, 0.0, 1.0],
                [1.0, 0.0, 0.0, -0.0, 0.0, 1.0, 0.0, 0.3, -0.0, 0.0, 1.0, 0.0, 0.0, 0.0, 0.0, 1.0],
                [1.0, 0.0, 0.0, -0.0, 0.0, 1.0, 0.0, 0.3, -0.0, 0.0, 1.0, 0.0, 0.0, 0.0, 0.0, 1.0],
                [1.0, 0.0, 0.0, -0.0, 0.0, 1.0, 0.0, 0.3, -0.0, 0.0, 1.0, 0.0, 0.0, 0.0, 0.0, 1.0],
                [1.0, 0.0, 0.0, -0.0, 0.0, 1.0, 0.0, 0.3, -0.0, 0.0, 1.0, 0.0, 0.0, 0.0, 0.0, 1.0],
                [1.0, 0.0, 0.0, -0.0, 0.0, 1.0, 0.0, 0.3, -0.0, 0.0, 1.0, 0.0, 0.0, 0.0, 0.0, 1.0],
                [1.0, 0.0, 0.0, 0.0, 0.0, 1.0, 0.0, 0.3, -0.0, 0.0, 1.0, 0.0, 0.0, 0.0, 0.0, 1.0]
            ]
        },
        {
            "name": "Head",
            "time": [0.0, 0.0167, 0.0333, 0.05, 0.0667, 0.0833, 0.1, 0.1167, 0.1333, 0.15, 0.1667, 0.1833, 0.2, 0.2167, 0.2333, 0.25, 0.2667, 0.2833, 0.3, 0.3167, 0.3333, 0.35, 0.3667, 0.3833, 0.4, 0.4167, 0.4333, 0.45, 0.4667, 0.4833, 0.5, 0.5167, 0.5333, 0.55, 0.5667],
            "transform": [
                [0.387346, 0.025263, 0.921588, -0.0, -0.019655, 0.999623, -0.019141, 0.4, -0.921725, -0.0107, 0.387697, 0.0, 0.0, 0.0, 0.0, 1.0],
                [0.407136, 0.024703, 0.913033, -0.0, -0.019333, 0.999644, -0.018425, 0.4, -0.913163, -0.01015, 0.407469, 0.0, 0.0, 0.0, 0.0, 1.0],
                [0.461509, 0.023134, 0.886834, 0.0, -0.018398, 0.999694, -0.016503, 0.4, -0.886945, -0.008699, 0.461793, 0.0, 0.0, 0.0, 0.0, 1.0],
                [0.541856, 0.020677, 0.840217, -0.0, -0.016835, 0.999764, -0.013746, 0.4, -0.840303, -0.006697, 0.542076, 0.0, 0.0, 0.0, 0.0, 1.0],
                [0.637945, 0.017466, 0.769884, -0.0, -0.014631, 0.999837, -0.010559, 0.4, -0.769944, -0.004528, 0.638096, 0.0, 0.0, 0.0, 0.0, 1.0],
                [0.738247, 0.013719, 0.674392, -0.0, -0.011855, 0.999903, -0.007364, 0.4, -0.674427, -0.002558, 0.738337, -0.0, 0.0, 0.0, 0.0, 1.0],
                [0.831249, 0.009761, 0.555815, -0.0, -0.008708, 0.999952, -0.004538, 0.4, -0.555833, -0.001068, 0.831294, -0.0, 0.0, 0.0, 0.0, 1.0],
                [0.907443, 0.006002, 0.420133, 0.0, -0.005525, 0.999982, -0.002352, 0.4, -0.42014, -0.000186, 0.907459, 0.0, 0.0, 0.0, 0.0, 1.0],
                [0.961121, 0.002873, 0.276112, 0.0, -0.002725, 0.999996, -0.00092, 0.4, -0.276113, 0.000132, 0.961125, 0.0, 0.0, 0.0, 0.0, 1.0],
                [0.991078, 0.000765, 0.13328, -0.0, -0.000746, 1.0, -0.000192, 0.4, -0.13328, 9.1e-05, 0.991078, -0.0, 0.0, 0.0, 0.0, 1.0],
