{
    "animation": [
        {
            "name": "Root",
            "time": [0.0, 0.0167, 0.0333, 0.05, 0.0667, 0.0833, 0.1, 0.1167, 0.1333, 0.15, 0.1667, 0.1833, 0.2, 0.2167, 0.2333, 0.25, 0.2667, 0.2833, 0.3, 0.3167, 0.3333, 0.35, 0.3667, 0.3833, 0.4, 0.4167, 0.4333, 0.45, 0.4667, 0.4833, 0.5, 0.5167, 0.5333, 0.55, 0.5667, 0.5833, 0.6, 0.6167, 0.6333, 0.65, 0.6667, 0.6833, 0.7, 0.7167, 0.7333, 0.75, 0.7667, 0.7833, 0.8, 0.8167, 0.8333],
            "transform": [
                [1.0, 0.0, 0.0, -5e-06, 0.0, 0.461642, -0.887066, 0.017744, 0.0, 0.887066, 0.461642, 0.740407, 0.0, 0.0, 0.0, 1.0],
                [1.0, 0.0, 0.0, -5e-06, 0.0, 0.461642, -0.887066, 0.017744, 0.0, 0.887066, 0.461642, 0.740407, 0.0, 0.0, 0.0, 1.0],
                [1.0, 0.0, 0.0, -5e-06, 0.0, 0.461642, -0.887066, 0.017744, 0.0, 0.887066, 0.461642, 0.740407, 0.0, 0.0, 0.0, 1.0],
                [1.0, 0.0, 0.0, -5e-06, 0.0, 0.461642, -0.887066, 0.017744, 0.0, 0.887066, 0.461642, 0.740407, 0.0, 0.0, 0.0, 1.0],
                [1.0, 0.0, 0.0, -5e-06, 0.0, 0.461642, -0.887066, 0.017744, 0.0, 0.887066, 0.461642, 0.740407, 0.0, 0.0, 0.0, 1.0],
                [1.0, 0.0, 0.0, -5e-06, 0.0, 0.461642, -0.887066, 0.017744, 0.0, 0.887066, 0.461642, 0.740407, 0.0, 0.0, 0.0, 1.0],
                [1.0, 0.0, 0.0, -5e-06, 0.0, 0.461642, -0.887066, 0.017744, 0.0, 0.887066, 0.461642, 0.740407, 0.0, 0.0, 0.0, 1.0],
                [1.0, 0.0, 0.0, -5e-06, 0.0, 0.461642, -0.887066, 0.017744, 0.0, 0.887066, 0.461642, 0.740407, 0.0, 0.0, 0.0, 1.0],
                [1.0, 0.0, 0.0, -5e-06, 0.0, 0.461642, -0.887066, 0.017744, 0.0, 0.887066, 0.461642, 0.740407, 0.0, 0.0, 0.0, 1.0],
                [1.0, 0.0, 0.0, -5e-06, 0.0, 0.461642, -0.887066, 0.017744, 0.0, 0.887066, 0.461642, 0.740407, 0.0, 0.0, 0.0, 1.0],
                [1.0, 0.0, 0.0, -5e-06, 0.0, 0.461642, -0.887066, 0.017744, 0.0, 0.887066, 0.461642, 0.740407, 0.0, 0.0, 0.0, 1.0],
                [1.0, 0.0, 0.0, -5e-06, 0.0, 0.461642, -0.887066, 0.017744, 0.0, 0.887066, 0.461642, 0.740407, 0.0, 0.0, 0.0, 1.0],
                [1.0, 0.0, 0.0, -5e-06, 0.0, 0.461642, -0.887066, 0.017744, 0.0, 0.887066, 0.461642, 0.740407, 0.0, 0.0, 0.0, 1.0],
                [1.0, 0.0, 0.0, -5e-06, 0.0, 0.461642, -0.887066, 0.017744, 0.0, 0.887066, 0.461642, 0.740407, 0.0, 0.0, 0.0, 1.0],
                [1.0, 0.0, 0.0, -5e-06, 0.0, 0.461642, -0.887066, 0.017744, 0.0, 0.887066, 0.461642, 0.740407, 0.0, 0.0, 0.0, 1.0],
                [1.0, 0.0, 0.0, -5e-06, 0.0, 0.461642, -0.887066, 0.017744, 0.0, 0.887066, 0.461642, 0.740407, 0.0, 0.0, 0.0, 1.0],
                [1.0, 0.0, 0.0, -5e-06, 0.0, 0.461642, -0.887066, 0.017744, 0.0, 0.887066, 0.461642, 0.740407, 0.0, 0.0, 0.0, 1.0],
                [1.0, 0.0, 0.0, -5e-06, 0.0, 0.461642, -0.887066, 0.017744, 0.0, 0.887066, 0.461642, 0.740407, 0.0, 0.0, 0.0, 1.0],
                [1.0, 0.0, 0.0, -5e-06, 0.0, 0.461642, -0.887066, 0.017744, 0.0, 0.887066, 0.461642, 0.740407, 0.0, 0.0, 0.0, 1.0],
                [1.0, 0.0, 0.0, -5e-06, 0.0, 0.461642, -0.887066, 0.017744, 0.0, 0.887066, 0.461642, 0.740407, 0.0, 0.0, 0.0, 1.0],
                [1.0, 0.0, 0.0, -5e-06, 0.0, 0.461642, -0.887066, 0.017744, 0.0, 0.887066, 0.461642, 0.740407, 0.0, 0.0, 0.0, 1.0],
                [1.0, 0.0, 0.0, -5e-06, 0.0, 0.461642, -0.887066, 0.017744, 0.0, 0.887066, 0.461642, 0.740407, 0.0, 0.0, 0.0, 1.0],
                [1.0, 0.0, 0.0, -5e-06, 0.0, 0.461642, -0.887066, 0.017744, 0.0, 0.887066, 0.461642, 0.740407, 0.0, 0.0, 0.0, 1.0],
                [1.0, 0.0, 0.0, -5e-06, 0.0, 0.461642, -0.887066, 0.017744, 0.0, 0.887066, 0.461642, 0.740407, 0.0, 0.0, 0.0, 1.0],
                [1.0, 0.0, 0.0, -5e-06, 0.0, 0.461642, -0.887066, 0.017744, 0.0, 0.887066, 0.461642, 0.740407, 0.0, 0.0, 0.0, 1.0],
                [1.0, 0.0, 0.0, -5e-06, 0.0, 0.461642, -0.887066, 0.017744, 0.0, 0.887066, 0.461642, 0.740407, 0.0, 0.0, 0.0, 1.0],
                [1.0, 0.0, 0.0, -5e-06, 0.0, 0.461642, -0.887066, 0.017744, 0.0, 0.887066, 0.461642, 0.740407, 0.0, 0.0, 0.0, 1.0],
                [1.0, 0.0, 0.0, -5e-06, 0.0, 0.461642, -0.887066, 0.017744, 0.0, 0.887066, 0.461642, 0.740407, 0.0, 0.0, 0.0, 1.0],
                [1.0, 0.0, 0.0, -5e-06, 0.0, 0.461642, -0.887066, 0.017744, 0.0, 0.887066, 0.461642, 0.740407, 0.0, 0.0, 0.0, 1.0],
                [1.0, 0.0, 0.0, -5e-06, 0.0, 0.461642, -0.887066, 0.017744, 0.0, 0.887066, 0.461642, 0.740407, 0.0, 0.0, 0.0, 1.0],
                [1.0, 0.0, 0.0, -5e-06, 0.0, 0.461642, -0.887066, 0.017744, 0.0, 0.887066, 0.461642, 0.740407, 0.0, 0.0, 0.0, 1.0],
                [1.0, 0.0, 0.0, -5e-06, 0.0, 0.461642, -0.887066, 0.017744, 0.0, 0.887066, 0.461642, 0.740407, 0.0, 0.0, 0.0, 1.0],
                [1.0, 0.0, 0.0, -5e-06, 0.0, 0.461642, -0.887066, 8.587547, 0.0, 0.887066, 0.461642, 0.740407, 0.0, 0.0, 0.0, 1.0],
                [1.0, 0.0, 0.0, -5e-06, 0.0, 0.431545, -0.902092, 8.767284, 0.0, 0.902092, 0.431545, 0.745845, 0.0, 0.0, 0.0, 1.0],
                [1.0, 0.0, 0.0, -5e-06, 0.0, 0.357625, -0.933865, 8.863523, 0.0, 0.933865, 0.357625, 0.758812, 0.0, 0.0, 0.0, 1.0],
                [1.0, 0.0, 0.0, -5e-06, 0.0, 0.266233, -0.963909, 8.908607, 0.0, 0.963909, 0.266233, 0.774289, 0.0, 0.0, 0.0, 1.0],
                [1.0, 0.0, 0.0, -5e-06, 0.0, 0.187879, -0.982192, 8.934871, 0.0, 0.982192, 0.187879, 0.787256, 0.0, 0.0, 0.0, 1.0],
                [1.0, 0.0, 0.0, -5e-06, 0.0, 0.154737, -0.987956, 8.974654, 0.0, 0.987956, 0.154737, 0.792693, 0.0, 0.0, 0.0, 1.0],
                [1.0, 0.0, 0.0, -5e-06, 0.0, 0.154737, -0.987956, 9.052582, 0.0, 0.987956, 0.154737, 0.792693, 0.0, 0.0, 0.0, 1.0],
                [1.0, 0.0, 0.0, -5e-06, 0.0, 0.154737, -0.987956, 9.162432, 0.0, 0.987956, 0.154737, 0.792693, 0.0, 0.0, 0.0, 1.0],
                [1.0, 0.0, 0.0, -5e-06, 0.0, 0.154737, -0.987956, 9.290262, 0.0, 0.987956, 0.154737, 0.792693, 0.0, 0.0, 0.0, 1.0],
                [1.0, 0.0, 0.0, -5e-06, 0.0, 0.154737, -0.987956, 9.422141, 0.0, 0.987956, 0.154737, 0.792693, 0.0, 0.0, 0.0, 1.0],
                [1.0, 0.0, 0.0, -5e-06, 0.0, 0.154737, -0.987956, 9.544129, 0.0, 0.987956, 0.154737, 0.792693, 0.0, 0.0, 0.0, 1.0],
                [1.0, 0.0, 0.0, -5e-06, 0.0, 0.154737, -0.987956, 9.644702, 0.0, 0.987956, 0.154737, 0.792693, 0.0, 0.0, 0.0, 1.0],
                [1.0, 0.0, 0.0, -5e-06, 0.0, 0.154737, -0.987956, 9.721987, 0.0, 0.987956, 0.154737, 0.792693, 0.0, 0.0, 0.0, 1.0],
                [1.0, 0.0, 0.0, -5e-06, 0.0, 0.154737, -0.987956, 9.776522, 0.0, 0.987956, 0.154737, 0.792693, 0.0, 0.0, 0.0, 1.0],
                [1.0, 0.0, 0.0, -5e-06, 0.0, 0.154737, -0.987956, 9.808846, 0.0, 0.987956, 0.154737, 0.792693, 0.0, 0.0, 0.0, 1.0],
                [1.0, 0.0, 0.0, -5e-06, 0.0, 0.154737, -0.987956, 9.819503, 0.0, 0.987956, 0.154737, 0.792693, 0.0, 0.0, 0.0, 1.0],
                [1.0, 0.0, 0.0, -5e-06, 0.0, 0.154737, -0.987956, 9.819503, 0.0, 0.987956, 0.154737, 0.792693, 0.0, 0.0, 0.0, 1.0],
                [1.0, 0.0, 0.0, -5e-06, 0.0, 0.154737, -0.987956, 9.819503, 0.0, 0.987956, 0.154737, 0.792693, 0.0, 0.0, 0.0, 1.0],
                [1.0, 0.0, 0.0, -5e-06, 0.0, 0.154737, -0.987956, 9.819503, 0.0, 0.987956, 0.154737, 0.792693, 0.0, 0.0, 0.0, 1.0]
            ]
        },
        {
            "name": "Thigh_R",
            "time": [0.0, 0.0167, 0.0333, 0.05, 0.0667, 0.0833, 0.1, 0.1167, 0.1333, 0.15, 0.1667, 0.1833, 0.2, 0.2167, 0.2333, 0.25, 0.2667, 0.2833, 0.3, 0.3167, 0.3333, 0.35, 0.3667, 0.3833, 0.4, 0.4167, 0.4333, 0.45, 0.4667, 0.4833, 0.5, 0.5167, 0.5333, 0.55, 0.5667, 0.5833, 0.6, 0.6167, 0.6333, 0.65, 0.6667, 0.6833, 0.7, 0.7167, 0.7333, 0.75, 0.7667, 0.7833, 0.8, 0.8167, 0.8333],
            "transform": [
                [1.0, -1.8e-05, 1e-05, 0.124994, -1.6e-05, -0.413269, 0.910609, -0.002831, -1.2e-05, -0.910609, -0.413269, -1.2e-05, 0.0, 0.0, 0.0, 1.0],
                [1.0, -1.8e-05, 1e-05, 0.124994, -1.6e-05, -0.413269, 0.910609, -0.002831, -1.2e-05, -0.910609, -0.413269, -1.2e-05, 0.0, 0.0, 0.0, 1.0],
                [1.0, -1.8e-05, 1e-05, 0.124994, -1.6e-05, -0.413269, 0.910609, -0.002831, -1.2e-05, -0.910609, -0.413269, -1.2e-05, 0.0, 0.0, 0.0, 1.0],
                [1.0, -1.8e-05, 1e-05, 0.124994, -1.6e-05, -0.413269, 0.910609, -0.002831, -1.2e-05, -0.910609, -0.413269, -1.2e-05, 0.0, 0.0, 0.0, 1.0],
                [1.0, -1.8e-05, 1e-05, 0.124994, -1.6e-05, -0.413269, 0.910609, -0.002831, -1.2e-05, -0.910609, -0.413269, -1.2e-05, 0.0, 0.0, 0.0, 1.0],
                [1.0, -1.8e-05, 1e-05, 0.124994, -1.6e-05, -0.413269, 0.910609, -0.002831, -1.2e-05, -0.910609, -0.413269, -1.2e-05, 0.0, 0.0, 0.0, 1.0],
                [1.0, -1.8e-05, 1e-05, 0.124994, -1.6e-05, -0.413269, 0.910609, -0.002831, -1.2e-05, -0.910609, -0.413269, -1.2e-05, 0.0, 0.0, 0.0, 1.0],
                [1.0, -1.8e-05, 1e-05, 0.124994, -1.6e-05, -0.413269, 0.910609, -0.002831, -1.2e-05, -0.910609, -0.413269, -1.2e-05, 0.0, 0.0, 0.0, 1.0],
                [1.0, -1.8e-05, 1e-05, 0.124994, -1.6e-05, -0.413269, 0.910609, -0.002831, -1.2e-05, -0.910609, -0.413269, -1.2e-05, 0.0, 0.0, 0.0, 1.0],
                [1.0, -1.8e-05, 1e-05, 0.124994, -1.6e-05, -0.413269, 0.910609, -0.002831, -1.2e-05, -0.910609, -0.413269, -1.2e-05, 0.0, 0.0, 0.0, 1.0],
                [1.0, -1.8e-05, 1e-05, 0.124994, -1.6e-05, -0.413269, 0.910609, -0.002831, -1.2e-05, -0.910609, -0.413269, -1.2e-05, 0.0, 0.0, 0.0, 1.0],
                [1.0, -1.8e-05, 1e-05, 0.124994, -1.6e-05, -0.413269, 0.910609, -0.002831, -1.2e-05, -0.910609, -0.413269, -1.2e-05, 0.0, 0.0, 0.0, 1.0],
                [1.0, -1.8e-05, 1e-05, 0.124994, -1.6e-05, -0.413269, 0.910609, -0.002831, -1.2e-05, -0.910609, -0.413269, -1.2e-05, 0.0, 0.0, 0.0, 1.0],
                [1.0, -1.8e-05, 1e-05, 0.124994, -1.6e-05, -0.413269, 0.910609, -0.002831, -1.2e-05, -0.910609, -0.413269, -1.2e-05, 0.0, 0.0, 0.0, 1.0],
                [1.0, -1.8e-05, 1e-05, 0.124994, -1.6e-05, -0.413269, 0.910609, -0.002831, -1.2e-05, -0.910609, -0.413269, -1.2e-05, 0.0, 0.0, 0.0, 1.0],
                [1.0, -1.8e-05, 1e-05, 0.124994, -1.6e-05, -0.413269, 0.910609, -0.002831, -1.2e-05, -0.910609, -0.413269, -1.2e-05, 0.0, 0.0, 0.0, 1.0],
                [1.0, -1.8e-05, 1e-05, 0.124994, -1.6e-05, -0.413269, 0.910609, -0.002831, -1.2e-05, -0.910609, -0.413269, -1.2e-05, 0.0, 0.0, 0.0, 1.0],
                [1.0, -1.8e-05, 1e-05, 0.124994, -1.6e-05, -0.413269, 0.910609, -0.002831, -1.2e-05, -0.910609, -0.413269, -1.2e-05, 0.0, 0.0, 0.0, 1.0],
                [1.0, -1.8e-05, 1e-05, 0.124994, -1.6e-05, -0.413269, 0.910609, -0.002831, -1.2e-05, -0.910609, -0.413269, -1.2e-05, 0.0, 0.0, 0.0, 1.0],
                [1.0, -1.8e-05, 1e-05, 0.124994, -1.6e-05, -0.413269, 0.910609, -0.002831, -1.2e-05, -0.910609, -0.413269, -1.2e-05, 0.0, 0.0, 0.0, 1.0],
                [1.0, -1.8e-05, 1e-05, 0.124994, -1.6e-05, -0.413269, 0.910609, -0.002831, -1.2e-05, -0.910609, -0.413269, -1.2e-05, 0.0, 0.0, 0.0, 1.0],
                [1.0, -1.8e-05, 1e-05, 0.124994, -1.6e-05, -0.413269, 0.910609, -0.002831, -1.2e-05, -0.910609, -0.413269, -1.2e-05, 0.0, 0.0, 0.0, 1.0],
                [1.0, -1.8e-05, 1e-05, 0.124994, -1.6e-05, -0.413269, 0.910609, -0.002831, -1.2e-05, -0.910609, -0.413269, -1.2e-05, 0.0, 0.0, 0.0, 1.0],
                [1.0, -1.8e-05, 1e-05, 0.124994, -1.6e-05, -0.413269, 0.910609, -0.002831, -1.2e-05, -0.910609, -0.413269, -1.2e-05, 0.0, 0.0, 0.0, 1.0],
                [1.0, -1.8e-05, 1e-05, 0.124994, -1.6e-05, -0.413269, 0.910609, -0.002831, -1.2e-05, -0.910609, -0.413269, -1.2e-05, 0.0, 0.0, 0.0, 1.0],
                [1.0, -1.8e-05, 1e-05, 0.124994, -1.6e-05, -0.413269, 0.910609, -0.002831, -1.2e-05, -0.910609, -0.413269, -1.2e-05, 0.0, 0.0, 0.0, 1.0],
                [1.0, -1.8e-05, 1e-05, 0.124994, -1.6e-05, -0.413269, 0.910609, -0.002831, -1.2e-05, -0.910609, -0.413269, -1.2e-05, 0.0, 0.0, 0.0, 1.0],
                [1.0, -1.8e-05, 1e-05, 0.124994, -1.6e-05, -0.413269, 0.910609, -0.002831, -1.2e-05, -0.910609, -0.413269, -1.2e-05, 0.0, 0.0, 0.0, 1.0],
                [1.0, -1.8e-05, 1e-05, 0.124994, -1.6e-05, -0.413269, 0.910609, -0.002831, -1.2e-05, -0.910609, -0.413269, -1.2e-05, 0.0, 0.0, 0.0, 1.0],
                [1.0, -1.8e-05, 1e-05, 0.124994, -1.6e-05, -0.413269, 0.910609, -0.002831, -1.2e-05, -0.910609, -0.413269, -1.2e-05, 0.0, 0.0, 0.0, 1.0],
                [1.0, -1.8e-05, 1e-05, 0.124994, -1.6e-05, -0.413269, 0.910609, -0.002831, -1.2e-05, -0.910609, -0.413269, -1.2e-05, 0.0, 0.0, 0.0, 1.0],
                [1.0, -1.8e-05, 1e-05, 0.124994, -1.6e-05, -0.413269, 0.910609, -0.002831, -1.2e-05, -0.910609, -0.413269, -1.2e-05, 0.0, 0.0, 0.0, 1.0],
                [1.0, -1.8e-05, 1e-05, 0.124994, -1.6e-05, -0.413266, 0.91061, -0.00283, -1.2e-05, -0.91061, -0.413266, -1.2e-05, 0.0, 0.0, 0.0, 1.0],
                [1.0, -1.8e-05, 1e-05, 0.124994, -8e-06, 0.118058, 0.993007, -0.002831, -1.9e-05, -0.993007, 0.118058, -1.1e-05, 0.0, 0.0, 0.0, 1.0],
                [1.0, -1.6e-05, 8e-06, 0.124994, -5e-06, 0.178674, 0.983908, -0.002831, -1.7e-05, -0.983908, 0.178674, -1.1e-05, 0.0, 0.0, 0.0, 1.0],
                [1.0, -1.4e-05, 6e-06, 0.124994, -5e-06, 0.052506, 0.99862, -0.00283, -1.5e-05, -0.998621, 0.052506, -1.2e-05, 0.0, 0.0, 0.0, 1.0],
                [1.0, -1.3e-05, 5e-06, 0.124994, -6e-06, -0.098719, 0.995115, -0.002831, -1.3e-05, -0.995115, -0.098719, -1.2e-05, 0.0, 0.0, 0.0, 1.0],
                [1.0, -1.2e-05, 4e-06, 0.124994, -6e-06, -0.193933, 0.981015, -0.00283, -1.1e-05, -0.981015, -0.193933, -1.1e-05, 0.0, 0.0, 0.0, 1.0],
                [1.0, -1e-05, 3e-06, 0.124994, -5e-06, -0.254598, 0.967047, -0.00283, -9e-06, -0.967048, -0.254598, -1.1e-05, 0.0, 0.0, 0.0, 1.0],
                [1.0, -7e-06, 1e-06, 0.124994, -4e-06, -0.355043, 0.934851, -0.00283, -6e-06, -0.934851, -0.355043, -1.4e-05, 0.0, 0.0, 0.0, 1.0],
                [1.0, -3e-06, 0.0, 0.124994, -2e-06, -0.51499, 0.857196, -0.00283, -3e-06, -0.857196, -0.51499, -1.1e-05, 0.0, 0.0, 0.0, 1.0],
                [1.0, -0.0, -0.0, 0.124994, 0.0, -0.663422, 0.748246, -0.002831, -0.0, -0.748246, -0.663422, -1.4e-05, 0.0, 0.0, 0.0, 1.0],
                [1.0, -4e-06, 1e-06, 0.124994, -3e-06, -0.583329, 0.812237, -0.00283, -3e-06, -0.812236, -0.583329, -1.1e-05, 0.0, 0.0, 0.0, 1.0],
                [1.0, -7e-06, 1e-06, 0.124994, -5e-06, -0.612997, 0.790085, -0.002831, -5e-06, -0.790085, -0.612997, -1.4e-05, 0.0, 0.0, 0.0, 1.0],
                [1.0, -7e-06, 1e-06, 0.124994, -6e-06, -0.73038, 0.683042, -0.002831, -4e-06, -0.683042, -0.73038, -1.4e-05, 0.0, 0.0, 0.0, 1.0],
                [1.0, -6e-06, 1e-06, 0.124994, -5e-06, -0.857583, 0.514346, -0.002831, -2e-06, -0.514346, -0.857583, -1.1e-05, 0.0, 0.0, 0.0, 1.0],
                [1.0, -3e-06, 0.0, 0.124994, -3e-06, -0.950301, 0.311335, -0.00283, -1e-06, -0.311335, -0.9503, -1.4e-05, 0.0, 0.0, 0.0, 1.0],
                [1.0, -0.0, 0.0, 0.124994, -0.0, -0.991121, 0.132965, -0.00283, -0.0, -0.132965, -0.991121, -1.1e-05, 0.0, 0.0, 0.0, 1.0],
                [1.0, -0.0, 0.0, 0.124994, -0.0, -0.991121, 0.132965, -0.00283, -0.0, -0.132965, -0.991121, -1.1e-05, 0.0, 0.0, 0.0, 1.0],
                [1.0, -0.0, 0.0, 0.124994, -0.0, -0.991121, 0.132965, -0.00283, -0.0, -0.132965, -0.991121, -1.1e-05, 0.0, 0.0, 0.0, 1.0],
                [1.0, -0.0, 0.0, 0.124994, -0.0, -0.991121, 0.132965, -0.00283, -0.0, -0.132965, -0.991121, -1.1e-05, 0.0, 0.0, 0.0, 1.0]
            ]
        },
        {
            "name": "Leg_R",
            "time": [0.0, 0.0167, 0.0333, 0.05, 0.0667, 0.0833, 0.1, 0.1167, 0.1333, 0.15, 0.1667, 0.1833, 0.2, 0.2167, 0.2333, 0.25, 0.2667, 0.2833, 0.3, 0.3167, 0.3333, 0.35, 0.3667, 0.3833, 0.4, 0.4167, 0.4333, 0.45, 0.4667, 0.4833, 0.5, 0.5167, 0.5333, 0.55, 0.5667, 0.5833, 0.6, 0.6167, 0.6333, 0.65, 0.6667, 0.6833, 0.7, 0.7167, 0.7333, 0.75, 0.7667, 0.7833, 0.8, 0.8167, 0.8333],
            "transform": [
                [1.0, 1.9e-05, 3e-05, -0.0, -2e-05, -0.408876, 0.91259, 0.374726, 3e-05, -0.91259, -0.408876, 0.0, 0.0, 0.0, 0.0, 1.0],
                [1.0, 1.9e-05, 3e-05, -0.0, -2e-05, -0.408876, 0.91259, 0.374726, 3e-05, -0.91259, -0.408876, 0.0, 0.0, 0.0, 0.0, 1.0],
                [1.0, 1.9e-05, 3e-05, -0.0, -2e-05, -0.408876, 0.91259, 0.374726, 3e-05, -0.91259, -0.408876, 0.0, 0.0, 0.0, 0.0, 1.0],
                [1.0, 1.9e-05, 3e-05, -0.0, -2e-05, -0.408876, 0.91259, 0.374726, 3e-05, -0.91259, -0.408876, 0.0, 0.0, 0.0, 0.0, 1.0],
                [1.0, 1.9e-05, 3e-05, -0.0, -2e-05, -0.408876, 0.91259, 0.374726, 3e-05, -0.91259, -0.408876, 0.0, 0.0, 0.0, 0.0, 1.0],
                [1.0, 1.9e-05, 3e-05, -0.0, -2e-05, -0.408876, 0.91259, 0.374726, 3e-05, -0.91259, -0.408876, 0.0, 0.0, 0.0, 0.0, 1.0],
                [1.0, 1.9e-05, 3e-05, -0.0, -2e-05, -0.408876, 0.91259, 0.374726, 3e-05, -0.91259, -0.408876, 0.0, 0.0, 0.0, 0.0, 1.0],
                [1.0, 1.9e-05, 3e-05, -0.0, -2e-05, -0.408876, 0.91259, 0.374726, 3e-05, -0.91259, -0.408876, 0.0, 0.0, 0.0, 0.0, 1.0],
                [1.0, 1.9e-05, 3e-05, -0.0, -2e-05, -0.408876, 0.91259, 0.374726, 3e-05, -0.91259, -0.408876, 0.0, 0.0, 0.0, 0.0, 1.0],
                [1.0, 1.9e-05, 3e-05, -0.0, -2e-05, -0.408876, 0.91259, 0.374726, 3e-05, -0.91259, -0.408876, 0.0, 0.0, 0.0, 0.0, 1.0],
                [1.0, 1.9e-05, 3e-05, -0.0, -2e-05, -0.408876, 0.91259, 0.374726, 3e-05, -0.91259, -0.408876, 0.0, 0.0, 0.0, 0.0, 1.0],
                [1.0, 1.9e-05, 3e-05, -0.0, -2e-05, -0.408876, 0.91259, 0.374726, 3e-05, -0.91259, -0.408876, 0.0, 0.0, 0.0, 0.0, 1.0],
                [1.0, 1.9e-05, 3e-05, -0.0, -2e-05, -0.408876, 0.91259, 0.374726, 3e-05, -0.91259, -0.408876, 0.0, 0.0, 0.0, 0.0, 1.0],
                [1.0, 1.9e-05, 3e-05, -0.0, -2e-05, -0.408876, 0.91259, 0.374726, 3e-05, -0.91259, -0.408876, 0.0, 0.0, 0.0, 0.0, 1.0],
                [1.0, 1.9e-05, 3e-05, -0.0, -2e-05, -0.408876, 0.91259, 0.374726, 3e-05, -0.91259, -0.408876, 0.0, 0.0, 0.0, 0.0, 1.0],
                [1.0, 1.9e-05, 3e-05, -0.0, -2e-05, -0.408876, 0.91259, 0.374726, 3e-05, -0.91259, -0.408876, 0.0, 0.0, 0.0, 0.0, 1.0],
                [1.0, 1.9e-05, 3e-05, -0.0, -2e-05, -0.408876, 0.91259, 0.374726, 3e-05, -0.91259, -0.408876, 0.0, 0.0, 0.0, 0.0, 1.0],
                [1.0, 1.9e-05, 3e-05, -0.0, -2e-05, -0.408876, 0.91259, 0.374726, 3e-05, -0.91259, -0.408876, 0.0, 0.0, 0.0, 0.0, 1.0],
                [1.0, 1.9e-05, 3e-05, -0.0, -2e-05, -0.408876, 0.91259, 0.374726, 3e-05, -0.91259, -0.408876, 0.0, 0.0, 0.0, 0.0, 1.0],
                [1.0, 1.9e-05, 3e-05, -0.0, -2e-05, -0.408876, 0.91259, 0.374726, 3e-05, -0.91259, -0.408876, 0.0, 0.0, 0.0, 0.0, 1.0],
                [1.0, 1.9e-05, 3e-05, -0.0, -2e-05, -0.408876, 0.91259, 0.374726, 3e-05, -0.91259, -0.408876, 0.0, 0.0, 0.0, 0.0, 1.0],
                [1.0, 1.9e-05, 3e-05, -0.0, -2e-05, -0.408876, 0.91259, 0.374726, 3e-05, -0.91259, -0.408876, 0.0, 0.0, 0.0, 0.0, 1.0],
                [1.0, 1.9e-05, 3e-05, -0.0, -2e-05, -0.408876, 0.91259, 0.374726, 3e-05, -0.91259, -0.408876, 0.0, 0.0, 0.0, 0.0, 1.0],
                [1.0, 1.9e-05, 3e-05, -0.0, -2e-05, -0.408876, 0.91259, 0.374726, 3e-05, -0.91259, -0.408876, 0.0, 0.0, 0.0, 0.0, 1.0],
                [1.0, 1.9e-05, 3e-05, -0.0, -2e-05, -0.408876, 0.91259, 0.374726, 3e-05, -0.91259, -0.408876, 0.0, 0.0, 0.0, 0.0, 1.0],
                [1.0, 1.9e-05, 3e-05, -0.0, -2e-05, -0.408876, 0.91259, 0.374726, 3e-05, -0.91259, -0.408876, 0.0, 0.0, 0.0, 0.0, 1.0],
                [1.0, 1.9e-05, 3e-05, -0.0, -2e-05, -0.408876, 0.91259, 0.374726, 3e-05, -0.91259, -0.408876, 0.0, 0.0, 0.0, 0.0, 1.0],
                [1.0, 1.9e-05, 3e-05, -0.0, -2e-05, -0.408876, 0.91259, 0.374726, 3e-05, -0.91259, -0.408876, 0.0, 0.0, 0.0, 0.0, 1.0],
                [1.0, 1.9e-05, 3e-05, -0.0, -2e-05, -0.408876, 0.91259, 0.374726, 3e-05, -0.91259, -0.408876, 0.0, 0.0, 0.0, 0.0, 1.0],
                [1.0, 1.9e-05, 3e-05, -0.0, -2e-05, -0.408876, 0.91259, 0.374726, 3e-05, -0.91259, -0.408876, 0.0, 0.0, 0.0, 0.0, 1.0],
                [1.0, 1.9e-05, 3e-05, -0.0, -2e-05, -0.408876, 0.91259, 0.374726, 3e-05, -0.91259, -0.408876, 0.0, 0.0, 0.0, 0.0, 1.0],
                [1.0, 1.9e-05, 3e-05, -0.0, -2e-05, -0.408876, 0.91259, 0.374726, 3e-05, -0.91259, -0.408876, 0.0, 0.0, 0.0, 0.0, 1.0],
                [1.0, 1.9e-05, 3e-05, 0.0, -2e-05, -0.408876, 0.91259, 0.374726, 3e-05, -0.91259, -0.408876, -0.0, 0.0, 0.0, 0.0, 1.0],
                [1.0, 1.9e-05, 3e-05, -0.0, -2e-05, -0.410482, 0.911868, 0.374727, 3e-05, -0.911869, -0.410482, 0.0, 0.0, 0.0, 0.0, 1.0],
                [1.0, 2.1e-05, 2.6e-05, -0.0, -2.1e-05, -0.187026, 0.982355, 0.374725, 2.5e-05, -0.982355, -0.187026, -0.0, 0.0, 0.0, 0.0, 1.0],
                [1.0, 2.1e-05, 2.1e-05, -0.0, -2.2e-05, 0.029863, 0.999554, 0.374725, 2e-05, -0.999555, 0.029863, -0.0, 0.0, 0.0, 0.0, 1.0],
                [1.0, 2.1e-05, 1.8e-05, -0.0, -2.1e-05, 0.197975, 0.980207, 0.374726, 1.7e-05, -0.980207, 0.197975, 0.0, 0.0, 0.0, 0.0, 1.0],
                [1.0, 2e-05, 1.4e-05, -0.0, -2e-05, 0.346331, 0.938112, 0.374725, 1.3e-05, -0.938112, 0.346331, 0.0, 0.0, 0.0, 0.0, 1.0],
                [1.0, 1.8e-05, 1e-05, -0.0, -1.8e-05, 0.534964, 0.844874, 0.374727, 9e-06, -0.844875, 0.534964, 0.0, 0.0, 0.0, 0.0, 1.0],
                [1.0, 1.4e-05, 6e-06, 0.0, -1.4e-05, 0.759789, 0.650169, 0.374727, 4e-06, -0.650169, 0.759789, 1e-06, 0.0, 0.0, 0.0, 1.0],
                [1.0, 6e-06, 2e-06, -0.0, -7e-06, 0.95082, 0.309743, 0.374726, 0.0, -0.309743, 0.95082, 0.0, 0.0, 0.0, 0.0, 1.0],
                [1.0, 0.0, 1e-06, -0.0, -0.0, 0.999999, 0.00146, 0.374726, -1e-06, -0.00146, 0.999999, 1e-06, 0.0, 0.0, 0.0, 1.0],
                [1.0, 8e-06, 2e-06, -0.0, -9e-06, 0.917582, 0.397547, 0.374727, 1e-06, -0.397546, 0.917582, -0.0, 0.0, 0.0, 0.0, 1.0],
                [1.0, 1.3e-05, 5e-06, 0.0, -1.3e-05, 0.787472, 0.616351, 0.374726, 4e-06, -0.616351, 0.787472, -0.0, 0.0, 0.0, 0.0, 1.0],
                [1.0, 1.3e-05, 5e-06, 0.0, -1.4e-05, 0.773719, 0.633528, 0.374726, 4e-06, -0.633529, 0.77372, 1e-06, 0.0, 0.0, 0.0, 1.0],
                [1.0, 1.1e-05, 4e-06, 0.0, -1.1e-05, 0.851532, 0.524302, 0.374726, 2e-06, -0.524302, 0.851532, 1e-06, 0.0, 0.0, 0.0, 1.0],
                [1.0, 6e-06, 2e-06, -0.0, -6e-06, 0.955967, 0.293475, 0.374726, 0.0, -0.293475, 0.955967, -1e-06, 0.0, 0.0, 0.0, 1.0],
                [1.0, 0.0, 1e-06, -0.0, -0.0, 0.999999, 0.00146, 0.374726, -1e-06, -0.00146, 0.999999, 1e-06, 0.0, 0.0, 0.0, 1.0],
                [1.0, 0.0, 1e-06, 0.0, -0.0, 0.999999, 0.00146, 0.374726, -1e-06, -0.00146, 0.999999, 2e-06, 0.0, 0.0, 0.0, 1.0],
                [1.0, 0.0, 1e-06, 0.0, -0.0, 0.999999, 0.00146, 0.374726, -1e-06, -0.00146, 0.999999, 2e-06, 0.0, 0.0, 0.0, 1.0],
                [1.0, 0.0, 1e-06, 0.0, -0.0, 0.999999, 0.00146, 0.374726, -1e-06, -0.00146, 0.999999, 2e-06, 0.0, 0.0, 0.0, 1.0]
            ]
        },
        {
            "name": "Knee_R",
            "time": [0.0, 0.8333],
            "transform": [
                [1.0, 0.0, -0.0, 0.0, -0.0, 0.00567, -0.999984, 0.484724, -0.0, 0.999984, 0.00567, -0.000624, 0.0, 0.0, 0.0, 1.0],
                [1.0, 0.0, -0.0, -0.0, -0.0, 0.00567, -0.999984, 0.374726, -0.0, 0.999984, 0.00567, 1e-06, 0.0, 0.0, 0.0, 1.0]
            ]
        },
        {
            "name": "Thigh_L",
            "time": [0.0, 0.0167, 0.0333, 0.05, 0.0667, 0.0833, 0.1, 0.1167, 0.1333, 0.15, 0.1667, 0.1833, 0.2, 0.2167, 0.2333, 0.25, 0.2667, 0.2833, 0.3, 0.3167, 0.3333, 0.35, 0.3667, 0.3833, 0.4, 0.4167, 0.4333, 0.45, 0.4667, 0.4833, 0.5, 0.5167, 0.5333, 0.55, 0.5667, 0.5833, 0.6, 0.6167, 0.6333, 0.65, 0.6667, 0.6833, 0.7, 0.7167, 0.7333, 0.75, 0.7667, 0.7833, 0.8, 0.8167, 0.8333],
            "transform": [
                [1.0, -5e-06, 1e-06, -0.125006, -5e-06, -0.956697, -0.291085, -0.002831, 2e-06, 0.291085, -0.956697, -1.2e-05, 0.0, 0.0, 0.0, 1.0],
                [1.0, -5e-06, 1e-06, -0.125006, -5e-06, -0.956697, -0.291085, -0.002831, 2e-06, 0.291085, -0.956697, -1.2e-05, 0.0, 0.0, 0.0, 1.0],
                [1.0, -5e-06, 1e-06, -0.125006, -5e-06, -0.956697, -0.291085, -0.002831, 2e-06, 0.291085, -0.956697, -1.2e-05, 0.0, 0.0, 0.0, 1.0],
                [1.0, -5e-06, 1e-06, -0.125006, -5e-06, -0.956697, -0.291085, -0.002831, 2e-06, 0.291085, -0.956697, -1.2e-05, 0.0, 0.0, 0.0, 1.0],
                [1.0, -5e-06, 1e-06, -0.125006, -5e-06, -0.956697, -0.291085, -0.002831, 2e-06, 0.291085, -0.956697, -1.2e-05, 0.0, 0.0, 0.0, 1.0],
                [1.0, -5e-06, 1e-06, -0.125006, -5e-06, -0.956697, -0.291085, -0.002831, 2e-06, 0.291085, -0.956697, -1.2e-05, 0.0, 0.0, 0.0, 1.0],
                [1.0, -5e-06, 1e-06, -0.125006, -5e-06, -0.956697, -0.291085, -0.002831, 2e-06, 0.291085, -0.956697, -1.2e-05, 0.0, 0.0, 0.0, 1.0],
                [1.0, -5e-06, 1e-06, -0.125006, -5e-06, -0.956697, -0.291085, -0.002831, 2e-06, 0.291085, -0.956697, -1.2e-05, 0.0, 0.0, 0.0, 1.0],
                [1.0, -5e-06, 1e-06, -0.125006, -5e-06, -0.956697, -0.291085, -0.002831, 2e-06, 0.291085, -0.956697, -1.2e-05, 0.0, 0.0, 0.0, 1.0],
                [1.0, -5e-06, 1e-06, -0.125006, -5e-06, -0.956697, -0.291085, -0.002831, 2e-06, 0.291085, -0.956697, -1.2e-05, 0.0, 0.0, 0.0, 1.0],
                [1.0, -5e-06, 1e-06, -0.125006, -5e-06, -0.956697, -0.291085, -0.002831, 2e-06, 0.291085, -0.956697, -1.2e-05, 0.0, 0.0, 0.0, 1.0],
                [1.0, -5e-06, 1e-06, -0.125006, -5e-06, -0.956697, -0.291085, -0.002831, 2e-06, 0.291085, -0.956697, -1.2e-05, 0.0, 0.0, 0.0, 1.0],
                [1.0, -5e-06, 1e-06, -0.125006, -5e-06, -0.956697, -0.291085, -0.002831, 2e-06, 0.291085, -0.956697, -1.2e-05, 0.0, 0.0, 0.0, 1.0],
                [1.0, -5e-06, 1e-06, -0.125006, -5e-06, -0.956697, -0.291085, -0.002831, 2e-06, 0.291085, -0.956697, -1.2e-05, 0.0, 0.0, 0.0, 1.0],
                [1.0, -5e-06, 1e-06, -0.125006, -5e-06, -0.956697, -0.291085, -0.002831, 2e-06, 0.291085, -0.956697, -1.2e-05, 0.0, 0.0, 0.0, 1.0],
                [1.0, -5e-06, 1e-06, -0.125006, -5e-06, -0.956697, -0.291085, -0.002831, 2e-06, 0.291085, -0.956697, -1.2e-05, 0.0, 0.0, 0.0, 1.0],
                [1.0, -5e-06, 1e-06, -0.125006, -5e-06, -0.956697, -0.291085, -0.002831, 2e-06, 0.291085, -0.956697, -1.2e-05, 0.0, 0.0, 0.0, 1.0],
                [1.0, -5e-06, 1e-06, -0.125006, -5e-06, -0.956697, -0.291085, -0.002831, 2e-06, 0.291085, -0.956697, -1.2e-05, 0.0, 0.0, 0.0, 1.0],
                [1.0, -5e-06, 1e-06, -0.125006, -5e-06, -0.956697, -0.291085, -0.002831, 2e-06, 0.291085, -0.956697, -1.2e-05, 0.0, 0.0, 0.0, 1.0],
                [1.0, -5e-06, 1e-06, -0.125006, -5e-06, -0.956697, -0.291085, -0.002831, 2e-06, 0.291085, -0.956697, -1.2e-05, 0.0, 0.0, 0.0, 1.0],
                [1.0, -5e-06, 1e-06, -0.125006, -5e-06, -0.956697, -0.291085, -0.002831, 2e-06, 0.291085, -0.956697, -1.2e-05, 0.0, 0.0, 0.0, 1.0],
                [1.0, -5e-06, 1e-06, -0.125006, -5e-06, -0.956697, -0.291085, -0.002831, 2e-06, 0.291085, -0.956697, -1.2e-05, 0.0, 0.0, 0.0, 1.0],
                [1.0, -5e-06, 1e-06, -0.125006, -5e-06, -0.956697, -0.291085, -0.002831, 2e-06, 0.291085, -0.956697, -1.2e-05, 0.0, 0.0, 0.0, 1.0],
                [1.0, -5e-06, 1e-06, -0.125006, -5e-06, -0.956697, -0.291085, -0.002831, 2e-06, 0.291085, -0.956697, -1.2e-05, 0.0, 0.0, 0.0, 1.0],
                [1.0, -5e-06, 1e-06, -0.125006, -5e-06, -0.956697, -0.291085, -0.002831, 2e-06, 0.291085, -0.956697, -1.2e-05, 0.0, 0.0, 0.0, 1.0],
                [1.0, -5e-06, 1e-06, -0.125006, -5e-06, -0.956697, -0.291085, -0.002831, 2e-06, 0.291085, -0.956697, -1.2e-05, 0.0, 0.0, 0.0, 1.0],
                [1.0, -5e-06, 1e-06, -0.125006, -5e-06, -0.956697, -0.291085, -0.002831, 2e-06, 0.291085, -0.956697, -1.2e-05, 0.0, 0.0, 0.0, 1.0],
                [1.0, -5e-06, 1e-06, -0.125006, -5e-06, -0.956697, -0.291085, -0.002831, 2e-06, 0.291085, -0.956697, -1.2e-05, 0.0, 0.0, 0.0, 1.0],
                [1.0, -5e-06, 1e-06, -0.125006, -5e-06, -0.956697, -0.291085, -0.002831, 2e-06, 0.291085, -0.956697, -1.2e-05, 0.0, 0.0, 0.0, 1.0],
                [1.0, -5e-06, 1e-06, -0.125006, -5e-06, -0.956697, -0.291085, -0.002831, 2e-06, 0.291085, -0.956697, -1.2e-05, 0.0, 0.0, 0.0, 1.0],
                [1.0, -5e-06, 1e-06, -0.125006, -5e-06, -0.956697, -0.291085, -0.002831, 2e-06, 0.291085, -0.956697, -1.2e-05, 0.0, 0.0, 0.0, 1.0],
                [1.0, -5e-06, 1e-06, -0.125006, -5e-06, -0.956697, -0.291085, -0.002831, 2e-06, 0.291085, -0.956697, -1.2e-05, 0.0, 0.0, 0.0, 1.0],
                [1.0, -5e-06, 1e-06, -0.125006, -5e-06, -0.956698, -0.291083, -0.00283, 2e-06, 0.291083, -0.956698, -1.2e-05, 0.0, 0.0, 0.0, 1.0],
                [1.0, -1.5e-05, 6e-06, -0.125006, -1.6e-05, -0.899594, 0.436727, -0.002831, -1e-06, -0.436727, -0.899594, -1.1e-05, 0.0, 0.0, 0.0, 1.0],
                [1.0, -1.6e-05, 7e-06, -0.125006, -1.7e-05, -0.760388, 0.649469, -0.002831, -5e-06, -0.649469, -0.760388, -1.1e-05, 0.0, 0.0, 0.0, 1.0],
                [1.0, -1.5e-05, 7e-06, -0.125006, -1.6e-05, -0.749214, 0.662329, -0.00283, -5e-06, -0.662328, -0.749214, -1.2e-05, 0.0, 0.0, 0.0, 1.0],
                [1.0, -1.4e-05, 6e-06, -0.125006, -1.5e-05, -0.785291, 0.619127, -0.002831, -4e-06, -0.619127, -0.785291, -1.2e-05, 0.0, 0.0, 0.0, 1.0],
                [1.0, -1.3e-05, 5e-06, -0.125006, -1.3e-05, -0.76448, 0.644648, -0.00283, -5e-06, -0.644648, -0.76448, -1.1e-05, 0.0, 0.0, 0.0, 1.0],
                [1.0, -1.3e-05, 4e-06, -0.125006, -1.1e-05, -0.654307, 0.756229, -0.00283, -7e-06, -0.756229, -0.654307, -1.1e-05, 0.0, 0.0, 0.0, 1.0],
                [1.0, -1.1e-05, 3e-06, -0.125006, -8e-06, -0.559539, 0.828805, -0.00283, -7e-06, -0.828804, -0.559539, -1.4e-05, 0.0, 0.0, 0.0, 1.0],
                [1.0, -7e-06, 1e-06, -0.125006, -5e-06, -0.577362, 0.816489, -0.00283, -5e-06, -0.816489, -0.577362, -1.1e-05, 0.0, 0.0, 0.0, 1.0],
                [1.0, -1e-06, -0.0, -0.125006, -1e-06, -0.744585, 0.667529, -0.002831, -1e-06, -0.667529, -0.744585, -1.4e-05, 0.0, 0.0, 0.0, 1.0],
                [1.0, -3e-06, 0.0, -0.125006, -2e-06, -0.716639, 0.697445, -0.00283, -2e-06, -0.697445, -0.716639, -1.1e-05, 0.0, 0.0, 0.0, 1.0],
                [1.0, -6e-06, 1e-06, -0.125006, -5e-06, -0.716828, 0.697251, -0.002831, -4e-06, -0.697251, -0.716828, -1.4e-05, 0.0, 0.0, 0.0, 1.0],
                [1.0, -6e-06, 1e-06, -0.125006, -6e-06, -0.790485, 0.612482, -0.002831, -3e-06, -0.612482, -0.790485, -1.4e-05, 0.0, 0.0, 0.0, 1.0],
                [1.0, -6e-06, 1e-06, -0.125006, -5e-06, -0.866601, 0.499003, -0.002831, -2e-06, -0.499003, -0.8666, -1.1e-05, 0.0, 0.0, 0.0, 1.0],
                [1.0, -4e-06, 0.0, -0.125006, -4e-06, -0.920474, 0.390805, -0.00283, -1e-06, -0.390805, -0.920473, -1.4e-05, 0.0, 0.0, 0.0, 1.0],
                [1.0, -4e-06, 0.0, -0.125006, -4e-06, -0.940634, 0.339425, -0.00283, -1e-06, -0.339425, -0.940634, -1.1e-05, 0.0, 0.0, 0.0, 1.0],
                [1.0, -4e-06, 0.0, -0.125006, -4e-06, -0.940634, 0.339425, -0.00283, -1e-06, -0.339425, -0.940633, -1.1e-05, 0.0, 0.0, 0.0, 1.0],
                [1.0, -4e-06, 0.0, -0.125006, -4e-06, -0.940634, 0.339425, -0.00283, -1e-06, -0.339425, -0.940633, -1.1e-05, 0.0, 0.0, 0.0, 1.0],
                [1.0, -4e-06, 0.0, -0.125006, -4e-06, -0.940634, 0.339425, -0.00283, -1e-06, -0.339425, -0.940633, -1.1e-05, 0.0, 0.0, 0.0, 1.0]
            ]
        },
        {
            "name": "Leg_L",
            "time": [0.0, 0.0167, 0.0333, 0.05, 0.0667, 0.0833, 0.1, 0.1167, 0.1333, 0.15, 0.1667, 0.1833, 0.2, 0.2167, 0.2333, 0.25, 0.2667, 0.2833, 0.3, 0.3167, 0.3333, 0.35, 0.3667, 0.3833, 0.4, 0.4167, 0.4333, 0.45, 0.4667, 0.4833, 0.5, 0.5167, 0.5333, 0.55, 0.5667, 0.5833, 0.6, 0.6167, 0.6333, 0.65, 0.6667, 0.6833, 0.7, 0.7167, 0.7333, 0.75, 0.7667, 0.7833, 0.8, 0.8167, 0.8333],
            "transform": [
                [1.0, 1e-05, 3e-06, 0.0, -1.1e-05, 0.874142, 0.48567, 0.374726, 2e-06, -0.48567, 0.874142, -0.0, 0.0, 0.0, 0.0, 1.0],
                [1.0, 1e-05, 3e-06, 0.0, -1.1e-05, 0.874142, 0.48567, 0.374726, 2e-06, -0.48567, 0.874142, -0.0, 0.0, 0.0, 0.0, 1.0],
                [1.0, 1e-05, 3e-06, 0.0, -1.1e-05, 0.874142, 0.48567, 0.374726, 2e-06, -0.48567, 0.874142, -0.0, 0.0, 0.0, 0.0, 1.0],
                [1.0, 1e-05, 3e-06, 0.0, -1.1e-05, 0.874142, 0.48567, 0.374726, 2e-06, -0.48567, 0.874142, -0.0, 0.0, 0.0, 0.0, 1.0],
                [1.0, 1e-05, 3e-06, 0.0, -1.1e-05, 0.874142, 0.48567, 0.374726, 2e-06, -0.48567, 0.874142, -0.0, 0.0, 0.0, 0.0, 1.0],
                [1.0, 1e-05, 3e-06, 0.0, -1.1e-05, 0.874142, 0.48567, 0.374726, 2e-06, -0.48567, 0.874142, -0.0, 0.0, 0.0, 0.0, 1.0],
                [1.0, 1e-05, 3e-06, 0.0, -1.1e-05, 0.874142, 0.48567, 0.374726, 2e-06, -0.48567, 0.874142, -0.0, 0.0, 0.0, 0.0, 1.0],
                [1.0, 1e-05, 3e-06, 0.0, -1.1e-05, 0.874142, 0.48567, 0.374726, 2e-06, -0.48567, 0.874142, -0.0, 0.0, 0.0, 0.0, 1.0],
                [1.0, 1e-05, 3e-06, 0.0, -1.1e-05, 0.874142, 0.48567, 0.374726, 2e-06, -0.48567, 0.874142, -0.0, 0.0, 0.0, 0.0, 1.0],
                [1.0, 1e-05, 3e-06, 0.0, -1.1e-05, 0.874142, 0.48567, 0.374726, 2e-06, -0.48567, 0.874142, -0.0, 0.0, 0.0, 0.0, 1.0],
                [1.0, 1e-05, 3e-06, 0.0, -1.1e-05, 0.874142, 0.48567, 0.374726, 2e-06, -0.48567, 0.874142, -0.0, 0.0, 0.0, 0.0, 1.0],
                [1.0, 1e-05, 3e-06, 0.0, -1.1e-05, 0.874142, 0.48567, 0.374726, 2e-06, -0.48567, 0.874142, -0.0, 0.0, 0.0, 0.0, 1.0],
                [1.0, 1e-05, 3e-06, 0.0, -1.1e-05, 0.874142, 0.48567, 0.374726, 2e-06, -0.48567, 0.874142, -0.0, 0.0, 0.0, 0.0, 1.0],
                [1.0, 1e-05, 3e-06, 0.0, -1.1e-05, 0.874142, 0.48567, 0.374726, 2e-06, -0.48567, 0.874142, -0.0, 0.0, 0.0, 0.0, 1.0],
                [1.0, 1e-05, 3e-06, 0.0, -1.1e-05, 0.874142, 0.48567, 0.374726, 2e-06, -0.48567, 0.874142, -0.0, 0.0, 0.0, 0.0, 1.0],
                [1.0, 1e-05, 3e-06, 0.0, -1.1e-05, 0.874142, 0.48567, 0.374726, 2e-06, -0.48567, 0.874142, -0.0, 0.0, 0.0, 0.0, 1.0],
                [1.0, 1e-05, 3e-06, 0.0, -1.1e-05, 0.874142, 0.48567, 0.374726, 2e-06, -0.48567, 0.874142, -0.0, 0.0, 0.0, 0.0, 1.0],
                [1.0, 1e-05, 3e-06, 0.0, -1.1e-05, 0.874142, 0.48567, 0.374726, 2e-06, -0.48567, 0.874142, -0.0, 0.0, 0.0, 0.0, 1.0],
                [1.0, 1e-05, 3e-06, 0.0, -1.1e-05, 0.874142, 0.48567, 0.374726, 2e-06, -0.48567, 0.874142, -0.0, 0.0, 0.0, 0.0, 1.0],
                [1.0, 1e-05, 3e-06, 0.0, -1.1e-05, 0.874142, 0.48567, 0.374726, 2e-06, -0.48567, 0.874142, -0.0, 0.0, 0.0, 0.0, 1.0],
                [1.0, 1e-05, 3e-06, 0.0, -1.1e-05, 0.874142, 0.48567, 0.374726, 2e-06, -0.48567, 0.874142, -0.0, 0.0, 0.0, 0.0, 1.0],
                [1.0, 1e-05, 3e-06, 0.0, -1.1e-05, 0.874142, 0.48567, 0.374726, 2e-06, -0.48567, 0.874142, -0.0, 0.0, 0.0, 0.0, 1.0],
                [1.0, 1e-05, 3e-06, 0.0, -1.1e-05, 0.874142, 0.48567, 0.374726, 2e-06, -0.48567, 0.874142, -0.0, 0.0, 0.0, 0.0, 1.0],
                [1.0, 1e-05, 3e-06, 0.0, -1.1e-05, 0.874142, 0.48567, 0.374726, 2e-06, -0.48567, 0.874142, -0.0, 0.0, 0.0, 0.0, 1.0],
                [1.0, 1e-05, 3e-06, 0.0, -1.1e-05, 0.874142, 0.48567, 0.374726, 2e-06, -0.48567, 0.874142, -0.0, 0.0, 0.0, 0.0, 1.0],
                [1.0, 1e-05, 3e-06, 0.0, -1.1e-05, 0.874142, 0.48567, 0.374726, 2e-06, -0.48567, 0.874142, -0.0, 0.0, 0.0, 0.0, 1.0],
                [1.0, 1e-05, 3e-06, 0.0, -1.1e-05, 0.874142, 0.48567, 0.374726, 2e-06, -0.48567, 0.874142, -0.0, 0.0, 0.0, 0.0, 1.0],
                [1.0, 1e-05, 3e-06, 0.0, -1.1e-05, 0.874142, 0.48567, 0.374726, 2e-06, -0.48567, 0.874142, -0.0, 0.0, 0.0, 0.0, 1.0],
                [1.0, 1e-05, 3e-06, 0.0, -1.1e-05, 0.874142, 0.48567, 0.374726, 2e-06, -0.48567, 0.874142, -0.0, 0.0, 0.0, 0.0, 1.0],
                [1.0, 1e-05, 3e-06, 0.0, -1.1e-05, 0.874142, 0.48567, 0.374726, 2e-06, -0.48567, 0.874142, -0.0, 0.0, 0.0, 0.0, 1.0],
                [1.0, 1e-05, 3e-06, 0.0, -1.1e-05, 0.874142, 0.48567, 0.374726, 2e-06, -0.48567, 0.874142, -0.0, 0.0, 0.0, 0.0, 1.0],
                [1.0, 1e-05, 3e-06, 0.0, -1.1e-05, 0.874142, 0.48567, 0.374726, 2e-06, -0.48567, 0.874142, -0.0, 0.0, 0.0, 0.0, 1.0],
                [1.0, 1e-05, 3e-06, 0.0, -1.1e-05, 0.874141, 0.485673, 0.374726, 2e-06, -0.485673, 0.874141, -1e-06, 0.0, 0.0, 0.0, 1.0],
                [1.0, 2.1e-05, 2.1e-05, -0.0, -2.2e-05, 0.035293, 0.999377, 0.374726, 2e-05, -0.999377, 0.035293, 1e-06, 0.0, 0.0, 0.0, 1.0],
                [1.0, 2.1e-05, 2.5e-05, -0.0, -2.2e-05, -0.135218, 0.990815, 0.374726, 2.4e-05, -0.990816, -0.135218, -0.0, 0.0, 0.0, 0.0, 1.0],
                [1.0, 2.1e-05, 2.3e-05, 0.0, -2.2e-05, -0.058675, 0.998278, 0.374726, 2.2e-05, -0.998277, -0.058675, 0.0, 0.0, 0.0, 0.0, 1.0],
                [1.0, 2.1e-05, 2e-05, 0.0, -2.2e-05, 0.085789, 0.996314, 0.374727, 1.9e-05, -0.996314, 0.085789, -0.0, 0.0, 0.0, 0.0, 1.0],
                [1.0, 2.1e-05, 1.8e-05, -0.0, -2.1e-05, 0.195789, 0.980646, 0.374727, 1.7e-05, -0.980646, 0.195789, 0.0, 0.0, 0.0, 0.0, 1.0],
                [1.0, 2e-05, 1.6e-05, -0.0, -2.1e-05, 0.286828, 0.957982, 0.374726, 1.5e-05, -0.957982, 0.286828, -0.0, 0.0, 0.0, 0.0, 1.0],
                [1.0, 1.8e-05, 1.2e-05, 0.0, -1.9e-05, 0.483814, 0.875171, 0.374726, 1e-05, -0.875171, 0.483814, -0.0, 0.0, 0.0, 0.0, 1.0],
                [1.0, 1.3e-05, 5e-06, 0.0, -1.4e-05, 0.775142, 0.631787, 0.374726, 4e-06, -0.631787, 0.775142, -0.0, 0.0, 0.0, 0.0, 1.0],
                [1.0, 2e-06, 1e-06, 0.0, -2e-06, 0.995557, 0.094159, 0.374726, -1e-06, -0.094159, 0.995557, 0.0, 0.0, 0.0, 0.0, 1.0],
                [1.0, 6e-06, 2e-06, -0.0, -6e-06, 0.956213, 0.292674, 0.374726, 0.0, -0.292674, 0.956212, -0.0, 0.0, 0.0, 0.0, 1.0],
                [1.0, 1.2e-05, 4e-06, 0.0, -1.2e-05, 0.835013, 0.550229, 0.374726, 3e-06, -0.550229, 0.835014, -1e-06, 0.0, 0.0, 0.0, 1.0],
                [1.0, 1.2e-05, 5e-06, -0.0, -1.2e-05, 0.818867, 0.573983, 0.374726, 3e-06, -0.573983, 0.818867, -1e-06, 0.0, 0.0, 0.0, 1.0],
                [1.0, 1.1e-05, 4e-06, 0.0, -1.1e-05, 0.861582, 0.507619, 0.374726, 2e-06, -0.507619, 0.861582, 0.0, 0.0, 0.0, 0.0, 1.0],
                [1.0, 8e-06, 2e-06, -0.0, -9e-06, 0.916161, 0.400809, 0.374726, 1e-06, -0.40081, 0.916161, 1e-06, 0.0, 0.0, 0.0, 1.0],
                [1.0, 7e-06, 2e-06, 0.0, -7e-06, 0.941369, 0.337378, 0.374726, 1e-06, -0.337378, 0.941369, -0.0, 0.0, 0.0, 0.0, 1.0],
                [1.0, 7e-06, 2e-06, -0.0, -7e-06, 0.941369, 0.337377, 0.374726, 1e-06, -0.337378, 0.941369, -0.0, 0.0, 0.0, 0.0, 1.0],
                [1.0, 7e-06, 2e-06, 0.0, -7e-06, 0.941369, 0.337377, 0.374726, 1e-06, -0.337378, 0.941369, -0.0, 0.0, 0.0, 0.0, 1.0],
                [1.0, 7e-06, 2e-06, 0.0, -7e-06, 0.941369, 0.337378, 0.374726, 1e-06, -0.337378, 0.941369, -1e-06, 0.0, 0.0, 0.0, 1.0]
            ]
        },
        {
            "name": "Knee_L",
            "time": [0.0, 0.8333],
            "transform": [
                [1.0, 0.0, -0.0, 0.0, -0.0, 0.00567, -0.999984, 0.374726, -0.0, 0.999984, 0.00567, -0.0, 0.0, 0.0, 0.0, 1.0],
                [1.0, 0.0, -0.0, 0.0, -0.0, 0.00567, -0.999984, 0.374726, -0.0, 0.999984, 0.00567, -2e-06, 0.0, 0.0, 0.0, 1.0]
            ]
        },
        {
            "name": "Torso",
            "time": [0.0, 0.0167, 0.0333, 0.05, 0.0667, 0.0833, 0.1, 0.1167, 0.1333, 0.15, 0.1667, 0.1833, 0.2, 0.2167, 0.2333, 0.25, 0.2667, 0.2833, 0.3, 0.3167, 0.3333, 0.35, 0.3667, 0.3833, 0.4, 0.4167, 0.4333, 0.45, 0.4667, 0.4833, 0.5, 0.5167, 0.5333, 0.55, 0.5667, 0.5833, 0.6, 0.6167, 0.6333, 0.65, 0.6667, 0.6833, 0.7, 0.7167, 0.7333, 0.75, 0.7667, 0.7833, 0.8, 0.8167, 0.8333],
            "transform": [
                [1.0, 0.0, 0.0, 0.0, 0.0, 1.0, 0.0, 0.05, 0.0, 0.0, 1.0, 0.0, 0.0, 0.0, 0.0, 1.0],
                [1.0, 0.0, 0.0, 0.0, 0.0, 1.0, 0.0, 0.05, 0.0, 0.0, 1.0, 0.0, 0.0, 0.0, 0.0, 1.0],
                [1.0, 0.0, 0.0, 0.0, 0.0, 1.0, 0.0, 0.05, 0.0, 0.0, 1.0, 0.0, 0.0, 0.0, 0.0, 1.0],
                [1.0, 0.0, 0.0, 0.0, 0.0, 1.0, 0.0, 0.05, 0.0, 0.0, 1.0, 0.0, 0.0, 0.0, 0.0, 1.0],
                [1.0, 0.0, 0.0, 0.0, 0.0, 1.0, 0.0, 0.05, 0.0, 0.0, 1.0, 0.0, 0.0, 0.0, 0.0, 1.0],
