{
    "animation": [
        {
            "name": "Root",
            "time": [0.0, 0.0167, 0.0333, 0.05, 0.0667, 0.0833, 0.1, 0.1167, 0.1333, 0.15, 0.1667, 0.1833, 0.2, 0.2167, 0.2333, 0.25, 0.2667, 0.2833, 0.3, 0.3167, 0.3333, 0.35, 0.3667, 0.3833, 0.4, 0.4167, 0.4333, 0.45, 0.4667, 0.4833, 0.5, 0.5167, 0.5333, 0.55, 0.5667, 0.5833, 0.6],
            "transform": [
                [1.0, 0.0, 0.0, -5e-06, 0.0, 0.0, -1.0, 0.100611, 0.0, 1.0, 0.0, 0.719315, 0.0, 0.0, 0.0, 1.0],
                [1.0, 0.0, 0.0, -5e-06, 0.0, 0.0, -1.0, 0.151596, 0.0, 1.0, 0.0, 0.719315, 0.0, 0.0, 0.0, 1.0],
                [1.0, 0.0, 0.0, -5e-06, 0.0, 0.0, -1.0, 0.207128, 0.0, 1.0, 0.0, 0.719315, 0.0, 0.0, 0.0, 1.0],
                [1.0, 0.0, 0.0, -5e-06, 0.0, 0.0, -1.0, 0.233196, 0.0, 1.0, 0.0, 0.719315, 0.0, 0.0, 0.0, 1.0],
                [1.0, 0.0, 0.0, -5e-06, 0.0, 0.0, -1.0, 0.233196, 0.0, 1.0, 0.0, 0.677075, 0.0, 0.0, 0.0, 1.0],
                [1.0, 0.0, 0.0, -5e-06, 0.0, 0.0, -1.0, 0.233196, 0.0, 1.0, 0.0, 0.634836, 0.0, 0.0, 0.0, 1.0],
                [1.0, 0.0, 0.0, -5e-06, 0.0, 0.0, -1.0, 0.282328, 0.0, 1.0, 0.0, 0.634836, 0.0, 0.0, 0.0, 1.0],
                [1.0, 0.0, 0.0, -5e-06, 0.0, 0.0, -1.0, 0.411858, 0.0, 1.0, 0.0, 0.634836, 0.0, 0.0, 0.0, 1.0],
                [1.0, 0.0, 0.0, -5e-06, 0.0, 0.0, -1.0, 0.594986, 0.0, 1.0, 0.0, 0.634836, 0.0, 0.0, 0.0, 1.0],
                [1.0, 0.0, 0.0, -5e-06, 0.0, 0.0, -1.0, 0.804914, 0.0, 1.0, 0.0, 0.634836, 0.0, 0.0, 0.0, 1.0],
                [1.0, 0.0, 0.0, -5e-06, 0.0, 0.0, -1.0, 1.014841, 0.0, 1.0, 0.0, 0.634836, 0.0, 0.0, 0.0, 1.0],
                [1.0, 0.0, 0.0, -5e-06, 0.0, 0.0, -1.0, 1.197969, 0.0, 1.0, 0.0, 0.634836, 0.0, 0.0, 0.0, 1.0],
                [1.0, 0.0, 0.0, -5e-06, 0.0, 0.0, -1.0, 1.327499, 0.0, 1.0, 0.0, 0.634836, 0.0, 0.0, 0.0, 1.0],
                [1.0, 0.0, 0.0, -5e-06, 0.0, 0.0, -1.0, 1.376631, 0.0, 1.0, 0.0, 0.634836, 0.0, 0.0, 0.0, 1.0],
                [1.0, 0.0, 0.0, -0.000212, 0.0, 0.0, -1.0, 1.376609, 0.0, 1.0, 0.0, 0.634736, 0.0, 0.0, 0.0, 1.0],
                [1.0, 0.0, 0.0, -0.001665, 0.0, 0.0, -1.0, 1.376453, 0.0, 1.0, 0.0, 0.634037, 0.0, 0.0, 0.0, 1.0],
                [1.0, 0.0, 0.0, -0.005608, 0.0, 0.0, -1.0, 1.376029, 0.0, 1.0, 0.0, 0.63214, 0.0, 0.0, 0.0, 1.0],
                [1.0, 0.0, 0.0, -0.013287, 0.0, 0.0, -1.0, 1.375204, 0.0, 1.0, 0.0, 0.628445, 0.0, 0.0, 0.0, 1.0],
                [1.0, 0.0, 0.0, -0.025946, 0.0, 0.0, -1.0, 1.373844, 0.0, 1.0, 0.0, 0.622354, 0.0, 0.0, 0.0, 1.0],
                [1.0, 0.0, 0.0, -0.044832, 0.0, 0.0, -1.0, 1.371815, 0.0, 1.0, 0.0, 0.613267, 0.0, 0.0, 0.0, 1.0],
                [1.0, 0.0, 0.0, -0.071189, 0.0, 0.0, -1.0, 1.368984, 0.0, 1.0, 0.0, 0.600585, 0.0, 0.0, 0.0, 1.0],
                [1.0, 0.0, 0.0, -0.106262, 0.0, 0.0, -1.0, 1.365216, 0.0, 1.0, 0.0, 0.583709, 0.0, 0.0, 0.0, 1.0],
                [1.0, 0.0, 0.0, -0.159551, 0.0, 0.0, -1.0, 1.349671, 0.0, 1.0, 0.0, 0.552998, 0.0, 0.0, 0.0, 1.0],
                [1.0, 0.0, 0.0, -0.192917, 0.0, 0.0, -1.0, 1.336266, 0.0, 1.0, 0.0, 0.531874, 0.0, 0.0, 0.0, 1.0],
                [1.0, 0.0, 0.0, -0.192917, 0.0, 0.0, -1.0, 1.336266, 0.0, 1.0, 0.0, 0.531874, 0.0, 0.0, 0.0, 1.0],
                [1.0, 0.0, 0.0, -0.192917, 0.0, 0.0, -1.0, 1.336266, 0.0, 1.0, 0.0, 0.531874, 0.0, 0.0, 0.0, 1.0],
                [1.0, 0.0, 0.0, -0.192917, 0.0, 0.0, -1.0, 1.336266, 0.0, 1.0, 0.0, 0.531874, 0.0, 0.0, 0.0, 1.0],
                [1.0, 0.0, 0.0, -0.192917, 0.0, 0.0, -1.0, 1.336266, 0.0, 1.0, 0.0, 0.531874, 0.0, 0.0, 0.0, 1.0],
                [1.0, 0.0, 0.0, -0.192917, 0.0, 0.0, -1.0, 1.336266, 0.0, 1.0, 0.0, 0.531874, 0.0, 0.0, 0.0, 1.0],
                [1.0, 0.0, 0.0, -0.192917, 0.0, 0.0, -1.0, 1.336266, 0.0, 1.0, 0.0, 0.531874, 0.0, 0.0, 0.0, 1.0],
                [1.0, 0.0, 0.0, -0.192917, 0.0, 0.0, -1.0, 1.336266, 0.0, 1.0, 0.0, 0.531874, 0.0, 0.0, 0.0, 1.0],
                [1.0, 0.0, 0.0, -0.192917, 0.0, 0.0, -1.0, 1.336266, 0.0, 1.0, 0.0, 0.531874, 0.0, 0.0, 0.0, 1.0],
                [1.0, 0.0, 0.0, -0.192917, 0.0, 0.0, -1.0, 1.336266, 0.0, 1.0, 0.0, 0.531874, 0.0, 0.0, 0.0, 1.0],
                [1.0, 0.0, 0.0, -0.192917, 0.0, 0.0, -1.0, 1.336266, 0.0, 1.0, 0.0, 0.531874, 0.0, 0.0, 0.0, 1.0],
                [1.0, 0.0, 0.0, -0.192917, 0.0, 0.0, -1.0, 1.336266, 0.0, 1.0, 0.0, 0.531874, 0.0, 0.0, 0.0, 1.0],
                [1.0, 0.0, 0.0, -0.192917, 0.0, 0.0, -1.0, 1.336266, 0.0, 1.0, 0.0, 0.531874, 0.0, 0.0, 0.0, 1.0],
                [1.0, 0.0, 0.0, -0.192917, 0.0, 0.0, -1.0, 1.336266, 0.0, 1.0, 0.0, 0.531874, 0.0, 0.0, 0.0, 1.0]
            ]
        },
        {
            "name": "Thigh_R",
            "time": [0.0, 0.0167, 0.0333, 0.05, 0.0667, 0.0833, 0.1, 0.1167, 0.1333, 0.15, 0.1667, 0.1833, 0.2, 0.2167, 0.2333, 0.25, 0.2667, 0.2833, 0.3, 0.3167, 0.3333, 0.35, 0.3667, 0.3833, 0.4, 0.4167, 0.4333, 0.45, 0.4667, 0.4833, 0.5, 0.5167, 0.5333, 0.55, 0.5667, 0.5833, 0.6],
            "transform": [
                [0.927844, 0.189066, 0.321497, 0.124994, 0.158851, -0.980226, 0.118003, -0.002831, 0.337449, -0.058418, -0.939529, -1.2e-05, 0.0, 0.0, 0.0, 1.0],
                [0.932057, 0.166505, 0.321787, 0.124994, 0.175006, -0.984565, 0.002548, -0.002831, 0.317244, 0.05394, -0.946809, -1.2e-05, 0.0, 0.0, 0.0, 1.0],
                [0.935232, 0.134025, 0.327685, 0.124994, 0.189115, -0.971581, -0.142363, -0.002831, 0.299292, 0.195113, -0.934, -1.2e-05, 0.0, 0.0, 0.0, 1.0],
                [0.936409, 0.109161, 0.3335, 0.124994, 0.194964, -0.952043, -0.235805, -0.002831, 0.291766, 0.28583, -0.912784, -1.2e-05, 0.0, 0.0, 0.0, 1.0],
                [0.668173, 0.410709, 0.620373, 0.124994, 0.365152, -0.907523, 0.207525, -0.002831, 0.648235, 0.087868, -0.756354, -1.2e-05, 0.0, 0.0, 0.0, 1.0],
                [0.329903, 0.651754, 0.682921, 0.124994, 0.479668, -0.738808, 0.473374, -0.002831, 0.81307, 0.171407, -0.55636, -1.2e-05, 0.0, 0.0, 0.0, 1.0],
                [0.376527, 0.660792, 0.649293, 0.124994, 0.442522, -0.744033, 0.50059, -0.002831, 0.813881, 0.09884, -0.572563, -1.2e-05, 0.0, 0.0, 0.0, 1.0],
                [0.508522, 0.658122, 0.55523, 0.124994, 0.340754, -0.746003, 0.57216, -0.002831, 0.790754, -0.101759, -0.603617, -1.2e-05, 0.0, 0.0, 0.0, 1.0],
                [0.694586, 0.591338, 0.40972, 0.124994, 0.207923, -0.710227, 0.672567, -0.002831, 0.688708, -0.381965, -0.616267, -1.2e-05, 0.0, 0.0, 0.0, 1.0],
                [0.860291, 0.451568, 0.236615, 0.124994, 0.115009, -0.624071, 0.772857, -0.002831, 0.496662, -0.637669, -0.588817, -1.2e-05, 0.0, 0.0, 0.0, 1.0],
                [0.952282, 0.29696, 0.070521, 0.124994, 0.106203, -0.539, 0.835584, -0.002831, 0.286145, -0.788223, -0.544818, -1.2e-05, 0.0, 0.0, 0.0, 1.0],
                [0.980282, 0.186195, -0.066176, 0.124994, 0.153575, -0.507123, 0.848082, -0.002831, 0.124349, -0.841522, -0.525718, -1.2e-05, 0.0, 0.0, 0.0, 1.0],
                [0.978081, 0.135375, -0.15821, 0.124994, 0.206139, -0.522299, 0.827473, -0.002831, 0.029386, -0.841949, -0.538757, -1.2e-05, 0.0, 0.0, 0.0, 1.0],
                [0.973542, 0.124513, -0.191603, 0.124994, 0.228496, -0.538513, 0.811045, -0.002831, -0.002195, -0.833367, -0.552716, -1.2e-05, 0.0, 0.0, 0.0, 1.0],
                [0.973467, 0.124735, -0.191842, 0.124994, 0.228819, -0.53832, 0.811082, -0.002831, -0.002102, -0.833459, -0.552579, -1.2e-05, 0.0, 0.0, 0.0, 1.0],
                [0.972935, 0.126289, -0.193518, 0.124994, 0.231075, -0.536978, 0.811332, -0.002831, -0.001452, -0.83409, -0.551627, -1.2e-05, 0.0, 0.0, 0.0, 1.0],
                [0.97146, 0.130506, -0.198077, 0.124994, 0.237205, -0.53337, 0.811942, -0.002831, 0.000315, -0.835754, -0.549104, -1.2e-05, 0.0, 0.0, 0.0, 1.0],
                [0.968457, 0.138715, -0.207001, 0.124994, 0.249153, -0.526498, 0.812849, -0.002831, 0.003768, -0.838784, -0.544451, -1.2e-05, 0.0, 0.0, 0.0, 1.0],
                [0.963131, 0.152244, -0.221814, 0.124994, 0.268867, -0.515601, 0.813552, -0.002831, 0.00949, -0.843195, -0.537524, -1.2e-05, 0.0, 0.0, 0.0, 1.0],
                [0.954312, 0.172458, -0.244023, 0.124994, 0.298265, -0.500351, 0.812827, -0.002831, 0.018081, -0.848474, -0.528929, -1.2e-05, 0.0, 0.0, 0.0, 1.0],
                [0.940265, 0.200852, -0.274883, 0.124994, 0.339107, -0.48108, 0.808436, -0.002831, 0.030135, -0.853359, -0.520452, -1.2e-05, 0.0, 0.0, 0.0, 1.0],
                [0.9185, 0.2393, -0.314793, 0.124994, 0.392717, -0.45908, 0.796881, -0.002831, 0.046178, -0.855559, -0.515642, -1.2e-05, 0.0, 0.0, 0.0, 1.0],
                [0.877907, 0.29831, -0.374553, 0.124994, 0.473555, -0.425112, 0.771379, -0.002831, 0.070883, -0.854571, -0.514475, -1.2e-05, 0.0, 0.0, 0.0, 1.0],
                [0.848207, 0.337532, -0.408188, 0.124994, 0.522603, -0.407886, 0.748676, -0.002831, 0.086208, -0.848353, -0.522366, -1.2e-05, 0.0, 0.0, 0.0, 1.0],
                [0.848207, 0.337532, -0.408188, 0.124994, 0.522603, -0.407885, 0.748676, -0.002831, 0.086208, -0.848352, -0.522366, -1.2e-05, 0.0, 0.0, 0.0, 1.0],
                [0.848207, 0.337532, -0.408188, 0.124994, 0.522603, -0.407885, 0.748676, -0.002831, 0.086208, -0.848352, -0.522366, -1.2e-05, 0.0, 0.0, 0.0, 1.0],
                [0.848207, 0.337532, -0.408188, 0.124994, 0.522603, -0.407885, 0.748676, -0.002831, 0.086208, -0.848352, -0.522366, -1.2e-05, 0.0, 0.0, 0.0, 1.0],
                [0.848207, 0.337532, -0.408188, 0.124994, 0.522603, -0.407885, 0.748676, -0.002831, 0.086208, -0.848352, -0.522366, -1.2e-05, 0.0, 0.0, 0.0, 1.0],
                [0.848207, 0.337532, -0.408188, 0.124994, 0.522603, -0.407885, 0.748676, -0.002831, 0.086208, -0.848352, -0.522366, -1.2e-05, 0.0, 0.0, 0.0, 1.0],
                [0.848207, 0.337532, -0.408188, 0.124994, 0.522603, -0.407885, 0.748676, -0.002831, 0.086208, -0.848352, -0.522366, -1.2e-05, 0.0, 0.0, 0.0, 1.0],
                [0.848207, 0.337532, -0.408188, 0.124994, 0.522603, -0.407885, 0.748676, -0.002831, 0.086208, -0.848352, -0.522366, -1.2e-05, 0.0, 0.0, 0.0, 1.0],
                [0.848207, 0.337532, -0.408188, 0.124994, 0.522603, -0.407885, 0.748676, -0.002831, 0.086208, -0.848352, -0.522366, -1.2e-05, 0.0, 0.0, 0.0, 1.0],
                [0.848207, 0.337532, -0.408188, 0.124994, 0.522603, -0.407885, 0.748676, -0.002831, 0.086208, -0.848352, -0.522366, -1.2e-05, 0.0, 0.0, 0.0, 1.0],
                [0.848207, 0.337532, -0.408188, 0.124994, 0.522603, -0.407885, 0.748676, -0.002831, 0.086208, -0.848352, -0.522366, -1.2e-05, 0.0, 0.0, 0.0, 1.0],
                [0.848207, 0.337532, -0.408188, 0.124994, 0.522603, -0.407885, 0.748676, -0.002831, 0.086208, -0.848352, -0.522366, -1.2e-05, 0.0, 0.0, 0.0, 1.0],
                [0.848207, 0.337532, -0.408188, 0.124994, 0.522603, -0.407885, 0.748676, -0.002831, 0.086208, -0.848352, -0.522366, -1.2e-05, 0.0, 0.0, 0.0, 1.0],
                [0.848207, 0.337532, -0.408188, 0.124994, 0.522603, -0.407885, 0.748676, -0.002831, 0.086208, -0.848352, -0.522366, -1.2e-05, 0.0, 0.0, 0.0, 1.0]
            ]
        },
        {
            "name": "Leg_R",
            "time": [0.0, 0.0167, 0.0333, 0.05, 0.0667, 0.0833, 0.1, 0.1167, 0.1333, 0.15, 0.1667, 0.1833, 0.2, 0.2167, 0.2333, 0.25, 0.2667, 0.2833, 0.3, 0.3167, 0.3333, 0.35, 0.3667, 0.3833, 0.4, 0.4167, 0.4333, 0.45, 0.4667, 0.4833, 0.5, 0.5167, 0.5333, 0.55, 0.5667, 0.5833, 0.6],
            "transform": [
                [1.0, 1.3e-05, 5e-06, 0.0, -1.4e-05, 0.80035, 0.599531, 0.374726, 4e-06, -0.599532, 0.800351, -0.0, 0.0, 0.0, 0.0, 1.0],
                [1.0, 1.1e-05, 4e-06, -0.0, -1.1e-05, 0.862989, 0.505221, 0.374726, 2e-06, -0.505221, 0.86299, 0.0, 0.0, 0.0, 0.0, 1.0],
                [1.0, 7e-06, 2e-06, 0.0, -7e-06, 0.939411, 0.342792, 0.374726, 1e-06, -0.342792, 0.939411, 0.0, 0.0, 0.0, 0.0, 1.0],
                [1.0, 4e-06, 1e-06, 0.0, -4e-06, 0.978733, 0.20514, 0.374726, -0.0, -0.20514, 0.978733, 0.0, 0.0, 0.0, 0.0, 1.0],
                [1.0, 1.7e-05, 9e-06, -0.0, -1.8e-05, 0.584966, 0.811057, 0.374726, 8e-06, -0.811058, 0.584966, 0.0, 0.0, 0.0, 0.0, 1.0],
                [1.0, 2e-05, 1.7e-05, 0.0, -2.1e-05, 0.243367, 0.969934, 0.374726, 1.6e-05, -0.969934, 0.243367, -0.0, 0.0, 0.0, 0.0, 1.0],
                [1.0, 2.3e-05, 2e-05, 0.0, -2.4e-05, 0.199947, 0.979807, 0.374726, 1.9e-05, -0.979807, 0.199947, 0.0, 0.0, 0.0, 0.0, 1.0],
                [1.0, 2.1e-05, 1.9e-05, -0.0, -2.2e-05, 0.111577, 0.993755, 0.374726, 1.8e-05, -0.993756, 0.111577, -0.0, 0.0, 0.0, 0.0, 1.0],
                [1.0, 1.7e-05, 1.7e-05, -0.0, -1.8e-05, 0.051086, 0.998694, 0.374726, 1.6e-05, -0.998694, 0.051086, -0.0, 0.0, 0.0, 0.0, 1.0],
                [1.0, 2.1e-05, 2e-05, 0.0, -2.2e-05, 0.075337, 0.997158, 0.374726, 1.9e-05, -0.997158, 0.075337, 0.0, 0.0, 0.0, 0.0, 1.0],
                [1.0, 2.1e-05, 1.8e-05, -0.0, -2.1e-05, 0.198915, 0.980017, 0.374726, 1.7e-05, -0.980017, 0.198915, 0.0, 0.0, 0.0, 0.0, 1.0],
                [1.0, 1.8e-05, 1.3e-05, 0.0, -1.9e-05, 0.388117, 0.92161, 0.374726, 1.2e-05, -0.92161, 0.388117, -0.0, 0.0, 0.0, 0.0, 1.0],
                [1.0, 1.9e-05, 1.1e-05, 0.0, -2e-05, 0.567665, 0.823259, 0.374726, 9e-06, -0.82326, 0.567665, 0.0, 0.0, 0.0, 0.0, 1.0],
                [1.0, 1.6e-05, 8e-06, -0.0, -1.7e-05, 0.645732, 0.763564, 0.374726, 7e-06, -0.763563, 0.645732, 0.0, 0.0, 0.0, 0.0, 1.0],
                [1.0, 1.6e-05, 8e-06, -0.0, -1.7e-05, 0.645582, 0.763691, 0.374726, 7e-06, -0.763691, 0.645582, -0.0, 0.0, 0.0, 0.0, 1.0],
                [1.0, 1.7e-05, 9e-06, -0.0, -1.8e-05, 0.644543, 0.764568, 0.374726, 7e-06, -0.764568, 0.644543, -0.0, 0.0, 0.0, 0.0, 1.0],
                [1.0, 1.6e-05, 8e-06, -0.0, -1.7e-05, 0.641819, 0.766856, 0.374726, 7e-06, -0.766856, 0.641819, 0.0, 0.0, 0.0, 0.0, 1.0],
                [1.0, 1.5e-05, 8e-06, -0.0, -1.6e-05, 0.63691, 0.770938, 0.374726, 7e-06, -0.770938, 0.63691, 0.0, 0.0, 0.0, 0.0, 1.0],
                [1.0, 1.6e-05, 9e-06, 0.0, -1.7e-05, 0.629952, 0.776633, 0.374726, 7e-06, -0.776634, 0.629953, 0.0, 0.0, 0.0, 0.0, 1.0],
                [1.0, 1.6e-05, 9e-06, -0.0, -1.7e-05, 0.622205, 0.782854, 0.374726, 8e-06, -0.782854, 0.622206, 0.0, 0.0, 0.0, 0.0, 1.0],
                [1.0, 1.6e-05, 9e-06, -0.0, -1.7e-05, 0.616664, 0.787227, 0.374726, 8e-06, -0.787227, 0.616664, 0.0, 0.0, 0.0, 0.0, 1.0],
                [1.0, 1.7e-05, 9e-06, 0.0, -1.7e-05, 0.61881, 0.785541, 0.374726, 8e-06, -0.785541, 0.61881, 0.0, 0.0, 0.0, 0.0, 1.0],
                [1.0, 1.7e-05, 8e-06, 0.0, -1.7e-05, 0.651775, 0.758412, 0.374726, 7e-06, -0.758412, 0.651775, 0.0, 0.0, 0.0, 0.0, 1.0],
                [1.0, 1.7e-05, 8e-06, 0.0, -1.8e-05, 0.691117, 0.722743, 0.374726, 7e-06, -0.722743, 0.691117, 0.0, 0.0, 0.0, 0.0, 1.0],
                [1.0, 1.6e-05, 8e-06, -0.0, -1.7e-05, 0.691116, 0.722743, 0.374726, 7e-06, -0.722743, 0.691117, -0.0, 0.0, 0.0, 0.0, 1.0],
                [1.0, 1.6e-05, 8e-06, -0.0, -1.7e-05, 0.691116, 0.722743, 0.374726, 7e-06, -0.722743, 0.691117, -0.0, 0.0, 0.0, 0.0, 1.0],
                [1.0, 1.6e-05, 8e-06, -0.0, -1.7e-05, 0.691116, 0.722743, 0.374726, 7e-06, -0.722743, 0.691117, -0.0, 0.0, 0.0, 0.0, 1.0],
                [1.0, 1.6e-05, 8e-06, -0.0, -1.7e-05, 0.691116, 0.722743, 0.374726, 7e-06, -0.722743, 0.691117, -0.0, 0.0, 0.0, 0.0, 1.0],
                [1.0, 1.6e-05, 8e-06, -0.0, -1.7e-05, 0.691116, 0.722743, 0.374726, 7e-06, -0.722743, 0.691117, -0.0, 0.0, 0.0, 0.0, 1.0],
                [1.0, 1.6e-05, 8e-06, -0.0, -1.7e-05, 0.691116, 0.722743, 0.374726, 7e-06, -0.722743, 0.691117, -0.0, 0.0, 0.0, 0.0, 1.0],
                [1.0, 1.6e-05, 8e-06, -0.0, -1.7e-05, 0.691116, 0.722743, 0.374726, 7e-06, -0.722743, 0.691117, -0.0, 0.0, 0.0, 0.0, 1.0],
                [1.0, 1.6e-05, 8e-06, -0.0, -1.7e-05, 0.691116, 0.722743, 0.374726, 7e-06, -0.722743, 0.691117, -0.0, 0.0, 0.0, 0.0, 1.0],
                [1.0, 1.6e-05, 8e-06, -0.0, -1.7e-05, 0.691116, 0.722743, 0.374726, 7e-06, -0.722743, 0.691117, -0.0, 0.0, 0.0, 0.0, 1.0],
                [1.0, 1.6e-05, 8e-06, -0.0, -1.7e-05, 0.691116, 0.722743, 0.374726, 7e-06, -0.722743, 0.691117, -0.0, 0.0, 0.0, 0.0, 1.0],
                [1.0, 1.6e-05, 8e-06, -0.0, -1.7e-05, 0.691116, 0.722743, 0.374726, 7e-06, -0.722743, 0.691117, -0.0, 0.0, 0.0, 0.0, 1.0],
                [1.0, 1.6e-05, 8e-06, -0.0, -1.7e-05, 0.691116, 0.722743, 0.374726, 7e-06, -0.722743, 0.691117, -0.0, 0.0, 0.0, 0.0, 1.0],
                [1.0, 1.6e-05, 8e-06, -0.0, -1.7e-05, 0.691116, 0.722743, 0.374726, 7e-06, -0.722743, 0.691117, -0.0, 0.0, 0.0, 0.0, 1.0]
            ]
        },
        {
            "name": "Knee_R",
            "time": [0.0, 0.6],
            "transform": [
                [1.0, 0.0, -0.0, 0.0, -0.0, 0.00567, -0.999984, 0.386069, -0.0, 0.999984, 0.00567, -6.4e-05, 0.0, 0.0, 0.0, 1.0],
                [1.0, 0.0, -0.0, -0.0, -0.0, 0.00567, -0.999984, 0.403384, -0.0, 0.999984, 0.00567, -0.000163, 0.0, 0.0, 0.0, 1.0]
            ]
        },
        {
            "name": "Thigh_L",
            "time": [0.0, 0.0167, 0.0333, 0.05, 0.0667, 0.0833, 0.1, 0.1167, 0.1333, 0.15, 0.1667, 0.1833, 0.2, 0.2167, 0.2333, 0.25, 0.2667, 0.2833, 0.3, 0.3167, 0.3333, 0.35, 0.3667, 0.3833, 0.4, 0.4167, 0.4333, 0.45, 0.4667, 0.4833, 0.5, 0.5167, 0.5333, 0.55, 0.5667, 0.5833, 0.6],
            "transform": [
                [0.999997, -0.000643, -0.002304, -0.125006, 0.000937, -0.780763, 0.624827, -0.016744, -0.0022, -0.624828, -0.78076, -0.027756, 0.0, 0.0, 0.0, 1.0],
                [0.999994, -5.7e-05, -0.003524, -0.125006, 0.002201, -0.77065, 0.637256, -0.016744, -0.002752, -0.637259, -0.770645, -0.035315, 0.0, 0.0, 0.0, 1.0],
                [0.999981, 0.000954, -0.0061, -0.125006, 0.004697, -0.758849, 0.65125, -0.016744, -0.004008, -0.651266, -0.758839, -0.049352, 0.0, 0.0, 0.0, 1.0],
                [0.999964, 0.00167, -0.008339, -0.125006, 0.006801, -0.745675, 0.666276, -0.016744, -0.005105, -0.666309, -0.745659, -0.05691, 0.0, 0.0, 0.0, 1.0],
                [0.778443, -0.166168, 0.605322, -0.125006, -0.484745, -0.771804, 0.411512, -0.009787, 0.39881, -0.613765, -0.681354, -0.028461, 0.0, 0.0, 0.0, 1.0],
                [0.315901, -0.312247, 0.89594, -0.125006, -0.760556, -0.647889, 0.042368, -0.002831, 0.56724, -0.694797, -0.442149, -1.2e-05, 0.0, 0.0, 0.0, 1.0],
                [0.34873, -0.32937, 0.877441, -0.125006, -0.751157, -0.658113, 0.0515, -0.002831, 0.560492, -0.677055, -0.476912, -1.2e-05, 0.0, 0.0, 0.0, 1.0],
                [0.499368, -0.056479, 0.864547, -0.125006, -0.687021, -0.633779, 0.355424, -0.002831, 0.527858, -0.77145, -0.355291, -1.2e-05, 0.0, 0.0, 0.0, 1.0],
                [0.697991, -0.002811, 0.716101, -0.125006, -0.57167, -0.60444, 0.554839, -0.002831, 0.43128, -0.796646, -0.4235, -1.2e-05, 0.0, 0.0, 0.0, 1.0],
                [0.836016, -0.160171, 0.524807, -0.125006, -0.465835, -0.712606, 0.524587, -0.002831, 0.289957, -0.683036, -0.670364, -1.2e-05, 0.0, 0.0, 0.0, 1.0],
                [0.89002, -0.349035, 0.293324, -0.125006, -0.424386, -0.869352, 0.253228, -0.002831, 0.166616, -0.34986, -0.921866, -1.2e-05, 0.0, 0.0, 0.0, 1.0],
                [0.897256, -0.439992, 0.036594, -0.125006, -0.43328, -0.893428, -0.118557, -0.002831, 0.084858, 0.09052, -0.992273, -1.2e-05, 0.0, 0.0, 0.0, 1.0],
                [0.888917, -0.412334, -0.199518, -0.125006, -0.456317, -0.759054, -0.464341, -0.002831, 0.040018, 0.503804, -0.862891, -1.2e-05, 0.0, 0.0, 0.0, 1.0],
                [0.883644, -0.340275, -0.321539, -0.125006, -0.467471, -0.604054, -0.645438, -0.002831, 0.0254, 0.720647, -0.692836, -1.2e-05, 0.0, 0.0, 0.0, 1.0],
                [0.883768, -0.340069, -0.321416, -0.125006, -0.467236, -0.60404, -0.645622, -0.002831, 0.025408, 0.720757, -0.692722, -1.2e-05, 0.0, 0.0, 0.0, 1.0],
                [0.884638, -0.338621, -0.320549, -0.125006, -0.465583, -0.603937, -0.646911, -0.002831, 0.025466, 0.721524, -0.69192, -1.2e-05, 0.0, 0.0, 0.0, 1.0],
                [0.887006, -0.334667, -0.318149, -0.125006, -0.461047, -0.603648, -0.65042, -0.002831, 0.025624, 0.723608, -0.689736, -1.2e-05, 0.0, 0.0, 0.0, 1.0],
                [0.891643, -0.326865, -0.313261, -0.125006, -0.451996, -0.603043, -0.657297, -0.002831, 0.025937, 0.727667, -0.685441, -1.2e-05, 0.0, 0.0, 0.0, 1.0],
                [0.899351, -0.342568, -0.271688, -0.125006, -0.436425, -0.665737, -0.605251, -0.002831, 0.026467, 0.662904, -0.748236, -1.2e-05, 0.0, 0.0, 0.0, 1.0],
                [0.91096, -0.347254, -0.222636, -0.125006, -0.411592, -0.7295, -0.546281, -0.002831, 0.027285, 0.589275, -0.807472, -1.2e-05, 0.0, 0.0, 0.0, 1.0],
                [0.927227, -0.330316, -0.176469, -0.125006, -0.373415, -0.779624, -0.50274, -0.002831, 0.028483, 0.532051, -0.846233, -1.2e-05, 0.0, 0.0, 0.0, 1.0],
                [0.948461, -0.290139, -0.127441, -0.125006, -0.315454, -0.826143, -0.46688, -0.002831, 0.030176, 0.48302, -0.875089, -1.2e-05, 0.0, 0.0, 0.0, 1.0],
                [0.976556, -0.207476, -0.057376, -0.125006, -0.212746, -0.889589, -0.404193, -0.002831, 0.032819, 0.406924, -0.912873, -1.2e-05, 0.0, 0.0, 0.0, 1.0],
                [0.990155, -0.138883, -0.017457, -0.125006, -0.135651, -0.921308, -0.364404, -0.002831, 0.034526, 0.363185, -0.931077, -1.2e-05, 0.0, 0.0, 0.0, 1.0],
                [0.990155, -0.138883, -0.017457, -0.125006, -0.135651, -0.921308, -0.364404, -0.002831, 0.034526, 0.363185, -0.931077, -1.2e-05, 0.0, 0.0, 0.0, 1.0],
                [0.990155, -0.138883, -0.017457, -0.125006, -0.135651, -0.921308, -0.364404, -0.002831, 0.034527, 0.363185, -0.931077, -1.2e-05, 0.0, 0.0, 0.0, 1.0],
                [0.990155, -0.138883, -0.017457, -0.125006, -0.135651, -0.921308, -0.364404, -0.002831, 0.034526, 0.363185, -0.931077, -1.2e-05, 0.0, 0.0, 0.0, 1.0],
                [0.990155, -0.138883, -0.017457, -0.125006, -0.135651, -0.921308, -0.364404, -0.002831, 0.034527, 0.363185, -0.931077, -1.2e-05, 0.0, 0.0, 0.0, 1.0],
                [0.990155, -0.138883, -0.017457, -0.125006, -0.135651, -0.921308, -0.364404, -0.002831, 0.034526, 0.363185, -0.931077, -1.2e-05, 0.0, 0.0, 0.0, 1.0],
                [0.990155, -0.138883, -0.017457, -0.125006, -0.135651, -0.921308, -0.364404, -0.002831, 0.034527, 0.363185, -0.931077, -1.2e-05, 0.0, 0.0, 0.0, 1.0],
                [0.990155, -0.138883, -0.017457, -0.125006, -0.135651, -0.921308, -0.364404, -0.002831, 0.034526, 0.363185, -0.931077, -1.2e-05, 0.0, 0.0, 0.0, 1.0],
                [0.990155, -0.138883, -0.017457, -0.125006, -0.135651, -0.921308, -0.364404, -0.002831, 0.034526, 0.363185, -0.931077, -1.2e-05, 0.0, 0.0, 0.0, 1.0],
                [0.990155, -0.138883, -0.017457, -0.125006, -0.135651, -0.921308, -0.364404, -0.002831, 0.034527, 0.363185, -0.931077, -1.2e-05, 0.0, 0.0, 0.0, 1.0],
                [0.990155, -0.138883, -0.017457, -0.125006, -0.135651, -0.921308, -0.364404, -0.002831, 0.034527, 0.363185, -0.931077, -1.2e-05, 0.0, 0.0, 0.0, 1.0],
                [0.990155, -0.138883, -0.017457, -0.125006, -0.135651, -0.921308, -0.364404, -0.002831, 0.034526, 0.363185, -0.931077, -1.2e-05, 0.0, 0.0, 0.0, 1.0],
                [0.990155, -0.138883, -0.017457, -0.125006, -0.135651, -0.921308, -0.364404, -0.002831, 0.034527, 0.363185, -0.931077, -1.2e-05, 0.0, 0.0, 0.0, 1.0],
                [0.990155, -0.138883, -0.017457, -0.125006, -0.135651, -0.921308, -0.364404, -0.002831, 0.034527, 0.363185, -0.931077, -1.2e-05, 0.0, 0.0, 0.0, 1.0]
            ]
        },
        {
            "name": "Leg_L",
            "time": [0.0, 0.0167, 0.0333, 0.05, 0.0667, 0.0833, 0.1, 0.1167, 0.1333, 0.15, 0.1667, 0.1833, 0.2, 0.2167, 0.2333, 0.25, 0.2667, 0.2833, 0.3, 0.3167, 0.3333, 0.35, 0.3667, 0.3833, 0.4, 0.4167, 0.4333, 0.45, 0.4667, 0.4833, 0.5, 0.5167, 0.5333, 0.55, 0.5667, 0.5833, 0.6],
            "transform": [
                [1.0, 1.1e-05, 4e-06, 0.0, -1.1e-05, 0.858082, 0.513512, 0.374726, 2e-06, -0.513512, 0.858082, -0.0, 0.0, 0.0, 0.0, 1.0],
                [1.0, 1.2e-05, 5e-06, 0.0, -1.3e-05, 0.813487, 0.581582, 0.374726, 3e-06, -0.581583, 0.813488, 0.0, 0.0, 0.0, 0.0, 1.0],
                [1.0, 1.3e-05, 6e-06, -0.0, -1.4e-05, 0.769959, 0.638094, 0.374726, 4e-06, -0.638093, 0.769959, 0.0, 0.0, 0.0, 0.0, 1.0],
                [1.0, 1.1e-05, 4e-06, -0.0, -1.2e-05, 0.84499, 0.534782, 0.374726, 3e-06, -0.534781, 0.84499, -0.0, 0.0, 0.0, 0.0, 1.0],
                [1.0, 0.0, 1e-06, -0.0, 0.0, 0.999998, 0.001462, 0.374726, -1e-06, -0.001462, 0.999999, -0.0, 0.0, 0.0, 0.0, 1.0],
                [1.0, -0.0, 1e-06, -0.0, -0.0, 0.999999, 0.001467, 0.374726, -1e-06, -0.001466, 0.999999, -0.0, 0.0, 0.0, 0.0, 1.0],
                [1.0, -0.0, 1e-06, 0.0, -0.0, 0.999998, 0.001463, 0.374726, -1e-06, -0.001463, 0.999999, -0.0, 0.0, 0.0, 0.0, 1.0],
                [1.0, 9e-06, 4e-06, -0.0, -1e-05, 0.725119, 0.688624, 0.374726, 3e-06, -0.688624, 0.725119, 0.0, 0.0, 0.0, 0.0, 1.0],
                [1.0, 2.3e-05, 1.8e-05, 0.0, -2.3e-05, 0.271602, 0.962409, 0.374726, 1.7e-05, -0.96241, 0.271602, 0.0, 0.0, 0.0, 0.0, 1.0],
                [1.0, 1.8e-05, 1.8e-05, -0.0, -1.9e-05, 0.054107, 0.998535, 0.374726, 1.7e-05, -0.998535, 0.054107, -0.0, 0.0, 0.0, 0.0, 1.0],
                [1.0, 2.1e-05, 1.9e-05, -0.0, -2.2e-05, 0.155456, 0.987842, 0.374726, 1.8e-05, -0.987843, 0.155456, -0.0, 0.0, 0.0, 0.0, 1.0],
                [1.0, 2.1e-05, 1.2e-05, 0.0, -2.1e-05, 0.503372, 0.864069, 0.374726, 1.1e-05, -0.86407, 0.503372, -0.0, 0.0, 0.0, 0.0, 1.0],
                [1.0, 1.1e-05, 3e-06, 0.0, -1.1e-05, 0.895831, 0.444395, 0.374726, 2e-06, -0.444395, 0.895831, 0.0, 0.0, 0.0, 0.0, 1.0],
                [1.0, 0.0, 1e-06, -0.0, -0.0, 0.999999, 0.001461, 0.374726, -1e-06, -0.001461, 0.999999, -0.0, 0.0, 0.0, 0.0, 1.0],
                [1.0, 0.0, 1e-06, -0.0, -0.0, 0.999999, 0.001461, 0.374726, -1e-06, -0.001461, 0.999999, 0.0, 0.0, 0.0, 0.0, 1.0],
                [1.0, 0.0, 1e-06, -0.0, 0.0, 0.999999, 0.001461, 0.374726, -1e-06, -0.001461, 0.999999, 0.0, 0.0, 0.0, 0.0, 1.0],
                [1.0, -0.0, 1e-06, -0.0, 0.0, 0.999999, 0.001461, 0.374726, -1e-06, -0.001461, 0.999999, -0.0, 0.0, 0.0, 0.0, 1.0],
                [1.0, 0.0, 1e-06, 0.0, -0.0, 0.999999, 0.00146, 0.374726, -1e-06, -0.00146, 0.999999, -0.0, 0.0, 0.0, 0.0, 1.0],
                [1.0, 4e-06, 1e-06, 0.0, -4e-06, 0.979752, 0.200212, 0.374726, -0.0, -0.200213, 0.979752, -0.0, 0.0, 0.0, 0.0, 1.0],
                [1.0, 9e-06, 2e-06, -0.0, -9e-06, 0.912977, 0.408011, 0.374726, 1e-06, -0.408011, 0.912977, -0.0, 0.0, 0.0, 0.0, 1.0],
                [1.0, 9e-06, 4e-06, -0.0, -9e-06, 0.825106, 0.564978, 0.374726, 2e-06, -0.564978, 0.825106, 0.0, 0.0, 0.0, 0.0, 1.0],
                [1.0, 1.5e-05, 7e-06, 0.0, -1.5e-05, 0.717654, 0.696399, 0.374726, 5e-06, -0.6964, 0.717654, 0.0, 0.0, 0.0, 0.0, 1.0],
                [1.0, 1.8e-05, 1.1e-05, -0.0, -1.9e-05, 0.524511, 0.851404, 0.374726, 1e-05, -0.851404, 0.524511, -0.0, 0.0, 0.0, 0.0, 1.0],
                [1.0, 1.9e-05, 1.3e-05, -0.0, -2e-05, 0.399907, 0.916555, 0.374726, 1.2e-05, -0.916556, 0.399907, 0.0, 0.0, 0.0, 0.0, 1.0],
                [1.0, 1.9e-05, 1.3e-05, -0.0, -2e-05, 0.399907, 0.916555, 0.374726, 1.2e-05, -0.916556, 0.399907, 0.0, 0.0, 0.0, 0.0, 1.0],
                [1.0, 2e-05, 1.4e-05, -0.0, -2.1e-05, 0.399907, 0.916555, 0.374726, 1.3e-05, -0.916556, 0.399907, -0.0, 0.0, 0.0, 0.0, 1.0],
                [1.0, 1.9e-05, 1.3e-05, -0.0, -2e-05, 0.399907, 0.916555, 0.374726, 1.2e-05, -0.916556, 0.399907, 0.0, 0.0, 0.0, 0.0, 1.0],
                [1.0, 2e-05, 1.4e-05, -0.0, -2.1e-05, 0.399907, 0.916555, 0.374726, 1.3e-05, -0.916556, 0.399907, -0.0, 0.0, 0.0, 0.0, 1.0],
                [1.0, 1.9e-05, 1.3e-05, -0.0, -2e-05, 0.399907, 0.916555, 0.374726, 1.2e-05, -0.916556, 0.399907, 0.0, 0.0, 0.0, 0.0, 1.0],
                [1.0, 2e-05, 1.4e-05, -0.0, -2.1e-05, 0.399907, 0.916555, 0.374726, 1.3e-05, -0.916556, 0.399907, -0.0, 0.0, 0.0, 0.0, 1.0],
                [1.0, 1.9e-05, 1.3e-05, -0.0, -2e-05, 0.399907, 0.916555, 0.374726, 1.2e-05, -0.916556, 0.399907, 0.0, 0.0, 0.0, 0.0, 1.0],
                [1.0, 1.9e-05, 1.3e-05, 0.0, -2e-05, 0.399907, 0.916555, 0.374726, 1.2e-05, -0.916556, 0.399907, 0.0, 0.0, 0.0, 0.0, 1.0],
                [1.0, 2e-05, 1.4e-05, -0.0, -2.1e-05, 0.399907, 0.916555, 0.374726, 1.3e-05, -0.916556, 0.399907, 0.0, 0.0, 0.0, 0.0, 1.0],
                [1.0, 2e-05, 1.4e-05, 0.0, -2.1e-05, 0.399907, 0.916555, 0.374726, 1.3e-05, -0.916556, 0.399907, -0.0, 0.0, 0.0, 0.0, 1.0],
                [1.0, 1.9e-05, 1.3e-05, 0.0, -2e-05, 0.399907, 0.916555, 0.374726, 1.2e-05, -0.916556, 0.399907, 0.0, 0.0, 0.0, 0.0, 1.0],
                [1.0, 2e-05, 1.4e-05, -0.0, -2.1e-05, 0.399907, 0.916555, 0.374726, 1.3e-05, -0.916556, 0.399907, 0.0, 0.0, 0.0, 0.0, 1.0],
                [1.0, 2e-05, 1.4e-05, 0.0, -2.1e-05, 0.399907, 0.916555, 0.374726, 1.3e-05, -0.916556, 0.399907, -0.0, 0.0, 0.0, 0.0, 1.0]
            ]
        },
        {
            "name": "Knee_L",
            "time": [0.0, 0.6],
            "transform": [
                [1.0, 0.0, -0.0, 0.0, -0.0, 0.00567, -0.999984, 0.375182, -0.0, 0.999984, 0.00567, -3e-06, 0.0, 0.0, 0.0, 1.0],
                [1.0, 0.0, -0.0, 0.0, -0.0, 0.00567, -0.999984, 0.440319, -0.0, 0.999984, 0.00567, -0.000372, 0.0, 0.0, 0.0, 1.0]
            ]
        },
        {
            "name": "Torso",
            "time": [0.0, 0.0167, 0.0333, 0.05, 0.0667, 0.0833, 0.1, 0.1167, 0.1333, 0.15, 0.1667, 0.1833, 0.2, 0.2167, 0.2333, 0.25, 0.2667, 0.2833, 0.3, 0.3167, 0.3333, 0.35, 0.3667, 0.3833, 0.4, 0.4167, 0.4333, 0.45, 0.4667, 0.4833, 0.5, 0.5167, 0.5333, 0.55, 0.5667, 0.5833, 0.6],
            "transform": [
                [0.984052, -0.0, -0.177879, 0.0, 0.037019, 0.978104, 0.204797, 0.05, 0.173984, -0.208116, 0.962506, 0.0, 0.0, 0.0, 0.0, 1.0],
                [0.970042, 0.014093, -0.242528, 0.0, 0.03711, 0.978004, 0.20526, 0.05, 0.240086, -0.208111, 0.948182, 0.0, 0.0, 0.0, 0.0, 1.0],
                [0.932388, 0.039958, -0.359244, 0.0, 0.03708, 0.978054, 0.205025, 0.05, 0.359552, -0.204484, 0.910444, 0.0, 0.0, 0.0, 0.0, 1.0],
                [0.906115, 0.053567, -0.419627, 0.0, 0.037019, 0.978104, 0.204797, 0.05, 0.421409, -0.201104, 0.884292, 0.0, 0.0, 0.0, 0.0, 1.0],
                [0.906115, 0.053567, -0.419627, 0.0, 0.037019, 0.978104, 0.204797, 0.05, 0.421409, -0.201104, 0.884292, 0.0, 0.0, 0.0, 0.0, 1.0],
                [0.906115, 0.053567, -0.419627, 0.0, 0.037019, 0.978104, 0.204797, 0.05, 0.421409, -0.201104, 0.884292, 0.0, 0.0, 0.0, 0.0, 1.0],
                [0.921484, 0.045881, -0.385697, 0.0, 0.037019, 0.978104, 0.204797, 0.05, 0.386648, -0.202995, 0.899609, 0.0, 0.0, 0.0, 0.0, 1.0],
                [0.955975, 0.025037, -0.292378, 0.0, 0.037019, 0.978104, 0.204797, 0.05, 0.291103, -0.206604, 0.934116, 0.0, 0.0, 0.0, 0.0, 1.0],
                [0.988231, -0.005394, -0.152874, 0.0, 0.037019, 0.978104, 0.204797, 0.05, 0.148422, -0.208046, 0.966793, 0.0, 0.0, 0.0, 0.0, 1.0],
                [0.999093, -0.040541, 0.013026, 0.0, 0.037019, 0.978104, 0.204797, 0.05, -0.021043, -0.204129, 0.978718, 0.0, 0.0, 0.0, 0.0, 1.0],
                [0.981105, -0.074518, 0.178549, 0.0, 0.037019, 0.978104, 0.204797, 0.05, -0.189901, -0.194318, 0.962382, 0.0, 0.0, 0.0, 0.0, 1.0],
                [0.94287, -0.102088, 0.317134, 0.0, 0.037019, 0.978104, 0.204797, 0.05, -0.331098, -0.181357, 0.926004, 0.0, 0.0, 0.0, 0.0, 1.0],
                [0.904386, -0.119971, 0.409502, 0.0, 0.037019, 0.978104, 0.204797, 0.05, -0.425106, -0.170056, 0.889025, 0.0, 0.0, 0.0, 0.0, 1.0],
                [0.887567, -0.126351, 0.443012, 0.0, 0.037019, 0.978104, 0.204797, 0.05, -0.459188, -0.165371, 0.872811, 0.0, 0.0, 0.0, 0.0, 1.0],
                [0.887567, -0.126351, 0.443012, 0.0, 0.037019, 0.978104, 0.204797, 0.05, -0.459188, -0.165371, 0.872811, 0.0, 0.0, 0.0, 0.0, 1.0],
                [0.887567, -0.126351, 0.443012, 0.0, 0.037019, 0.978104, 0.204797, 0.05, -0.459188, -0.165371, 0.872811, 0.0, 0.0, 0.0, 0.0, 1.0],
                [0.887567, -0.126351, 0.443012, 0.0, 0.037019, 0.978104, 0.204797, 0.05, -0.459188, -0.165371, 0.872811, 0.0, 0.0, 0.0, 0.0, 1.0],
                [0.887567, -0.126351, 0.443012, 0.0, 0.037019, 0.978104, 0.204797, 0.05, -0.459188, -0.165371, 0.872811, 0.0, 0.0, 0.0, 0.0, 1.0],
                [0.887567, -0.126351, 0.443012, 0.0, 0.037019, 0.978104, 0.204797, 0.05, -0.459188, -0.165371, 0.872811, 0.0, 0.0, 0.0, 0.0, 1.0],
                [0.887567, -0.126351, 0.443012, 0.0, 0.037019, 0.978104, 0.204797, 0.05, -0.459188, -0.165371, 0.872811, 0.0, 0.0, 0.0, 0.0, 1.0],
                [0.887567, -0.126351, 0.443012, 0.0, 0.037019, 0.978104, 0.204797, 0.05, -0.459188, -0.165371, 0.872811, 0.0, 0.0, 0.0, 0.0, 1.0],
                [0.887567, -0.126351, 0.443012, 0.0, 0.037019, 0.978104, 0.204797, 0.05, -0.459188, -0.165371, 0.872811, 0.0, 0.0, 0.0, 0.0, 1.0],
                [0.887567, -0.126351, 0.443012, 0.0, 0.037019, 0.978104, 0.204797, 0.05, -0.459188, -0.165371, 0.872811, 0.0, 0.0, 0.0, 0.0, 1.0],
                [0.887567, -0.126351, 0.443012, 0.0, 0.037019, 0.978104, 0.204797, 0.05, -0.459188, -0.165371, 0.872811, 0.0, 0.0, 0.0, 0.0, 1.0],
                [0.887567, -0.126351, 0.443012, 0.0, 0.037019, 0.978104, 0.204797, 0.05, -0.459188, -0.165371, 0.872811, 0.0, 0.0, 0.0, 0.0, 1.0],
                [0.887567, -0.126351, 0.443012, 0.0, 0.037019, 0.978104, 0.204797, 0.05, -0.459188, -0.165371, 0.872811, 0.0, 0.0, 0.0, 0.0, 1.0],
                [0.887567, -0.126351, 0.443012, 0.0, 0.037019, 0.978104, 0.204797, 0.05, -0.459188, -0.165371, 0.872811, 0.0, 0.0, 0.0, 0.0, 1.0],
                [0.887567, -0.126351, 0.443012, 0.0, 0.037019, 0.978104, 0.204797, 0.05, -0.459188, -0.165371, 0.872811, 0.0, 0.0, 0.0, 0.0, 1.0],
                [0.887567, -0.126351, 0.443012, 0.0, 0.037019, 0.978104, 0.204797, 0.05, -0.459188, -0.165371, 0.872811, 0.0, 0.0, 0.0, 0.0, 1.0],
                [0.887567, -0.126351, 0.443012, 0.0, 0.037019, 0.978104, 0.204797, 0.05, -0.459188, -0.165371, 0.872811, 0.0, 0.0, 0.0, 0.0, 1.0],
                [0.887567, -0.126351, 0.443012, 0.0, 0.037019, 0.978104, 0.204797, 0.05, -0.459188, -0.165371, 0.872811, 0.0, 0.0, 0.0, 0.0, 1.0],
                [0.887567, -0.126351, 0.443012, 0.0, 0.037019, 0.978104, 0.204797, 0.05, -0.459188, -0.165371, 0.872811, 0.0, 0.0, 0.0, 0.0, 1.0],
                [0.887567, -0.126351, 0.443012, 0.0, 0.037019, 0.978104, 0.204797, 0.05, -0.459188, -0.165371, 0.872811, 0.0, 0.0, 0.0, 0.0, 1.0],
                [0.887567, -0.126351, 0.443012, 0.0, 0.037019, 0.978104, 0.204797, 0.05, -0.459188, -0.165371, 0.872811, 0.0, 0.0, 0.0, 0.0, 1.0],
                [0.887567, -0.126351, 0.443012, 0.0, 0.037019, 0.978104, 0.204797, 0.05, -0.459188, -0.165371, 0.872811, 0.0, 0.0, 0.0, 0.0, 1.0],
                [0.887567, -0.126351, 0.443012, 0.0, 0.037019, 0.978104, 0.204797, 0.05, -0.459188, -0.165371, 0.872811, 0.0, 0.0, 0.0, 0.0, 1.0],
                [0.887567, -0.126351, 0.443012, 0.0, 0.037019, 0.978104, 0.204797, 0.05, -0.459188, -0.165371, 0.872811, 0.0, 0.0, 0.0, 0.0, 1.0]
            ]
        },
        {
            "name": "Chest",
            "time": [0.0, 0.0167, 0.0333, 0.05, 0.0667, 0.0833, 0.1, 0.1167, 0.1333, 0.15, 0.1667, 0.1833, 0.2, 0.2167, 0.2333, 0.25, 0.2667, 0.2833, 0.3, 0.3167, 0.3333, 0.35, 0.3667, 0.3833, 0.4, 0.4167, 0.4333, 0.45, 0.4667, 0.4833, 0.5, 0.5167, 0.5333, 0.55, 0.5667, 0.5833, 0.6],
            "transform": [
                [0.972076, 0.017229, -0.234032, -0.0, 0.006753, 0.994835, 0.101285, 0.3, 0.234568, -0.100037, 0.966939, -0.0, 0.0, 0.0, 0.0, 1.0],
                [0.965191, 0.02194, -0.260624, 0.0, 0.006201, 0.994276, 0.106666, 0.3, 0.261472, -0.104569, 0.95953, -0.0, 0.0, 0.0, 0.0, 1.0],
                [0.940672, 0.044279, -0.336417, 0.0, 0.005138, 0.989477, 0.144602, 0.3, 0.33928, -0.137752, 0.930545, -0.0, 0.0, 0.0, 0.0, 1.0],
                [0.875368, 0.111627, -0.470393, 0.0, 0.009473, 0.968832, 0.247538, 0.3, 0.483364, -0.221143, 0.847027, -0.0, 0.0, 0.0, 0.0, 1.0],
                [0.736153, 0.311803, -0.600713, 0.0, 0.040525, 0.865661, 0.498987, 0.3, 0.6756, -0.391675, 0.624624, -0.0, 0.0, 0.0, 0.0, 1.0],
                [0.639759, 0.462486, -0.613853, 0.0, 0.086981, 0.749989, 0.655706, 0.3, 0.763638, -0.472887, 0.439584, -0.0, 0.0, 0.0, 0.0, 1.0],
                [0.65163, 0.452324, -0.608918, 0.0, 0.088689, 0.751815, 0.653383, 0.3, 0.753334, -0.479768, 0.449789, -0.0, 0.0, 0.0, 0.0, 1.0],
                [0.68374, 0.423453, -0.594295, -0.0, 0.093682, 0.756733, 0.646977, 0.3, 0.723687, -0.498039, 0.477739, -0.0, 0.0, 0.0, 0.0, 1.0],
                [0.730031, 0.3778, -0.569493, -0.0, 0.101963, 0.763767, 0.637388, 0.3, 0.675765, -0.52338, 0.519051, -0.0, 0.0, 0.0, 0.0, 1.0],
                [0.783684, 0.31747, -0.533903, -0.0, 0.113558, 0.771816, 0.625623, 0.3, 0.610692, -0.550919, 0.568809, 0.0, 0.0, 0.0, 0.0, 1.0],
                [0.837726, 0.245553, -0.487769, -0.0, 0.128236, 0.779769, 0.612793, 0.3, 0.530821, -0.575902, 0.621744, -0.0, 0.0, 0.0, 0.0, 1.0],
                [0.885963, 0.166468, -0.432849, 0.0, 0.145345, 0.78666, 0.600033, 0.3, 0.440391, -0.59452, 0.672757, 0.0, 0.0, 0.0, 0.0, 1.0],
                [0.924025, 0.08573, -0.372597, 0.0, 0.163777, 0.791843, 0.588355, 0.3, 0.345478, -0.604677, 0.717642, -0.0, 0.0, 0.0, 0.0, 1.0],
                [0.9501, 0.009272, -0.311808, -0.0, 0.182094, 0.795099, 0.578497, 0.3, 0.253282, -0.606408, 0.753736, -0.0, 0.0, 0.0, 0.0, 1.0],
                [0.964997, -0.057351, -0.255912, -0.0, 0.198732, 0.796641, 0.57085, 0.3, 0.171131, -0.601726, 0.780154, 0.0, 0.0, 0.0, 0.0, 1.0],
                [0.971498, -0.109465, -0.210261, -0.0, 0.212191, 0.796992, 0.565489, 0.3, 0.105675, -0.593987, 0.797504, 0.0, 0.0, 0.0, 0.0, 1.0],
                [0.973229, -0.143269, -0.179719, 0.0, 0.221136, 0.796809, 0.562312, 0.3, 0.06264, -0.587, 0.80716, 0.0, 0.0, 0.0, 0.0, 1.0],
                [0.973362, -0.155337, -0.168634, 0.0, 0.224371, 0.796663, 0.561235, 0.3, 0.047164, -0.584122, 0.810295, 0.0, 0.0, 0.0, 0.0, 1.0],
                [0.973362, -0.155337, -0.168634, -0.0, 0.224371, 0.796663, 0.561235, 0.3, 0.047164, -0.584122, 0.810294, 0.0, 0.0, 0.0, 0.0, 1.0],
                [0.973362, -0.155337, -0.168634, 0.0, 0.224371, 0.796663, 0.561235, 0.3, 0.047164, -0.584122, 0.810294, 0.0, 0.0, 0.0, 0.0, 1.0],
                [0.973362, -0.155337, -0.168634, -0.0, 0.224371, 0.796663, 0.561235, 0.3, 0.047164, -0.584122, 0.810294, 0.0, 0.0, 0.0, 0.0, 1.0],
                [0.973362, -0.155337, -0.168634, -0.0, 0.224371, 0.796663, 0.561235, 0.3, 0.047164, -0.584122, 0.810295, 0.0, 0.0, 0.0, 0.0, 1.0],
                [0.973362, -0.155337, -0.168634, -0.0, 0.224371, 0.796663, 0.561235, 0.3, 0.047164, -0.584122, 0.810294, 0.0, 0.0, 0.0, 0.0, 1.0],
                [0.973362, -0.155337, -0.168634, 0.0, 0.224371, 0.796663, 0.561235, 0.3, 0.047164, -0.584122, 0.810294, 0.0, 0.0, 0.0, 0.0, 1.0],
                [0.973362, -0.155337, -0.168634, 0.0, 0.224371, 0.796663, 0.561235, 0.3, 0.047164, -0.584122, 0.810294, 0.0, 0.0, 0.0, 0.0, 1.0],
                [0.973362, -0.155337, -0.168634, 0.0, 0.224371, 0.796663, 0.561235, 0.3, 0.047164, -0.584122, 0.810294, -0.0, 0.0, 0.0, 0.0, 1.0],
                [0.973362, -0.155337, -0.168634, 0.0, 0.224371, 0.796663, 0.561236, 0.3, 0.047164, -0.584122, 0.810294, -0.0, 0.0, 0.0, 0.0, 1.0],
                [0.973362, -0.155337, -0.168634, 0.0, 0.224371, 0.796663, 0.561235, 0.3, 0.047164, -0.584122, 0.810294, 0.0, 0.0, 0.0, 0.0, 1.0],
                [0.973362, -0.155337, -0.168634, 0.0, 0.224371, 0.796663, 0.561235, 0.3, 0.047164, -0.584122, 0.810294, -0.0, 0.0, 0.0, 0.0, 1.0],
                [0.973362, -0.155337, -0.168634, 0.0, 0.224371, 0.796663, 0.561236, 0.3, 0.047164, -0.584122, 0.810294, -0.0, 0.0, 0.0, 0.0, 1.0],
                [0.973362, -0.155337, -0.168634, 0.0, 0.224371, 0.796663, 0.561235, 0.3, 0.047164, -0.584122, 0.810294, 0.0, 0.0, 0.0, 0.0, 1.0],
                [0.973362, -0.155337, -0.168634, 0.0, 0.224371, 0.796663, 0.561235, 0.3, 0.047164, -0.584122, 0.810294, -0.0, 0.0, 0.0, 0.0, 1.0],
