{
    "animation": [
        {
            "name": "Root",
            "time": [0.0, 0.0167, 0.0333, 0.05, 0.0667, 0.0833, 0.1, 0.1167, 0.1333, 0.15, 0.1667, 0.1833, 0.2, 0.2167, 0.2333, 0.25, 0.2667, 0.2833, 0.3, 0.3167, 0.3333, 0.35, 0.3667, 0.3833, 0.4, 0.4167, 0.4333, 0.45, 0.4667, 0.4833, 0.5, 0.5167, 0.5333, 0.55, 0.5667, 0.5833, 0.6, 0.6167, 0.6333, 0.65, 0.6667],
            "transform": [
                [1.0, 0.0, 0.0, -5e-06, 0.0, 0.0, -1.0, 0.000896, 0.0, 1.0, 0.0, 0.763972, 0.0, 0.0, 0.0, 1.0],
                [1.0, 0.0, 0.0, -5e-06, 0.0, 0.0, -1.0, 0.000896, 0.0, 1.0, 0.0, 0.744221, 0.0, 0.0, 0.0, 1.0],
                [1.0, 0.0, 0.0, -5e-06, 0.0, 0.0, -1.0, 0.000896, 0.0, 1.0, 0.0, 0.697125, 0.0, 0.0, 0.0, 1.0],
                [1.0, 0.0, 0.0, -5e-06, 0.0, 0.0, -1.0, 0.000896, 0.0, 1.0, 0.0, 0.640913, 0.0, 0.0, 0.0, 1.0],
                [1.0, 0.0, 0.0, -5e-06, 0.0, 0.0, -1.0, 0.000896, 0.0, 1.0, 0.0, 0.593817, 0.0, 0.0, 0.0, 1.0],
                [1.0, 0.0, 0.0, -5e-06, 0.0, 0.0, -1.0, 0.000896, 0.0, 1.0, 0.0, 0.574067, 0.0, 0.0, 0.0, 1.0],
                [0.974012, 0.0, -0.226498, -0.062978, -0.226498, 0.0, -0.974012, -0.031398, 0.0, 1.0, 0.0, 0.574067, 0.0, 0.0, 0.0, 1.0],
                [0.713108, 0.0, -0.701054, -0.193478, -0.701054, 0.0, -0.713108, -0.091372, 0.0, 1.0, 0.0, 0.574067, 0.0, 0.0, 0.0, 1.0],
                [0.203408, 0.0, -0.979094, -0.303875, -0.979094, 0.0, -0.203408, -0.123666, 0.0, 1.0, 0.0, 0.574067, 0.0, 0.0, 0.0, 1.0],
                [-0.21808, 0.0, -0.975931, -0.35871, -0.975931, 0.0, 0.21808, -0.019765, 0.0, 1.0, 0.0, 0.609832, 0.0, 0.0, 0.0, 1.0],
                [-0.51403, 0.0, -0.857772, -0.386868, -0.857772, 0.0, 0.51403, 0.208819, 0.0, 1.0, 0.0, 0.688515, 0.0, 0.0, 0.0, 1.0],
                [-0.745586, 0.0, -0.66641, -0.397242, -0.66641, 0.0, 0.745586, 0.437402, 0.0, 1.0, 0.0, 0.767199, 0.0, 0.0, 0.0, 1.0],
                [-0.92862, 0.0, -0.371035, -0.398724, -0.371035, 0.0, 0.92862, 0.541303, 0.0, 1.0, 0.0, 0.802964, 0.0, 0.0, 0.0, 1.0],
                [-0.9988, 0.0, 0.048986, -0.366239, 0.048986, 0.0, 0.9988, 0.541201, 0.0, 1.0, 0.0, 0.802964, 0.0, 0.0, 0.0, 1.0],
                [-0.867671, 0.0, 0.497139, -0.282674, 0.497139, 0.0, 0.867671, 0.540488, 0.0, 1.0, 0.0, 0.802964, 0.0, 0.0, 0.0, 1.0],
                [-0.582362, 0.0, 0.812929, -0.168865, 0.812929, 0.0, 0.582362, 0.538552, 0.0, 1.0, 0.0, 0.802964, 0.0, 0.0, 0.0, 1.0],
                [-0.316697, 0.0, 0.948527, -0.045647, 0.948527, 0.0, 0.316697, 0.534783, 0.0, 1.0, 0.0, 0.802964, 0.0, 0.0, 0.0, 1.0],
                [-0.209494, 0.0, 0.97781, 0.066143, 0.97781, 0.0, 0.209494, 0.528569, 0.0, 1.0, 0.0, 0.802964, 0.0, 0.0, 0.0, 1.0],
                [-0.209494, 0.0, 0.97781, 0.149056, 0.97781, 0.0, 0.209494, 0.462355, 0.0, 1.0, 0.0, 0.802964, 0.0, 0.0, 0.0, 1.0],
                [-0.209494, 0.0, 0.97781, 0.199186, 0.97781, 0.0, 0.209494, 0.337726, 0.0, 1.0, 0.0, 0.802964, 0.0, 0.0, 0.0, 1.0],
                [-0.209494, 0.0, 0.97781, 0.216011, 0.97781, 0.0, 0.209494, 0.242778, 0.0, 1.0, 0.0, 0.802964, 0.0, 0.0, 0.0, 1.0],
                [-0.209494, 0.0, 0.97781, 0.216011, 0.97781, 0.0, 0.209494, 0.203665, 0.0, 1.0, 0.0, 0.780019, 0.0, 0.0, 0.0, 1.0],
                [-0.209494, 0.0, 0.97781, 0.216011, 0.97781, 0.0, 0.209494, 0.183579, 0.0, 1.0, 0.0, 0.729539, 0.0, 0.0, 0.0, 1.0],
                [-0.209494, 0.0, 0.97781, 0.216011, 0.97781, 0.0, 0.209494, 0.176179, 0.0, 1.0, 0.0, 0.679058, 0.0, 0.0, 0.0, 1.0],
                [-0.209494, 0.0, 0.97781, 0.216011, 0.97781, 0.0, 0.209494, 0.175122, 0.0, 1.0, 0.0, 0.656113, 0.0, 0.0, 0.0, 1.0],
                [-0.209494, 0.0, 0.97781, 0.216011, 0.97781, 0.0, 0.209494, 0.186225, 0.0, 1.0, 0.0, 0.658006, 0.0, 0.0, 0.0, 1.0],
                [-0.209494, 0.0, 0.97781, 0.216011, 0.97781, 0.0, 0.209494, 0.217134, 0.0, 1.0, 0.0, 0.663274, 0.0, 0.0, 0.0, 1.0],
                [-0.209494, 0.0, 0.97781, 0.216011, 0.97781, 0.0, 0.209494, 0.264247, 0.0, 1.0, 0.0, 0.671306, 0.0, 0.0, 0.0, 1.0],
                [-0.209494, 0.0, 0.97781, 0.216011, 0.97781, 0.0, 0.209494, 0.323963, 0.0, 1.0, 0.0, 0.681485, 0.0, 0.0, 0.0, 1.0],
                [-0.209494, 0.0, 0.97781, 0.216011, 0.97781, 0.0, 0.209494, 0.392682, 0.0, 1.0, 0.0, 0.6932, 0.0, 0.0, 0.0, 1.0],
                [-0.209494, 0.0, 0.97781, 0.216011, 0.97781, 0.0, 0.209494, 0.466802, 0.0, 1.0, 0.0, 0.705835, 0.0, 0.0, 0.0, 1.0],
                [-0.209494, 0.0, 0.97781, 0.216011, 0.97781, 0.0, 0.209494, 0.542723, 0.0, 1.0, 0.0, 0.718777, 0.0, 0.0, 0.0, 1.0],
                [-0.209494, 0.0, 0.97781, 0.216011, 0.97781, 0.0, 0.209494, 0.616843, 0.0, 1.0, 0.0, 0.731412, 0.0, 0.0, 0.0, 1.0],
                [-0.209494, 0.0, 0.97781, 0.216011, 0.97781, 0.0, 0.209494, 0.685562, 0.0, 1.0, 0.0, 0.743127, 0.0, 0.0, 0.0, 1.0],
                [-0.209494, 0.0, 0.97781, 0.216011, 0.97781, 0.0, 0.209494, 0.745278, 0.0, 1.0, 0.0, 0.753306, 0.0, 0.0, 0.0, 1.0],
                [-0.209494, 0.0, 0.97781, 0.216011, 0.97781, 0.0, 0.209494, 0.792391, 0.0, 1.0, 0.0, 0.761338, 0.0, 0.0, 0.0, 1.0],
                [-0.209494, 0.0, 0.97781, 0.216011, 0.97781, 0.0, 0.209494, 0.823299, 0.0, 1.0, 0.0, 0.766607, 0.0, 0.0, 0.0, 1.0],
                [-0.209494, 0.0, 0.97781, 0.216011, 0.97781, 0.0, 0.209494, 0.834402, 0.0, 1.0, 0.0, 0.768499, 0.0, 0.0, 0.0, 1.0],
                [-0.209494, 0.0, 0.97781, 0.216011, 0.97781, 0.0, 0.209494, 0.834402, 0.0, 1.0, 0.0, 0.768499, 0.0, 0.0, 0.0, 1.0],
                [-0.209494, 0.0, 0.97781, 0.216011, 0.97781, 0.0, 0.209494, 0.834402, 0.0, 1.0, 0.0, 0.768499, 0.0, 0.0, 0.0, 1.0],
                [-0.209494, 0.0, 0.97781, 0.216011, 0.97781, 0.0, 0.209494, 0.834402, 0.0, 1.0, 0.0, 0.768499, 0.0, 0.0, 0.0, 1.0]
            ]
        },
        {
            "name": "Thigh_R",
            "time": [0.0, 0.0167, 0.0333, 0.05, 0.0667, 0.0833, 0.1, 0.1167, 0.1333, 0.15, 0.1667, 0.1833, 0.2, 0.2167, 0.2333, 0.25, 0.2667, 0.2833, 0.3, 0.3167, 0.3333, 0.35, 0.3667, 0.3833, 0.4, 0.4167, 0.4333, 0.45, 0.4667, 0.4833, 0.5, 0.5167, 0.5333, 0.55, 0.5667, 0.5833, 0.6, 0.6167, 0.6333, 0.65, 0.6667],
            "transform": [
                [0.960847, -0.067916, -0.268628, 0.135643, 0.090403, -0.839598, 0.535634, -0.051224, -0.261918, -0.538946, -0.800585, -0.059944, 0.0, 0.0, 0.0, 1.0],
                [0.968322, -0.052731, -0.244075, 0.135643, 0.105894, -0.798489, 0.592624, -0.051212, -0.22614, -0.599696, -0.76761, -0.052761, 0.0, 0.0, 0.0, 1.0],
                [0.981786, 0.006928, -0.189865, 0.135643, 0.139223, -0.706245, 0.694144, -0.051187, -0.129282, -0.707934, -0.694345, -0.033469, 0.0, 0.0, 0.0, 1.0],
                [0.984409, 0.112728, -0.135021, 0.135643, 0.175793, -0.604674, 0.776831, -0.051168, 0.005927, -0.788456, -0.615063, -0.00545, 0.0, 0.0, 0.0, 1.0],
                [0.966212, 0.241603, -0.089789, 0.135643, 0.211194, -0.542413, 0.813134, -0.051175, 0.147753, -0.804623, -0.575111, 0.027913, 0.0, 0.0, 0.0, 1.0],
                [0.930495, 0.365564, -0.023283, 0.135643, 0.249913, -0.58708, 0.769988, -0.051224, 0.267811, -0.722288, -0.637634, 0.063236, 0.0, 0.0, 0.0, 1.0],
                [0.878613, 0.477192, 0.018119, 0.134308, 0.372451, -0.708522, 0.599398, -0.051326, 0.298865, -0.51989, -0.800246, 0.097529, 0.0, 0.0, 0.0, 1.0],
                [0.748109, 0.663511, -0.009394, 0.130334, 0.590138, -0.658773, 0.466643, -0.051454, 0.303434, -0.354643, -0.884396, 0.12937, 0.0, 0.0, 0.0, 1.0],
                [0.724321, 0.677707, -0.126776, 0.123764, 0.680996, -0.6745, 0.285123, -0.051572, 0.107719, -0.292854, -0.95007, 0.157729, 0.0, 0.0, 0.0, 1.0],
                [0.61927, 0.617043, -0.485555, 0.114643, 0.778833, -0.561187, 0.280158, -0.051644, -0.099618, -0.551659, -0.8281, 0.181578, 0.0, 0.0, 0.0, 1.0],
                [0.327439, 0.742456, -0.584417, 0.103014, 0.94159, -0.307908, 0.136385, -0.051634, -0.078687, -0.594939, -0.79991, 0.199888, 0.0, 0.0, 0.0, 1.0],
                [-0.026679, 0.936415, -0.34988, 0.088921, 0.993184, -0.014897, -0.115602, -0.051506, -0.113464, -0.35058, -0.929634, 0.211629, 0.0, 0.0, 0.0, 1.0],
                [-0.176182, 0.972792, 0.150451, 0.072408, 0.981854, 0.184563, -0.043585, -0.051224, -0.070167, 0.140042, -0.987656, 0.215774, 0.0, 0.0, 0.0, 1.0],
                [-0.265621, 0.808572, 0.52503, 0.053703, 0.95988, 0.171041, 0.222207, -0.049057, 0.089868, 0.562989, -0.821563, 0.212097, 0.0, 0.0, 0.0, 1.0],
                [-0.423612, 0.757744, 0.496364, 0.033769, 0.862957, 0.17097, 0.475472, -0.043958, 0.275423, 0.629756, -0.726326, 0.202404, 0.0, 0.0, 0.0, 1.0],
                [-0.37874, 0.610948, 0.695197, 0.013755, 0.919176, 0.160621, 0.359607, -0.03692, 0.108038, 0.775206, -0.622402, 0.188698, 0.0, 0.0, 0.0, 1.0],
                [-0.213909, 0.451992, 0.865994, -0.005194, 0.976308, 0.128545, 0.174066, -0.028936, -0.032643, 0.882712, -0.468781, 0.172986, 0.0, 0.0, 0.0, 1.0],
                [-0.168526, 0.241409, 0.955678, -0.021929, 0.981808, 0.127153, 0.141014, -0.020998, -0.087475, 0.962057, -0.258446, 0.157273, 0.0, 0.0, 0.0, 1.0],
                [-0.176709, 0.503008, 0.846025, -0.035303, 0.982363, 0.036746, 0.183338, -0.014099, 0.061133, 0.863501, -0.500629, 0.143566, 0.0, 0.0, 0.0, 1.0],
                [-0.1894, 0.098082, 0.976989, -0.044169, 0.666088, -0.718215, 0.201231, -0.009231, 0.721425, 0.688874, 0.070699, 0.133871, 0.0, 0.0, 0.0, 1.0],
                [-0.141648, -0.33831, 0.930313, -0.047379, 0.26549, -0.918343, -0.293533, -0.007388, 0.953652, 0.20541, 0.219899, 0.130194, 0.0, 0.0, 0.0, 1.0],
                [-0.137979, -0.530553, 0.836347, -0.047379, 0.238994, -0.837306, -0.491733, -0.007388, 0.961168, 0.132033, 0.242329, 0.130194, 0.0, 0.0, 0.0, 1.0],
                [-0.138355, -0.534529, 0.833749, -0.047379, 0.241683, -0.834617, -0.494979, -0.007388, 0.960442, 0.13302, 0.244659, 0.130194, 0.0, 0.0, 0.0, 1.0],
                [-0.14035, -0.422757, 0.89531, -0.047379, 0.256052, -0.888996, -0.379637, -0.007388, 0.95642, 0.175963, 0.233018, 0.130194, 0.0, 0.0, 0.0, 1.0],
                [-0.141648, -0.338309, 0.930314, -0.047379, 0.26549, -0.918343, -0.293533, -0.007388, 0.953651, 0.205411, 0.219899, 0.130194, 0.0, 0.0, 0.0, 1.0],
                [-0.140374, -0.30096, 0.943249, -0.046429, 0.262669, -0.929865, -0.257599, -0.007388, 0.95462, 0.211602, 0.209582, 0.129918, 0.0, 0.0, 0.0, 1.0],
                [-0.136856, -0.205691, 0.969001, -0.043784, 0.255149, -0.952519, -0.166156, -0.007389, 0.957167, 0.2245, 0.18284, 0.129151, 0.0, 0.0, 0.0, 1.0],
                [-0.13157, -0.076211, 0.988373, -0.039752, 0.244607, -0.968707, -0.042133, -0.007388, 0.960654, 0.23622, 0.146095, 0.127981, 0.0, 0.0, 0.0, 1.0],
                [-0.125005, 0.069461, 0.989722, -0.034641, 0.232772, -0.967651, 0.097312, -0.007389, 0.964464, 0.242544, 0.104792, 0.126498, 0.0, 0.0, 0.0, 1.0],
                [-0.117638, 0.215598, 0.96937, -0.02876, 0.221134, -0.945952, 0.237225, -0.007388, 0.968123, 0.242267, 0.063604, 0.124792, 0.0, 0.0, 0.0, 1.0],
                [-0.109919, 0.347897, 0.931067, -0.022416, 0.210791, -0.907276, 0.363893, -0.007389, 0.971331, 0.23626, 0.026394, 0.122952, 0.0, 0.0, 0.0, 1.0],
                [-0.102252, 0.454994, 0.884605, -0.015919, 0.202383, -0.861152, 0.466324, -0.007388, 0.973954, 0.226711, -0.004029, 0.121067, 0.0, 0.0, 0.0, 1.0],
                [-0.094991, 0.53035, 0.842441, -0.009575, 0.196135, -0.819708, 0.538154, -0.007389, 0.975965, 0.216352, -0.026155, 0.119227, 0.0, 0.0, 0.0, 1.0],
                [-0.088449, 0.572447, 0.815157, -0.003694, 0.191933, -0.793234, 0.577877, -0.007389, 0.977414, 0.207569, -0.03971, 0.117521, 0.0, 0.0, 0.0, 1.0],
                [-0.082906, 0.583259, 0.808044, 0.001416, 0.18943, -0.786829, 0.587382, -0.007388, 0.978388, 0.201766, -0.045254, 0.116038, 0.0, 0.0, 0.0, 1.0],
                [-0.078622, 0.566809, 0.820089, 0.005449, 0.188161, -0.799412, 0.570557, -0.007388, 0.978986, 0.199167, -0.043799, 0.114868, 0.0, 0.0, 0.0, 1.0],
                [-0.075853, 0.532528, 0.843007, 0.008094, 0.187648, -0.822714, 0.536593, -0.007388, 0.979303, 0.19889, -0.037522, 0.114101, 0.0, 0.0, 0.0, 1.0],
                [-0.074866, 0.51006, 0.856875, 0.009044, 0.187524, -0.836755, 0.514468, -0.007388, 0.979403, 0.1992, -0.033004, 0.113825, 0.0, 0.0, 0.0, 1.0],
                [-0.074866, 0.51006, 0.856875, 0.009044, 0.187524, -0.836755, 0.514468, -0.007388, 0.979403, 0.1992, -0.033004, 0.113825, 0.0, 0.0, 0.0, 1.0],
                [-0.074866, 0.51006, 0.856875, 0.009044, 0.187524, -0.836755, 0.514468, -0.007388, 0.979403, 0.1992, -0.033004, 0.113825, 0.0, 0.0, 0.0, 1.0],
                [-0.074866, 0.51006, 0.856875, 0.009044, 0.187524, -0.836755, 0.514468, -0.007388, 0.979403, 0.1992, -0.033004, 0.113825, 0.0, 0.0, 0.0, 1.0]
            ]
        },
        {
            "name": "Leg_R",
            "time": [0.0, 0.0167, 0.0333, 0.05, 0.0667, 0.0833, 0.1, 0.1167, 0.1333, 0.15, 0.1667, 0.1833, 0.2, 0.2167, 0.2333, 0.25, 0.2667, 0.2833, 0.3, 0.3167, 0.3333, 0.35, 0.3667, 0.3833, 0.4, 0.4167, 0.4333, 0.45, 0.4667, 0.4833, 0.5, 0.5167, 0.5333, 0.55, 0.5667, 0.5833, 0.6, 0.6167, 0.6333, 0.65, 0.6667],
            "transform": [
                [1.0, 1.1e-05, 4e-06, -0.0, -1.2e-05, 0.835902, 0.548878, 0.374726, 3e-06, -0.548878, 0.835902, -0.0, 0.0, 0.0, 0.0, 1.0],
                [1.0, 1.4e-05, 6e-06, -0.0, -1.4e-05, 0.764559, 0.644553, 0.374726, 5e-06, -0.644553, 0.76456, -0.0, 0.0, 0.0, 0.0, 1.0],
                [1.0, 1.7e-05, 9e-06, -0.0, -1.7e-05, 0.597663, 0.801747, 0.374726, 8e-06, -0.801747, 0.597663, -0.0, 0.0, 0.0, 0.0, 1.0],
                [1.0, 1.8e-05, 1.3e-05, 0.0, -1.9e-05, 0.39884, 0.91702, 0.374726, 1.2e-05, -0.917021, 0.39884, -0.0, 0.0, 0.0, 0.0, 1.0],
                [1.0, 1.9e-05, 1.6e-05, 0.0, -2e-05, 0.212054, 0.977257, 0.374726, 1.5e-05, -0.977258, 0.212053, -0.0, 0.0, 0.0, 0.0, 1.0],
                [1.0, 1.7e-05, 1.6e-05, 0.0, -1.8e-05, 0.091502, 0.995805, 0.374726, 1.5e-05, -0.995805, 0.091502, 0.0, 0.0, 0.0, 0.0, 1.0],
                [1.0, 1.6e-05, 1.4e-05, -0.0, -1.6e-05, 0.149869, 0.988706, 0.374726, 1.3e-05, -0.988706, 0.149869, -0.0, 0.0, 0.0, 0.0, 1.0],
                [1.0, 1.5e-05, 9e-06, -0.0, -1.6e-05, 0.538948, 0.842339, 0.374726, 8e-06, -0.842339, 0.538948, -0.0, 0.0, 0.0, 0.0, 1.0],
                [1.0, 8e-06, 2e-06, -0.0, -8e-06, 0.930726, 0.365716, 0.374726, 1e-06, -0.365717, 0.930727, -0.0, 0.0, 0.0, 0.0, 1.0],
                [1.0, 1.4e-05, 8e-06, -0.0, -1.5e-05, 0.623241, 0.782029, 0.374726, 6e-06, -0.782029, 0.623241, 0.0, 0.0, 0.0, 0.0, 1.0],
                [1.0, 2e-05, 1.6e-05, -0.0, -2.1e-05, 0.26889, 0.963171, 0.374726, 1.5e-05, -0.963171, 0.26889, -0.0, 0.0, 0.0, 0.0, 1.0],
                [1.0, 1.9e-05, 1.3e-05, -0.0, -2e-05, 0.391793, 0.920052, 0.374726, 1.2e-05, -0.920054, 0.391793, -0.0, 0.0, 0.0, 0.0, 1.0],
                [1.0, 1.2e-05, 4e-06, 0.0, -1.2e-05, 0.823715, 0.567005, 0.374726, 3e-06, -0.567004, 0.823715, 0.0, 0.0, 0.0, 0.0, 1.0],
                [1.0, 0.0, 1e-06, 0.0, 0.0, 0.999999, 0.001462, 0.374726, -1e-06, -0.001462, 0.999999, -0.0, 0.0, 0.0, 0.0, 1.0],
                [1.0, -0.0, 1e-06, 0.0, -0.0, 0.999999, 0.00146, 0.374726, -1e-06, -0.00146, 0.999999, 0.0, 0.0, 0.0, 0.0, 1.0],
                [1.0, 0.0, 1e-06, -0.0, -0.0, 0.999999, 0.00146, 0.374726, -1e-06, -0.00146, 0.999999, -0.0, 0.0, 0.0, 0.0, 1.0],
                [1.0, 0.0, 1e-06, 0.0, -0.0, 0.999999, 0.00147, 0.374726, -1e-06, -0.00147, 0.999999, 0.0, 0.0, 0.0, 0.0, 1.0],
                [1.0, 0.0, 1e-06, 0.0, -0.0, 0.999999, 0.001466, 0.374726, -1e-06, -0.001467, 0.999999, 0.0, 0.0, 0.0, 0.0, 1.0],
                [1.0, 2.1e-05, 2e-05, -0.0, -2.2e-05, 0.108898, 0.994053, 0.374726, 1.9e-05, -0.994053, 0.108898, -0.0, 0.0, 0.0, 0.0, 1.0],
                [1.0, 2.6e-05, 2.6e-05, 0.0, -2.7e-05, 0.057815, 0.998327, 0.374726, 2.5e-05, -0.998327, 0.057815, -0.0, 0.0, 0.0, 0.0, 1.0],
                [1.0, 1.1e-05, 4e-06, -0.0, -1.2e-05, 0.864807, 0.502103, 0.374726, 2e-06, -0.502103, 0.864808, -0.0, 0.0, 0.0, 0.0, 1.0],
                [1.0, 0.0, 1e-06, -0.0, -0.0, 0.999999, 0.001462, 0.374726, -1e-06, -0.001462, 0.999999, -0.0, 0.0, 0.0, 0.0, 1.0],
                [1.0, 0.0, 1e-06, -0.0, -0.0, 0.999999, 0.001462, 0.374726, -1e-06, -0.001461, 0.999999, -0.0, 0.0, 0.0, 0.0, 1.0],
                [1.0, 7e-06, 2e-06, -0.0, -7e-06, 0.952516, 0.304488, 0.374726, 0.0, -0.304488, 0.952516, -0.0, 0.0, 0.0, 0.0, 1.0],
                [1.0, 1.1e-05, 4e-06, -0.0, -1.1e-05, 0.864806, 0.502104, 0.374726, 2e-06, -0.502105, 0.864807, 0.0, 0.0, 0.0, 0.0, 1.0],
                [1.0, 9e-06, 3e-06, -0.0, -1e-05, 0.83837, 0.545102, 0.374726, 2e-06, -0.545102, 0.83837, 0.0, 0.0, 0.0, 0.0, 1.0],
                [1.0, 1.2e-05, 5e-06, 0.0, -1.2e-05, 0.769902, 0.638162, 0.374726, 4e-06, -0.638162, 0.769902, 0.0, 0.0, 0.0, 0.0, 1.0],
                [1.0, 1.5e-05, 7e-06, -0.0, -1.6e-05, 0.679805, 0.733393, 0.374726, 6e-06, -0.733393, 0.679805, -0.0, 0.0, 0.0, 0.0, 1.0],
                [1.0, 1.7e-05, 9e-06, -0.0, -1.8e-05, 0.590027, 0.807384, 0.374726, 8e-06, -0.807384, 0.590027, -0.0, 0.0, 0.0, 0.0, 1.0],
                [1.0, 2e-05, 1.2e-05, -0.0, -2.1e-05, 0.520792, 0.853683, 0.374726, 1.1e-05, -0.853683, 0.520792, 0.0, 0.0, 0.0, 0.0, 1.0],
                [1.0, 1.8e-05, 1.2e-05, -0.0, -1.9e-05, 0.487028, 0.873386, 0.374726, 1e-05, -0.873386, 0.487028, -0.0, 0.0, 0.0, 0.0, 1.0],
                [1.0, 1.9e-05, 1.2e-05, 0.0, -2e-05, 0.496363, 0.868115, 0.374726, 1.1e-05, -0.868115, 0.496363, -0.0, 0.0, 0.0, 0.0, 1.0],
                [1.0, 1.8e-05, 1e-05, 0.0, -1.8e-05, 0.548345, 0.836251, 0.374726, 9e-06, -0.836252, 0.548346, 0.0, 0.0, 0.0, 0.0, 1.0],
                [1.0, 1.5e-05, 8e-06, 0.0, -1.6e-05, 0.634468, 0.772949, 0.374726, 7e-06, -0.772949, 0.634467, 0.0, 0.0, 0.0, 0.0, 1.0],
                [1.0, 1.3e-05, 6e-06, 0.0, -1.4e-05, 0.738862, 0.673857, 0.374726, 5e-06, -0.673857, 0.738862, 0.0, 0.0, 0.0, 0.0, 1.0],
                [1.0, 1.1e-05, 4e-06, -0.0, -1.1e-05, 0.84066, 0.541564, 0.374726, 3e-06, -0.541564, 0.84066, 0.0, 0.0, 0.0, 0.0, 1.0],
                [1.0, 1e-05, 3e-06, 0.0, -1e-05, 0.916801, 0.399343, 0.374726, 1e-06, -0.399343, 0.916802, 0.0, 0.0, 0.0, 0.0, 1.0],
                [1.0, 7e-06, 2e-06, 0.0, -7e-06, 0.945931, 0.324369, 0.374726, 0.0, -0.324369, 0.945931, -0.0, 0.0, 0.0, 0.0, 1.0],
                [1.0, 7e-06, 2e-06, -0.0, -7e-06, 0.945931, 0.324368, 0.374726, 0.0, -0.324369, 0.945931, -0.0, 0.0, 0.0, 0.0, 1.0],
                [1.0, 7e-06, 2e-06, -0.0, -7e-06, 0.945931, 0.324368, 0.374726, 0.0, -0.324369, 0.945931, -0.0, 0.0, 0.0, 0.0, 1.0],
                [1.0, 7e-06, 2e-06, -0.0, -7e-06, 0.945931, 0.324368, 0.374726, 0.0, -0.324369, 0.945931, -0.0, 0.0, 0.0, 0.0, 1.0]
            ]
        },
        {
            "name": "Knee_R",
            "time": [0.0, 0.6667],
            "transform": [
                [1.0, 0.0, -0.0, 0.0, -0.0, 0.00567, -0.999984, 0.379567, -0.0, 0.999984, 0.00567, -2.7e-05, 0.0, 0.0, 0.0, 1.0],
                [1.0, 0.0, -0.0, -0.0, -0.0, 0.00567, -0.999984, 0.374726, -0.0, 0.999984, 0.00567, -0.0, 0.0, 0.0, 0.0, 1.0]
            ]
        },
        {
            "name": "Thigh_L",
            "time": [0.0, 0.0167, 0.0333, 0.05, 0.0667, 0.0833, 0.1, 0.1167, 0.1333, 0.15, 0.1667, 0.1833, 0.2, 0.2167, 0.2333, 0.25, 0.2667, 0.2833, 0.3, 0.3167, 0.3333, 0.35, 0.3667, 0.3833, 0.4, 0.4167, 0.4333, 0.45, 0.4667, 0.4833, 0.5, 0.5167, 0.5333, 0.55, 0.5667, 0.5833, 0.6, 0.6167, 0.6333, 0.65, 0.6667],
            "transform": [
                [0.945912, -0.100043, -0.308613, -0.125006, -0.167232, -0.965505, -0.199587, -0.057501, -0.278, 0.240402, -0.930013, 0.036254, 0.0, 0.0, 0.0, 1.0],
                [0.945358, -0.191349, -0.263978, -0.125006, -0.170137, -0.980208, 0.101226, -0.057501, -0.278123, -0.050782, -0.959202, 0.03173, 0.0, 0.0, 0.0, 1.0],
                [0.943798, -0.291025, -0.156683, -0.125006, -0.178273, -0.847401, 0.50013, -0.057501, -0.278324, -0.44409, -0.851657, 0.019457, 0.0, 0.0, 0.0, 1.0],
                [0.941334, -0.336534, -0.025197, -0.125006, -0.191147, -0.593217, 0.782021, -0.057501, -0.278124, -0.731326, -0.622743, 0.001384, 0.0, 0.0, 0.0, 1.0],
                [0.938073, -0.339759, 0.067699, -0.125006, -0.207655, -0.39502, 0.894896, -0.057501, -0.277307, -0.853536, -0.44111, -0.020542, 0.0, 0.0, 0.0, 1.0],
                [0.934492, -0.34092, 0.102462, -0.125006, -0.222253, -0.333905, 0.916031, -0.057501, -0.27808, -0.878796, -0.387801, -0.044372, 0.0, 0.0, 0.0, 1.0],
                [0.962257, -0.256726, 0.090293, -0.12488, -0.180554, -0.354005, 0.91765, -0.057501, -0.203621, -0.899318, -0.386997, -0.068321, 0.0, 0.0, 0.0, 1.0],
                [0.983032, -0.181059, 0.029414, -0.123999, -0.092593, -0.351364, 0.931649, -0.057501, -0.158348, -0.918565, -0.362167, -0.091252, 0.0, 0.0, 0.0, 1.0],
                [0.922261, -0.368333, 0.117329, -0.121608, -0.256873, -0.357113, 0.898046, -0.057501, -0.28888, -0.858371, -0.423966, -0.112195, 0.0, 0.0, 0.0, 1.0],
                [0.909406, -0.296238, 0.291934, -0.116952, -0.414076, -0.579023, 0.702334, -0.057501, -0.039022, -0.75959, -0.649231, -0.130176, 0.0, 0.0, 0.0, 1.0],
                [0.908367, -0.002059, 0.418169, -0.109275, -0.27314, -0.760121, 0.589585, -0.057501, 0.316645, -0.649778, -0.691031, -0.144224, 0.0, 0.0, 0.0, 1.0],
                [0.923527, 0.013621, 0.383292, -0.097822, -0.195853, -0.842495, 0.501841, -0.057501, 0.329757, -0.538533, -0.775399, -0.153366, 0.0, 0.0, 0.0, 1.0],
                [0.959171, -0.207441, 0.192248, -0.081839, -0.252057, -0.9353, 0.248358, -0.057501, 0.12829, -0.286675, -0.949399, -0.156629, 0.0, 0.0, 0.0, 1.0],
                [0.919413, -0.357519, -0.163888, -0.054171, -0.34704, -0.933557, 0.08964, -0.057531, -0.185046, -0.02554, -0.982398, -0.150735, 0.0, 0.0, 0.0, 1.0],
                [0.881411, -0.373525, -0.289127, -0.014948, -0.395175, -0.918426, -0.018181, -0.057593, -0.258751, 0.13028, -0.957118, -0.136679, 0.0, 0.0, 0.0, 1.0],
                [0.249445, -0.33472, 0.908702, 0.025661, 0.094981, -0.925384, -0.366938, -0.057639, 0.96372, 0.177841, -0.19904, -0.119902, 0.0, 0.0, 0.0, 1.0],
                [0.318893, -0.308954, 0.896022, 0.057485, 0.019151, -0.943086, -0.331998, -0.057624, 0.947598, 0.123031, -0.294826, -0.105846, 0.0, 0.0, 0.0, 1.0],
                [0.420961, -0.155105, 0.893719, 0.070353, -0.101981, -0.987118, -0.123279, -0.057501, 0.901328, -0.039246, -0.431356, -0.099951, 0.0, 0.0, 0.0, 1.0],
                [0.30441, 0.132661, 0.943258, 0.057762, -0.060605, -0.985551, 0.158168, -0.043241, 0.950611, -0.105315, -0.291972, -0.102293, 0.0, 0.0, 0.0, 1.0],
                [-0.035718, 0.217094, 0.975497, 0.034379, -0.035668, -0.975775, 0.215849, -0.016962, 0.998725, -0.027084, 0.042596, -0.106644, 0.0, 0.0, 0.0, 1.0],
                [-0.23803, 0.380804, 0.893493, 0.021788, -0.103391, -0.924642, 0.366535, -0.002831, 0.965739, -0.005133, 0.259465, -0.108986, 0.0, 0.0, 0.0, 1.0],
                [-0.239091, 0.421087, 0.874941, 0.021788, -0.108737, -0.907018, 0.40681, -0.002831, 0.96489, 0.002126, 0.262648, -0.108986, 0.0, 0.0, 0.0, 1.0],
                [-0.241972, 0.447157, 0.861105, 0.021788, -0.119442, -0.894455, 0.430911, -0.002831, 0.962904, 0.001416, 0.269842, -0.108986, 0.0, 0.0, 0.0, 1.0],
                [-0.2456, 0.738979, 0.627369, 0.021788, -0.132305, -0.666689, 0.7335, -0.002831, 0.960301, 0.097143, 0.261509, -0.108986, 0.0, 0.0, 0.0, 1.0],
                [-0.247936, 0.810359, 0.530893, 0.021788, -0.140596, -0.5723, 0.807902, -0.002831, 0.95852, 0.125666, 0.255827, -0.108986, 0.0, 0.0, 0.0, 1.0],
                [-0.244899, 0.823043, 0.51247, 0.021788, -0.140045, -0.553051, 0.821293, -0.002831, 0.959381, 0.129365, 0.250705, -0.108986, 0.0, 0.0, 0.0, 1.0],
                [-0.235266, 0.824474, 0.514678, 0.021788, -0.134138, -0.552018, 0.822973, -0.002831, 0.96263, 0.12458, 0.240464, -0.108986, 0.0, 0.0, 0.0, 1.0],
                [-0.22072, 0.811022, 0.54178, 0.021788, -0.125954, -0.57453, 0.808734, -0.002831, 0.96717, 0.110264, 0.228961, -0.108986, 0.0, 0.0, 0.0, 1.0],
                [-0.203027, 0.777287, 0.595488, 0.021788, -0.118736, -0.623209, 0.772989, -0.002831, 0.971948, 0.086231, 0.218821, -0.108986, 0.0, 0.0, 0.0, 1.0],
                [-0.183803, 0.717091, 0.672307, 0.021788, -0.114908, -0.694945, 0.709822, -0.002831, 0.976223, 0.053214, 0.210133, -0.108986, 0.0, 0.0, 0.0, 1.0],
                [-0.164372, 0.625655, 0.762586, 0.021788, -0.115647, -0.779993, 0.615009, -0.002831, 0.979596, 0.012899, 0.200564, -0.108986, 0.0, 0.0, 0.0, 1.0],
                [-0.14574, 0.503193, 0.851796, 0.021788, -0.120936, -0.863593, 0.489471, -0.002831, 0.981904, -0.031677, 0.186715, -0.108986, 0.0, 0.0, 0.0, 1.0],
                [-0.128651, 0.355479, 0.925788, 0.021788, -0.129852, -0.931547, 0.339646, -0.002831, 0.983152, -0.07652, 0.166004, -0.108986, 0.0, 0.0, 0.0, 1.0],
                [-0.113666, 0.192278, 0.974735, 0.021788, -0.14091, -0.974297, 0.175759, -0.002831, 0.983476, -0.117372, 0.137838, -0.108986, 0.0, 0.0, 0.0, 1.0],
                [-0.101244, 0.024669, 0.994556, 0.021788, -0.152368, -0.988283, 0.009002, -0.002831, 0.983125, -0.150627, 0.103816, -0.108986, 0.0, 0.0, 0.0, 1.0],
                [-0.0918, -0.136511, 0.986376, 0.021788, -0.162448, -0.975236, -0.150087, -0.002831, 0.982438, -0.174013, 0.067351, -0.108986, 0.0, 0.0, 0.0, 1.0],
                [-0.085763, -0.278186, 0.956691, 0.021788, -0.169496, -0.942158, -0.289154, -0.002831, 0.981792, -0.186954, 0.033651, -0.108986, 0.0, 0.0, 0.0, 1.0],
                [-0.083623, -0.355233, 0.93103, 0.021788, -0.172103, -0.915115, -0.364618, -0.002831, 0.981523, -0.190724, 0.015388, -0.108986, 0.0, 0.0, 0.0, 1.0],
                [-0.083623, -0.355233, 0.93103, 0.021788, -0.172103, -0.915115, -0.364618, -0.002831, 0.981523, -0.190724, 0.015388, -0.108986, 0.0, 0.0, 0.0, 1.0],
                [-0.083623, -0.355233, 0.93103, 0.021788, -0.172103, -0.915115, -0.364618, -0.002831, 0.981523, -0.190724, 0.015388, -0.108986, 0.0, 0.0, 0.0, 1.0],
                [-0.083623, -0.355233, 0.93103, 0.021788, -0.172103, -0.915115, -0.364618, -0.002831, 0.981523, -0.190723, 0.015388, -0.108986, 0.0, 0.0, 0.0, 1.0]
            ]
        },
        {
            "name": "Leg_L",
            "time": [0.0, 0.0167, 0.0333, 0.05, 0.0667, 0.0833, 0.1, 0.1167, 0.1333, 0.15, 0.1667, 0.1833, 0.2, 0.2167, 0.2333, 0.25, 0.2667, 0.2833, 0.3, 0.3167, 0.3333, 0.35, 0.3667, 0.3833, 0.4, 0.4167, 0.4333, 0.45, 0.4667, 0.4833, 0.5, 0.5167, 0.5333, 0.55, 0.5667, 0.5833, 0.6, 0.6167, 0.6333, 0.65, 0.6667],
            "transform": [
                [1.0, 4e-06, 1e-06, 0.0, -5e-06, 0.977584, 0.210546, 0.374726, -0.0, -0.210546, 0.977584, -0.0, 0.0, 0.0, 0.0, 1.0],
                [1.0, 1.3e-05, 5e-06, 0.0, -1.4e-05, 0.781402, 0.624027, 0.374726, 4e-06, -0.624028, 0.781402, 0.0, 0.0, 0.0, 0.0, 1.0],
                [1.0, 2.1e-05, 1.4e-05, -0.0, -2.2e-05, 0.442323, 0.896855, 0.374726, 1.3e-05, -0.896856, 0.442323, 0.0, 0.0, 0.0, 0.0, 1.0],
                [1.0, 2.2e-05, 1.7e-05, -0.0, -2.2e-05, 0.267309, 0.963611, 0.374726, 1.6e-05, -0.963611, 0.267309, -0.0, 0.0, 0.0, 0.0, 1.0],
                [1.0, 2.2e-05, 1.7e-05, -0.0, -2.3e-05, 0.296798, 0.95494, 0.374726, 1.6e-05, -0.954941, 0.296798, 0.0, 0.0, 0.0, 0.0, 1.0],
                [1.0, 2.3e-05, 1.7e-05, 0.0, -2.4e-05, 0.324433, 0.945908, 0.374726, 1.6e-05, -0.945909, 0.324433, -0.0, 0.0, 0.0, 0.0, 1.0],
                [1.0, 2e-05, 1.9e-05, 0.0, -2.1e-05, 0.12526, 0.992124, 0.374726, 1.8e-05, -0.992124, 0.125261, -0.0, 0.0, 0.0, 0.0, 1.0],
                [1.0, 1.8e-05, 1.7e-05, -0.0, -1.8e-05, 0.082398, 0.9966, 0.374726, 1.6e-05, -0.996599, 0.082398, -0.0, 0.0, 0.0, 0.0, 1.0],
                [1.0, 2.2e-05, 1.9e-05, 0.0, -2.3e-05, 0.201637, 0.97946, 0.374726, 1.8e-05, -0.97946, 0.201637, 0.0, 0.0, 0.0, 0.0, 1.0],
                [1.0, 1.9e-05, 1.6e-05, 0.0, -2e-05, 0.243069, 0.970008, 0.374726, 1.5e-05, -0.970009, 0.243069, 0.0, 0.0, 0.0, 0.0, 1.0],
                [1.0, 2.2e-05, 1.5e-05, 0.0, -2.2e-05, 0.398896, 0.916996, 0.374726, 1.4e-05, -0.916997, 0.398896, 0.0, 0.0, 0.0, 0.0, 1.0],
                [1.0, 1.4e-05, 6e-06, 0.0, -1.4e-05, 0.751824, 0.659363, 0.374726, 5e-06, -0.659364, 0.751824, -0.0, 0.0, 0.0, 0.0, 1.0],
                [1.0, 4e-06, 1e-06, -0.0, -4e-06, 0.985774, 0.168079, 0.374726, -0.0, -0.168079, 0.985773, 0.0, 0.0, 0.0, 0.0, 1.0],
                [1.0, 0.0, 1e-06, -0.0, -0.0, 0.999999, 0.001461, 0.374726, -1e-06, -0.001461, 0.999999, 0.0, 0.0, 0.0, 0.0, 1.0],
                [1.0, 0.0, 1e-06, 0.0, 0.0, 0.999999, 0.001462, 0.374726, -1e-06, -0.001462, 0.999999, -0.0, 0.0, 0.0, 0.0, 1.0],
                [1.0, -0.0, 1e-06, -0.0, -0.0, 0.999999, 0.001462, 0.374726, -1e-06, -0.001461, 0.999999, -0.0, 0.0, 0.0, 0.0, 1.0],
                [1.0, -0.0, 1e-06, -0.0, -0.0, 0.999999, 0.00146, 0.374726, -1e-06, -0.00146, 0.999999, -0.0, 0.0, 0.0, 0.0, 1.0],
                [1.0, 6e-06, 2e-06, 0.0, -6e-06, 0.959196, 0.282741, 0.374726, 0.0, -0.282741, 0.959196, -0.0, 0.0, 0.0, 0.0, 1.0],
                [1.0, 9e-06, 3e-06, -0.0, -1e-05, 0.893459, 0.449144, 0.374726, 1e-06, -0.449144, 0.893459, -0.0, 0.0, 0.0, 0.0, 1.0],
                [1.0, 0.0, 1e-06, 0.0, -0.0, 0.999999, 0.001462, 0.374726, -1e-06, -0.001462, 0.999999, 0.0, 0.0, 0.0, 0.0, 1.0],
                [1.0, 0.0, 1e-06, 0.0, 0.0, 0.999999, 0.001467, 0.374726, -1e-06, -0.001466, 0.999999, -0.0, 0.0, 0.0, 0.0, 1.0],
                [1.0, 0.0, 1e-06, 0.0, -0.0, 0.999999, 0.001465, 0.374726, -1e-06, -0.001466, 0.999999, -0.0, 0.0, 0.0, 0.0, 1.0],
                [1.0, 0.0, 1e-06, 0.0, -0.0, 0.999999, 0.001461, 0.374726, -1e-06, -0.001461, 0.999999, -0.0, 0.0, 0.0, 0.0, 1.0],
                [1.0, 1.5e-05, 6e-06, -0.0, -1.5e-05, 0.741416, 0.671045, 0.374726, 5e-06, -0.671045, 0.741416, -0.0, 0.0, 0.0, 0.0, 1.0],
                [1.0, 1.7e-05, 1e-05, -0.0, -1.8e-05, 0.573963, 0.81888, 0.374726, 9e-06, -0.818881, 0.573963, 0.0, 0.0, 0.0, 0.0, 1.0],
                [1.0, 1.7e-05, 1.1e-05, -0.0, -1.8e-05, 0.518128, 0.855303, 0.374726, 9e-06, -0.855303, 0.518128, -0.0, 0.0, 0.0, 0.0, 1.0],
                [1.0, 1.9e-05, 1.2e-05, 0.0, -1.9e-05, 0.4446, 0.895729, 0.374726, 1.1e-05, -0.895729, 0.4446, -0.0, 0.0, 0.0, 0.0, 1.0],
                [1.0, 2e-05, 1.4e-05, 0.0, -2e-05, 0.368984, 0.929436, 0.374726, 1.3e-05, -0.929436, 0.368984, -0.0, 0.0, 0.0, 0.0, 1.0],
                [1.0, 1.9e-05, 1.5e-05, -0.0, -2e-05, 0.308479, 0.951231, 0.374726, 1.4e-05, -0.951231, 0.308479, -0.0, 0.0, 0.0, 0.0, 1.0],
                [1.0, 1.9e-05, 1.5e-05, -0.0, -2e-05, 0.27849, 0.960439, 0.374726, 1.4e-05, -0.960439, 0.27849, -0.0, 0.0, 0.0, 0.0, 1.0],
                [1.0, 2e-05, 1.5e-05, 0.0, -2e-05, 0.29026, 0.956948, 0.374726, 1.4e-05, -0.956948, 0.29026, -0.0, 0.0, 0.0, 0.0, 1.0],
                [1.0, 2e-05, 1.4e-05, 0.0, -2e-05, 0.347418, 0.93771, 0.374726, 1.3e-05, -0.93771, 0.347418, -0.0, 0.0, 0.0, 0.0, 1.0],
                [1.0, 2e-05, 1.3e-05, 0.0, -2.1e-05, 0.44646, 0.894804, 0.374726, 1.2e-05, -0.894804, 0.44646, -0.0, 0.0, 0.0, 0.0, 1.0],
                [1.0, 1.7e-05, 1e-05, -0.0, -1.8e-05, 0.576191, 0.817314, 0.374726, 8e-06, -0.817315, 0.576191, 0.0, 0.0, 0.0, 0.0, 1.0],
                [1.0, 1.5e-05, 7e-06, 0.0, -1.5e-05, 0.718365, 0.695666, 0.374726, 5e-06, -0.695667, 0.718365, -0.0, 0.0, 0.0, 0.0, 1.0],
                [1.0, 1.1e-05, 4e-06, -0.0, -1.1e-05, 0.849779, 0.527139, 0.374726, 3e-06, -0.527139, 0.849779, 0.0, 0.0, 0.0, 0.0, 1.0],
                [1.0, 7e-06, 2e-06, 0.0, -7e-06, 0.945321, 0.32614, 0.374726, 0.0, -0.32614, 0.945322, 0.0, 0.0, 0.0, 0.0, 1.0],
                [1.0, 4e-06, 1e-06, -0.0, -4e-06, 0.981492, 0.191502, 0.374726, -0.0, -0.191501, 0.981492, -0.0, 0.0, 0.0, 0.0, 1.0],
                [1.0, 4e-06, 1e-06, -0.0, -4e-06, 0.981492, 0.191502, 0.374726, -0.0, -0.191502, 0.981492, 0.0, 0.0, 0.0, 0.0, 1.0],
                [1.0, 4e-06, 1e-06, 0.0, -4e-06, 0.981492, 0.191502, 0.374726, -0.0, -0.191502, 0.981492, -0.0, 0.0, 0.0, 0.0, 1.0],
                [1.0, 4e-06, 1e-06, 0.0, -4e-06, 0.981492, 0.191501, 0.374726, -0.0, -0.191502, 0.981492, -0.0, 0.0, 0.0, 0.0, 1.0]
            ]
        },
        {
            "name": "Knee_L",
            "time": [0.0, 0.6667],
            "transform": [
                [1.0, 0.0, -0.0, 0.0, -0.0, 0.00567, -0.999984, 0.374726, -0.0, 0.999984, 0.00567, 0.0, 0.0, 0.0, 0.0, 1.0],
                [1.0, 0.0, -0.0, 0.0, -0.0, 0.00567, -0.999984, 0.374726, -0.0, 0.999984, 0.00567, -0.0, 0.0, 0.0, 0.0, 1.0]
            ]
        },
        {
            "name": "Torso",
            "time": [0.0, 0.0167, 0.0333, 0.05, 0.0667, 0.0833, 0.1, 0.1167, 0.1333, 0.15, 0.1667, 0.1833, 0.2, 0.2167, 0.2333, 0.25, 0.2667, 0.2833, 0.3, 0.3167, 0.3333, 0.35, 0.3667, 0.3833, 0.4, 0.4167, 0.4333, 0.45, 0.4667, 0.4833, 0.5, 0.5167, 0.5333, 0.55, 0.5667, 0.5833, 0.6, 0.6167, 0.6333, 0.65, 0.6667],
            "transform": [
                [0.95273, 0.0, 0.303818, 0.0, 0.0, 1.0, 0.0, 0.05, -0.303818, 0.0, 0.95273, 0.0, 0.0, 0.0, 0.0, 1.0],
                [0.959292, 0.0, 0.282417, 0.0, 0.0, 1.0, 0.0, 0.05, -0.282417, 0.0, 0.959292, 0.0, 0.0, 0.0, 0.0, 1.0],
                [0.974998, 0.0, 0.222213, 0.0, 0.0, 1.0, 0.0, 0.05, -0.222213, 0.0, 0.974998, 0.0, 0.0, 0.0, 0.0, 1.0],
                [0.991646, 0.0, 0.128992, 0.0, 0.0, 1.0, 0.0, 0.05, -0.128992, 0.0, 0.991646, 0.0, 0.0, 0.0, 0.0, 1.0],
                [0.999953, 0.0, 0.009661, 0.0, 0.0, 1.0, 0.0, 0.05, -0.009661, 0.0, 0.999953, 0.0, 0.0, 0.0, 0.0, 1.0],
                [0.991932, 0.0, -0.126771, 0.0, 0.0, 1.0, 0.0, 0.05, 0.126771, 0.0, 0.991932, 0.0, 0.0, 0.0, 0.0, 1.0],
                [0.962565, 0.0, -0.271052, 0.0, 0.0, 1.0, 0.0, 0.05, 0.271052, 0.0, 0.962565, 0.0, 0.0, 0.0, 0.0, 1.0],
                [0.908769, 0.0, -0.4173, 0.0, 0.0, 1.0, 0.0, 0.05, 0.4173, 0.0, 0.908769, 0.0, 0.0, 0.0, 0.0, 1.0],
                [0.828938, 0.0, -0.559341, 0.0, 0.0, 1.0, 0.0, 0.05, 0.559341, 0.0, 0.828938, 0.0, 0.0, 0.0, 0.0, 1.0],
                [0.723361, 0.0, -0.69047, 0.0, 0.0, 1.0, 0.0, 0.05, 0.69047, 0.0, 0.723361, 0.0, 0.0, 0.0, 0.0, 1.0],
                [0.594383, 0.0, -0.804182, -0.0, 0.0, 1.0, 0.0, 0.05, 0.804182, 0.0, 0.594383, 0.0, 0.0, 0.0, 0.0, 1.0],
                [0.446202, 0.0, -0.894932, 0.0, 0.0, 1.0, 0.0, 0.05, 0.894932, 0.0, 0.446202, 0.0, 0.0, 0.0, 0.0, 1.0],
                [0.28433, 0.0, -0.958726, 0.0, 0.0, 1.0, 0.0, 0.05, 0.958726, 0.0, 0.28433, 0.0, 0.0, 0.0, 0.0, 1.0],
                [0.116685, 0.0, -0.993169, 0.0, 0.0, 1.0, 0.0, 0.05, 0.993169, 0.0, 0.116685, -0.0, 0.0, 0.0, 0.0, 1.0],
                [-0.040761, 0.0, -0.999169, 0.0, 0.0, 1.0, 0.0, 0.05, 0.999169, 0.0, -0.040761, 0.0, 0.0, 0.0, 0.0, 1.0],
                [-0.17024, 0.0, -0.985402, 0.0, 0.0, 1.0, 0.0, 0.05, 0.985402, 0.0, -0.17024, 0.0, 0.0, 0.0, 0.0, 1.0],
                [-0.256827, 0.0, -0.966458, 0.0, 0.0, 1.0, 0.0, 0.05, 0.966458, 0.0, -0.256827, 0.0, 0.0, 0.0, 0.0, 1.0],
                [-0.288346, 0.0, -0.957526, 0.0, 0.0, 1.0, 0.0, 0.05, 0.957526, 0.0, -0.288346, -0.0, 0.0, 0.0, 0.0, 1.0],
                [-0.288346, 0.0, -0.957527, 0.0, 0.0, 1.0, 0.0, 0.05, 0.957527, 0.0, -0.288346, -0.0, 0.0, 0.0, 0.0, 1.0],
                [-0.288346, 0.0, -0.957527, -0.0, 0.0, 1.0, 0.0, 0.05, 0.957527, 0.0, -0.288346, -0.0, 0.0, 0.0, 0.0, 1.0],
                [-0.288346, 0.0, -0.957526, -0.0, 0.0, 1.0, 0.0, 0.05, 0.957526, 0.0, -0.288346, 0.0, 0.0, 0.0, 0.0, 1.0],
                [-0.288346, 0.0, -0.957527, 0.0, 0.0, 1.0, 0.0, 0.05, 0.957527, 0.0, -0.288346, 0.0, 0.0, 0.0, 0.0, 1.0],
                [-0.288346, 0.0, -0.957526, -0.0, 0.0, 1.0, 0.0, 0.05, 0.957526, 0.0, -0.288346, 0.0, 0.0, 0.0, 0.0, 1.0],
                [-0.288346, 0.0, -0.957527, 0.0, 0.0, 1.0, 0.0, 0.05, 0.957527, 0.0, -0.288346, 0.0, 0.0, 0.0, 0.0, 1.0],
                [-0.288346, 0.0, -0.957527, 0.0, 0.0, 1.0, 0.0, 0.05, 0.957527, 0.0, -0.288346, 0.0, 0.0, 0.0, 0.0, 1.0],
                [-0.282402, 0.0, -0.959296, 0.0, 0.0, 1.0, 0.0, 0.05, 0.959296, 0.0, -0.282402, 0.0, 0.0, 0.0, 0.0, 1.0],
                [-0.265783, 0.0, -0.964033, 0.0, 0.0, 1.0, 0.0, 0.05, 0.964033, 0.0, -0.265783, -0.0, 0.0, 0.0, 0.0, 1.0],
                [-0.240256, 0.0, -0.97071, 0.0, 0.0, 1.0, 0.0, 0.05, 0.97071, 0.0, -0.240256, 0.0, 0.0, 0.0, 0.0, 1.0],
                [-0.207597, 0.0, -0.978215, 0.0, 0.0, 1.0, 0.0, 0.05, 0.978215, 0.0, -0.207597, 0.0, 0.0, 0.0, 0.0, 1.0],
                [-0.169659, 0.0, -0.985503, 0.0, 0.0, 1.0, 0.0, 0.05, 0.985503, 0.0, -0.169659, -0.0, 0.0, 0.0, 0.0, 1.0],
                [-0.128405, 0.0, -0.991722, 0.0, 0.0, 1.0, 0.0, 0.05, 0.991722, 0.0, -0.128405, 0.0, 0.0, 0.0, 0.0, 1.0],
                [-0.0859, 0.0, -0.996304, 0.0, 0.0, 1.0, 0.0, 0.05, 0.996304, 0.0, -0.0859, 0.0, 0.0, 0.0, 0.0, 1.0],
                [-0.044269, 0.0, -0.99902, -0.0, 0.0, 1.0, 0.0, 0.05, 0.99902, 0.0, -0.044269, 0.0, 0.0, 0.0, 0.0, 1.0],
                [-0.005649, 0.0, -0.999984, -0.0, 0.0, 1.0, 0.0, 0.05, 0.999984, 0.0, -0.005649, 0.0, 0.0, 0.0, 0.0, 1.0],
                [0.027859, 0.0, -0.999612, -0.0, 0.0, 1.0, 0.0, 0.05, 0.999612, 0.0, 0.027859, -0.0, 0.0, 0.0, 0.0, 1.0],
                [0.054223, 0.0, -0.998529, -0.0, 0.0, 1.0, 0.0, 0.05, 0.998529, 0.0, 0.054223, 0.0, 0.0, 0.0, 0.0, 1.0],
                [0.07147, 0.0, -0.997443, -0.0, 0.0, 1.0, 0.0, 0.05, 0.997443, 0.0, 0.07147, 0.0, 0.0, 0.0, 0.0, 1.0],
                [0.077654, 0.0, -0.996981, -0.0, 0.0, 1.0, 0.0, 0.05, 0.996981, 0.0, 0.077654, 0.0, 0.0, 0.0, 0.0, 1.0],
                [0.077654, 0.0, -0.996981, -0.0, 0.0, 1.0, 0.0, 0.05, 0.996981, 0.0, 0.077654, 0.0, 0.0, 0.0, 0.0, 1.0],
                [0.077654, 0.0, -0.996981, -0.0, 0.0, 1.0, 0.0, 0.05, 0.996981, 0.0, 0.077654, 0.0, 0.0, 0.0, 0.0, 1.0],
                [0.077654, 0.0, -0.996981, -0.0, 0.0, 1.0, 0.0, 0.05, 0.996981, 0.0, 0.077654, 0.0, 0.0, 0.0, 0.0, 1.0]
            ]
        },
        {
            "name": "Chest",
            "time": [0.0, 0.0167, 0.0333, 0.05, 0.0667, 0.0833, 0.1, 0.1167, 0.1333, 0.15, 0.1667, 0.1833, 0.2, 0.2167, 0.2333, 0.25, 0.2667, 0.2833, 0.3, 0.3167, 0.3333, 0.35, 0.3667, 0.3833, 0.4, 0.4167, 0.4333, 0.45, 0.4667, 0.4833, 0.5, 0.5167, 0.5333, 0.55, 0.5667, 0.5833, 0.6, 0.6167, 0.6333, 0.65, 0.6667],
            "transform": [
                [1.0, 0.0, 0.0, -0.0, 0.0, 1.0, 0.0, 0.3, 0.0, 0.0, 1.0, 0.0, 0.0, 0.0, 0.0, 1.0],
                [0.999974, -0.007191, -0.000202, 0.0, 0.007191, 0.99839, 0.056264, 0.3, -0.000202, -0.056264, 0.998416, -0.0, 0.0, 0.0, 0.0, 1.0],
                [0.999701, -0.024359, -0.002343, -0.0, 0.024359, 0.981366, 0.190598, 0.3, -0.002343, -0.190598, 0.981665, 0.0, 0.0, 0.0, 0.0, 1.0],
                [0.998985, -0.044336, -0.007941, -0.0, 0.044336, 0.93685, 0.34691, 0.3, -0.007941, -0.34691, 0.937865, 0.0, 0.0, 0.0, 0.0, 1.0],
                [0.99808, -0.060095, -0.015027, 0.0, 0.060095, 0.880499, 0.470224, 0.3, -0.015027, -0.470224, 0.882419, -0.0, 0.0, 0.0, 0.0, 1.0],
                [0.997625, -0.06633, -0.018587, -0.0, 0.06633, 0.852192, 0.519008, 0.3, -0.018587, -0.519008, 0.854567, 0.0, 0.0, 0.0, 0.0, 1.0],
                [0.997719, -0.064859, -0.018721, 0.0, 0.065448, 0.861377, 0.503732, 0.3, -0.016546, -0.503808, 0.863657, 0.0, 0.0, 0.0, 0.0, 1.0],
                [0.997949, -0.06107, -0.01919, 0.0, 0.063, 0.883841, 0.463525, 0.3, -0.011346, -0.463783, 0.885876, -0.0, 0.0, 0.0, 0.0, 1.0],
                [0.998233, -0.055917, -0.020116, 0.0, 0.059261, 0.911576, 0.406838, 0.3, -0.004412, -0.407311, 0.913279, 0.0, 0.0, 0.0, 0.0, 1.0],
                [0.998499, -0.050373, -0.021493, 0.0, 0.054691, 0.937676, 0.343179, 0.3, 0.002866, -0.34384, 0.939024, 0.0, 0.0, 0.0, 0.0, 1.0],
                [0.998703, -0.045382, -0.023087, 0.0, 0.05007, 0.957696, 0.283392, 0.3, 0.00925, -0.284181, 0.958726, 0.0, 0.0, 0.0, 0.0, 1.0],
