{
    "animation": [
        {
            "name": "Root",
            "time": [0.0, 0.0167, 0.0333, 0.05, 0.0667, 0.0833, 0.1, 0.1167, 0.1333, 0.15, 0.1667, 0.1833, 0.2, 0.2167, 0.2333, 0.25, 0.2667, 0.2833, 0.3, 0.3167, 0.3333, 0.35, 0.3667, 0.3833, 0.4, 0.4167, 0.4333, 0.45, 0.4667, 0.4833, 0.5, 0.5167, 0.5333, 0.55, 0.5667, 0.5833, 0.6, 0.6167, 0.6333, 0.65, 0.6667],
            "transform": [
                [1.0, 0.0, 0.0, -5e-06, 0.0, 0.0, -1.0, 0.000946, 0.0, 1.0, 0.0, 0.763972, 0.0, 0.0, 0.0, 1.0],
                [1.0, 0.0, 0.0, -5e-06, 0.0, 0.0, -1.0, 0.009533, 0.0, 1.0, 0.0, 0.763972, 0.0, 0.0, 0.0, 1.0],
                [1.0, 0.0, 0.0, -5e-06, 0.0, 0.0, -1.0, 0.043791, 0.0, 1.0, 0.0, 0.763972, 0.0, 0.0, 0.0, 1.0],
                [1.0, 0.0, 0.0, -5e-06, 0.0, 0.0, -1.0, 0.116466, 0.0, 1.0, 0.0, 0.763972, 0.0, 0.0, 0.0, 1.0],
                [1.0, 0.0, 0.0, 0.00046, 0.0, 0.0, -1.0, 0.235986, 0.0, 1.0, 0.0, 0.763972, 0.0, 0.0, 0.0, 1.0],
                [1.0, 0.0, 0.0, 0.003711, 0.0, 0.0, -1.0, 0.393508, 0.0, 1.0, 0.0, 0.763972, 0.0, 0.0, 0.0, 1.0],
                [1.0, 0.0, 0.0, 0.012535, 0.0, 0.0, -1.0, 0.575867, 0.0, 1.0, 0.0, 0.763972, 0.0, 0.0, 0.0, 1.0],
                [1.0, 0.0, 0.0, 0.037641, 0.0, 0.0, -1.0, 0.770113, 0.0, 1.0, 0.0, 0.763972, 0.0, 0.0, 0.0, 1.0],
                [1.0, 0.0, 0.0, 0.071131, 0.0, 0.0, -1.0, 0.964138, 0.0, 1.0, 0.0, 0.763972, 0.0, 0.0, 0.0, 1.0],
                [1.0, 0.0, 0.0, 0.087877, 0.0, 0.0, -1.0, 1.146048, 0.0, 1.0, 0.0, 0.763972, 0.0, 0.0, 0.0, 1.0],
                [1.0, 0.0, 0.0, 0.087877, 0.0, 0.0, -1.0, 1.306962, 0.0, 1.0, 0.0, 0.747351, 0.0, 0.0, 0.0, 1.0],
                [1.0, 0.0, 0.0, 0.087877, 0.0, 0.0, -1.0, 1.45006, 0.0, 1.0, 0.0, 0.711825, 0.0, 0.0, 0.0, 1.0],
                [1.0, 0.0, 0.0, 0.087877, 0.0, 0.0, -1.0, 1.58154, 0.0, 1.0, 0.0, 0.678896, 0.0, 0.0, 0.0, 1.0],
                [1.0, 0.0, 0.0, 0.087877, 0.0, 0.0, -1.0, 1.705222, 0.0, 1.0, 0.0, 0.659001, 0.0, 0.0, 0.0, 1.0],
                [1.0, 0.0, 0.0, 0.087877, 0.0, 0.0, -1.0, 1.815432, 0.0, 1.0, 0.0, 0.646933, 0.0, 0.0, 0.0, 1.0],
                [1.0, 0.0, 0.0, 0.087877, 0.0, 0.0, -1.0, 1.904119, 0.0, 1.0, 0.0, 0.640736, 0.0, 0.0, 0.0, 1.0],
                [1.0, 0.0, 0.0, 0.087877, 0.0, 0.0, -1.0, 1.963235, 0.0, 1.0, 0.0, 0.638453, 0.0, 0.0, 0.0, 1.0],
                [1.0, 0.0, 0.0, 0.087877, 0.0, 0.0, -1.0, 1.984729, 0.0, 1.0, 0.0, 0.638127, 0.0, 0.0, 0.0, 1.0],
                [1.0, 0.0, 0.0, 0.087877, 0.0, 0.0, -1.0, 1.984729, 0.0, 1.0, 0.0, 0.646257, 0.0, 0.0, 0.0, 1.0],
                [1.0, 0.0, 0.0, 0.087877, 0.0, 0.0, -1.0, 1.984729, 0.0, 1.0, 0.0, 0.666581, 0.0, 0.0, 0.0, 1.0],
                [1.0, 0.0, 0.0, 0.087877, 0.0, 0.0, -1.0, 1.984729, 0.0, 1.0, 0.0, 0.693002, 0.0, 0.0, 0.0, 1.0],
                [1.0, 0.0, 0.0, 0.087877, 0.0, 0.0, -1.0, 1.984729, 0.0, 1.0, 0.0, 0.719424, 0.0, 0.0, 0.0, 1.0],
                [1.0, 0.0, 0.0, 0.087877, 0.0, 0.0, -1.0, 1.984729, 0.0, 1.0, 0.0, 0.739748, 0.0, 0.0, 0.0, 1.0],
                [1.0, 0.0, 0.0, 0.087877, 0.0, 0.0, -1.0, 1.984729, 0.0, 1.0, 0.0, 0.747877, 0.0, 0.0, 0.0, 1.0],
                [1.0, 0.0, 0.0, 0.093885, 0.0, 0.0, -1.0, 1.983684, 0.0, 1.0, 0.0, 0.745427, 0.0, 0.0, 0.0, 1.0],
                [1.0, 0.0, 0.0, 0.108904, 0.0, 0.0, -1.0, 1.981072, 0.0, 1.0, 0.0, 0.7393, 0.0, 0.0, 0.0, 1.0],
                [1.0, 0.0, 0.0, 0.128429, 0.0, 0.0, -1.0, 1.977677, 0.0, 1.0, 0.0, 0.731336, 0.0, 0.0, 0.0, 1.0],
                [1.0, 0.0, 0.0, 0.147954, 0.0, 0.0, -1.0, 1.974282, 0.0, 1.0, 0.0, 0.723371, 0.0, 0.0, 0.0, 1.0],
                [1.0, 0.0, 0.0, 0.162973, 0.0, 0.0, -1.0, 1.97167, 0.0, 1.0, 0.0, 0.717245, 0.0, 0.0, 0.0, 1.0],
                [1.0, 0.0, 0.0, 0.168981, 0.0, 0.0, -1.0, 1.970626, 0.0, 1.0, 0.0, 0.714794, 0.0, 0.0, 0.0, 1.0],
                [1.0, 0.0, 0.0, 0.168981, 0.0, 0.0, -1.0, 1.970626, 0.0, 1.0, 0.0, 0.714794, 0.0, 0.0, 0.0, 1.0],
                [1.0, 0.0, 0.0, 0.168981, 0.0, 0.0, -1.0, 1.970626, 0.0, 1.0, 0.0, 0.714794, 0.0, 0.0, 0.0, 1.0],
                [1.0, 0.0, 0.0, 0.168981, 0.0, 0.0, -1.0, 1.970626, 0.0, 1.0, 0.0, 0.714794, 0.0, 0.0, 0.0, 1.0],
                [1.0, 0.0, 0.0, 0.168981, 0.0, 0.0, -1.0, 1.970626, 0.0, 1.0, 0.0, 0.714794, 0.0, 0.0, 0.0, 1.0],
                [1.0, 0.0, 0.0, 0.168981, 0.0, 0.0, -1.0, 1.970626, 0.0, 1.0, 0.0, 0.714794, 0.0, 0.0, 0.0, 1.0],
                [1.0, 0.0, 0.0, 0.168981, 0.0, 0.0, -1.0, 1.970626, 0.0, 1.0, 0.0, 0.714794, 0.0, 0.0, 0.0, 1.0],
                [1.0, 0.0, 0.0, 0.168981, 0.0, 0.0, -1.0, 1.970626, 0.0, 1.0, 0.0, 0.714794, 0.0, 0.0, 0.0, 1.0],
                [1.0, 0.0, 0.0, 0.168981, 0.0, 0.0, -1.0, 1.970626, 0.0, 1.0, 0.0, 0.714794, 0.0, 0.0, 0.0, 1.0],
                [1.0, 0.0, 0.0, 0.168981, 0.0, 0.0, -1.0, 1.970626, 0.0, 1.0, 0.0, 0.714794, 0.0, 0.0, 0.0, 1.0],
                [1.0, 0.0, 0.0, 0.168981, 0.0, 0.0, -1.0, 1.970626, 0.0, 1.0, 0.0, 0.714794, 0.0, 0.0, 0.0, 1.0],
                [1.0, 0.0, 0.0, 0.168981, 0.0, 0.0, -1.0, 1.970626, 0.0, 1.0, 0.0, 0.714794, 0.0, 0.0, 0.0, 1.0]
            ]
        },
        {
            "name": "Thigh_R",
            "time": [0.0, 0.0167, 0.0333, 0.05, 0.0667, 0.0833, 0.1, 0.1167, 0.1333, 0.15, 0.1667, 0.1833, 0.2, 0.2167, 0.2333, 0.25, 0.2667, 0.2833, 0.3, 0.3167, 0.3333, 0.35, 0.3667, 0.3833, 0.4, 0.4167, 0.4333, 0.45, 0.4667, 0.4833, 0.5, 0.5167, 0.5333, 0.55, 0.5667, 0.5833, 0.6, 0.6167, 0.6333, 0.65, 0.6667],
            "transform": [
                [0.929961, 0.119393, 0.347733, 0.126794, 0.108084, -0.992791, 0.051816, -0.002826, 0.351413, -0.010603, -0.936161, 0.039759, 0.0, 0.0, 0.0, 1.0],
                [0.817409, 0.149376, 0.556354, 0.125845, 0.078168, -0.985624, 0.149784, -0.004386, 0.57073, -0.078946, -0.817334, 0.050905, 0.0, 0.0, 0.0, 1.0],
                [0.595851, 0.223324, 0.771419, 0.119203, 0.044177, -0.968219, 0.246175, -0.011622, 0.801879, -0.112605, -0.586779, 0.076774, 0.0, 0.0, 0.0, 1.0],
                [0.467628, 0.328454, 0.820635, 0.101174, 0.084984, -0.940805, 0.328124, -0.028367, 0.879831, -0.0837, -0.46786, 0.106012, 0.0, 0.0, 0.0, 1.0],
                [0.382516, 0.437022, 0.81406, 0.067657, 0.213663, -0.899024, 0.382237, -0.055491, 0.898905, 0.027723, -0.437266, 0.129041, 0.0, 0.0, 0.0, 1.0],
                [0.238966, 0.493316, 0.836382, 0.021601, 0.342425, -0.848815, 0.402813, -0.082001, 0.908647, 0.190139, -0.371762, 0.143377, 0.0, 0.0, 0.0, 1.0],
                [-0.03468, 0.503679, 0.863195, -0.032111, 0.342293, -0.80549, 0.483759, -0.093939, 0.938953, 0.312242, -0.144471, 0.148313, 0.0, 0.0, 0.0, 1.0],
                [-0.884881, 0.310131, 0.34757, -0.087029, -0.033882, -0.787025, 0.61599, -0.079948, 0.464583, 0.533302, 0.706931, 0.105441, 0.0, 0.0, 0.0, 1.0],
                [-0.87954, -0.247565, -0.40635, -0.130446, 0.036692, -0.886738, 0.460815, -0.053907, -0.474408, 0.390396, 0.789005, 0.015684, 0.0, 0.0, 0.0, 1.0],
                [-0.781302, -0.333971, -0.527287, -0.14809, 0.234002, -0.939918, 0.248591, -0.039715, -0.578628, 0.070838, 0.812509, -0.062663, 0.0, 0.0, 0.0, 1.0],
                [-0.712468, -0.431326, -0.553487, -0.121661, 0.319999, -0.901696, 0.290767, -0.039581, -0.624492, 0.030047, 0.780453, -0.10011, 0.0, 0.0, 0.0, 1.0],
                [-0.495619, -0.642927, -0.583957, -0.060828, 0.365869, -0.764325, 0.530987, -0.039648, -0.787719, 0.049516, 0.614041, -0.113907, 0.0, 0.0, 0.0, 1.0],
                [-0.02236, -0.804762, -0.593177, 0.006726, 0.229746, -0.581582, 0.780372, -0.039715, -0.972994, -0.118832, 0.197895, -0.115878, 0.0, 0.0, 0.0, 1.0],
                [0.563283, -0.694153, -0.448178, 0.058504, 0.005381, -0.539322, 0.842082, -0.035879, -0.826247, -0.476742, -0.300056, -0.103828, 0.0, 0.0, 0.0, 1.0],
                [0.899781, -0.344889, -0.267295, 0.092769, 0.005651, -0.603319, 0.79748, -0.026732, -0.436306, -0.719068, -0.540906, -0.075093, 0.0, 0.0, 0.0, 1.0],
                [0.983099, 0.01723, -0.182265, 0.112972, 0.151534, -0.635257, 0.757289, -0.015814, -0.102737, -0.772109, -0.627131, -0.040797, 0.0, 0.0, 0.0, 1.0],
                [0.956625, 0.251641, -0.146787, 0.122564, 0.277512, -0.633838, 0.721968, -0.006667, 0.088637, -0.731387, -0.676178, -0.012062, 0.0, 0.0, 0.0, 1.0],
                [0.934183, 0.331937, -0.13084, 0.124994, 0.323354, -0.632648, 0.703705, -0.002831, 0.15081, -0.699697, -0.698341, -1.2e-05, 0.0, 0.0, 0.0, 1.0],
                [0.935655, 0.333438, -0.115622, 0.124994, 0.317395, -0.651796, 0.688784, -0.002831, 0.154305, -0.681162, -0.715688, -1.2e-05, 0.0, 0.0, 0.0, 1.0],
                [0.938927, 0.335318, -0.077313, 0.124994, 0.303348, -0.700458, 0.646018, -0.002831, 0.162466, -0.630017, -0.759397, -1.2e-05, 0.0, 0.0, 0.0, 1.0],
                [0.942441, 0.333363, -0.025957, 0.124994, 0.286745, -0.765832, 0.575569, -0.002831, 0.171995, -0.549883, -0.817342, -1.2e-05, 0.0, 0.0, 0.0, 1.0],
                [0.945284, 0.324821, 0.030487, 0.124994, 0.271782, -0.83572, 0.477186, -0.002831, 0.180479, -0.442791, -0.878273, -1.2e-05, 0.0, 0.0, 0.0, 1.0],
                [0.947105, 0.309277, 0.085669, 0.124994, 0.261246, -0.898053, 0.353909, -0.002831, 0.186391, -0.312809, -0.931348, -1.2e-05, 0.0, 0.0, 0.0, 1.0],
                [0.947757, 0.293685, 0.124518, 0.124994, 0.257249, -0.934496, 0.246049, -0.002831, 0.188623, -0.201162, -0.961226, -1.2e-05, 0.0, 0.0, 0.0, 1.0],
                [0.950062, 0.293802, 0.105183, 0.124994, 0.250977, -0.919688, 0.301969, -0.002831, 0.185455, -0.260491, -0.947497, -1.2e-05, 0.0, 0.0, 0.0, 1.0],
                [0.955687, 0.283718, 0.078525, 0.124994, 0.234965, -0.89585, 0.377153, -0.002831, 0.177352, -0.341989, -0.922816, -1.2e-05, 0.0, 0.0, 0.0, 1.0],
                [0.962676, 0.264573, 0.057054, 0.124994, 0.21344, -0.871733, 0.441052, -0.002831, 0.166426, -0.412412, -0.895666, -1.2e-05, 0.0, 0.0, 0.0, 1.0],
                [0.969246, 0.242368, 0.042675, 0.124994, 0.191107, -0.850525, 0.489985, -0.002831, 0.155053, -0.466761, -0.870686, -1.2e-05, 0.0, 0.0, 0.0, 1.0],
                [0.973973, 0.223958, 0.034918, 0.124994, 0.173381, -0.835353, 0.521656, -0.002831, 0.145998, -0.502024, -0.852442, -1.2e-05, 0.0, 0.0, 0.0, 1.0],
                [0.975778, 0.216345, 0.032447, 0.124994, 0.166158, -0.829411, 0.533358, -0.002831, 0.142301, -0.515047, -0.845268, -1.2e-05, 0.0, 0.0, 0.0, 1.0],
                [0.975778, 0.216344, 0.032447, 0.124994, 0.166157, -0.829411, 0.533358, -0.002831, 0.1423, -0.515047, -0.845268, -1.2e-05, 0.0, 0.0, 0.0, 1.0],
                [0.975778, 0.216345, 0.032447, 0.124994, 0.166158, -0.829411, 0.533358, -0.002831, 0.142301, -0.515047, -0.845268, -1.2e-05, 0.0, 0.0, 0.0, 1.0],
                [0.975778, 0.216345, 0.032447, 0.124994, 0.166158, -0.829411, 0.533358, -0.002831, 0.142301, -0.515047, -0.845268, -1.2e-05, 0.0, 0.0, 0.0, 1.0],
                [0.975778, 0.216344, 0.032447, 0.124994, 0.166157, -0.829411, 0.533358, -0.002831, 0.1423, -0.515047, -0.845268, -1.2e-05, 0.0, 0.0, 0.0, 1.0],
                [0.975778, 0.216345, 0.032447, 0.124994, 0.166158, -0.829411, 0.533358, -0.002831, 0.142301, -0.515047, -0.845268, -1.2e-05, 0.0, 0.0, 0.0, 1.0],
                [0.975778, 0.216344, 0.032447, 0.124994, 0.166157, -0.829411, 0.533358, -0.002831, 0.1423, -0.515047, -0.845268, -1.2e-05, 0.0, 0.0, 0.0, 1.0],
                [0.975778, 0.216345, 0.032447, 0.124994, 0.166158, -0.829411, 0.533358, -0.002831, 0.142301, -0.515047, -0.845268, -1.2e-05, 0.0, 0.0, 0.0, 1.0],
                [0.975778, 0.216344, 0.032447, 0.124994, 0.166157, -0.829411, 0.533358, -0.002831, 0.1423, -0.515047, -0.845268, -1.2e-05, 0.0, 0.0, 0.0, 1.0],
                [0.975778, 0.216345, 0.032447, 0.124994, 0.166158, -0.829411, 0.533358, -0.002831, 0.142301, -0.515047, -0.845268, -1.2e-05, 0.0, 0.0, 0.0, 1.0],
                [0.975778, 0.216344, 0.032447, 0.124994, 0.166157, -0.829411, 0.533358, -0.002831, 0.1423, -0.515047, -0.845268, -1.2e-05, 0.0, 0.0, 0.0, 1.0],
                [0.975778, 0.216345, 0.032447, 0.124994, 0.166158, -0.829411, 0.533358, -0.002831, 0.142301, -0.515047, -0.845268, -1.2e-05, 0.0, 0.0, 0.0, 1.0]
            ]
        },
        {
            "name": "Leg_R",
            "time": [0.0, 0.0167, 0.0333, 0.05, 0.0667, 0.0833, 0.1, 0.1167, 0.1333, 0.15, 0.1667, 0.1833, 0.2, 0.2167, 0.2333, 0.25, 0.2667, 0.2833, 0.3, 0.3167, 0.3333, 0.35, 0.3667, 0.3833, 0.4, 0.4167, 0.4333, 0.45, 0.4667, 0.4833, 0.5, 0.5167, 0.5333, 0.55, 0.5667, 0.5833, 0.6, 0.6167, 0.6333, 0.65, 0.6667],
            "transform": [
                [1.0, 0.0, 1e-06, 0.0, -0.0, 0.999999, 0.00146, 0.374726, -1e-06, -0.00146, 0.999999, -0.0, 0.0, 0.0, 0.0, 1.0],
                [1.0, 3e-06, 1e-06, 0.0, -3e-06, 0.988449, 0.151554, 0.374726, -1e-06, -0.151554, 0.988449, 0.0, 0.0, 0.0, 0.0, 1.0],
                [1.0, 7e-06, 2e-06, -0.0, -7e-06, 0.943338, 0.331833, 0.374726, 0.0, -0.331833, 0.943339, 0.0, 0.0, 0.0, 0.0, 1.0],
                [1.0, 1e-05, 3e-06, 0.0, -1.1e-05, 0.863345, 0.504613, 0.374726, 2e-06, -0.504614, 0.863345, 0.0, 0.0, 0.0, 0.0, 1.0],
                [1.0, 1.3e-05, 5e-06, 0.0, -1.3e-05, 0.796576, 0.604539, 0.374726, 4e-06, -0.604539, 0.796576, -0.0, 0.0, 0.0, 0.0, 1.0],
                [1.0, 9e-06, 4e-06, -0.0, -1e-05, 0.820504, 0.57164, 0.374726, 2e-06, -0.571641, 0.820504, 0.0, 0.0, 0.0, 0.0, 1.0],
                [1.0, 7e-06, 3e-06, -0.0, -8e-06, 0.884539, 0.466466, 0.374726, 1e-06, -0.466466, 0.884539, 0.0, 0.0, 0.0, 0.0, 1.0],
                [1.0, 1.4e-05, 6e-06, -0.0, -1.4e-05, 0.778248, 0.627957, 0.374726, 4e-06, -0.627957, 0.778248, 0.0, 0.0, 0.0, 0.0, 1.0],
                [1.0, 1.3e-05, 5e-06, 0.0, -1.4e-05, 0.777205, 0.629247, 0.374726, 4e-06, -0.629247, 0.777205, -0.0, 0.0, 0.0, 0.0, 1.0],
                [1.0, 6e-06, 2e-06, 0.0, -7e-06, 0.943663, 0.330907, 0.374726, 0.0, -0.330907, 0.943663, 0.0, 0.0, 0.0, 0.0, 1.0],
                [1.0, 9e-06, 3e-06, -0.0, -1e-05, 0.867062, 0.498201, 0.374726, 2e-06, -0.498201, 0.867062, -0.0, 0.0, 0.0, 0.0, 1.0],
                [1.0, 1.4e-05, 7e-06, -0.0, -1.5e-05, 0.647549, 0.762024, 0.374726, 6e-06, -0.762024, 0.647548, 0.0, 0.0, 0.0, 0.0, 1.0],
                [1.0, 2e-05, 1.4e-05, 0.0, -2.1e-05, 0.423872, 0.905722, 0.374726, 1.3e-05, -0.905722, 0.423872, -0.0, 0.0, 0.0, 0.0, 1.0],
                [1.0, 2.3e-05, 1.9e-05, 0.0, -2.4e-05, 0.242543, 0.970141, 0.374726, 1.8e-05, -0.970141, 0.242543, -0.0, 0.0, 0.0, 0.0, 1.0],
                [1.0, 1.8e-05, 1.6e-05, -0.0, -1.9e-05, 0.137903, 0.990445, 0.374726, 1.6e-05, -0.990446, 0.137903, 0.0, 0.0, 0.0, 0.0, 1.0],
                [1.0, 2.1e-05, 1.9e-05, -0.0, -2.2e-05, 0.165866, 0.986148, 0.374726, 1.8e-05, -0.986148, 0.165866, 0.0, 0.0, 0.0, 0.0, 1.0],
                [1.0, 2.1e-05, 1.7e-05, 0.0, -2.2e-05, 0.281858, 0.959456, 0.374726, 1.6e-05, -0.959456, 0.281859, 0.0, 0.0, 0.0, 0.0, 1.0],
                [1.0, 2.2e-05, 1.6e-05, -0.0, -2.3e-05, 0.353094, 0.935587, 0.374726, 1.5e-05, -0.935588, 0.353094, -0.0, 0.0, 0.0, 0.0, 1.0],
                [1.0, 1.6e-05, 1.1e-05, 0.0, -1.6e-05, 0.395658, 0.918398, 0.374726, 1e-05, -0.918398, 0.395657, 0.0, 0.0, 0.0, 0.0, 1.0],
                [1.0, 1.8e-05, 1.1e-05, -0.0, -1.9e-05, 0.505578, 0.862781, 0.374726, 1e-05, -0.862781, 0.505578, -0.0, 0.0, 0.0, 0.0, 1.0],
                [1.0, 2.2e-05, 1.1e-05, 0.0, -2.2e-05, 0.655664, 0.755052, 0.374726, 9e-06, -0.755052, 0.655664, 0.0, 0.0, 0.0, 0.0, 1.0],
                [1.0, 1.3e-05, 5e-06, -0.0, -1.3e-05, 0.814086, 0.580744, 0.374726, 4e-06, -0.580744, 0.814087, 0.0, 0.0, 0.0, 0.0, 1.0],
                [1.0, 8e-06, 2e-06, -0.0, -8e-06, 0.941385, 0.337334, 0.374726, 1e-06, -0.337334, 0.941385, -0.0, 0.0, 0.0, 0.0, 1.0],
                [1.0, 2e-06, 1e-06, 0.0, -2e-06, 0.993664, 0.112388, 0.374726, -1e-06, -0.112388, 0.993665, 0.0, 0.0, 0.0, 0.0, 1.0],
                [1.0, 5e-06, 1e-06, -0.0, -5e-06, 0.973139, 0.23022, 0.374726, -0.0, -0.23022, 0.973139, 0.0, 0.0, 0.0, 0.0, 1.0],
                [1.0, 1e-05, 3e-06, -0.0, -1e-05, 0.92313, 0.384487, 0.374726, 1e-06, -0.384487, 0.92313, -0.0, 0.0, 0.0, 0.0, 1.0],
                [1.0, 1.2e-05, 4e-06, 0.0, -1.2e-05, 0.861015, 0.508579, 0.374726, 3e-06, -0.508579, 0.861015, -0.0, 0.0, 0.0, 0.0, 1.0],
                [1.0, 1.3e-05, 5e-06, 0.0, -1.4e-05, 0.802036, 0.597275, 0.374726, 4e-06, -0.597276, 0.802036, -0.0, 0.0, 0.0, 0.0, 1.0],
                [1.0, 1.3e-05, 6e-06, 0.0, -1.3e-05, 0.759021, 0.651066, 0.374726, 4e-06, -0.651065, 0.759021, -0.0, 0.0, 0.0, 0.0, 1.0],
                [1.0, 1.4e-05, 6e-06, 0.0, -1.5e-05, 0.742222, 0.670154, 0.374726, 5e-06, -0.670155, 0.742222, -0.0, 0.0, 0.0, 0.0, 1.0],
                [1.0, 1.6e-05, 7e-06, 0.0, -1.6e-05, 0.742222, 0.670154, 0.374726, 6e-06, -0.670154, 0.742222, 0.0, 0.0, 0.0, 0.0, 1.0],
                [1.0, 1.4e-05, 6e-06, -0.0, -1.5e-05, 0.742222, 0.670154, 0.374726, 5e-06, -0.670154, 0.742222, 0.0, 0.0, 0.0, 0.0, 1.0],
                [1.0, 1.4e-05, 6e-06, 0.0, -1.5e-05, 0.742222, 0.670155, 0.374726, 5e-06, -0.670154, 0.742222, -0.0, 0.0, 0.0, 0.0, 1.0],
                [1.0, 1.5e-05, 7e-06, -0.0, -1.5e-05, 0.742222, 0.670154, 0.374726, 5e-06, -0.670154, 0.742222, 0.0, 0.0, 0.0, 0.0, 1.0],
                [1.0, 1.4e-05, 6e-06, -0.0, -1.5e-05, 0.742222, 0.670154, 0.374726, 5e-06, -0.670154, 0.742222, 0.0, 0.0, 0.0, 0.0, 1.0],
                [1.0, 1.5e-05, 7e-06, -0.0, -1.5e-05, 0.742222, 0.670154, 0.374726, 5e-06, -0.670154, 0.742222, 0.0, 0.0, 0.0, 0.0, 1.0],
                [1.0, 1.4e-05, 6e-06, -0.0, -1.5e-05, 0.742222, 0.670154, 0.374726, 5e-06, -0.670154, 0.742222, 0.0, 0.0, 0.0, 0.0, 1.0],
                [1.0, 1.5e-05, 7e-06, -0.0, -1.5e-05, 0.742222, 0.670154, 0.374726, 5e-06, -0.670154, 0.742222, 0.0, 0.0, 0.0, 0.0, 1.0],
                [1.0, 1.4e-05, 6e-06, -0.0, -1.5e-05, 0.742222, 0.670154, 0.374726, 5e-06, -0.670154, 0.742222, 0.0, 0.0, 0.0, 0.0, 1.0],
                [1.0, 1.5e-05, 7e-06, -0.0, -1.5e-05, 0.742222, 0.670154, 0.374726, 5e-06, -0.670154, 0.742222, 0.0, 0.0, 0.0, 0.0, 1.0],
                [1.0, 1.4e-05, 6e-06, -0.0, -1.5e-05, 0.742222, 0.670154, 0.374726, 5e-06, -0.670154, 0.742222, 0.0, 0.0, 0.0, 0.0, 1.0]
            ]
        },
        {
            "name": "Knee_R",
            "time": [0.0, 0.6667],
            "transform": [
                [1.0, 0.0, -0.0, 0.0, -0.0, 0.00567, -0.999984, 0.374726, -0.0, 0.999984, 0.00567, -0.0, 0.0, 0.0, 0.0, 1.0],
                [1.0, 0.0, -0.0, 0.0, -0.0, 0.00567, -0.999984, 0.39568, -0.0, 0.999984, 0.00567, -0.000119, 0.0, 0.0, 0.0, 1.0]
            ]
        },
        {
            "name": "Thigh_L",
            "time": [0.0, 0.0167, 0.0333, 0.05, 0.0667, 0.0833, 0.1, 0.1167, 0.1333, 0.15, 0.1667, 0.1833, 0.2, 0.2167, 0.2333, 0.25, 0.2667, 0.2833, 0.3, 0.3167, 0.3333, 0.35, 0.3667, 0.3833, 0.4, 0.4167, 0.4333, 0.45, 0.4667, 0.4833, 0.5, 0.5167, 0.5333, 0.55, 0.5667, 0.5833, 0.6, 0.6167, 0.6333, 0.65, 0.6667],
            "transform": [
                [0.98778, -0.091435, 0.126214, -0.125006, -0.108559, -0.984711, 0.136237, -0.016744, 0.111827, -0.148274, -0.982604, -0.027751, 0.0, 0.0, 0.0, 1.0],
                [0.984632, -0.021032, 0.173369, -0.122706, -0.078128, -0.940892, 0.329574, -0.025506, 0.15619, -0.338054, -0.928076, -0.05872, 0.0, 0.0, 0.0, 1.0],
                [0.95399, 0.118506, 0.275426, -0.111981, -0.030528, -0.875418, 0.482402, -0.041779, 0.29828, -0.468615, -0.831522, -0.116232, 0.0, 0.0, 0.0, 1.0],
                [0.812482, 0.236589, 0.532821, -0.087091, -0.098236, -0.845323, 0.525147, -0.050541, 0.57465, -0.479014, -0.663568, -0.147201, 0.0, 0.0, 0.0, 1.0],
                [0.441202, 0.134865, 0.887216, -0.045409, -0.344455, -0.887466, 0.306196, -0.050522, 0.828668, -0.440701, -0.345097, -0.146436, 0.0, 0.0, 0.0, 1.0],
                [0.162257, 0.127094, 0.97853, 0.003249, -0.460487, -0.867312, 0.189005, -0.050502, 0.872711, -0.481268, -0.082202, -0.141088, 0.0, 0.0, 0.0, 1.0],
                [0.030403, 0.118925, 0.992438, 0.045951, -0.39506, -0.910622, 0.121223, -0.050541, 0.918152, -0.395758, 0.019297, -0.126571, 0.0, 0.0, 0.0, 1.0],
                [-0.277246, 0.272501, 0.921346, 0.072711, -0.223496, -0.950924, 0.213996, -0.050703, 0.934443, -0.146588, 0.324543, -0.090039, 0.0, 0.0, 0.0, 1.0],
                [-0.738441, 0.263231, 0.620818, 0.085305, -0.061529, -0.943122, 0.326705, -0.050807, 0.671506, 0.203054, 0.712636, -0.033431, 0.0, 0.0, 0.0, 1.0],
                [-0.965579, 0.121905, 0.229775, 0.088454, -0.021772, -0.918154, 0.395625, -0.050541, 0.259197, 0.377005, 0.889205, 0.025663, 0.0, 0.0, 0.0, 1.0],
                [-0.946151, -0.01394, -0.323428, 0.07054, -0.156193, -0.855436, 0.493795, -0.047128, -0.283555, 0.517722, 0.807194, 0.072257, 0.0, 0.0, 0.0, 1.0],
                [-0.538032, -0.283101, -0.793962, 0.028573, -0.35238, -0.780119, 0.516956, -0.039617, -0.765735, 0.557915, 0.31997, 0.101734, 0.0, 0.0, 0.0, 1.0],
                [-0.100777, -0.475277, -0.874046, -0.019783, -0.420297, -0.775941, 0.47039, -0.03044, -0.901773, 0.414763, -0.12156, 0.112049, 0.0, 0.0, 0.0, 1.0],
                [0.232633, -0.570217, -0.787868, -0.05995, -0.410874, -0.791873, 0.451797, -0.021681, -0.881513, 0.218611, -0.418503, 0.100428, 0.0, 0.0, 0.0, 1.0],
                [0.486053, -0.612406, -0.623467, -0.089698, -0.39913, -0.790215, 0.465034, -0.014098, -0.777462, 0.022813, -0.628516, 0.072641, 0.0, 0.0, 0.0, 1.0],
                [0.654455, -0.610866, -0.44557, -0.109885, -0.407408, -0.781337, 0.472792, -0.008134, -0.636952, -0.127892, -0.760221, 0.039459, 0.0, 0.0, 0.0, 1.0],
                [0.745727, -0.591668, -0.306301, -0.121369, -0.427025, -0.77735, 0.461928, -0.00423, -0.511411, -0.213674, -0.832348, 0.011651, 0.0, 0.0, 0.0, 1.0],
                [0.773813, -0.58152, -0.251091, -0.125006, -0.437422, -0.777306, 0.452171, -0.002831, -0.458121, -0.240063, -0.855859, -1.2e-05, 0.0, 0.0, 0.0, 1.0],
                [0.773982, -0.574056, -0.26723, -0.125006, -0.432439, -0.787482, 0.439167, -0.002831, -0.462545, -0.224347, -0.857741, -1.2e-05, 0.0, 0.0, 0.0, 1.0],
                [0.774252, -0.552665, -0.308375, -0.125006, -0.420379, -0.813341, 0.402191, -0.002831, -0.473091, -0.181763, -0.86206, -1.2e-05, 0.0, 0.0, 0.0, 1.0],
                [0.774311, -0.517319, -0.364449, -0.125006, -0.405533, -0.847778, 0.341784, -0.002831, -0.485783, -0.116851, -0.866233, -1.2e-05, 0.0, 0.0, 0.0, 1.0],
                [0.774101, -0.467766, -0.426572, -0.125006, -0.391565, -0.883249, 0.25797, -0.002831, -0.497439, -0.032665, -0.866884, -1.2e-05, 0.0, 0.0, 0.0, 1.0],
                [0.77379, -0.405599, -0.486559, -0.125006, -0.381377, -0.911603, 0.153403, -0.002831, -0.505768, 0.066861, -0.860075, -1.2e-05, 0.0, 0.0, 0.0, 1.0],
                [0.773634, -0.353351, -0.52596, -0.125006, -0.377431, -0.923725, 0.065416, -0.002831, -0.508957, 0.147905, -0.84799, -1.2e-05, 0.0, 0.0, 0.0, 1.0],
                [0.769468, -0.367302, -0.522503, -0.125006, -0.383596, -0.919877, 0.081736, -0.002831, -0.51066, 0.137537, -0.848711, -1.2e-05, 0.0, 0.0, 0.0, 1.0],
                [0.758946, -0.397106, -0.516051, -0.125006, -0.398785, -0.909964, 0.113739, -0.002831, -0.514754, 0.119471, -0.848973, -1.2e-05, 0.0, 0.0, 0.0, 1.0],
                [0.745065, -0.429521, -0.510285, -0.125006, -0.418041, -0.896858, 0.144529, -0.002831, -0.519731, 0.105636, -0.847774, -1.2e-05, 0.0, 0.0, 0.0, 1.0],
                [0.730993, -0.456844, -0.506895, -0.125006, -0.436729, -0.883978, 0.166887, -0.002831, -0.524325, 0.099383, -0.845699, -1.2e-05, 0.0, 0.0, 0.0, 1.0],
                [0.720063, -0.474692, -0.506139, -0.125006, -0.450713, -0.87454, 0.178993, -0.002831, -0.527605, 0.099237, -0.843673, -1.2e-05, 0.0, 0.0, 0.0, 1.0],
                [0.71567, -0.480974, -0.50644, -0.125006, -0.45621, -0.870962, 0.182478, -0.002831, -0.528857, 0.100448, -0.842746, -1.2e-05, 0.0, 0.0, 0.0, 1.0],
                [0.71567, -0.480974, -0.50644, -0.125006, -0.45621, -0.870962, 0.182478, -0.002831, -0.528857, 0.100448, -0.842746, -1.2e-05, 0.0, 0.0, 0.0, 1.0],
                [0.71567, -0.480974, -0.50644, -0.125006, -0.45621, -0.870962, 0.182478, -0.002831, -0.528857, 0.100448, -0.842746, -1.2e-05, 0.0, 0.0, 0.0, 1.0],
                [0.71567, -0.480973, -0.50644, -0.125006, -0.45621, -0.870963, 0.182478, -0.002831, -0.528857, 0.100449, -0.842746, -1.2e-05, 0.0, 0.0, 0.0, 1.0],
                [0.71567, -0.480973, -0.50644, -0.125006, -0.45621, -0.870963, 0.182477, -0.002831, -0.528857, 0.100449, -0.842746, -1.2e-05, 0.0, 0.0, 0.0, 1.0],
                [0.71567, -0.480973, -0.50644, -0.125006, -0.45621, -0.870963, 0.182477, -0.002831, -0.528857, 0.100449, -0.842746, -1.2e-05, 0.0, 0.0, 0.0, 1.0],
                [0.71567, -0.480973, -0.50644, -0.125006, -0.45621, -0.870963, 0.182477, -0.002831, -0.528857, 0.100449, -0.842746, -1.2e-05, 0.0, 0.0, 0.0, 1.0],
                [0.71567, -0.480973, -0.50644, -0.125006, -0.45621, -0.870963, 0.182477, -0.002831, -0.528857, 0.100449, -0.842746, -1.2e-05, 0.0, 0.0, 0.0, 1.0],
                [0.71567, -0.480973, -0.50644, -0.125006, -0.45621, -0.870963, 0.182477, -0.002831, -0.528857, 0.100449, -0.842746, -1.2e-05, 0.0, 0.0, 0.0, 1.0],
                [0.71567, -0.480973, -0.50644, -0.125006, -0.45621, -0.870963, 0.182477, -0.002831, -0.528857, 0.100449, -0.842746, -1.2e-05, 0.0, 0.0, 0.0, 1.0],
                [0.71567, -0.480973, -0.50644, -0.125006, -0.45621, -0.870963, 0.182477, -0.002831, -0.528857, 0.100449, -0.842746, -1.2e-05, 0.0, 0.0, 0.0, 1.0],
                [0.71567, -0.480973, -0.50644, -0.125006, -0.45621, -0.870963, 0.182477, -0.002831, -0.528857, 0.100449, -0.842746, -1.2e-05, 0.0, 0.0, 0.0, 1.0]
            ]
        },
        {
            "name": "Leg_L",
            "time": [0.0, 0.0167, 0.0333, 0.05, 0.0667, 0.0833, 0.1, 0.1167, 0.1333, 0.15, 0.1667, 0.1833, 0.2, 0.2167, 0.2333, 0.25, 0.2667, 0.2833, 0.3, 0.3167, 0.3333, 0.35, 0.3667, 0.3833, 0.4, 0.4167, 0.4333, 0.45, 0.4667, 0.4833, 0.5, 0.5167, 0.5333, 0.55, 0.5667, 0.5833, 0.6, 0.6167, 0.6333, 0.65, 0.6667],
            "transform": [
                [1.0, 0.0, 1e-06, 0.0, -0.0, 0.999999, 0.00146, 0.374726, -1e-06, -0.00146, 0.999999, 0.0, 0.0, 0.0, 0.0, 1.0],
                [1.0, 7e-06, 2e-06, -0.0, -8e-06, 0.928375, 0.371643, 0.374726, 1e-06, -0.371643, 0.928376, -0.0, 0.0, 0.0, 0.0, 1.0],
                [1.0, 1.1e-05, 4e-06, -0.0, -1.2e-05, 0.828008, 0.560714, 0.374726, 3e-06, -0.560715, 0.828009, 0.0, 0.0, 0.0, 0.0, 1.0],
                [1.0, 9e-06, 3e-06, -0.0, -9e-06, 0.899426, 0.437071, 0.374726, 1e-06, -0.437072, 0.899427, 0.0, 0.0, 0.0, 0.0, 1.0],
                [1.0, 0.0, 1e-06, 0.0, -0.0, 0.999998, 0.001463, 0.374726, -1e-06, -0.001463, 0.999999, -0.0, 0.0, 0.0, 0.0, 1.0],
                [1.0, 0.0, 1e-06, 0.0, 0.0, 0.999999, 0.001466, 0.374726, -1e-06, -0.001466, 0.999999, 0.0, 0.0, 0.0, 0.0, 1.0],
                [1.0, -0.0, 1e-06, -0.0, -0.0, 0.999999, 0.001463, 0.374726, -1e-06, -0.001463, 0.999999, 0.0, 0.0, 0.0, 0.0, 1.0],
                [1.0, 7e-06, 2e-06, -0.0, -7e-06, 0.938136, 0.346266, 0.374726, 1e-06, -0.346266, 0.938137, 0.0, 0.0, 0.0, 0.0, 1.0],
                [1.0, 1.2e-05, 4e-06, 0.0, -1.2e-05, 0.849868, 0.526994, 0.374726, 3e-06, -0.526994, 0.849868, -0.0, 0.0, 0.0, 0.0, 1.0],
                [1.0, 9e-06, 3e-06, 0.0, -9e-06, 0.906696, 0.421784, 0.374726, 1e-06, -0.421784, 0.906697, 0.0, 0.0, 0.0, 0.0, 1.0],
                [1.0, 1.1e-05, 3e-06, -0.0, -1.1e-05, 0.880194, 0.474613, 0.374726, 2e-06, -0.474614, 0.880194, -0.0, 0.0, 0.0, 0.0, 1.0],
                [1.0, 1.3e-05, 6e-06, 0.0, -1.4e-05, 0.695581, 0.718447, 0.374726, 5e-06, -0.718448, 0.695581, 0.0, 0.0, 0.0, 0.0, 1.0],
                [1.0, 2e-05, 1.2e-05, -0.0, -2.1e-05, 0.537296, 0.843393, 0.374726, 1.1e-05, -0.843394, 0.537296, 0.0, 0.0, 0.0, 0.0, 1.0],
                [1.0, 1.9e-05, 1.2e-05, -0.0, -1.9e-05, 0.460895, 0.887455, 0.374726, 1.1e-05, -0.887455, 0.460895, -0.0, 0.0, 0.0, 0.0, 1.0],
                [1.0, 2.2e-05, 1.4e-05, 0.0, -2.2e-05, 0.420641, 0.907227, 0.374726, 1.3e-05, -0.907227, 0.42064, 0.0, 0.0, 0.0, 0.0, 1.0],
                [1.0, 2.4e-05, 1.6e-05, -0.0, -2.4e-05, 0.428283, 0.903645, 0.374726, 1.5e-05, -0.903645, 0.428282, 0.0, 0.0, 0.0, 0.0, 1.0],
                [1.0, 1.6e-05, 1.1e-05, -0.0, -1.7e-05, 0.464166, 0.885748, 0.374726, 1e-05, -0.885748, 0.464166, -0.0, 0.0, 0.0, 0.0, 1.0],
                [1.0, 1.4e-05, 9e-06, -0.0, -1.5e-05, 0.485784, 0.874078, 0.374726, 8e-06, -0.874079, 0.485784, -0.0, 0.0, 0.0, 0.0, 1.0],
                [1.0, 2e-05, 1.2e-05, -0.0, -2.1e-05, 0.52031, 0.853977, 0.374726, 1.1e-05, -0.853977, 0.52031, 0.0, 0.0, 0.0, 0.0, 1.0],
                [1.0, 1.5e-05, 8e-06, -0.0, -1.5e-05, 0.608835, 0.793296, 0.374726, 7e-06, -0.793296, 0.608836, 0.0, 0.0, 0.0, 0.0, 1.0],
                [1.0, 1.4e-05, 6e-06, -0.0, -1.5e-05, 0.728453, 0.685096, 0.374726, 5e-06, -0.685096, 0.728453, -0.0, 0.0, 0.0, 0.0, 1.0],
                [1.0, 1.2e-05, 4e-06, 0.0, -1.3e-05, 0.853255, 0.521493, 0.374726, 3e-06, -0.521493, 0.853255, -0.0, 0.0, 0.0, 0.0, 1.0],
                [1.0, 6e-06, 2e-06, 0.0, -7e-06, 0.952827, 0.303513, 0.374726, 0.0, -0.303513, 0.952828, -0.0, 0.0, 0.0, 0.0, 1.0],
                [1.0, 2e-06, 1e-06, 0.0, -2e-06, 0.99346, 0.114177, 0.374726, -0.0, -0.114177, 0.99346, 0.0, 0.0, 0.0, 0.0, 1.0],
                [1.0, 3e-06, 1e-06, -0.0, -3e-06, 0.990766, 0.13558, 0.374726, -1e-06, -0.13558, 0.990766, 0.0, 0.0, 0.0, 0.0, 1.0],
                [1.0, 4e-06, 1e-06, -0.0, -4e-06, 0.985368, 0.170441, 0.374726, -0.0, -0.170441, 0.985368, -0.0, 0.0, 0.0, 0.0, 1.0],
                [1.0, 4e-06, 1e-06, 0.0, -4e-06, 0.981216, 0.192909, 0.374726, -0.0, -0.192909, 0.981217, -0.0, 0.0, 0.0, 0.0, 1.0],
                [1.0, 4e-06, 1e-06, -0.0, -4e-06, 0.980317, 0.197426, 0.374726, -0.0, -0.197426, 0.980318, -0.0, 0.0, 0.0, 0.0, 1.0],
                [1.0, 4e-06, 1e-06, 0.0, -4e-06, 0.981821, 0.189809, 0.374726, -0.0, -0.189809, 0.981821, -0.0, 0.0, 0.0, 0.0, 1.0],
                [1.0, 4e-06, 1e-06, 0.0, -4e-06, 0.982977, 0.183728, 0.374726, -0.0, -0.183729, 0.982977, -0.0, 0.0, 0.0, 0.0, 1.0],
                [1.0, 4e-06, 1e-06, -0.0, -4e-06, 0.982977, 0.183729, 0.374726, -0.0, -0.183729, 0.982977, 0.0, 0.0, 0.0, 0.0, 1.0],
                [1.0, 4e-06, 1e-06, 0.0, -4e-06, 0.982977, 0.183729, 0.374726, -0.0, -0.183729, 0.982977, -0.0, 0.0, 0.0, 0.0, 1.0],
                [1.0, 3e-06, 1e-06, -0.0, -4e-06, 0.982977, 0.183728, 0.374726, -0.0, -0.183728, 0.982977, -0.0, 0.0, 0.0, 0.0, 1.0],
                [1.0, 3e-06, 1e-06, 0.0, -4e-06, 0.982977, 0.183727, 0.374726, -0.0, -0.183727, 0.982977, 0.0, 0.0, 0.0, 0.0, 1.0],
                [1.0, 3e-06, 1e-06, 0.0, -4e-06, 0.982977, 0.183727, 0.374726, -0.0, -0.183727, 0.982977, 0.0, 0.0, 0.0, 0.0, 1.0],
                [1.0, 3e-06, 1e-06, 0.0, -4e-06, 0.982977, 0.183727, 0.374726, -0.0, -0.183727, 0.982977, 0.0, 0.0, 0.0, 0.0, 1.0],
                [1.0, 3e-06, 1e-06, 0.0, -4e-06, 0.982977, 0.183727, 0.374726, -0.0, -0.183727, 0.982977, 0.0, 0.0, 0.0, 0.0, 1.0],
                [1.0, 3e-06, 1e-06, 0.0, -4e-06, 0.982977, 0.183727, 0.374726, -0.0, -0.183727, 0.982977, 0.0, 0.0, 0.0, 0.0, 1.0],
                [1.0, 3e-06, 1e-06, 0.0, -4e-06, 0.982977, 0.183727, 0.374726, -0.0, -0.183727, 0.982977, 0.0, 0.0, 0.0, 0.0, 1.0],
                [1.0, 3e-06, 1e-06, 0.0, -4e-06, 0.982977, 0.183727, 0.374726, -0.0, -0.183727, 0.982977, 0.0, 0.0, 0.0, 0.0, 1.0],
                [1.0, 3e-06, 1e-06, 0.0, -4e-06, 0.982977, 0.183727, 0.374726, -0.0, -0.183727, 0.982977, 0.0, 0.0, 0.0, 0.0, 1.0]
            ]
        },
        {
            "name": "Knee_L",
            "time": [0.0, 0.6667],
            "transform": [
                [1.0, 0.0, -0.0, 0.0, -0.0, 0.00567, -0.999984, 0.374726, -0.0, 0.999984, 0.00567, 0.0, 0.0, 0.0, 0.0, 1.0],
                [1.0, 0.0, -0.0, 0.0, -0.0, 0.00567, -0.999984, 0.374726, -0.0, 0.999984, 0.00567, 0.0, 0.0, 0.0, 0.0, 1.0]
            ]
        },
        {
            "name": "Torso",
            "time": [0.0, 0.0167, 0.0333, 0.05, 0.0667, 0.0833, 0.1, 0.1167, 0.1333, 0.15, 0.1667, 0.1833, 0.2, 0.2167, 0.2333, 0.25, 0.2667, 0.2833, 0.3, 0.3167, 0.3333, 0.35, 0.3667, 0.3833, 0.4, 0.4167, 0.4333, 0.45, 0.4667, 0.4833, 0.5, 0.5167, 0.5333, 0.55, 0.5667, 0.5833, 0.6, 0.6167, 0.6333, 0.65, 0.6667],
            "transform": [
                [0.984157, 0.0, -0.177299, 0.0, 0.0, 1.0, 0.0, 0.05, 0.177299, 0.0, 0.984157, 0.0, 0.0, 0.0, 0.0, 1.0],
                [0.964092, 0.0, -0.265569, 0.0, 0.0, 1.0, 0.0, 0.05, 0.265569, 0.0, 0.964092, 0.0, 0.0, 0.0, 0.0, 1.0],
                [0.87837, 0.0, -0.477982, 0.0, 0.0, 1.0, 0.0, 0.05, 0.477982, 0.0, 0.87837, 0.0, 0.0, 0.0, 0.0, 1.0],
                [0.694036, 0.0, -0.71994, 0.0, 0.0, 1.0, 0.0, 0.05, 0.71994, 0.0, 0.694036, 0.0, 0.0, 0.0, 0.0, 1.0],
                [0.422946, 0.0, -0.906155, 0.0, 0.0, 1.0, 0.0, 0.05, 0.906155, 0.0, 0.422946, 0.0, 0.0, 0.0, 0.0, 1.0],
                [0.084921, 0.0, -0.996388, 0.0, 0.0, 1.0, 0.0, 0.05, 0.996388, 0.0, 0.084921, 0.0, 0.0, 0.0, 0.0, 1.0],
                [-0.302994, 0.0, -0.952992, 0.0, 0.0, 1.0, 0.0, 0.05, 0.952992, 0.0, -0.302994, 0.0, 0.0, 0.0, 0.0, 1.0],
                [-0.693224, 0.0, -0.720722, 0.0, 0.0, 1.0, 0.0, 0.05, 0.720722, 0.0, -0.693224, 0.0, 0.0, 0.0, 0.0, 1.0],
                [-0.955118, 0.0, -0.296225, 0.0, 0.0, 1.0, 0.0, 0.05, 0.296225, 0.0, -0.955118, 0.0, 0.0, 0.0, 0.0, 1.0],
                [-0.979372, 0.0, 0.202066, 0.0, 0.0, 1.0, 0.0, 0.05, -0.202066, 0.0, -0.979372, 0.0, 0.0, 0.0, 0.0, 1.0],
                [-0.776371, 0.012644, 0.63015, 0.0, 0.004447, 0.999884, -0.014583, 0.05, -0.630261, -0.008519, -0.776337, 0.0, 0.0, 0.0, 0.0, 1.0],
                [-0.407313, 0.04284, 0.912283, 0.0, 0.004612, 0.998983, -0.044852, 0.05, -0.913277, -0.014062, -0.407097, 0.0, 0.0, 0.0, 0.0, 1.0],
                [0.042151, 0.0663, 0.996909, 0.0, -0.002801, 0.9978, -0.06624, 0.05, -0.999107, 0.0, 0.042244, 0.0, 0.0, 0.0, 0.0, 1.0],
                [0.46726, 0.066617, 0.881607, 0.0, -0.008282, 0.997443, -0.07098, 0.05, -0.884081, 0.025864, 0.466617, 0.0, 0.0, 0.0, 0.0, 1.0],
                [0.78212, 0.051539, 0.620993, 0.0, -0.009973, 0.997481, -0.070225, 0.05, -0.623049, 0.048731, 0.780664, 0.0, 0.0, 0.0, 0.0, 1.0],
                [0.94718, 0.029319, 0.31936, 0.0, -0.007944, 0.997652, -0.068027, 0.05, -0.320604, 0.061896, 0.945189, 0.0, 0.0, 0.0, 0.0, 1.0],
                [0.996148, 0.010364, 0.087069, 0.0, -0.004558, 0.997768, -0.066624, 0.05, -0.087565, 0.065971, 0.993972, 0.0, 0.0, 0.0, 0.0, 1.0],
                [0.999995, 0.002687, -0.0018, 0.0, -0.002801, 0.9978, -0.06624, 0.05, 0.001618, 0.066245, 0.997802, 0.0, 0.0, 0.0, 0.0, 1.0],
                [0.999995, 0.002687, -0.0018, 0.0, -0.002801, 0.9978, -0.06624, 0.05, 0.001618, 0.066245, 0.997802, 0.0, 0.0, 0.0, 0.0, 1.0],
                [0.999995, 0.002687, -0.0018, 0.0, -0.002801, 0.9978, -0.06624, 0.05, 0.001618, 0.066245, 0.997802, 0.0, 0.0, 0.0, 0.0, 1.0],
                [0.999995, 0.002687, -0.0018, 0.0, -0.002801, 0.9978, -0.06624, 0.05, 0.001618, 0.066245, 0.997802, 0.0, 0.0, 0.0, 0.0, 1.0],
                [0.999995, 0.002687, -0.0018, 0.0, -0.002801, 0.9978, -0.06624, 0.05, 0.001618, 0.066245, 0.997802, 0.0, 0.0, 0.0, 0.0, 1.0],
                [0.999995, 0.002687, -0.0018, 0.0, -0.002801, 0.9978, -0.06624, 0.05, 0.001618, 0.066245, 0.997802, 0.0, 0.0, 0.0, 0.0, 1.0],
                [0.999995, 0.002687, -0.0018, 0.0, -0.002801, 0.9978, -0.06624, 0.05, 0.001618, 0.066245, 0.997802, 0.0, 0.0, 0.0, 0.0, 1.0],
                [0.999995, 0.002687, -0.0018, 0.0, -0.002801, 0.9978, -0.06624, 0.05, 0.001618, 0.066245, 0.997802, 0.0, 0.0, 0.0, 0.0, 1.0],
                [0.999995, 0.002687, -0.0018, 0.0, -0.002801, 0.9978, -0.06624, 0.05, 0.001618, 0.066245, 0.997802, 0.0, 0.0, 0.0, 0.0, 1.0],
                [0.999995, 0.002687, -0.0018, 0.0, -0.002801, 0.9978, -0.06624, 0.05, 0.001618, 0.066245, 0.997802, 0.0, 0.0, 0.0, 0.0, 1.0],
                [0.999995, 0.002687, -0.0018, 0.0, -0.002801, 0.9978, -0.06624, 0.05, 0.001618, 0.066245, 0.997802, 0.0, 0.0, 0.0, 0.0, 1.0],
                [0.999995, 0.002687, -0.0018, 0.0, -0.002801, 0.9978, -0.06624, 0.05, 0.001618, 0.066245, 0.997802, 0.0, 0.0, 0.0, 0.0, 1.0],
                [0.999995, 0.002687, -0.0018, 0.0, -0.002801, 0.9978, -0.06624, 0.05, 0.001618, 0.066245, 0.997802, 0.0, 0.0, 0.0, 0.0, 1.0],
                [0.999995, 0.002687, -0.0018, 0.0, -0.002801, 0.9978, -0.06624, 0.05, 0.001618, 0.066245, 0.997802, 0.0, 0.0, 0.0, 0.0, 1.0],
                [0.999995, 0.002687, -0.0018, 0.0, -0.002801, 0.9978, -0.06624, 0.05, 0.001618, 0.066245, 0.997802, 0.0, 0.0, 0.0, 0.0, 1.0],
                [0.999995, 0.002687, -0.0018, 0.0, -0.002801, 0.9978, -0.06624, 0.05, 0.001618, 0.066245, 0.997802, 0.0, 0.0, 0.0, 0.0, 1.0],
                [0.999995, 0.002687, -0.0018, 0.0, -0.002801, 0.9978, -0.06624, 0.05, 0.001618, 0.066245, 0.997802, 0.0, 0.0, 0.0, 0.0, 1.0],
                [0.999995, 0.002687, -0.0018, 0.0, -0.002801, 0.9978, -0.06624, 0.05, 0.001618, 0.066245, 0.997802, 0.0, 0.0, 0.0, 0.0, 1.0],
                [0.999995, 0.002687, -0.0018, 0.0, -0.002801, 0.9978, -0.06624, 0.05, 0.001618, 0.066245, 0.997802, 0.0, 0.0, 0.0, 0.0, 1.0],
                [0.999995, 0.002687, -0.0018, 0.0, -0.002801, 0.9978, -0.06624, 0.05, 0.001618, 0.066245, 0.997802, 0.0, 0.0, 0.0, 0.0, 1.0],
                [0.999995, 0.002687, -0.0018, 0.0, -0.002801, 0.9978, -0.06624, 0.05, 0.001618, 0.066245, 0.997802, 0.0, 0.0, 0.0, 0.0, 1.0],
                [0.999995, 0.002687, -0.0018, 0.0, -0.002801, 0.9978, -0.06624, 0.05, 0.001618, 0.066245, 0.997802, 0.0, 0.0, 0.0, 0.0, 1.0],
                [0.999995, 0.002687, -0.0018, 0.0, -0.002801, 0.9978, -0.06624, 0.05, 0.001618, 0.066245, 0.997802, 0.0, 0.0, 0.0, 0.0, 1.0],
                [0.999995, 0.002687, -0.0018, 0.0, -0.002801, 0.9978, -0.06624, 0.05, 0.001618, 0.066245, 0.997802, 0.0, 0.0, 0.0, 0.0, 1.0]
            ]
        },
        {
            "name": "Chest",
            "time": [0.0, 0.0167, 0.0333, 0.05, 0.0667, 0.0833, 0.1, 0.1167, 0.1333, 0.15, 0.1667, 0.1833, 0.2, 0.2167, 0.2333, 0.25, 0.2667, 0.2833, 0.3, 0.3167, 0.3333, 0.35, 0.3667, 0.3833, 0.4, 0.4167, 0.4333, 0.45, 0.4667, 0.4833, 0.5, 0.5167, 0.5333, 0.55, 0.5667, 0.5833, 0.6, 0.6167, 0.6333, 0.65, 0.6667],
            "transform": [
                [0.976504, -0.021334, -0.214439, -0.0, 0.046179, 0.992688, 0.111527, 0.3, 0.210492, -0.118809, 0.970349, 0.0, 0.0, 0.0, 0.0, 1.0],
                [0.960744, -0.013078, -0.277127, 0.0, 0.045458, 0.992809, 0.11074, 0.3, 0.273686, -0.11899, 0.954431, -0.0, 0.0, 0.0, 0.0, 1.0],
                [0.917559, 0.002816, -0.397589, -0.0, 0.04464, 0.992923, 0.110051, 0.3, 0.395085, -0.118726, 0.91094, -0.0, 0.0, 0.0, 0.0, 1.0],
                [0.876468, 0.013299, -0.481276, 0.0, 0.046179, 0.992688, 0.111527, 0.3, 0.47924, -0.119975, 0.869445, -0.0, 0.0, 0.0, 0.0, 1.0],
                [0.861186, 0.028453, -0.507492, 0.0, 0.065501, 0.983895, 0.166315, 0.3, 0.504051, -0.176469, 0.845453, -0.0, 0.0, 0.0, 0.0, 1.0],
                [0.855887, 0.05032, -0.514708, 0.0, 0.101122, 0.95976, 0.261982, 0.3, 0.50718, -0.276276, 0.816358, 0.0, 0.0, 0.0, 0.0, 1.0],
                [0.855332, 0.052306, -0.515432, 0.0, 0.128653, 0.942282, 0.309116, 0.3, 0.501851, -0.330709, 0.799235, 0.0, 0.0, 0.0, 0.0, 1.0],
                [0.888143, 0.021935, -0.459044, 0.0, 0.136358, 0.941302, 0.308798, 0.3, 0.438872, -0.336851, 0.83302, -0.0, 0.0, 0.0, 0.0, 1.0],
                [0.93828, -0.018217, -0.345395, 0.0, 0.132956, 0.94088, 0.311556, 0.3, 0.3193, -0.338249, 0.885232, -0.0, 0.0, 0.0, 0.0, 1.0],
                [0.958854, -0.03865, -0.281256, -0.0, 0.128653, 0.942282, 0.309116, 0.3, 0.253075, -0.332582, 0.908484, -0.0, 0.0, 0.0, 0.0, 1.0],
