{
    "animation": [
        {
            "name": "Root",
            "time": [0.0, 0.0167, 0.0333, 0.05, 0.0667, 0.0833, 0.1, 0.1167, 0.1333, 0.15, 0.1667, 0.1833, 0.2, 0.2167, 0.2333, 0.25, 0.2667, 0.2833, 0.3, 0.3167, 0.3333, 0.35, 0.3667, 0.3833, 0.4, 0.4167, 0.4333, 0.45, 0.4667, 0.4833, 0.5, 0.5167, 0.5333, 0.55, 0.5667, 0.5833, 0.6, 0.6167, 0.6333, 0.65, 0.6667],
            "transform": [
                [1.0, 0.0, 0.0, -0.024062, 0.0, 0.0, -1.0, -0.037613, 0.0, 1.0, 0.0, 0.433159, 0.0, 0.0, 0.0, 1.0],
                [1.0, 0.0, 0.0, -0.008848, 0.0, 0.0, -1.0, 0.090392, 0.0, 1.0, 0.0, 0.523127, 0.0, 0.0, 0.0, 1.0],
                [1.0, 0.0, 0.0, 0.006367, 0.0, 0.0, -1.0, 0.34234, 0.0, 1.0, 0.0, 0.685041, 0.0, 0.0, 0.0, 1.0],
                [1.0, 0.0, 0.0, 0.006367, 0.0, 0.0, -1.0, 0.555614, 0.0, 1.0, 0.0, 0.786925, 0.0, 0.0, 0.0, 1.0],
                [1.0, 0.0, 0.0, 0.006367, 0.0, 0.0, -1.0, 0.709541, 0.0, 1.0, 0.0, 0.816864, 0.0, 0.0, 0.0, 1.0],
                [1.0, 0.0, 0.0, 0.006367, 0.0, 0.0, -1.0, 0.817765, 0.0, 1.0, 0.0, 0.805784, 0.0, 0.0, 0.0, 1.0],
                [1.0, 0.0, 0.0, 0.006367, 0.0, 0.0, -1.0, 0.889262, 0.0, 1.0, 0.0, 0.779362, 0.0, 0.0, 0.0, 1.0],
                [1.0, 0.0, 0.0, 0.006367, 0.0, 0.0, -1.0, 0.931841, 0.0, 1.0, 0.0, 0.747826, 0.0, 0.0, 0.0, 1.0],
                [1.0, 0.0, 0.0, 0.006367, 0.0, 0.0, -1.0, 0.95331, 0.0, 1.0, 0.0, 0.721404, 0.0, 0.0, 0.0, 1.0],
                [1.0, 0.0, 0.0, 0.006367, 0.0, 0.0, -1.0, 0.961478, 0.0, 1.0, 0.0, 0.710324, 0.0, 0.0, 0.0, 1.0],
                [1.0, 0.0, 0.0, 0.006367, 0.0, 0.0, -1.0, 0.964253, 0.0, 1.0, 0.0, 0.710324, 0.0, 0.0, 0.0, 1.0],
                [1.0, 0.0, 0.0, 0.006367, 0.0, 0.0, -1.0, 0.969945, 0.0, 1.0, 0.0, 0.710324, 0.0, 0.0, 0.0, 1.0],
                [1.0, 0.0, 0.0, 0.006367, 0.0, 0.0, -1.0, 0.986963, 0.0, 1.0, 0.0, 0.710324, 0.0, 0.0, 0.0, 1.0],
                [1.0, 0.0, 0.0, 0.006059, 0.0, 0.0, -1.0, 1.023215, 0.0, 1.0, 0.0, 0.698304, 0.0, 0.0, 0.0, 1.0],
                [1.0, 0.0, 0.0, 0.005486, 0.0, 0.0, -1.0, 1.073039, 0.0, 1.0, 0.0, 0.671266, 0.0, 0.0, 0.0, 1.0],
                [1.0, 0.0, 0.0, 0.005178, 0.0, 0.0, -1.0, 1.124499, 0.0, 1.0, 0.0, 0.642747, 0.0, 0.0, 0.0, 1.0],
                [1.0, 0.0, 0.0, 0.00752, 0.0, 0.0, -1.0, 1.16769, 0.0, 1.0, 0.0, 0.623328, 0.0, 0.0, 0.0, 1.0],
                [1.0, 0.0, 0.0, 0.013106, 0.0, 0.0, -1.0, 1.200836, 0.0, 1.0, 0.0, 0.611788, 0.0, 0.0, 0.0, 1.0],
                [1.0, 0.0, 0.0, 0.019774, 0.0, 0.0, -1.0, 1.224194, 0.0, 1.0, 0.0, 0.603949, 0.0, 0.0, 0.0, 1.0],
                [1.0, 0.0, 0.0, 0.02536, 0.0, 0.0, -1.0, 1.23802, 0.0, 1.0, 0.0, 0.595636, 0.0, 0.0, 0.0, 1.0],
                [1.0, 0.0, 0.0, 0.027702, 0.0, 0.0, -1.0, 1.242572, 0.0, 1.0, 0.0, 0.582673, 0.0, 0.0, 0.0, 1.0],
                [1.0, 0.0, 0.0, 0.010143, 0.0, 0.0, -1.0, 1.234658, 0.0, 1.0, 0.0, 0.562663, 0.0, 0.0, 0.0, 1.0],
                [1.0, 0.0, 0.0, -0.028488, 0.0, 0.0, -1.0, 1.217246, 0.0, 1.0, 0.0, 0.540325, 0.0, 0.0, 0.0, 1.0],
                [1.0, 0.0, 0.0, -0.067119, 0.0, 0.0, -1.0, 1.199835, 0.0, 1.0, 0.0, 0.522156, 0.0, 0.0, 0.0, 1.0],
                [1.0, 0.0, 0.0, -0.084678, 0.0, 0.0, -1.0, 1.191921, 0.0, 1.0, 0.0, 0.514656, 0.0, 0.0, 0.0, 1.0],
                [1.0, 0.0, 0.0, -0.080969, 0.0, 0.0, -1.0, 1.193055, 0.0, 1.0, 0.0, 0.516591, 0.0, 0.0, 0.0, 1.0],
                [1.0, 0.0, 0.0, -0.071695, 0.0, 0.0, -1.0, 1.195889, 0.0, 1.0, 0.0, 0.521428, 0.0, 0.0, 0.0, 1.0],
                [1.0, 0.0, 0.0, -0.059639, 0.0, 0.0, -1.0, 1.199575, 0.0, 1.0, 0.0, 0.527716, 0.0, 0.0, 0.0, 1.0],
                [1.0, 0.0, 0.0, -0.047583, 0.0, 0.0, -1.0, 1.20326, 0.0, 1.0, 0.0, 0.534004, 0.0, 0.0, 0.0, 1.0],
                [1.0, 0.0, 0.0, -0.03831, 0.0, 0.0, -1.0, 1.206095, 0.0, 1.0, 0.0, 0.538841, 0.0, 0.0, 0.0, 1.0],
                [1.0, 0.0, 0.0, -0.0346, 0.0, 0.0, -1.0, 1.207229, 0.0, 1.0, 0.0, 0.540776, 0.0, 0.0, 0.0, 1.0],
                [1.0, 0.0, 0.0, -0.0346, 0.0, 0.0, -1.0, 1.207229, 0.0, 1.0, 0.0, 0.540776, 0.0, 0.0, 0.0, 1.0],
                [1.0, 0.0, 0.0, -0.0346, 0.0, 0.0, -1.0, 1.207229, 0.0, 1.0, 0.0, 0.540776, 0.0, 0.0, 0.0, 1.0],
                [1.0, 0.0, 0.0, -0.0346, 0.0, 0.0, -1.0, 1.207229, 0.0, 1.0, 0.0, 0.540776, 0.0, 0.0, 0.0, 1.0],
                [1.0, 0.0, 0.0, -0.0346, 0.0, 0.0, -1.0, 1.207229, 0.0, 1.0, 0.0, 0.540776, 0.0, 0.0, 0.0, 1.0],
                [1.0, 0.0, 0.0, -0.0346, 0.0, 0.0, -1.0, 1.207229, 0.0, 1.0, 0.0, 0.540776, 0.0, 0.0, 0.0, 1.0],
                [1.0, 0.0, 0.0, -0.0346, 0.0, 0.0, -1.0, 1.207229, 0.0, 1.0, 0.0, 0.540776, 0.0, 0.0, 0.0, 1.0],
                [1.0, 0.0, 0.0, -0.0346, 0.0, 0.0, -1.0, 1.207229, 0.0, 1.0, 0.0, 0.540776, 0.0, 0.0, 0.0, 1.0],
                [1.0, 0.0, 0.0, -0.0346, 0.0, 0.0, -1.0, 1.207229, 0.0, 1.0, 0.0, 0.540776, 0.0, 0.0, 0.0, 1.0],
                [1.0, 0.0, 0.0, -0.0346, 0.0, 0.0, -1.0, 1.207229, 0.0, 1.0, 0.0, 0.540776, 0.0, 0.0, 0.0, 1.0],
                [1.0, 0.0, 0.0, -0.0346, 0.0, 0.0, -1.0, 1.207229, 0.0, 1.0, 0.0, 0.540776, 0.0, 0.0, 0.0, 1.0]
            ]
        },
        {
            "name": "Thigh_R",
            "time": [0.0, 0.0167, 0.0333, 0.05, 0.0667, 0.0833, 0.1, 0.1167, 0.1333, 0.15, 0.1667, 0.1833, 0.2, 0.2167, 0.2333, 0.25, 0.2667, 0.2833, 0.3, 0.3167, 0.3333, 0.35, 0.3667, 0.3833, 0.4, 0.4167, 0.4333, 0.45, 0.4667, 0.4833, 0.5, 0.5167, 0.5333, 0.55, 0.5667, 0.5833, 0.6, 0.6167, 0.6333, 0.65, 0.6667],
            "transform": [
                [0.97606, 0.174662, 0.129614, 0.119392, 0.157898, -0.978859, 0.130017, -0.007527, 0.149582, -0.106439, -0.983004, 0.027605, 0.0, 0.0, 0.0, 1.0],
                [0.976872, 0.203704, 0.065008, 0.119392, 0.199211, -0.977493, 0.069458, -0.007527, 0.077693, -0.054901, -0.995465, 0.018998, 0.0, 0.0, 0.0, 1.0],
                [0.978372, 0.202838, 0.040556, 0.119392, 0.204852, -0.977308, -0.053904, -0.007527, 0.028702, 0.061046, -0.997722, -0.002924, 0.0, 0.0, 0.0, 1.0],
                [0.985263, 0.170813, -0.008929, 0.119392, 0.165288, -0.93737, 0.306625, -0.007527, 0.044006, -0.303582, -0.951789, -0.032317, 0.0, 0.0, 0.0, 1.0],
                [0.990405, 0.138075, -0.005835, 0.119392, 0.104379, -0.719695, 0.6864, -0.007527, 0.090575, -0.680423, -0.727201, -0.063338, 0.0, 0.0, 0.0, 1.0],
                [0.989823, 0.126542, 0.065105, 0.116898, 0.031654, -0.64181, 0.766211, -0.007527, 0.138743, -0.756352, -0.639283, -0.090997, 0.0, 0.0, 0.0, 1.0],
                [0.988446, 0.110806, 0.103426, 0.11095, -0.006997, -0.648262, 0.761386, -0.007527, 0.151414, -0.753312, -0.639996, -0.113736, 0.0, 0.0, 0.0, 1.0],
                [0.99261, 0.085927, 0.085692, 0.103852, -0.004302, -0.680779, 0.732477, -0.007527, 0.121277, -0.727432, -0.675378, -0.130849, 0.0, 0.0, 0.0, 1.0],
                [0.99767, 0.060722, 0.031091, 0.097905, 0.021263, -0.70984, 0.704042, -0.007527, 0.064821, -0.701741, -0.709478, -0.141633, 0.0, 0.0, 0.0, 1.0],
                [0.998755, 0.03724, -0.033212, 0.095411, 0.04987, -0.722529, 0.689541, -0.007527, 0.001682, -0.690338, -0.723485, -0.145384, 0.0, 0.0, 0.0, 1.0],
                [0.995472, 0.015653, -0.093756, 0.095411, 0.076075, -0.72257, 0.6871, -0.007527, -0.056991, -0.691122, -0.720489, -0.145384, 0.0, 0.0, 0.0, 1.0],
                [0.988821, -0.002619, -0.149082, 0.095411, 0.101658, -0.719597, 0.686911, -0.007527, -0.109078, -0.694387, -0.711287, -0.145384, 0.0, 0.0, 0.0, 1.0],
                [0.979917, -0.020669, -0.198331, 0.095411, 0.124598, -0.713074, 0.689928, -0.007527, -0.155685, -0.700784, -0.696178, -0.145384, 0.0, 0.0, 0.0, 1.0],
                [0.969777, -0.049549, -0.23891, 0.095411, 0.143462, -0.676234, 0.722584, -0.007527, -0.197362, -0.73502, -0.648687, -0.145385, 0.0, 0.0, 0.0, 1.0],
                [0.959187, -0.088643, -0.26852, 0.095411, 0.158284, -0.618581, 0.769614, -0.007527, -0.234322, -0.780706, -0.579303, -0.145384, 0.0, 0.0, 0.0, 1.0],
                [0.949069, -0.125297, -0.289082, 0.095411, 0.167895, -0.57527, 0.800548, -0.007527, -0.266606, -0.808311, -0.524934, -0.145384, 0.0, 0.0, 0.0, 1.0],
                [0.94068, -0.155331, -0.30165, 0.095411, 0.169143, -0.556019, 0.813777, -0.007527, -0.294128, -0.816526, -0.496764, -0.145384, 0.0, 0.0, 0.0, 1.0],
                [0.934573, -0.181112, -0.30622, 0.095411, 0.162357, -0.548756, 0.820066, -0.007527, -0.316564, -0.816129, -0.483447, -0.145385, 0.0, 0.0, 0.0, 1.0],
                [0.930327, -0.202755, -0.305584, 0.095411, 0.152798, -0.543191, 0.825589, -0.007527, -0.333383, -0.81476, -0.474365, -0.145385, 0.0, 0.0, 0.0, 1.0],
                [0.927625, -0.219765, -0.302017, 0.095411, 0.145564, -0.531952, 0.834169, -0.007527, -0.34398, -0.81776, -0.461462, -0.145385, 0.0, 0.0, 0.0, 1.0],
                [0.926275, -0.23121, -0.297584, 0.095411, 0.145389, -0.509278, 0.848233, -0.007527, -0.347673, -0.828962, -0.438116, -0.145384, 0.0, 0.0, 0.0, 1.0],
                [0.918122, -0.223164, -0.327491, 0.095411, 0.191393, -0.473921, 0.859516, -0.007527, -0.347017, -0.85182, -0.392405, -0.145384, 0.0, 0.0, 0.0, 1.0],
                [0.893913, -0.19488, -0.40366, 0.095411, 0.288496, -0.43909, 0.850865, -0.007527, -0.34306, -0.877053, -0.336286, -0.145385, 0.0, 0.0, 0.0, 1.0],
                [0.86052, -0.163136, -0.482588, 0.095411, 0.383238, -0.416798, 0.824262, -0.007527, -0.335609, -0.894241, -0.296143, -0.145384, 0.0, 0.0, 0.0, 1.0],
                [0.842633, -0.147379, -0.517927, 0.095411, 0.424633, -0.409613, 0.807407, -0.007527, -0.331144, -0.900276, -0.282571, -0.145384, 0.0, 0.0, 0.0, 1.0],
                [0.846522, -0.150745, -0.510565, 0.095411, 0.416036, -0.411034, 0.811151, -0.007527, -0.332136, -0.899071, -0.285233, -0.145384, 0.0, 0.0, 0.0, 1.0],
                [0.855898, -0.158998, -0.492096, 0.095411, 0.394413, -0.414757, 0.820009, -0.007527, -0.33448, -0.895934, -0.292279, -0.145384, 0.0, 0.0, 0.0, 1.0],
                [0.867334, -0.169413, -0.468007, 0.095411, 0.366062, -0.419978, 0.830432, -0.007527, -0.337239, -0.891582, -0.302245, -0.145384, 0.0, 0.0, 0.0, 1.0],
                [0.8779, -0.179512, -0.443923, 0.095411, 0.337515, -0.425646, 0.839589, -0.007527, -0.33967, -0.886906, -0.313086, -0.145384, 0.0, 0.0, 0.0, 1.0],
                [0.885426, -0.187086, -0.425465, 0.095411, 0.315478, -0.430318, 0.845755, -0.007527, -0.341314, -0.883078, -0.321993, -0.145384, 0.0, 0.0, 0.0, 1.0],
                [0.888289, -0.190075, -0.418109, 0.095411, 0.306653, -0.432264, 0.848005, -0.007527, -0.341918, -0.881487, -0.325688, -0.145384, 0.0, 0.0, 0.0, 1.0],
                [0.888289, -0.190074, -0.418109, 0.095411, 0.306653, -0.432264, 0.848005, -0.007527, -0.341917, -0.881488, -0.325688, -0.145384, 0.0, 0.0, 0.0, 1.0],
                [0.888289, -0.190074, -0.418109, 0.095411, 0.306653, -0.432264, 0.848005, -0.007527, -0.341917, -0.881488, -0.325688, -0.145384, 0.0, 0.0, 0.0, 1.0],
                [0.888289, -0.190074, -0.418109, 0.095411, 0.306653, -0.432264, 0.848005, -0.007527, -0.341917, -0.881488, -0.325688, -0.145384, 0.0, 0.0, 0.0, 1.0],
                [0.888289, -0.190074, -0.418109, 0.095411, 0.306653, -0.432264, 0.848005, -0.007527, -0.341917, -0.881488, -0.325688, -0.145384, 0.0, 0.0, 0.0, 1.0],
                [0.888289, -0.190074, -0.418109, 0.095411, 0.306653, -0.432264, 0.848005, -0.007527, -0.341917, -0.881488, -0.325688, -0.145384, 0.0, 0.0, 0.0, 1.0],
                [0.888289, -0.190074, -0.418109, 0.095411, 0.306653, -0.432264, 0.848005, -0.007527, -0.341917, -0.881488, -0.325688, -0.145384, 0.0, 0.0, 0.0, 1.0],
                [0.888289, -0.190074, -0.418109, 0.095411, 0.306653, -0.432264, 0.848005, -0.007527, -0.341917, -0.881488, -0.325688, -0.145384, 0.0, 0.0, 0.0, 1.0],
                [0.888289, -0.190074, -0.418109, 0.095411, 0.306653, -0.432264, 0.848005, -0.007527, -0.341917, -0.881488, -0.325688, -0.145384, 0.0, 0.0, 0.0, 1.0],
                [0.888289, -0.190074, -0.418109, 0.095411, 0.306653, -0.432264, 0.848005, -0.007527, -0.341917, -0.881488, -0.325688, -0.145384, 0.0, 0.0, 0.0, 1.0],
                [0.888289, -0.190074, -0.418109, 0.095411, 0.306653, -0.432264, 0.848005, -0.007527, -0.341917, -0.881488, -0.325688, -0.145384, 0.0, 0.0, 0.0, 1.0]
            ]
        },
        {
            "name": "Leg_R",
            "time": [0.0, 0.0167, 0.0333, 0.05, 0.0667, 0.0833, 0.1, 0.1167, 0.1333, 0.15, 0.1667, 0.1833, 0.2, 0.2167, 0.2333, 0.25, 0.2667, 0.2833, 0.3, 0.3167, 0.3333, 0.35, 0.3667, 0.3833, 0.4, 0.4167, 0.4333, 0.45, 0.4667, 0.4833, 0.5, 0.5167, 0.5333, 0.55, 0.5667, 0.5833, 0.6, 0.6167, 0.6333, 0.65, 0.6667],
            "transform": [
                [1.0, 2.3e-05, 3e-05, -0.0, -2.4e-05, -0.226693, 0.973966, 0.374726, 2.9e-05, -0.973966, -0.226693, 0.0, 0.0, 0.0, 0.0, 1.0],
                [1.0, 2.2e-05, 2.1e-05, 0.0, -2.3e-05, 0.105415, 0.994428, 0.374726, 2e-05, -0.994429, 0.105415, -0.0, 0.0, 0.0, 0.0, 1.0],
                [1.0, 1.6e-05, 8e-06, -0.0, -1.7e-05, 0.684884, 0.728651, 0.374726, 7e-06, -0.728652, 0.684885, 0.0, 0.0, 0.0, 0.0, 1.0],
                [1.0, 2e-05, 1.2e-05, -0.0, -2e-05, 0.542193, 0.840253, 0.374726, 1e-05, -0.840254, 0.542193, -0.0, 0.0, 0.0, 0.0, 1.0],
                [1.0, 2e-05, 1.5e-05, 0.0, -2.1e-05, 0.334333, 0.942455, 0.374726, 1.4e-05, -0.942455, 0.334333, -0.0, 0.0, 0.0, 0.0, 1.0],
                [1.0, 2e-05, 1.3e-05, 0.0, -2.1e-05, 0.466317, 0.884618, 0.374726, 1.2e-05, -0.884618, 0.466318, -0.0, 0.0, 0.0, 0.0, 1.0],
                [1.0, 1.6e-05, 9e-06, -0.0, -1.7e-05, 0.608375, 0.793649, 0.374726, 8e-06, -0.793649, 0.608376, 0.0, 0.0, 0.0, 0.0, 1.0],
                [1.0, 1.5e-05, 7e-06, 0.0, -1.6e-05, 0.700306, 0.713843, 0.374726, 6e-06, -0.713843, 0.700306, 0.0, 0.0, 0.0, 0.0, 1.0],
                [1.0, 1.4e-05, 6e-06, 0.0, -1.4e-05, 0.7431, 0.669181, 0.374726, 5e-06, -0.669181, 0.7431, 0.0, 0.0, 0.0, 0.0, 1.0],
                [1.0, 1.4e-05, 6e-06, 0.0, -1.4e-05, 0.754558, 0.656234, 0.374726, 5e-06, -0.656234, 0.754558, -0.0, 0.0, 0.0, 0.0, 1.0],
                [1.0, 1.4e-05, 6e-06, -0.0, -1.4e-05, 0.759603, 0.650387, 0.374726, 5e-06, -0.650387, 0.759603, 0.0, 0.0, 0.0, 0.0, 1.0],
                [1.0, 1.3e-05, 5e-06, 0.0, -1.3e-05, 0.759652, 0.65033, 0.374726, 4e-06, -0.65033, 0.759652, -0.0, 0.0, 0.0, 0.0, 1.0],
                [1.0, 1.5e-05, 7e-06, 0.0, -1.6e-05, 0.737386, 0.675471, 0.374726, 5e-06, -0.675471, 0.737386, 0.0, 0.0, 0.0, 0.0, 1.0],
                [1.0, 1.6e-05, 9e-06, 0.0, -1.7e-05, 0.625161, 0.780495, 0.374726, 7e-06, -0.780495, 0.625162, -0.0, 0.0, 0.0, 0.0, 1.0],
                [1.0, 1.9e-05, 1.3e-05, 0.0, -2e-05, 0.431531, 0.902098, 0.374726, 1.2e-05, -0.902098, 0.431531, -0.0, 0.0, 0.0, 0.0, 1.0],
                [1.0, 2.2e-05, 1.8e-05, -0.0, -2.2e-05, 0.244882, 0.969553, 0.374726, 1.7e-05, -0.969553, 0.244882, 0.0, 0.0, 0.0, 0.0, 1.0],
                [1.0, 2.4e-05, 2.2e-05, 0.0, -2.4e-05, 0.117692, 0.99305, 0.374726, 2.1e-05, -0.99305, 0.117692, 0.0, 0.0, 0.0, 0.0, 1.0],
                [1.0, 1.9e-05, 1.9e-05, -0.0, -2e-05, 0.037496, 0.999296, 0.374726, 1.8e-05, -0.999297, 0.037496, 0.0, 0.0, 0.0, 0.0, 1.0],
                [1.0, 2.2e-05, 2.4e-05, 0.0, -2.3e-05, -0.016046, 0.999871, 0.374726, 2.3e-05, -0.999871, -0.016046, 0.0, 0.0, 0.0, 0.0, 1.0],
                [1.0, 2.2e-05, 2.4e-05, 0.0, -2.2e-05, -0.060415, 0.998173, 0.374726, 2.3e-05, -0.998173, -0.060415, 0.0, 0.0, 0.0, 0.0, 1.0],
                [1.0, 2.4e-05, 2.7e-05, 0.0, -2.4e-05, -0.110635, 0.99386, 0.374726, 2.6e-05, -0.993861, -0.110635, -0.0, 0.0, 0.0, 0.0, 1.0],
                [1.0, 2.3e-05, 2.8e-05, -0.0, -2.4e-05, -0.166642, 0.986017, 0.374726, 2.8e-05, -0.986018, -0.166642, 0.0, 0.0, 0.0, 0.0, 1.0],
                [1.0, 2.1e-05, 2.6e-05, -0.0, -2.1e-05, -0.203402, 0.979095, 0.374726, 2.6e-05, -0.979095, -0.203402, 0.0, 0.0, 0.0, 0.0, 1.0],
                [1.0, 1.9e-05, 2.5e-05, 0.0, -2e-05, -0.211279, 0.977426, 0.374726, 2.4e-05, -0.977426, -0.211279, 0.0, 0.0, 0.0, 0.0, 1.0],
                [1.0, 2.2e-05, 2.8e-05, -0.0, -2.3e-05, -0.207608, 0.978212, 0.374726, 2.7e-05, -0.978212, -0.207608, -0.0, 0.0, 0.0, 0.0, 1.0],
                [1.0, 2.3e-05, 2.9e-05, -0.0, -2.4e-05, -0.20697, 0.978347, 0.374726, 2.9e-05, -0.978347, -0.20697, 0.0, 0.0, 0.0, 0.0, 1.0],
                [1.0, 2.1e-05, 2.6e-05, -0.0, -2.1e-05, -0.204791, 0.978805, 0.374726, 2.5e-05, -0.978806, -0.204791, -0.0, 0.0, 0.0, 0.0, 1.0],
                [1.0, 1.9e-05, 2.4e-05, -0.0, -2e-05, -0.200707, 0.979651, 0.374726, 2.4e-05, -0.979651, -0.200707, 0.0, 0.0, 0.0, 0.0, 1.0],
                [1.0, 2.2e-05, 2.8e-05, -0.0, -2.3e-05, -0.195212, 0.980761, 0.374726, 2.7e-05, -0.980762, -0.195212, -0.0, 0.0, 0.0, 0.0, 1.0],
                [1.0, 2.1e-05, 2.6e-05, 0.0, -2.1e-05, -0.190024, 0.98178, 0.374726, 2.5e-05, -0.98178, -0.190024, -0.0, 0.0, 0.0, 0.0, 1.0],
                [1.0, 2.2e-05, 2.7e-05, 0.0, -2.3e-05, -0.187714, 0.982223, 0.374726, 2.7e-05, -0.982224, -0.187714, 0.0, 0.0, 0.0, 0.0, 1.0],
                [1.0, 2.1e-05, 2.6e-05, -0.0, -2.1e-05, -0.187714, 0.982224, 0.374726, 2.5e-05, -0.982224, -0.187714, 0.0, 0.0, 0.0, 0.0, 1.0],
                [1.0, 2.1e-05, 2.6e-05, 0.0, -2.1e-05, -0.187714, 0.982223, 0.374726, 2.5e-05, -0.982224, -0.187715, 0.0, 0.0, 0.0, 0.0, 1.0],
                [1.0, 2.1e-05, 2.6e-05, 0.0, -2.1e-05, -0.187714, 0.982223, 0.374726, 2.5e-05, -0.982224, -0.187715, 0.0, 0.0, 0.0, 0.0, 1.0],
                [1.0, 2.1e-05, 2.6e-05, 0.0, -2.1e-05, -0.187714, 0.982223, 0.374726, 2.5e-05, -0.982224, -0.187715, 0.0, 0.0, 0.0, 0.0, 1.0],
                [1.0, 2.1e-05, 2.6e-05, 0.0, -2.1e-05, -0.187714, 0.982223, 0.374726, 2.5e-05, -0.982224, -0.187715, 0.0, 0.0, 0.0, 0.0, 1.0],
                [1.0, 2.1e-05, 2.6e-05, 0.0, -2.1e-05, -0.187714, 0.982223, 0.374726, 2.5e-05, -0.982224, -0.187715, 0.0, 0.0, 0.0, 0.0, 1.0],
                [1.0, 2.1e-05, 2.6e-05, 0.0, -2.1e-05, -0.187714, 0.982223, 0.374726, 2.5e-05, -0.982224, -0.187715, 0.0, 0.0, 0.0, 0.0, 1.0],
                [1.0, 2.1e-05, 2.6e-05, 0.0, -2.1e-05, -0.187714, 0.982223, 0.374726, 2.5e-05, -0.982224, -0.187715, 0.0, 0.0, 0.0, 0.0, 1.0],
                [1.0, 2.1e-05, 2.6e-05, 0.0, -2.1e-05, -0.187714, 0.982223, 0.374726, 2.5e-05, -0.982224, -0.187715, 0.0, 0.0, 0.0, 0.0, 1.0],
                [1.0, 2.1e-05, 2.6e-05, 0.0, -2.1e-05, -0.187714, 0.982223, 0.374726, 2.5e-05, -0.982224, -0.187715, 0.0, 0.0, 0.0, 0.0, 1.0]
            ]
        },
        {
            "name": "Knee_R",
            "time": [0.0, 0.6667],
            "transform": [
                [1.0, 0.0, -0.0, 0.0, -0.0, 0.00567, -0.999984, 0.484724, -0.0, 0.999984, 0.00567, -0.000624, 0.0, 0.0, 0.0, 1.0],
                [1.0, 0.0, -0.0, 0.0, -0.0, 0.00567, -0.999984, 0.484724, -0.0, 0.999984, 0.00567, -0.000624, 0.0, 0.0, 0.0, 1.0]
            ]
        },
        {
            "name": "Thigh_L",
            "time": [0.0, 0.0167, 0.0333, 0.05, 0.0667, 0.0833, 0.1, 0.1167, 0.1333, 0.15, 0.1667, 0.1833, 0.2, 0.2167, 0.2333, 0.25, 0.2667, 0.2833, 0.3, 0.3167, 0.3333, 0.35, 0.3667, 0.3833, 0.4, 0.4167, 0.4333, 0.45, 0.4667, 0.4833, 0.5, 0.5167, 0.5333, 0.55, 0.5667, 0.5833, 0.6, 0.6167, 0.6333, 0.65, 0.6667],
            "transform": [
                [0.952036, -0.281073, 0.120937, -0.155044, -0.096603, 0.09893, 0.990395, -0.078, -0.290337, -0.954574, 0.067032, 0.040101, 0.0, 0.0, 0.0, 1.0],
                [0.978629, -0.177912, 0.103111, -0.150351, -0.137158, -0.191162, 0.971929, -0.066255, -0.153207, -0.965301, -0.211479, 0.047904, 0.0, 0.0, 0.0, 1.0],
                [0.995148, -0.083854, 0.05146, -0.140025, -0.097439, -0.767631, 0.633443, -0.040415, -0.013614, -0.635384, -0.772077, 0.06507, 0.0, 0.0, 0.0, 1.0],
                [0.994417, -0.105489, 0.002808, -0.1297, -0.104632, -0.982185, 0.156093, -0.014576, -0.013708, -0.155515, -0.987738, 0.082236, 0.0, 0.0, 0.0, 1.0],
                [0.993268, -0.108512, -0.040541, -0.125006, -0.11485, -0.968123, -0.222595, -0.002831, -0.015094, 0.225753, -0.974068, 0.090039, 0.0, 0.0, 0.0, 1.0],
                [0.991482, -0.106921, -0.074378, -0.125006, -0.125249, -0.939355, -0.319257, -0.002831, -0.035733, 0.325854, -0.944745, 0.090039, 0.0, 0.0, 0.0, 1.0],
                [0.984852, -0.107533, -0.136025, -0.125006, -0.152586, -0.910091, -0.385297, -0.002831, -0.082363, 0.400216, -0.912712, 0.090039, 0.0, 0.0, 0.0, 1.0],
                [0.972912, -0.130408, -0.190881, -0.125006, -0.188753, -0.924837, -0.330227, -0.002831, -0.13347, 0.357312, -0.924399, 0.090039, 0.0, 0.0, 0.0, 1.0],
                [0.960075, -0.164021, -0.226611, -0.125006, -0.220105, -0.942882, -0.250056, -0.002831, -0.172653, 0.289951, -0.941339, 0.090039, 0.0, 0.0, 0.0, 1.0],
                [0.954782, -0.176301, -0.239392, -0.125006, -0.23141, -0.946217, -0.226104, -0.002831, -0.186655, 0.271278, -0.944229, 0.090039, 0.0, 0.0, 0.0, 1.0],
                [0.956433, -0.17339, -0.234887, -0.125006, -0.226354, -0.948526, -0.221502, -0.002831, -0.18439, 0.265019, -0.946449, 0.090039, 0.0, 0.0, 0.0, 1.0],
                [0.95815, -0.169084, -0.230998, -0.125006, -0.21998, -0.951254, -0.216162, -0.002831, -0.183188, 0.25793, -0.948638, 0.090039, 0.0, 0.0, 0.0, 1.0],
                [0.959295, -0.158185, -0.233948, -0.125006, -0.215358, -0.945648, -0.243664, -0.002831, -0.182688, 0.284128, -0.941221, 0.090039, 0.0, 0.0, 0.0, 1.0],
                [0.95855, -0.150912, -0.241677, -0.125006, -0.218834, -0.933132, -0.285267, -0.002831, -0.182466, 0.32633, -0.927478, 0.090039, 0.0, 0.0, 0.0, 1.0],
                [0.955719, -0.154718, -0.250326, -0.125006, -0.231174, -0.921084, -0.313309, -0.002831, -0.182097, 0.357304, -0.916065, 0.090039, 0.0, 0.0, 0.0, 1.0],
                [0.951995, -0.157828, -0.262289, -0.125006, -0.246686, -0.90288, -0.352071, -0.002831, -0.181249, 0.399873, -0.898471, 0.090039, 0.0, 0.0, 0.0, 1.0],
                [0.947998, -0.159853, -0.27522, -0.125006, -0.262922, -0.880637, -0.394146, -0.002831, -0.179364, 0.446011, -0.876871, 0.090039, 0.0, 0.0, 0.0, 1.0],
                [0.943474, -0.165975, -0.286898, -0.125006, -0.280614, -0.860641, -0.424915, -0.002831, -0.176391, 0.481404, -0.858567, 0.090039, 0.0, 0.0, 0.0, 1.0],
                [0.938831, -0.177015, -0.295402, -0.125006, -0.297781, -0.848143, -0.438155, -0.002831, -0.172984, 0.499319, -0.848974, 0.090039, 0.0, 0.0, 0.0, 1.0],
                [0.934468, -0.193044, -0.299171, -0.125006, -0.312855, -0.846328, -0.431106, -0.002831, -0.169974, 0.496451, -0.851261, 0.090039, 0.0, 0.0, 0.0, 1.0],
                [0.930756, -0.212235, -0.297741, -0.125006, -0.324593, -0.854467, -0.405619, -0.002831, -0.168323, 0.474177, -0.86419, 0.090039, 0.0, 0.0, 0.0, 1.0],
                [0.9376, -0.211878, -0.275707, -0.125006, -0.303519, -0.88557, -0.351629, -0.002831, -0.169655, 0.41337, -0.894619, 0.090039, 0.0, 0.0, 0.0, 1.0],
                [0.955869, -0.169398, -0.240038, -0.125006, -0.237274, -0.926921, -0.290722, -0.002831, -0.173248, 0.334847, -0.926208, 0.090039, 0.0, 0.0, 0.0, 1.0],
                [0.971436, -0.106575, -0.212023, -0.125006, -0.158729, -0.956001, -0.246714, -0.002831, -0.1764, 0.273321, -0.94561, 0.090039, 0.0, 0.0, 0.0, 1.0],
                [0.976841, -0.073001, -0.201129, -0.125006, -0.119417, -0.965986, -0.229371, -0.002831, -0.177543, 0.248077, -0.952332, 0.090039, 0.0, 0.0, 0.0, 1.0],
                [0.975848, -0.080287, -0.203161, -0.125006, -0.127571, -0.964399, -0.231648, -0.002831, -0.17733, 0.251971, -0.951349, 0.090039, 0.0, 0.0, 0.0, 1.0],
                [0.973135, -0.097976, -0.208346, -0.125006, -0.147529, -0.960099, -0.237582, -0.002831, -0.176755, 0.261937, -0.948761, 0.090039, 0.0, 0.0, 0.0, 1.0],
                [0.969159, -0.119818, -0.215346, -0.125006, -0.172566, -0.953801, -0.245936, -0.002831, -0.17593, 0.275512, -0.945062, 0.090039, 0.0, 0.0, 0.0, 1.0],
                [0.964737, -0.14036, -0.222668, -0.125006, -0.196588, -0.94676, -0.254949, -0.002831, -0.175028, 0.289733, -0.940968, 0.090039, 0.0, 0.0, 0.0, 1.0],
                [0.961073, -0.155247, -0.228555, -0.125006, -0.214388, -0.940832, -0.262436, -0.002831, -0.174289, 0.30122, -0.937491, 0.090039, 0.0, 0.0, 0.0, 1.0],
                [0.95955, -0.160977, -0.230978, -0.125006, -0.221347, -0.938336, -0.265578, -0.002831, -0.173983, 0.305961, -0.936012, 0.090039, 0.0, 0.0, 0.0, 1.0],
                [0.95955, -0.160977, -0.230978, -0.125006, -0.221347, -0.938336, -0.265578, -0.002831, -0.173983, 0.305961, -0.936012, 0.090039, 0.0, 0.0, 0.0, 1.0],
                [0.95955, -0.160977, -0.230978, -0.125006, -0.221347, -0.938336, -0.265578, -0.002831, -0.173983, 0.305961, -0.936012, 0.090039, 0.0, 0.0, 0.0, 1.0],
                [0.95955, -0.160977, -0.230978, -0.125006, -0.221347, -0.938336, -0.265578, -0.002831, -0.173983, 0.305961, -0.936012, 0.090039, 0.0, 0.0, 0.0, 1.0],
                [0.95955, -0.160977, -0.230978, -0.125006, -0.221347, -0.938336, -0.265578, -0.002831, -0.173983, 0.305961, -0.936012, 0.090039, 0.0, 0.0, 0.0, 1.0],
                [0.95955, -0.160977, -0.230978, -0.125006, -0.221347, -0.938336, -0.265578, -0.002831, -0.173983, 0.305961, -0.936012, 0.090039, 0.0, 0.0, 0.0, 1.0],
                [0.95955, -0.160977, -0.230978, -0.125006, -0.221347, -0.938336, -0.265578, -0.002831, -0.173983, 0.305961, -0.936012, 0.090039, 0.0, 0.0, 0.0, 1.0],
                [0.95955, -0.160977, -0.230978, -0.125006, -0.221347, -0.938336, -0.265578, -0.002831, -0.173983, 0.305961, -0.936012, 0.090039, 0.0, 0.0, 0.0, 1.0],
                [0.95955, -0.160977, -0.230978, -0.125006, -0.221347, -0.938336, -0.265578, -0.002831, -0.173983, 0.305961, -0.936012, 0.090039, 0.0, 0.0, 0.0, 1.0],
                [0.95955, -0.160977, -0.230978, -0.125006, -0.221347, -0.938336, -0.265578, -0.002831, -0.173983, 0.305961, -0.936012, 0.090039, 0.0, 0.0, 0.0, 1.0],
                [0.95955, -0.160977, -0.230978, -0.125006, -0.221347, -0.938336, -0.265578, -0.002831, -0.173983, 0.305961, -0.936012, 0.090039, 0.0, 0.0, 0.0, 1.0]
            ]
        },
        {
            "name": "Leg_L",
            "time": [0.0, 0.0167, 0.0333, 0.05, 0.0667, 0.0833, 0.1, 0.1167, 0.1333, 0.15, 0.1667, 0.1833, 0.2, 0.2167, 0.2333, 0.25, 0.2667, 0.2833, 0.3, 0.3167, 0.3333, 0.35, 0.3667, 0.3833, 0.4, 0.4167, 0.4333, 0.45, 0.4667, 0.4833, 0.5, 0.5167, 0.5333, 0.55, 0.5667, 0.5833, 0.6, 0.6167, 0.6333, 0.65, 0.6667],
            "transform": [
                [1.0, 2.3e-05, 2.3e-05, 0.0, -2.3e-05, 0.0197, 0.999806, 0.374726, 2.2e-05, -0.999806, 0.0197, -0.0, 0.0, 0.0, 0.0, 1.0],
                [1.0, 2.2e-05, 2.3e-05, -0.0, -2.3e-05, -0.011605, 0.999933, 0.374726, 2.2e-05, -0.999933, -0.011605, 0.0, 0.0, 0.0, 0.0, 1.0],
                [1.0, 2e-05, 1.4e-05, 0.0, -2.1e-05, 0.41364, 0.91044, 0.374726, 1.3e-05, -0.910441, 0.41364, 0.0, 0.0, 0.0, 0.0, 1.0],
                [1.0, 1e-05, 3e-06, -0.0, -1.1e-05, 0.87189, 0.489701, 0.374726, 2e-06, -0.489701, 0.871891, -0.0, 0.0, 0.0, 0.0, 1.0],
                [1.0, 0.0, 1e-06, -0.0, -0.0, 0.999998, 0.00146, 0.374726, -1e-06, -0.00146, 0.999999, -0.0, 0.0, 0.0, 0.0, 1.0],
                [1.0, 0.0, 1e-06, 0.0, -0.0, 0.999999, 0.001461, 0.374726, -1e-06, -0.001461, 0.999999, -0.0, 0.0, 0.0, 0.0, 1.0],
                [1.0, 0.0, 1e-06, -0.0, -0.0, 0.999999, 0.001461, 0.374726, -1e-06, -0.00146, 0.999999, -0.0, 0.0, 0.0, 0.0, 1.0],
                [1.0, 4e-06, 1e-06, -0.0, -5e-06, 0.977163, 0.21249, 0.374726, -0.0, -0.21249, 0.977163, -0.0, 0.0, 0.0, 0.0, 1.0],
                [1.0, 9e-06, 3e-06, 0.0, -9e-06, 0.906925, 0.421291, 0.374726, 1e-06, -0.421292, 0.906925, 0.0, 0.0, 0.0, 0.0, 1.0],
                [1.0, 1e-05, 3e-06, -0.0, -1e-05, 0.879313, 0.476243, 0.374726, 2e-06, -0.476243, 0.879313, -0.0, 0.0, 0.0, 0.0, 1.0],
                [1.0, 1e-05, 3e-06, 0.0, -1e-05, 0.882154, 0.470959, 0.374726, 2e-06, -0.47096, 0.882155, 0.0, 0.0, 0.0, 0.0, 1.0],
                [1.0, 9e-06, 3e-06, 0.0, -1e-05, 0.885438, 0.464758, 0.374726, 2e-06, -0.464759, 0.885437, 0.0, 0.0, 0.0, 0.0, 1.0],
                [1.0, 9e-06, 3e-06, -0.0, -1e-05, 0.91008, 0.414433, 0.374726, 1e-06, -0.414434, 0.91008, 0.0, 0.0, 0.0, 0.0, 1.0],
                [1.0, 8e-06, 2e-06, 0.0, -8e-06, 0.922572, 0.385826, 0.374726, 1e-06, -0.385827, 0.922572, -0.0, 0.0, 0.0, 0.0, 1.0],
                [1.0, 9e-06, 3e-06, -0.0, -9e-06, 0.903776, 0.428006, 0.374726, 1e-06, -0.428007, 0.903776, -0.0, 0.0, 0.0, 0.0, 1.0],
                [1.0, 8e-06, 3e-06, -0.0, -9e-06, 0.890244, 0.455484, 0.374726, 1e-06, -0.455485, 0.890244, 0.0, 0.0, 0.0, 0.0, 1.0],
                [1.0, 8e-06, 3e-06, 0.0, -8e-06, 0.89233, 0.451383, 0.374726, 1e-06, -0.451383, 0.89233, -0.0, 0.0, 0.0, 0.0, 1.0],
                [1.0, 9e-06, 3e-06, 0.0, -1e-05, 0.896269, 0.44351, 0.374726, 2e-06, -0.443511, 0.896269, 0.0, 0.0, 0.0, 0.0, 1.0],
                [1.0, 7e-06, 2e-06, 0.0, -8e-06, 0.891465, 0.453088, 0.374726, 1e-06, -0.453089, 0.891465, 0.0, 0.0, 0.0, 0.0, 1.0],
                [1.0, 9e-06, 3e-06, 0.0, -1e-05, 0.869533, 0.493873, 0.374726, 2e-06, -0.493873, 0.869533, 0.0, 0.0, 0.0, 0.0, 1.0],
                [1.0, 1.2e-05, 4e-06, -0.0, -1.2e-05, 0.824064, 0.566496, 0.374726, 3e-06, -0.566496, 0.824064, 0.0, 0.0, 0.0, 0.0, 1.0],
                [1.0, 1.3e-05, 6e-06, 0.0, -1.3e-05, 0.717058, 0.697012, 0.374726, 5e-06, -0.697013, 0.717059, 0.0, 0.0, 0.0, 0.0, 1.0],
                [1.0, 1.8e-05, 1e-05, -0.0, -1.9e-05, 0.569598, 0.821923, 0.374726, 9e-06, -0.821924, 0.569598, -0.0, 0.0, 0.0, 0.0, 1.0],
                [1.0, 1.9e-05, 1.2e-05, 0.0, -1.9e-05, 0.451567, 0.892237, 0.374726, 1.1e-05, -0.892238, 0.451567, -0.0, 0.0, 0.0, 0.0, 1.0],
                [1.0, 1.9e-05, 1.3e-05, 0.0, -1.9e-05, 0.405046, 0.914296, 0.374726, 1.2e-05, -0.914296, 0.405046, -0.0, 0.0, 0.0, 0.0, 1.0],
                [1.0, 1.9e-05, 1.3e-05, -0.0, -1.9e-05, 0.413907, 0.910319, 0.374726, 1.2e-05, -0.91032, 0.413907, 0.0, 0.0, 0.0, 0.0, 1.0],
                [1.0, 1.8e-05, 1.2e-05, 0.0, -1.8e-05, 0.436642, 0.899635, 0.374726, 1.1e-05, -0.899636, 0.436642, -0.0, 0.0, 0.0, 0.0, 1.0],
                [1.0, 1.9e-05, 1.2e-05, 0.0, -1.9e-05, 0.467569, 0.883957, 0.374726, 1.1e-05, -0.883957, 0.467569, -0.0, 0.0, 0.0, 0.0, 1.0],
                [1.0, 1.8e-05, 1.1e-05, -0.0, -1.9e-05, 0.499799, 0.866141, 0.374726, 1e-05, -0.866142, 0.499799, 0.0, 0.0, 0.0, 0.0, 1.0],
                [1.0, 1.8e-05, 1.1e-05, 0.0, -1.9e-05, 0.525548, 0.850763, 0.374726, 1e-05, -0.850764, 0.525548, 0.0, 0.0, 0.0, 0.0, 1.0],
                [1.0, 2e-05, 1.2e-05, 0.0, -2.1e-05, 0.536079, 0.844167, 0.374726, 1.1e-05, -0.844168, 0.536079, 0.0, 0.0, 0.0, 0.0, 1.0],
                [1.0, 2e-05, 1.2e-05, 0.0, -2.1e-05, 0.536079, 0.844167, 0.374726, 1.1e-05, -0.844168, 0.536079, 0.0, 0.0, 0.0, 0.0, 1.0],
                [1.0, 2e-05, 1.2e-05, 0.0, -2.1e-05, 0.536079, 0.844167, 0.374726, 1.1e-05, -0.844168, 0.536079, 0.0, 0.0, 0.0, 0.0, 1.0],
                [1.0, 2e-05, 1.2e-05, 0.0, -2.1e-05, 0.536079, 0.844167, 0.374726, 1.1e-05, -0.844168, 0.536079, 0.0, 0.0, 0.0, 0.0, 1.0],
                [1.0, 2e-05, 1.2e-05, 0.0, -2.1e-05, 0.536079, 0.844167, 0.374726, 1.1e-05, -0.844168, 0.536079, 0.0, 0.0, 0.0, 0.0, 1.0],
                [1.0, 2e-05, 1.2e-05, 0.0, -2.1e-05, 0.536079, 0.844167, 0.374726, 1.1e-05, -0.844168, 0.536079, 0.0, 0.0, 0.0, 0.0, 1.0],
                [1.0, 2e-05, 1.2e-05, 0.0, -2.1e-05, 0.536079, 0.844167, 0.374726, 1.1e-05, -0.844168, 0.536079, 0.0, 0.0, 0.0, 0.0, 1.0],
                [1.0, 2e-05, 1.2e-05, 0.0, -2.1e-05, 0.536079, 0.844167, 0.374726, 1.1e-05, -0.844168, 0.536079, 0.0, 0.0, 0.0, 0.0, 1.0],
                [1.0, 2e-05, 1.2e-05, 0.0, -2.1e-05, 0.536079, 0.844167, 0.374726, 1.1e-05, -0.844168, 0.536079, 0.0, 0.0, 0.0, 0.0, 1.0],
                [1.0, 2e-05, 1.2e-05, 0.0, -2.1e-05, 0.536079, 0.844167, 0.374726, 1.1e-05, -0.844168, 0.536079, 0.0, 0.0, 0.0, 0.0, 1.0],
                [1.0, 2e-05, 1.2e-05, 0.0, -2.1e-05, 0.536079, 0.844167, 0.374726, 1.1e-05, -0.844168, 0.536079, 0.0, 0.0, 0.0, 0.0, 1.0]
            ]
        },
        {
            "name": "Knee_L",
            "time": [0.0, 0.6667],
            "transform": [
                [1.0, 0.0, -0.0, 0.0, -0.0, 0.00567, -0.999984, 0.481464, -0.0, 0.999984, 0.00567, -0.000605, 0.0, 0.0, 0.0, 1.0],
                [1.0, 0.0, -0.0, 0.0, -0.0, 0.00567, -0.999984, 0.424103, -0.0, 0.999984, 0.00567, -0.00028, 0.0, 0.0, 0.0, 1.0]
            ]
        },
        {
            "name": "Torso",
            "time": [0.0, 0.0167, 0.0333, 0.05, 0.0667, 0.0833, 0.1, 0.1167, 0.1333, 0.15, 0.1667, 0.1833, 0.2, 0.2167, 0.2333, 0.25, 0.2667, 0.2833, 0.3, 0.3167, 0.3333, 0.35, 0.3667, 0.3833, 0.4, 0.4167, 0.4333, 0.45, 0.4667, 0.4833, 0.5, 0.5167, 0.5333, 0.55, 0.5667, 0.5833, 0.6, 0.6167, 0.6333, 0.65, 0.6667],
            "transform": [
                [0.980573, 0.00564, 0.196072, 0.0, 0.007363, 0.997824, -0.065527, 0.05, -0.196015, 0.065697, 0.978398, 0.0, 0.0, 0.0, 0.0, 1.0],
                [0.995067, 0.001215, 0.099198, 0.0, 0.002087, 0.999447, -0.033176, 0.05, -0.099184, 0.033219, 0.994514, 0.0, 0.0, 0.0, 0.0, 1.0],
                [1.0, 0.0, 0.0, 0.0, 0.0, 1.0, 0.0, 0.05, 0.0, 0.0, 1.0, 0.0, 0.0, 0.0, 0.0, 1.0],
                [0.966425, 0.0, 0.256949, 0.0, 0.0, 1.0, 0.0, 0.05, -0.256949, 0.0, 0.966425, 0.0, 0.0, 0.0, 0.0, 1.0],
                [0.845168, 0.0, 0.5345, 0.0, 0.0, 1.0, 0.0, 0.05, -0.5345, 0.0, 0.845168, 0.0, 0.0, 0.0, 0.0, 1.0],
                [0.794945, 0.0, 0.606682, 0.0, 0.0, 1.0, 0.0, 0.05, -0.606682, 0.0, 0.794945, 0.0, 0.0, 0.0, 0.0, 1.0],
                [0.751278, 0.0, 0.659986, 0.0, 0.0, 1.0, 0.0, 0.05, -0.659986, 0.0, 0.751278, 0.0, 0.0, 0.0, 0.0, 1.0],
                [0.715743, 0.0, 0.698364, 0.0, 0.0, 1.0, 0.0, 0.05, -0.698364, 0.0, 0.715743, 0.0, 0.0, 0.0, 0.0, 1.0],
                [0.688621, 0.0, 0.725121, 0.0, 0.0, 1.0, 0.0, 0.05, -0.725121, 0.0, 0.688621, 0.0, 0.0, 0.0, 0.0, 1.0],
                [0.669376, 0.0, 0.742924, 0.0, 0.0, 1.0, 0.0, 0.05, -0.742924, 0.0, 0.669376, 0.0, 0.0, 0.0, 0.0, 1.0],
                [0.656966, 0.0, 0.75392, 0.0, 0.0, 1.0, 0.0, 0.05, -0.75392, 0.0, 0.656966, 0.0, 0.0, 0.0, 0.0, 1.0],
                [0.650043, 0.0, 0.759897, 0.0, 0.0, 1.0, 0.0, 0.05, -0.759897, 0.0, 0.650043, 0.0, 0.0, 0.0, 0.0, 1.0],
                [0.647084, 0.0, 0.762419, 0.0, 0.0, 1.0, 0.0, 0.05, -0.762419, 0.0, 0.647084, 0.0, 0.0, 0.0, 0.0, 1.0],
                [0.646467, 0.0, 0.762942, 0.0, 0.0, 1.0, 0.0, 0.05, -0.762942, 0.0, 0.646467, 0.0, 0.0, 0.0, 0.0, 1.0],
                [0.646467, 0.0, 0.762942, 0.0, 0.0, 1.0, 0.0, 0.05, -0.762942, 0.0, 0.646467, 0.0, 0.0, 0.0, 0.0, 1.0],
                [0.646467, 0.0, 0.762942, 0.0, 0.0, 1.0, 0.0, 0.05, -0.762942, 0.0, 0.646467, 0.0, 0.0, 0.0, 0.0, 1.0],
                [0.646467, 0.0, 0.762942, 0.0, 0.0, 1.0, 0.0, 0.05, -0.762942, 0.0, 0.646467, 0.0, 0.0, 0.0, 0.0, 1.0],
                [0.646467, 0.0, 0.762942, 0.0, 0.0, 1.0, 0.0, 0.05, -0.762942, 0.0, 0.646467, 0.0, 0.0, 0.0, 0.0, 1.0],
                [0.646467, 0.0, 0.762942, 0.0, 0.0, 1.0, 0.0, 0.05, -0.762942, 0.0, 0.646467, 0.0, 0.0, 0.0, 0.0, 1.0],
                [0.646467, 0.0, 0.762942, 0.0, 0.0, 1.0, 0.0, 0.05, -0.762942, 0.0, 0.646467, 0.0, 0.0, 0.0, 0.0, 1.0],
                [0.646467, 0.0, 0.762942, 0.0, 0.0, 1.0, 0.0, 0.05, -0.762942, 0.0, 0.646467, 0.0, 0.0, 0.0, 0.0, 1.0],
                [0.646467, 0.0, 0.762942, 0.0, 0.0, 1.0, 0.0, 0.05, -0.762942, 0.0, 0.646467, 0.0, 0.0, 0.0, 0.0, 1.0],
                [0.646467, 0.0, 0.762942, 0.0, 0.0, 1.0, 0.0, 0.05, -0.762942, 0.0, 0.646467, 0.0, 0.0, 0.0, 0.0, 1.0],
                [0.646467, 0.0, 0.762942, 0.0, 0.0, 1.0, 0.0, 0.05, -0.762942, 0.0, 0.646467, 0.0, 0.0, 0.0, 0.0, 1.0],
                [0.646467, 0.0, 0.762942, 0.0, 0.0, 1.0, 0.0, 0.05, -0.762942, 0.0, 0.646467, 0.0, 0.0, 0.0, 0.0, 1.0],
                [0.646467, 0.0, 0.762942, 0.0, 0.0, 1.0, 0.0, 0.05, -0.762942, 0.0, 0.646467, 0.0, 0.0, 0.0, 0.0, 1.0],
                [0.646467, 0.0, 0.762942, 0.0, 0.0, 1.0, 0.0, 0.05, -0.762942, 0.0, 0.646467, 0.0, 0.0, 0.0, 0.0, 1.0],
                [0.646467, 0.0, 0.762942, 0.0, 0.0, 1.0, 0.0, 0.05, -0.762942, 0.0, 0.646467, 0.0, 0.0, 0.0, 0.0, 1.0],
                [0.646467, 0.0, 0.762942, 0.0, 0.0, 1.0, 0.0, 0.05, -0.762942, 0.0, 0.646467, 0.0, 0.0, 0.0, 0.0, 1.0],
                [0.646467, 0.0, 0.762942, 0.0, 0.0, 1.0, 0.0, 0.05, -0.762942, 0.0, 0.646467, 0.0, 0.0, 0.0, 0.0, 1.0],
                [0.646467, 0.0, 0.762942, 0.0, 0.0, 1.0, 0.0, 0.05, -0.762942, 0.0, 0.646467, 0.0, 0.0, 0.0, 0.0, 1.0],
                [0.646467, 0.0, 0.762942, 0.0, 0.0, 1.0, 0.0, 0.05, -0.762942, 0.0, 0.646467, 0.0, 0.0, 0.0, 0.0, 1.0],
                [0.646467, 0.0, 0.762942, 0.0, 0.0, 1.0, 0.0, 0.05, -0.762942, 0.0, 0.646467, 0.0, 0.0, 0.0, 0.0, 1.0],
                [0.646467, 0.0, 0.762942, 0.0, 0.0, 1.0, 0.0, 0.05, -0.762942, 0.0, 0.646467, 0.0, 0.0, 0.0, 0.0, 1.0],
                [0.646467, 0.0, 0.762942, 0.0, 0.0, 1.0, 0.0, 0.05, -0.762942, 0.0, 0.646467, 0.0, 0.0, 0.0, 0.0, 1.0],
                [0.646467, 0.0, 0.762942, 0.0, 0.0, 1.0, 0.0, 0.05, -0.762942, 0.0, 0.646467, 0.0, 0.0, 0.0, 0.0, 1.0],
                [0.646467, 0.0, 0.762942, 0.0, 0.0, 1.0, 0.0, 0.05, -0.762942, 0.0, 0.646467, 0.0, 0.0, 0.0, 0.0, 1.0],
                [0.646467, 0.0, 0.762942, 0.0, 0.0, 1.0, 0.0, 0.05, -0.762942, 0.0, 0.646467, 0.0, 0.0, 0.0, 0.0, 1.0],
                [0.646467, 0.0, 0.762942, 0.0, 0.0, 1.0, 0.0, 0.05, -0.762942, 0.0, 0.646467, 0.0, 0.0, 0.0, 0.0, 1.0],
                [0.646467, 0.0, 0.762942, 0.0, 0.0, 1.0, 0.0, 0.05, -0.762942, 0.0, 0.646467, 0.0, 0.0, 0.0, 0.0, 1.0],
                [0.646467, 0.0, 0.762942, 0.0, 0.0, 1.0, 0.0, 0.05, -0.762942, 0.0, 0.646467, 0.0, 0.0, 0.0, 0.0, 1.0]
            ]
        },
        {
            "name": "Chest",
            "time": [0.0, 0.0167, 0.0333, 0.05, 0.0667, 0.0833, 0.1, 0.1167, 0.1333, 0.15, 0.1667, 0.1833, 0.2, 0.2167, 0.2333, 0.25, 0.2667, 0.2833, 0.3, 0.3167, 0.3333, 0.35, 0.3667, 0.3833, 0.4, 0.4167, 0.4333, 0.45, 0.4667, 0.4833, 0.5, 0.5167, 0.5333, 0.55, 0.5667, 0.5833, 0.6, 0.6167, 0.6333, 0.65, 0.6667],
            "transform": [
                [0.844055, 0.392651, -0.365236, 0.0, 0.041285, 0.631482, 0.774291, 0.3, 0.534665, -0.668623, 0.516795, 0.0, 0.0, 0.0, 0.0, 1.0],
                [0.943656, 0.169422, -0.284269, 0.0, -0.032192, 0.90193, 0.43068, 0.3, 0.329358, -0.397263, 0.856566, 0.0, 0.0, 0.0, 0.0, 1.0],
                [1.0, 0.0, 0.0, 0.0, -0.0, 1.0, -0.0, 0.3, -0.0, 0.0, 1.0, 0.0, 0.0, 0.0, 0.0, 1.0],
                [0.990654, 0.075756, 0.113425, 0.0, -0.088925, 0.989267, 0.115943, 0.3, -0.103424, -0.124946, 0.986758, -0.0, 0.0, 0.0, 0.0, 1.0],
                [0.977811, 0.147321, 0.148938, -0.0, -0.178903, 0.957132, 0.227798, 0.3, -0.108994, -0.249389, 0.96225, -0.0, 0.0, 0.0, 0.0, 1.0],
                [0.97447, 0.123891, 0.187243, -0.0, -0.164098, 0.962196, 0.217371, 0.3, -0.153234, -0.242547, 0.957961, -0.0, 0.0, 0.0, 0.0, 1.0],
                [0.966424, 0.071654, 0.246758, 0.0, -0.122039, 0.973102, 0.195394, 0.3, -0.22612, -0.218948, 0.949174, 0.0, 0.0, 0.0, 0.0, 1.0],
                [0.950199, 0.011724, 0.311423, 0.0, -0.068654, 0.982617, 0.172484, 0.3, -0.303988, -0.185275, 0.934486, 0.0, 0.0, 0.0, 0.0, 1.0],
                [0.930445, -0.036354, 0.364624, 0.0, -0.022571, 0.987491, 0.156051, 0.3, -0.365736, -0.153426, 0.917986, 0.0, 0.0, 0.0, 0.0, 1.0],
                [0.918771, -0.056144, 0.390779, -0.0, -0.003363, 0.988687, 0.149953, 0.3, -0.394777, -0.139087, 0.908188, 0.0, 0.0, 0.0, 0.0, 1.0],
                [0.917469, -0.029809, 0.396689, -0.0, -0.039607, 0.985389, 0.16565, 0.3, -0.395831, -0.16769, 0.902883, 0.0, 0.0, 0.0, 0.0, 1.0],
                [0.915079, 0.02018, 0.40277, 0.0, -0.111837, 0.972272, 0.205376, 0.3, -0.387458, -0.23298, 0.891963, -0.0, 0.0, 0.0, 0.0, 1.0],
