{
    "animation": [
        {
            "name": "Root",
            "time": [0.0, 0.0167, 0.0333, 0.05, 0.0667, 0.0833, 0.1, 0.1167, 0.1333, 0.15, 0.1667, 0.1833, 0.2, 0.2167, 0.2333, 0.25, 0.2667, 0.2833, 0.3, 0.3167, 0.3333, 0.35, 0.3667, 0.3833, 0.4, 0.4167],
            "transform": [
                [1.0, 0.0, 0.0, -5e-06, 0.0, 0.0, -1.0, 0.000946, 0.0, 1.0, 0.0, 0.763972, 0.0, 0.0, 0.0, 1.0],
                [1.0, 0.0, 0.0, -5e-06, 0.0, 0.0, -1.0, 0.000946, 0.0, 1.0, 0.0, 0.76353, 0.0, 0.0, 0.0, 1.0],
                [1.0, 0.0, 0.0, -5e-06, 0.0, 0.0, -1.0, 0.000946, 0.0, 1.0, 0.0, 0.762265, 0.0, 0.0, 0.0, 1.0],
                [1.0, 0.0, 0.0, -5e-06, 0.0, 0.0, -1.0, 0.000946, 0.0, 1.0, 0.0, 0.760262, 0.0, 0.0, 0.0, 1.0],
                [1.0, 0.0, 0.0, -5e-06, 0.0, 0.0, -1.0, 0.000946, 0.0, 1.0, 0.0, 0.757608, 0.0, 0.0, 0.0, 1.0],
                [1.0, 0.0, 0.0, -5e-06, 0.0, 0.0, -1.0, 0.000946, 0.0, 1.0, 0.0, 0.754389, 0.0, 0.0, 0.0, 1.0],
                [1.0, 0.0, 0.0, -5e-06, 0.0, 0.0, -1.0, 0.000946, 0.0, 1.0, 0.0, 0.750694, 0.0, 0.0, 0.0, 1.0],
                [1.0, 0.0, 0.0, -5e-06, 0.0, 0.0, -1.0, 0.000946, 0.0, 1.0, 0.0, 0.746608, 0.0, 0.0, 0.0, 1.0],
                [1.0, 0.0, 0.0, -5e-06, 0.0, 0.0, -1.0, 0.000946, 0.0, 1.0, 0.0, 0.742218, 0.0, 0.0, 0.0, 1.0],
                [1.0, 0.0, 0.0, -5e-06, 0.0, 0.0, -1.0, 0.000946, 0.0, 1.0, 0.0, 0.737611, 0.0, 0.0, 0.0, 1.0],
                [1.0, 0.0, 0.0, -5e-06, 0.0, 0.0, -1.0, 0.000946, 0.0, 1.0, 0.0, 0.732874, 0.0, 0.0, 0.0, 1.0],
                [1.0, 0.0, 0.0, -5e-06, 0.0, 0.0, -1.0, 0.000946, 0.0, 1.0, 0.0, 0.728094, 0.0, 0.0, 0.0, 1.0],
                [1.0, 0.0, 0.0, -5e-06, 0.0, 0.0, -1.0, 0.000946, 0.0, 1.0, 0.0, 0.723357, 0.0, 0.0, 0.0, 1.0],
                [1.0, 0.0, 0.0, -5e-06, 0.0, 0.0, -1.0, 0.000946, 0.0, 1.0, 0.0, 0.718751, 0.0, 0.0, 0.0, 1.0],
                [1.0, 0.0, 0.0, -5e-06, 0.0, 0.0, -1.0, 0.000946, 0.0, 1.0, 0.0, 0.714361, 0.0, 0.0, 0.0, 1.0],
                [1.0, 0.0, 0.0, -5e-06, 0.0, 0.0, -1.0, 0.000946, 0.0, 1.0, 0.0, 0.710275, 0.0, 0.0, 0.0, 1.0],
                [1.0, 0.0, 0.0, -5e-06, 0.0, 0.0, -1.0, 0.000946, 0.0, 1.0, 0.0, 0.706579, 0.0, 0.0, 0.0, 1.0],
                [1.0, 0.0, 0.0, -5e-06, 0.0, 0.0, -1.0, 0.000946, 0.0, 1.0, 0.0, 0.703361, 0.0, 0.0, 0.0, 1.0],
                [1.0, 0.0, 0.0, -5e-06, 0.0, 0.0, -1.0, 0.000946, 0.0, 1.0, 0.0, 0.700707, 0.0, 0.0, 0.0, 1.0],
                [1.0, 0.0, 0.0, -5e-06, 0.0, 0.0, -1.0, 0.000946, 0.0, 1.0, 0.0, 0.698704, 0.0, 0.0, 0.0, 1.0],
                [1.0, 0.0, 0.0, -5e-06, 0.0, 0.0, -1.0, 0.000946, 0.0, 1.0, 0.0, 0.697438, 0.0, 0.0, 0.0, 1.0],
                [1.0, 0.0, 0.0, -5e-06, 0.0, 0.0, -1.0, 0.000946, 0.0, 1.0, 0.0, 0.696997, 0.0, 0.0, 0.0, 1.0],
                [1.0, 0.0, 0.0, -5e-06, 0.0, 0.0, -1.0, 0.000946, 0.0, 1.0, 0.0, 0.696997, 0.0, 0.0, 0.0, 1.0],
                [1.0, 0.0, 0.0, -5e-06, 0.0, 0.0, -1.0, 0.000946, 0.0, 1.0, 0.0, 0.696997, 0.0, 0.0, 0.0, 1.0],
                [1.0, 0.0, 0.0, -5e-06, 0.0, 0.0, -1.0, 0.000946, 0.0, 1.0, 0.0, 0.696997, 0.0, 0.0, 0.0, 1.0],
                [1.0, 0.0, 0.0, -5e-06, 0.0, 0.0, -1.0, 0.000946, 0.0, 1.0, 0.0, 0.696997, 0.0, 0.0, 0.0, 1.0]
            ]
        },
        {
            "name": "Thigh_R",
            "time": [0.0, 0.0167, 0.0333, 0.05, 0.0667, 0.0833, 0.1, 0.1167, 0.1333, 0.15, 0.1667, 0.1833, 0.2, 0.2167, 0.2333, 0.25, 0.2667, 0.2833, 0.3, 0.3167, 0.3333, 0.35, 0.3667, 0.3833, 0.4, 0.4167],
            "transform": [
                [1.0, -1.2e-05, 4e-06, 0.124994, -1.1e-05, -0.763073, 0.646313, -0.002831, -5e-06, -0.646313, -0.763073, -1.2e-05, 0.0, 0.0, 0.0, 1.0],
                [1.0, -0.000438, -0.000106, 0.125139, -8.2e-05, -0.407739, 0.913099, -0.001488, -0.000443, -0.913099, -0.407739, 0.001607, 0.0, 0.0, 0.0, 1.0],
                [0.999998, -0.001967, -0.000994, 0.125541, 0.000781, -0.105432, 0.994426, 0.002224, -0.002061, -0.994425, -0.10543, 0.006081, 0.0, 0.0, 0.0, 1.0],
                [0.999907, -0.006272, -0.012141, 0.126148, 0.011175, -0.136065, 0.990637, 0.007832, -0.007865, -0.990681, -0.135982, 0.012841, 0.0, 0.0, 0.0, 1.0],
                [0.999376, -0.010976, -0.033577, 0.126908, 0.030177, -0.228893, 0.972984, 0.014861, -0.018366, -0.97339, -0.228419, 0.021314, 0.0, 0.0, 0.0, 1.0],
                [0.998486, -0.008433, -0.054366, 0.127772, 0.045968, -0.415067, 0.90863, 0.022838, -0.030228, -0.909752, -0.414051, 0.030929, 0.0, 0.0, 0.0, 1.0],
                [0.997601, 0.004014, -0.069107, 0.128686, 0.054721, -0.657167, 0.751757, 0.031289, -0.042397, -0.753735, -0.65581, 0.041116, 0.0, 0.0, 0.0, 1.0],
                [0.996874, 0.02, -0.076434, 0.129601, 0.056542, -0.856296, 0.513381, 0.03974, -0.055183, -0.516098, -0.85475, 0.051303, 0.0, 0.0, 0.0, 1.0],
                [0.996234, 0.031249, -0.080884, 0.130464, 0.052071, -0.961483, 0.269888, 0.047717, -0.069335, -0.273083, -0.959489, 0.060919, 0.0, 0.0, 0.0, 1.0],
                [0.995466, 0.035188, -0.088375, 0.131225, 0.041269, -0.996835, 0.067956, 0.054746, -0.085704, -0.071295, -0.993767, 0.069392, 0.0, 0.0, 0.0, 1.0],
                [0.994197, 0.030688, -0.103103, 0.131832, 0.023006, -0.996927, -0.074886, 0.060353, -0.105084, 0.072079, -0.991848, 0.076151, 0.0, 0.0, 0.0, 1.0],
                [0.991752, 0.01539, -0.127248, 0.132233, -0.005011, -0.987352, -0.158469, 0.064065, -0.128077, 0.1578, -0.97913, 0.080626, 0.0, 0.0, 0.0, 1.0],
                [0.986884, -0.014635, -0.160765, 0.132379, -0.046161, -0.979883, -0.194164, 0.065408, -0.154689, 0.199039, -0.967706, 0.082244, 0.0, 0.0, 0.0, 1.0],
                [0.978423, -0.057733, -0.198384, 0.132379, -0.103809, -0.967541, -0.230408, 0.065408, -0.178642, 0.246031, -0.952658, 0.082244, 0.0, 0.0, 0.0, 1.0],
                [0.96793, -0.100898, -0.230067, 0.132379, -0.170272, -0.936844, -0.305502, 0.065408, -0.184713, 0.334879, -0.923979, 0.082244, 0.0, 0.0, 0.0, 1.0],
                [0.960502, -0.128026, -0.247072, 0.132379, -0.223978, -0.882575, -0.413396, 0.065408, -0.165134, 0.452407, -0.87639, 0.082244, 0.0, 0.0, 0.0, 1.0],
                [0.959584, -0.132284, -0.248393, 0.132379, -0.249996, -0.805995, -0.536539, 0.065408, -0.129228, 0.576952, -0.806491, 0.082244, 0.0, 0.0, 0.0, 1.0],
                [0.962956, -0.121586, -0.240693, 0.132379, -0.253059, -0.715798, -0.650842, 0.065408, -0.093154, 0.687641, -0.72005, 0.082244, 0.0, 0.0, 0.0, 1.0],
                [0.96345, -0.106327, -0.245884, 0.132379, -0.257097, -0.624896, -0.737161, 0.065408, -0.075272, 0.773434, -0.629392, 0.082244, 0.0, 0.0, 0.0, 1.0],
                [0.959033, -0.090361, -0.268497, 0.132379, -0.273162, -0.54616, -0.791891, 0.065408, -0.075087, 0.832794, -0.548468, 0.082244, 0.0, 0.0, 0.0, 1.0],
                [0.953287, -0.076983, -0.29209, 0.132379, -0.291122, -0.492065, -0.82044, 0.065408, -0.080567, 0.867149, -0.49149, 0.082244, 0.0, 0.0, 0.0, 1.0],
                [0.950341, -0.071353, -0.302921, 0.132379, -0.29968, -0.47232, -0.828919, 0.065408, -0.08393, 0.878535, -0.470248, 0.082244, 0.0, 0.0, 0.0, 1.0],
                [0.950341, -0.071353, -0.302921, 0.132379, -0.29968, -0.47232, -0.828919, 0.065408, -0.08393, 0.878535, -0.470248, 0.082244, 0.0, 0.0, 0.0, 1.0],
                [0.950341, -0.071353, -0.302921, 0.132379, -0.29968, -0.47232, -0.828919, 0.065408, -0.08393, 0.878535, -0.470248, 0.082244, 0.0, 0.0, 0.0, 1.0],
                [0.950341, -0.071353, -0.302921, 0.132379, -0.29968, -0.47232, -0.828919, 0.065408, -0.08393, 0.878535, -0.470248, 0.082244, 0.0, 0.0, 0.0, 1.0],
                [0.950341, -0.071353, -0.302921, 0.132379, -0.29968, -0.47232, -0.828919, 0.065408, -0.08393, 0.878535, -0.470248, 0.082244, 0.0, 0.0, 0.0, 1.0]
            ]
        },
        {
            "name": "Leg_R",
            "time": [0.0, 0.0167, 0.0333, 0.05, 0.0667, 0.0833, 0.1, 0.1167, 0.1333, 0.15, 0.1667, 0.1833, 0.2, 0.2167, 0.2333, 0.25, 0.2667, 0.2833, 0.3, 0.3167, 0.3333, 0.35, 0.3667, 0.3833, 0.4, 0.4167],
            "transform": [
                [1.0, 1.9e-05, 1.3e-05, 0.0, -2e-05, 0.40441, 0.914577, 0.374726, 1.2e-05, -0.914578, 0.40441, -0.0, 0.0, 0.0, 0.0, 1.0],
                [1.0, 2.1e-05, 1.8e-05, 0.0, -2.1e-05, 0.171417, 0.985199, 0.374726, 1.7e-05, -0.985198, 0.171417, -0.0, 0.0, 0.0, 0.0, 1.0],
                [1.0, 2e-05, 1.7e-05, -0.0, -2.1e-05, 0.242697, 0.970102, 0.374726, 1.6e-05, -0.970102, 0.242697, -0.0, 0.0, 0.0, 0.0, 1.0],
                [1.0, 2.1e-05, 1.8e-05, -0.0, -2.1e-05, 0.19509, 0.980785, 0.374726, 1.7e-05, -0.980785, 0.19509, -0.0, 0.0, 0.0, 0.0, 1.0],
                [1.0, 2.1e-05, 2e-05, -0.0, -2.2e-05, 0.065501, 0.997853, 0.374726, 2e-05, -0.997853, 0.065501, -0.0, 0.0, 0.0, 0.0, 1.0],
                [1.0, 2.1e-05, 2.2e-05, -0.0, -2.2e-05, -0.032746, 0.999464, 0.374726, 2.2e-05, -0.999463, -0.032746, -0.0, 0.0, 0.0, 0.0, 1.0],
                [1.0, 2.1e-05, 2.3e-05, -0.0, -2.2e-05, -0.026535, 0.999647, 0.374726, 2.2e-05, -0.999648, -0.026535, -0.0, 0.0, 0.0, 0.0, 1.0],
                [1.0, 2.1e-05, 2e-05, -0.0, -2.2e-05, 0.0743, 0.997236, 0.374726, 1.9e-05, -0.997236, 0.0743, 0.0, 0.0, 0.0, 0.0, 1.0],
                [1.0, 2.1e-05, 1.8e-05, 0.0, -2.1e-05, 0.195334, 0.980736, 0.374726, 1.7e-05, -0.980737, 0.195334, -0.0, 0.0, 0.0, 0.0, 1.0],
                [1.0, 2e-05, 1.6e-05, 0.0, -2.1e-05, 0.282306, 0.959324, 0.374726, 1.5e-05, -0.959325, 0.282306, -0.0, 0.0, 0.0, 0.0, 1.0],
                [1.0, 2e-05, 1.5e-05, -0.0, -2.1e-05, 0.302506, 0.953147, 0.374726, 1.4e-05, -0.953147, 0.302506, 0.0, 0.0, 0.0, 0.0, 1.0],
                [1.0, 2.1e-05, 1.7e-05, -0.0, -2.1e-05, 0.241603, 0.970375, 0.374726, 1.6e-05, -0.970376, 0.241603, -0.0, 0.0, 0.0, 0.0, 1.0],
                [1.0, 2e-05, 1.9e-05, -0.0, -2.1e-05, 0.100841, 0.994902, 0.374726, 1.8e-05, -0.994903, 0.100841, -0.0, 0.0, 0.0, 0.0, 1.0],
                [1.0, 2.2e-05, 2.4e-05, -0.0, -2.3e-05, -0.060984, 0.998139, 0.374726, 2.4e-05, -0.998138, -0.060984, -0.0, 0.0, 0.0, 0.0, 1.0],
                [1.0, 2.2e-05, 2.7e-05, 0.0, -2.3e-05, -0.183162, 0.983082, 0.374726, 2.7e-05, -0.983083, -0.183163, -0.0, 0.0, 0.0, 0.0, 1.0],
                [1.0, 2.2e-05, 2.9e-05, -0.0, -2.2e-05, -0.258569, 0.965992, 0.374726, 2.8e-05, -0.965993, -0.258569, -0.0, 0.0, 0.0, 0.0, 1.0],
                [1.0, 2.1e-05, 2.9e-05, -0.0, -2.2e-05, -0.289193, 0.95727, 0.374726, 2.9e-05, -0.957271, -0.289193, 0.0, 0.0, 0.0, 0.0, 1.0],
                [1.0, 2.1e-05, 2.9e-05, 0.0, -2.2e-05, -0.28461, 0.958643, 0.374726, 2.9e-05, -0.958643, -0.28461, 0.0, 0.0, 0.0, 0.0, 1.0],
                [1.0, 2.2e-05, 2.9e-05, -0.0, -2.2e-05, -0.260001, 0.965608, 0.374726, 2.8e-05, -0.965609, -0.260002, -0.0, 0.0, 0.0, 0.0, 1.0],
                [1.0, 2.2e-05, 2.8e-05, -0.0, -2.2e-05, -0.229639, 0.973276, 0.374726, 2.8e-05, -0.973276, -0.229639, 0.0, 0.0, 0.0, 0.0, 1.0],
                [1.0, 1.9e-05, 2.5e-05, 0.0, -2e-05, -0.204788, 0.978806, 0.374726, 2.4e-05, -0.978807, -0.204787, -0.0, 0.0, 0.0, 0.0, 1.0],
                [1.0, 2.1e-05, 2.6e-05, 0.0, -2.1e-05, -0.194946, 0.980813, 0.374726, 2.5e-05, -0.980814, -0.194946, 0.0, 0.0, 0.0, 0.0, 1.0],
                [1.0, 2.1e-05, 2.6e-05, 0.0, -2.1e-05, -0.194946, 0.980813, 0.374726, 2.5e-05, -0.980814, -0.194946, 0.0, 0.0, 0.0, 0.0, 1.0],
                [1.0, 2.1e-05, 2.6e-05, 0.0, -2.1e-05, -0.194946, 0.980813, 0.374726, 2.5e-05, -0.980814, -0.194946, 0.0, 0.0, 0.0, 0.0, 1.0],
                [1.0, 2.1e-05, 2.6e-05, 0.0, -2.1e-05, -0.194946, 0.980813, 0.374726, 2.5e-05, -0.980814, -0.194946, 0.0, 0.0, 0.0, 0.0, 1.0],
                [1.0, 2.1e-05, 2.6e-05, 0.0, -2.1e-05, -0.194946, 0.980813, 0.374726, 2.5e-05, -0.980814, -0.194946, 0.0, 0.0, 0.0, 0.0, 1.0]
            ]
        },
        {
            "name": "Knee_R",
            "time": [0.0, 0.4167],
            "transform": [
                [1.0, 0.0, -0.0, 0.0, -0.0, 0.00567, -0.999984, 0.439802, -0.0, 0.999984, 0.00567, -0.000369, 0.0, 0.0, 0.0, 1.0],
                [1.0, 0.0, -0.0, 0.0, -0.0, 0.00567, -0.999984, 0.484724, -0.0, 0.999984, 0.00567, -0.000624, 0.0, 0.0, 0.0, 1.0]
            ]
        },
        {
            "name": "Thigh_L",
            "time": [0.0, 0.0167, 0.0333, 0.05, 0.0667, 0.0833, 0.1, 0.1167, 0.1333, 0.15, 0.1667, 0.1833, 0.2, 0.2167, 0.2333, 0.25, 0.2667, 0.2833, 0.3, 0.3167, 0.3333, 0.35, 0.3667, 0.3833, 0.4, 0.4167],
            "transform": [
                [1.0, -7e-06, 1e-06, -0.125006, -7e-06, -0.999994, 0.003469, -0.002831, 1e-06, -0.003469, -0.999994, -1.2e-05, 0.0, 0.0, 0.0, 1.0],
                [0.999917, -0.005132, -0.011805, -0.125363, -0.001896, -0.965807, 0.259255, -0.00182, -0.012732, -0.259211, -0.965737, 0.001875, 0.0, 0.0, 0.0, 1.0],
                [0.998859, -0.02073, -0.043023, -0.126351, 0.001244, -0.889275, 0.457372, 0.000975, -0.047741, -0.456903, -0.888234, 0.007091, 0.0, 0.0, 0.0, 1.0],
                [0.995432, -0.038339, -0.087441, -0.127843, 0.007271, -0.882735, 0.469815, 0.005196, -0.0952, -0.468305, -0.878424, 0.014971, 0.0, 0.0, 0.0, 1.0],
                [0.989383, -0.052095, -0.135675, -0.129714, 0.012501, -0.899583, 0.436572, 0.010488, -0.144794, -0.433633, -0.889381, 0.024848, 0.0, 0.0, 0.0, 1.0],
                [0.982646, -0.050362, -0.178526, -0.131837, 0.007844, -0.950295, 0.311252, 0.016493, -0.185327, -0.307251, -0.933409, 0.036057, 0.0, 0.0, 0.0, 1.0],
                [0.977716, -0.023177, -0.208647, -0.134085, -0.00561, -0.996417, 0.084395, 0.022856, -0.209855, -0.081344, -0.974343, 0.047932, 0.0, 0.0, 0.0, 1.0],
                [0.976293, 0.026755, -0.214795, -0.136334, -0.013791, -0.982627, -0.185081, 0.029218, -0.216015, 0.183655, -0.958962, 0.059807, 0.0, 0.0, 0.0, 1.0],
                [0.975668, 0.076509, -0.20547, -0.138457, -0.015712, -0.910331, -0.413582, 0.035223, -0.218689, 0.406748, -0.886979, 0.071016, 0.0, 0.0, 0.0, 1.0],
                [0.972836, 0.105119, -0.206252, -0.140327, -0.035789, -0.811951, -0.582628, 0.040515, -0.228711, 0.574184, -0.786133, 0.080894, 0.0, 0.0, 0.0, 1.0],
                [0.966646, 0.106036, -0.233136, -0.141819, -0.091475, -0.707296, -0.700975, 0.044737, -0.239225, 0.69892, -0.674005, 0.088773, 0.0, 0.0, 0.0, 1.0],
                [0.950479, 0.071059, -0.302556, -0.142807, -0.202054, -0.598406, -0.775296, 0.047531, -0.236143, 0.798036, -0.554414, 0.093989, 0.0, 0.0, 0.0, 1.0],
                [0.91066, 0.002105, -0.413152, -0.143165, -0.363022, -0.473379, -0.802576, 0.048542, -0.197267, 0.880857, -0.430323, 0.095876, 0.0, 0.0, 0.0, 1.0],
                [0.852118, -0.062436, -0.519613, -0.143165, -0.509273, -0.327658, -0.79579, 0.048542, -0.120569, 0.942732, -0.311, 0.095876, 0.0, 0.0, 0.0, 1.0],
                [0.810349, -0.085518, -0.579673, -0.143165, -0.584764, -0.180893, -0.790778, 0.048542, -0.037234, 0.979778, -0.196594, 0.095876, 0.0, 0.0, 0.0, 1.0],
                [0.799103, -0.069973, -0.597108, -0.143165, -0.600277, -0.038003, -0.79889, 0.048542, 0.033209, 0.996826, -0.072372, 0.095876, 0.0, 0.0, 0.0, 1.0],
                [0.805772, -0.026626, -0.591627, -0.143165, -0.585113, 0.118572, -0.802237, 0.048542, 0.09151, 0.992589, 0.079963, 0.095876, 0.0, 0.0, 0.0, 1.0],
                [0.812893, 0.049046, -0.580343, -0.143165, -0.563216, 0.31992, -0.761866, 0.048542, 0.148297, 0.946175, 0.287684, 0.095876, 0.0, 0.0, 0.0, 1.0],
                [0.812955, 0.072526, -0.577792, -0.143165, -0.535372, 0.483421, -0.692591, 0.048542, 0.229085, 0.872379, 0.431828, 0.095876, 0.0, 0.0, 0.0, 1.0],
                [0.80452, -0.004668, -0.593908, -0.143165, -0.488476, 0.563618, -0.666129, 0.048542, 0.337846, 0.826023, 0.451161, 0.095876, 0.0, 0.0, 0.0, 1.0],
                [0.784839, -0.070828, -0.615638, -0.143165, -0.432545, 0.648803, -0.626068, 0.048542, 0.443771, 0.757653, 0.47857, 0.095876, 0.0, 0.0, 0.0, 1.0],
                [0.771284, -0.097238, -0.62902, -0.143165, -0.402936, 0.690425, -0.600797, 0.048542, 0.492712, 0.71684, 0.493333, 0.095876, 0.0, 0.0, 0.0, 1.0],
                [0.771284, -0.097238, -0.62902, -0.143165, -0.402936, 0.690425, -0.600797, 0.048542, 0.492712, 0.71684, 0.493333, 0.095876, 0.0, 0.0, 0.0, 1.0],
                [0.771284, -0.097238, -0.62902, -0.143165, -0.402936, 0.690425, -0.600797, 0.048542, 0.492712, 0.71684, 0.493333, 0.095876, 0.0, 0.0, 0.0, 1.0],
                [0.771284, -0.097238, -0.62902, -0.143165, -0.402936, 0.690425, -0.600797, 0.048542, 0.492712, 0.71684, 0.493333, 0.095876, 0.0, 0.0, 0.0, 1.0],
                [0.771284, -0.097238, -0.62902, -0.143165, -0.402936, 0.690425, -0.600797, 0.048542, 0.492712, 0.71684, 0.493333, 0.095876, 0.0, 0.0, 0.0, 1.0]
            ]
        },
        {
            "name": "Leg_L",
            "time": [0.0, 0.0167, 0.0333, 0.05, 0.0667, 0.0833, 0.1, 0.1167, 0.1333, 0.15, 0.1667, 0.1833, 0.2, 0.2167, 0.2333, 0.25, 0.2667, 0.2833, 0.3, 0.3167, 0.3333, 0.35, 0.3667, 0.3833, 0.4, 0.4167],
            "transform": [
                [1.0, 1.3e-05, 6e-06, -0.0, -1.4e-05, 0.766492, 0.642254, 0.374726, 4e-06, -0.642254, 0.766492, -0.0, 0.0, 0.0, 0.0, 1.0],
                [1.0, 1.6e-05, 9e-06, -0.0, -1.7e-05, 0.621084, 0.783744, 0.374726, 8e-06, -0.783744, 0.621084, -0.0, 0.0, 0.0, 0.0, 1.0],
                [1.0, 1.7e-05, 1e-05, 0.0, -1.8e-05, 0.554981, 0.831863, 0.374726, 9e-06, -0.831863, 0.554981, 0.0, 0.0, 0.0, 0.0, 1.0],
                [1.0, 1.8e-05, 1.2e-05, 0.0, -1.9e-05, 0.46059, 0.887613, 0.374726, 1.1e-05, -0.887613, 0.46059, 0.0, 0.0, 0.0, 0.0, 1.0],
                [1.0, 2e-05, 1.6e-05, 0.0, -2.1e-05, 0.282796, 0.95918, 0.374726, 1.5e-05, -0.95918, 0.282796, -0.0, 0.0, 0.0, 0.0, 1.0],
                [1.0, 2.1e-05, 1.9e-05, 0.0, -2.1e-05, 0.132275, 0.991213, 0.374726, 1.8e-05, -0.991213, 0.132275, -0.0, 0.0, 0.0, 0.0, 1.0],
                [1.0, 2.1e-05, 2e-05, -0.0, -2.2e-05, 0.083586, 0.9965, 0.374726, 1.9e-05, -0.996501, 0.083586, 0.0, 0.0, 0.0, 0.0, 1.0],
                [1.0, 2.1e-05, 1.9e-05, -0.0, -2.2e-05, 0.135699, 0.990749, 0.374726, 1.8e-05, -0.99075, 0.135699, -0.0, 0.0, 0.0, 0.0, 1.0],
                [1.0, 2e-05, 1.7e-05, -0.0, -2.1e-05, 0.222045, 0.975036, 0.374726, 1.6e-05, -0.975037, 0.222045, -0.0, 0.0, 0.0, 0.0, 1.0],
                [1.000001, 2.1e-05, 1.6e-05, -0.0, -2.2e-05, 0.296924, 0.954901, 0.374726, 1.5e-05, -0.954902, 0.296924, -0.0, 0.0, 0.0, 0.0, 1.0],
                [1.0, 1.9e-05, 1.4e-05, 0.0, -2e-05, 0.345862, 0.938284, 0.374726, 1.3e-05, -0.938286, 0.345862, -0.0, 0.0, 0.0, 0.0, 1.0],
                [1.0, 1.8e-05, 1.3e-05, 0.0, -1.9e-05, 0.371594, 0.928394, 0.374726, 1.2e-05, -0.928395, 0.371594, -0.0, 0.0, 0.0, 0.0, 1.0],
                [1.0, 2.1e-05, 1.4e-05, 0.0, -2.1e-05, 0.386594, 0.92225, 0.374726, 1.3e-05, -0.92225, 0.386594, -0.0, 0.0, 0.0, 0.0, 1.0],
                [1.0, 1.9e-05, 1.3e-05, 0.0, -2e-05, 0.4167, 0.909044, 0.374726, 1.2e-05, -0.909044, 0.4167, 0.0, 0.0, 0.0, 0.0, 1.0],
                [1.0, 1.8e-05, 1.2e-05, -0.0, -1.9e-05, 0.475183, 0.879887, 0.374726, 1.1e-05, -0.879887, 0.475183, 0.0, 0.0, 0.0, 0.0, 1.0],
                [1.0, 1.8e-05, 1e-05, 0.0, -1.8e-05, 0.563475, 0.826132, 0.374726, 9e-06, -0.826133, 0.563475, -0.0, 0.0, 0.0, 0.0, 1.0],
                [1.0, 1.5e-05, 7e-06, 0.0, -1.5e-05, 0.688806, 0.724945, 0.374726, 6e-06, -0.724946, 0.688806, -0.0, 0.0, 0.0, 0.0, 1.0],
                [1.0, 9e-06, 3e-06, 0.0, -9e-06, 0.863614, 0.504154, 0.374726, 2e-06, -0.504154, 0.863614, -0.0, 0.0, 0.0, 0.0, 1.0],
                [1.0, 7e-06, 2e-06, 0.0, -7e-06, 0.923171, 0.384389, 0.374726, 1e-06, -0.384389, 0.923171, -0.0, 0.0, 0.0, 0.0, 1.0],
                [1.0, 1e-05, 4e-06, 0.0, -1e-05, 0.841587, 0.540121, 0.374726, 2e-06, -0.540121, 0.841587, 0.0, 0.0, 0.0, 0.0, 1.0],
                [1.0, 1.7e-05, 7e-06, 0.0, -1.7e-05, 0.775648, 0.631166, 0.374726, 5e-06, -0.631166, 0.775648, 0.0, 0.0, 0.0, 0.0, 1.0],
                [1.0, 1.4e-05, 6e-06, 0.0, -1.4e-05, 0.756746, 0.653708, 0.374726, 5e-06, -0.653709, 0.756746, -0.0, 0.0, 0.0, 0.0, 1.0],
                [1.0, 1.4e-05, 6e-06, 0.0, -1.4e-05, 0.756746, 0.653708, 0.374726, 5e-06, -0.653709, 0.756746, -0.0, 0.0, 0.0, 0.0, 1.0],
                [1.0, 1.4e-05, 6e-06, 0.0, -1.4e-05, 0.756746, 0.653708, 0.374726, 5e-06, -0.653709, 0.756746, -0.0, 0.0, 0.0, 0.0, 1.0],
                [1.0, 1.4e-05, 6e-06, 0.0, -1.4e-05, 0.756746, 0.653708, 0.374726, 5e-06, -0.653709, 0.756746, -0.0, 0.0, 0.0, 0.0, 1.0],
                [1.0, 1.4e-05, 6e-06, 0.0, -1.4e-05, 0.756746, 0.653708, 0.374726, 5e-06, -0.653709, 0.756746, -0.0, 0.0, 0.0, 0.0, 1.0]
            ]
        },
        {
            "name": "Knee_L",
            "time": [0.0, 0.4167],
            "transform": [
                [1.0, 0.0, -0.0, 0.0, -0.0, 0.00567, -0.999984, 0.391795, -0.0, 0.999984, 0.00567, -9.7e-05, 0.0, 0.0, 0.0, 1.0],
                [1.0, 0.0, -0.0, -0.0, -0.0, 0.00567, -0.999984, 0.393375, -0.0, 0.999984, 0.00567, -0.000106, 0.0, 0.0, 0.0, 1.0]
            ]
        },
        {
            "name": "Torso",
            "time": [0.0, 0.0167, 0.0333, 0.05, 0.0667, 0.0833, 0.1, 0.1167, 0.1333, 0.15, 0.1667, 0.1833, 0.2, 0.2167, 0.2333, 0.25, 0.2667, 0.2833, 0.3, 0.3167, 0.3333, 0.35, 0.3667, 0.3833, 0.4, 0.4167],
            "transform": [
                [1.0, 0.0, 0.0, 0.0, 0.0, 1.0, 0.0, 0.05, 0.0, 0.0, 1.0, 0.0, 0.0, 0.0, 0.0, 1.0],
                [0.999996, -0.001468, 0.002583, 0.0, 0.001452, 0.999981, 0.006047, 0.05, -0.002592, -0.006043, 0.999978, 0.0, 0.0, 0.0, 0.0, 1.0],
                [0.999937, -0.005614, 0.009729, 0.0, 0.005389, 0.99972, 0.023042, 0.05, -0.009856, -0.022988, 0.999687, 0.0, 0.0, 0.0, 0.0, 1.0],
                [0.999716, -0.012129, 0.020495, 0.0, 0.011107, 0.998723, 0.049286, 0.05, -0.021066, -0.049044, 0.998574, 0.0, 0.0, 0.0, 0.0, 1.0],
                [0.99921, -0.020731, 0.033901, 0.0, 0.017855, 0.996386, 0.083048, 0.05, -0.0355, -0.082377, 0.995969, 0.0, 0.0, 0.0, 0.0, 1.0],
                [0.998317, -0.031093, 0.048958, 0.0, 0.024893, 0.992155, 0.122513, 0.05, -0.052384, -0.121088, 0.991259, 0.0, 0.0, 0.0, 0.0, 1.0],
                [0.996987, -0.042792, 0.064698, 0.0, 0.031548, 0.98566, 0.16577, 0.05, -0.070863, -0.163229, 0.98404, 0.0, 0.0, 0.0, 0.0, 1.0],
                [0.995245, -0.055274, 0.080206, 0.0, 0.03726, 0.976812, 0.210832, 0.05, -0.09, -0.206841, 0.974226, 0.0, 0.0, 0.0, 0.0, 1.0],
                [0.993194, -0.067857, 0.094666, 0.0, 0.041618, 0.965861, 0.255697, 0.05, -0.108785, -0.250017, 0.962111, 0.0, 0.0, 0.0, 0.0, 1.0],
                [0.991016, -0.079737, 0.107377, 0.0, 0.044377, 0.953404, 0.298415, 0.05, -0.126169, -0.290969, 0.948377, 0.0, 0.0, 0.0, 0.0, 1.0],
                [0.988952, -0.090026, 0.11777, 0.0, 0.045451, 0.940352, 0.337155, 0.05, -0.141098, -0.328077, 0.934054, 0.0, 0.0, 0.0, 0.0, 1.0],
                [0.987277, -0.097785, 0.125388, 0.0, 0.044877, 0.927851, 0.370242, 0.05, -0.152545, -0.359904, 0.920434, 0.0, 0.0, 0.0, 0.0, 1.0],
                [0.986268, -0.102064, 0.129843, 0.0, 0.042761, 0.917186, 0.396159, 0.05, -0.159524, -0.385166, 0.908955, 0.0, 0.0, 0.0, 0.0, 1.0],
                [0.985848, -0.103663, 0.131746, 0.0, 0.04005, 0.908773, 0.415366, 0.05, -0.162785, -0.404211, 0.900064, 0.0, 0.0, 0.0, 0.0, 1.0],
                [0.985725, -0.104183, 0.132259, 0.0, 0.03666, 0.899517, 0.435344, 0.05, -0.164325, -0.424281, 0.890496, 0.0, 0.0, 0.0, 0.0, 1.0],
                [0.985813, -0.103909, 0.131819, 0.0, 0.031099, 0.884818, 0.464898, 0.05, -0.164943, -0.454203, 0.875496, 0.0, 0.0, 0.0, 0.0, 1.0],
                [0.986023, -0.103113, 0.130864, 0.0, 0.021821, 0.858629, 0.512134, 0.05, -0.165172, -0.50212, 0.848878, 0.0, 0.0, 0.0, 0.0, 1.0],
                [0.986268, -0.102064, 0.129843, 0.0, 0.007236, 0.812136, 0.583423, 0.05, -0.164997, -0.574472, 0.801722, 0.0, 0.0, 0.0, 0.0, 1.0],
                [0.986395, -0.101425, 0.129374, 0.0, -0.013163, 0.735728, 0.67715, 0.05, -0.163863, -0.66964, 0.724383, 0.0, 0.0, 0.0, 0.0, 1.0],
                [0.986379, -0.101468, 0.129465, 0.0, -0.034845, 0.640312, 0.767324, 0.05, -0.160757, -0.761384, 0.628054, 0.0, 0.0, 0.0, 0.0, 1.0],
                [0.986308, -0.101834, 0.129714, 0.0, -0.05179, 0.555499, 0.829902, 0.05, -0.156568, -0.825258, 0.54262, 0.0, 0.0, 0.0, 0.0, 1.0],
                [0.986268, -0.102064, 0.129843, 0.0, -0.058571, 0.51893, 0.852808, 0.05, -0.154421, -0.848702, 0.505826, 0.0, 0.0, 0.0, 0.0, 1.0],
                [0.986268, -0.102064, 0.129843, 0.0, -0.058571, 0.51893, 0.852808, 0.05, -0.154421, -0.848702, 0.505826, 0.0, 0.0, 0.0, 0.0, 1.0],
                [0.986268, -0.102064, 0.129843, 0.0, -0.058571, 0.51893, 0.852808, 0.05, -0.154421, -0.848702, 0.505826, 0.0, 0.0, 0.0, 0.0, 1.0],
                [0.986268, -0.102064, 0.129843, 0.0, -0.058571, 0.51893, 0.852808, 0.05, -0.154421, -0.848702, 0.505826, 0.0, 0.0, 0.0, 0.0, 1.0],
                [0.986268, -0.102064, 0.129843, 0.0, -0.058571, 0.51893, 0.852808, 0.05, -0.154421, -0.848702, 0.505826, 0.0, 0.0, 0.0, 0.0, 1.0]
            ]
        },
        {
            "name": "Chest",
            "time": [0.0, 0.0167, 0.0333, 0.05, 0.0667, 0.0833, 0.1, 0.1167, 0.1333, 0.15, 0.1667, 0.1833, 0.2, 0.2167, 0.2333, 0.25, 0.2667, 0.2833, 0.3, 0.3167, 0.3333, 0.35, 0.3667, 0.3833, 0.4, 0.4167],
            "transform": [
                [0.967045, -0.041937, -0.251128, 0.0, -0.017311, 0.973229, -0.229183, 0.3, 0.254017, 0.225977, 0.940431, 0.0, 0.0, 0.0, 0.0, 1.0],
                [0.92323, -0.111545, -0.367701, -0.0, -0.041257, 0.922629, -0.383476, 0.3, 0.382026, 0.369207, 0.847197, -0.0, 0.0, 0.0, 0.0, 1.0],
                [0.863354, -0.197957, -0.464148, 0.0, -0.086474, 0.848185, -0.522594, 0.3, 0.497135, 0.49132, 0.715166, 0.0, 0.0, 0.0, 0.0, 1.0],
                [0.89558, -0.153763, -0.417485, -0.0, -0.058033, 0.889986, -0.45228, 0.3, 0.4411, 0.42928, 0.78813, 0.0, 0.0, 0.0, 0.0, 1.0],
                [0.959881, -0.060496, -0.273803, 0.0, -0.00941, 0.96895, -0.247076, 0.3, 0.280248, 0.23974, 0.929508, 0.0, 0.0, 0.0, 0.0, 1.0],
                [0.998599, 0.006626, -0.052504, 0.0, -0.003947, 0.998692, 0.050972, 0.3, 0.052773, -0.050693, 0.997319, -0.0, 0.0, 0.0, 0.0, 1.0],
                [0.987822, 0.004744, 0.155517, 0.0, -0.056015, 0.943355, 0.327021, 0.3, -0.145157, -0.33175, 0.932133, -0.0, 0.0, 0.0, 0.0, 1.0],
                [0.964645, -0.030229, 0.261814, -0.0, -0.107529, 0.861815, 0.495694, 0.3, -0.24062, -0.506322, 0.828095, -0.0, 0.0, 0.0, 0.0, 1.0],
                [0.954157, -0.060466, 0.293135, -0.0, -0.127931, 0.80302, 0.582058, 0.3, -0.270588, -0.592876, 0.758472, -0.0, 0.0, 0.0, 0.0, 1.0],
                [0.946806, -0.087775, 0.309603, 0.0, -0.137063, 0.760461, 0.634754, 0.3, -0.291157, -0.643424, 0.707978, 0.0, 0.0, 0.0, 0.0, 1.0],
                [0.942153, -0.10954, 0.316778, -0.0, -0.138364, 0.733706, 0.66523, 0.3, -0.305291, -0.670579, 0.676107, -0.0, 0.0, 0.0, 0.0, 1.0],
                [0.939709, -0.123896, 0.318741, 0.0, -0.135776, 0.720277, 0.680268, 0.3, -0.313864, -0.682532, 0.66003, -0.0, 0.0, 0.0, 0.0, 1.0],
                [0.939008, -0.129067, 0.318755, -0.0, -0.133821, 0.716704, 0.684417, 0.3, -0.316789, -0.68533, 0.655719, -0.0, 0.0, 0.0, 0.0, 1.0],
                [0.939008, -0.129067, 0.318755, 0.0, -0.133821, 0.716704, 0.684417, 0.3, -0.316789, -0.68533, 0.655719, -0.0, 0.0, 0.0, 0.0, 1.0],
                [0.939008, -0.129067, 0.318755, -0.0, -0.133821, 0.716704, 0.684417, 0.3, -0.316789, -0.68533, 0.655719, -0.0, 0.0, 0.0, 0.0, 1.0],
                [0.939008, -0.129067, 0.318755, 0.0, -0.133821, 0.716704, 0.684417, 0.3, -0.316789, -0.68533, 0.655719, 0.0, 0.0, 0.0, 0.0, 1.0],
                [0.939009, -0.129067, 0.318755, 0.0, -0.133821, 0.716704, 0.684417, 0.3, -0.316789, -0.68533, 0.655719, -0.0, 0.0, 0.0, 0.0, 1.0],
                [0.939008, -0.129067, 0.318755, -0.0, -0.133821, 0.716704, 0.684417, 0.3, -0.316789, -0.68533, 0.655719, 0.0, 0.0, 0.0, 0.0, 1.0],
                [0.939009, -0.129067, 0.318755, -0.0, -0.133821, 0.716704, 0.684418, 0.3, -0.316789, -0.68533, 0.655719, -0.0, 0.0, 0.0, 0.0, 1.0],
                [0.939008, -0.129067, 0.318755, -0.0, -0.133821, 0.716704, 0.684417, 0.3, -0.316789, -0.68533, 0.655719, 0.0, 0.0, 0.0, 0.0, 1.0],
                [0.939008, -0.129067, 0.318755, -0.0, -0.133821, 0.716704, 0.684418, 0.3, -0.316789, -0.68533, 0.655719, 0.0, 0.0, 0.0, 0.0, 1.0],
                [0.939008, -0.129067, 0.318755, 0.0, -0.133821, 0.716704, 0.684418, 0.3, -0.316789, -0.68533, 0.655719, 0.0, 0.0, 0.0, 0.0, 1.0],
                [0.939008, -0.129067, 0.318755, -0.0, -0.133821, 0.716704, 0.684418, 0.3, -0.316789, -0.68533, 0.655719, 0.0, 0.0, 0.0, 0.0, 1.0],
                [0.939008, -0.129067, 0.318755, -0.0, -0.133821, 0.716704, 0.684417, 0.3, -0.316789, -0.68533, 0.655719, 0.0, 0.0, 0.0, 0.0, 1.0],
                [0.939008, -0.129067, 0.318755, -0.0, -0.133821, 0.716704, 0.684418, 0.3, -0.316789, -0.68533, 0.655719, 0.0, 0.0, 0.0, 0.0, 1.0],
                [0.939008, -0.129067, 0.318755, 0.0, -0.133821, 0.716704, 0.684418, 0.3, -0.316789, -0.68533, 0.655719, 0.0, 0.0, 0.0, 0.0, 1.0]
            ]
        },
        {
            "name": "Head",
            "time": [0.0, 0.0167, 0.0333, 0.05, 0.0667, 0.0833, 0.1, 0.1167, 0.1333, 0.15, 0.1667, 0.1833, 0.2, 0.2167, 0.2333, 0.25, 0.2667, 0.2833, 0.3, 0.3167, 0.3333, 0.35, 0.3667, 0.3833, 0.4, 0.4167],
            "transform": [
                [1.0, 0.0, 0.0, 0.0, -0.0, 1.0, -0.0, 0.4, -0.0, -0.0, 1.0, -0.0, 0.0, 0.0, 0.0, 1.0],
                [0.999981, 0.00436, -0.004449, 0.0, -0.004325, 0.99996, 0.007785, 0.4, 0.004483, -0.007766, 0.99996, -0.0, 0.0, 0.0, 0.0, 1.0],
                [0.999751, 0.01577, -0.015773, -0.0, -0.015324, 0.999492, 0.02796, 0.4, 0.016206, -0.027711, 0.999485, -0.0, 0.0, 0.0, 0.0, 1.0],
                [0.999019, 0.031739, -0.030886, -0.0, -0.029983, 0.997995, 0.055743, 0.4, 0.032593, -0.054763, 0.997967, -0.0, 0.0, 0.0, 0.0, 1.0],
                [0.997671, 0.049592, -0.046833, 0.0, -0.045423, 0.99524, 0.086221, 0.4, 0.050886, -0.083893, 0.995175, 0.0, 0.0, 0.0, 0.0, 1.0],
                [0.995932, 0.066361, -0.060965, -0.0, -0.059079, 0.991685, 0.114327, 0.4, 0.068045, -0.11026, 0.991571, -0.0, 0.0, 0.0, 0.0, 1.0],
                [0.994357, 0.078838, -0.07098, 0.0, -0.068739, 0.988468, 0.134931, 0.4, 0.080799, -0.129291, 0.988309, 0.0, 0.0, 0.0, 0.0, 1.0],
                [0.993679, 0.083722, -0.074788, 0.0, -0.072409, 0.987081, 0.142927, 0.4, 0.085787, -0.136608, 0.986904, 0.0, 0.0, 0.0, 0.0, 1.0],
                [0.993679, 0.083722, -0.074788, -0.0, -0.072409, 0.987081, 0.142927, 0.4, 0.085787, -0.136608, 0.986904, 0.0, 0.0, 0.0, 0.0, 1.0],
                [0.993679, 0.083722, -0.074787, 0.0, -0.072409, 0.987081, 0.142927, 0.4, 0.085787, -0.136608, 0.986903, -0.0, 0.0, 0.0, 0.0, 1.0],
                [0.993679, 0.083722, -0.074788, 0.0, -0.072409, 0.987081, 0.142927, 0.4, 0.085787, -0.136608, 0.986904, -0.0, 0.0, 0.0, 0.0, 1.0],
                [0.993679, 0.083722, -0.074788, -0.0, -0.072409, 0.987081, 0.142927, 0.4, 0.085787, -0.136608, 0.986904, -0.0, 0.0, 0.0, 0.0, 1.0],
                [0.993679, 0.083722, -0.074788, 0.0, -0.072409, 0.987081, 0.142927, 0.4, 0.085787, -0.136608, 0.986904, -0.0, 0.0, 0.0, 0.0, 1.0],
                [0.993679, 0.083722, -0.074788, -0.0, -0.072409, 0.987081, 0.142927, 0.4, 0.085787, -0.136608, 0.986904, 0.0, 0.0, 0.0, 0.0, 1.0],
                [0.993679, 0.083722, -0.074788, -0.0, -0.072409, 0.987081, 0.142927, 0.4, 0.085787, -0.136608, 0.986904, 0.0, 0.0, 0.0, 0.0, 1.0],
                [0.993679, 0.083722, -0.074788, 0.0, -0.072409, 0.987081, 0.142927, 0.4, 0.085787, -0.136608, 0.986904, 0.0, 0.0, 0.0, 0.0, 1.0],
                [0.993679, 0.083722, -0.074788, -0.0, -0.072409, 0.987081, 0.142927, 0.4, 0.085788, -0.136608, 0.986903, 0.0, 0.0, 0.0, 0.0, 1.0],
                [0.993679, 0.083722, -0.074788, -0.0, -0.072409, 0.987081, 0.142927, 0.4, 0.085787, -0.136608, 0.986904, -0.0, 0.0, 0.0, 0.0, 1.0],
                [0.993679, 0.083722, -0.074788, -0.0, -0.072409, 0.987081, 0.142927, 0.4, 0.085787, -0.136608, 0.986904, -0.0, 0.0, 0.0, 0.0, 1.0],
                [0.993679, 0.083722, -0.074788, 0.0, -0.072409, 0.987081, 0.142927, 0.4, 0.085787, -0.136608, 0.986904, -0.0, 0.0, 0.0, 0.0, 1.0],
                [0.993679, 0.083722, -0.074788, -0.0, -0.072409, 0.987081, 0.142927, 0.4, 0.085787, -0.136608, 0.986904, -0.0, 0.0, 0.0, 0.0, 1.0],
                [0.993679, 0.083722, -0.074788, -0.0, -0.072409, 0.987081, 0.142927, 0.4, 0.085787, -0.136608, 0.986904, 0.0, 0.0, 0.0, 0.0, 1.0],
                [0.993679, 0.083722, -0.074788, -0.0, -0.072409, 0.987081, 0.142927, 0.4, 0.085787, -0.136608, 0.986904, 0.0, 0.0, 0.0, 0.0, 1.0],
                [0.993679, 0.083722, -0.074787, -0.0, -0.072409, 0.987081, 0.142927, 0.4, 0.085787, -0.136608, 0.986904, 0.0, 0.0, 0.0, 0.0, 1.0],
                [0.993679, 0.083722, -0.074788, -0.0, -0.072409, 0.987081, 0.142927, 0.4, 0.085787, -0.136608, 0.986904, -0.0, 0.0, 0.0, 0.0, 1.0],
                [0.993679, 0.083722, -0.074787, -0.0, -0.072409, 0.987081, 0.142927, 0.4, 0.085787, -0.136608, 0.986904, 0.0, 0.0, 0.0, 0.0, 1.0]
            ]
        },
        {
            "name": "Shoulder_R",
            "time": [0.0, 0.0167, 0.0333, 0.05, 0.0667, 0.0833, 0.1, 0.1167, 0.1333, 0.15, 0.1667, 0.1833, 0.2, 0.2167, 0.2333, 0.25, 0.2667, 0.2833, 0.3, 0.3167, 0.3333, 0.35, 0.3667, 0.3833, 0.4, 0.4167],
            "transform": [
                [0.0, 0.952114, 0.305743, -0.0, 0.0, -0.305743, 0.952114, 0.4, 1.0, 0.0, -0.0, 0.0, 0.0, 0.0, 0.0, 1.0],
                [0.0, 0.952114, 0.305743, 0.000423, -0.0, -0.305743, 0.952114, 0.399228, 1.0, -0.0, -0.0, -0.00183, 0.0, 0.0, 0.0, 1.0],
                [0.0, 0.952114, 0.305743, 0.001591, 0.0, -0.305743, 0.952114, 0.397093, 1.0, 0.0, -0.0, -0.006888, 0.0, 0.0, 0.0, 1.0],
                [0.0, 0.952114, 0.305743, 0.003355, 0.0, -0.305743, 0.952114, 0.393867, 1.0, -0.0, -0.0, -0.01453, 0.0, 0.0, 0.0, 1.0],
                [0.0, 0.952114, 0.305743, 0.005567, -0.0, -0.305743, 0.952114, 0.389824, 1.0, -0.0, -0.0, -0.024109, 0.0, 0.0, 0.0, 1.0],
                [0.0, 0.952114, 0.305743, 0.008077, 0.0, -0.305743, 0.952114, 0.385237, 1.0, 0.0, -0.0, -0.03498, 0.0, 0.0, 0.0, 1.0],
                [0.0, 0.952114, 0.305743, 0.010737, 0.0, -0.305743, 0.952114, 0.380376, 1.0, 0.0, -0.0, -0.046496, 0.0, 0.0, 0.0, 1.0],
                [0.0, 0.952114, 0.305743, 0.013396, 0.0, -0.305743, 0.952114, 0.375515, 1.0, 0.0, 0.0, -0.058012, 0.0, 0.0, 0.0, 1.0],
                [0.0, 0.952114, 0.305743, 0.015906, 0.0, -0.305743, 0.952114, 0.370927, 1.0, 0.0, -0.0, -0.068883, 0.0, 0.0, 0.0, 1.0],
                [0.0, 0.952114, 0.305743, 0.018118, 0.0, -0.305743, 0.952114, 0.366884, 1.0, 0.0, -0.0, -0.078462, 0.0, 0.0, 0.0, 1.0],
                [0.0, 0.952114, 0.305743, 0.019882, 0.0, -0.305743, 0.952114, 0.363659, 1.0, 0.0, -0.0, -0.086103, 0.0, 0.0, 0.0, 1.0],
                [0.0, 0.952114, 0.305743, 0.02105, 0.0, -0.305743, 0.952114, 0.361524, 1.0, -0.0, -0.0, -0.091162, 0.0, 0.0, 0.0, 1.0],
                [0.0, 0.952114, 0.305743, 0.021473, 0.0, -0.305743, 0.952114, 0.360752, 1.0, -0.0, -0.0, -0.092992, 0.0, 0.0, 0.0, 1.0],
                [0.0, 0.952114, 0.305743, 0.021473, 0.0, -0.305743, 0.952114, 0.360752, 1.0, 0.0, -0.0, -0.092992, 0.0, 0.0, 0.0, 1.0],
                [0.0, 0.952114, 0.305743, 0.021473, 0.0, -0.305743, 0.952114, 0.360752, 1.0, 0.0, -0.0, -0.092992, 0.0, 0.0, 0.0, 1.0],
                [0.0, 0.952114, 0.305743, 0.021473, 0.0, -0.305743, 0.952114, 0.360752, 1.0, 0.0, -0.0, -0.092991, 0.0, 0.0, 0.0, 1.0],
                [0.0, 0.952114, 0.305743, 0.021473, 0.0, -0.305743, 0.952114, 0.360752, 1.0, 0.0, -0.0, -0.092992, 0.0, 0.0, 0.0, 1.0],
                [0.0, 0.952114, 0.305743, 0.021473, 0.0, -0.305743, 0.952114, 0.360752, 1.0, 0.0, -0.0, -0.092991, 0.0, 0.0, 0.0, 1.0],
                [0.0, 0.952114, 0.305743, 0.021473, 0.0, -0.305743, 0.952114, 0.360752, 1.0, 0.0, -0.0, -0.092992, 0.0, 0.0, 0.0, 1.0],
                [0.0, 0.952114, 0.305743, 0.021473, 0.0, -0.305743, 0.952114, 0.360752, 1.0, 0.0, -0.0, -0.092992, 0.0, 0.0, 0.0, 1.0],
                [0.0, 0.952114, 0.305743, 0.021473, -0.0, -0.305743, 0.952114, 0.360752, 1.0, 0.0, -0.0, -0.092992, 0.0, 0.0, 0.0, 1.0],
                [0.0, 0.952114, 0.305743, 0.021473, -0.0, -0.305743, 0.952114, 0.360752, 1.0, -0.0, 0.0, -0.092992, 0.0, 0.0, 0.0, 1.0],
                [0.0, 0.952114, 0.305743, 0.021473, 0.0, -0.305743, 0.952114, 0.360752, 1.0, 0.0, 0.0, -0.092992, 0.0, 0.0, 0.0, 1.0],
                [0.0, 0.952114, 0.305743, 0.021473, 0.0, -0.305743, 0.952114, 0.360752, 1.0, 0.0, -0.0, -0.092992, 0.0, 0.0, 0.0, 1.0],
                [0.0, 0.952114, 0.305743, 0.021473, -0.0, -0.305743, 0.952114, 0.360752, 1.0, -0.0, 0.0, -0.092992, 0.0, 0.0, 0.0, 1.0],
                [0.0, 0.952114, 0.305743, 0.021473, -0.0, -0.305743, 0.952114, 0.360752, 1.0, -0.0, -0.0, -0.092992, 0.0, 0.0, 0.0, 1.0]
            ]
        },
        {
            "name": "Arm_R",
            "time": [0.0, 0.0167, 0.0333, 0.05, 0.0667, 0.0833, 0.1, 0.1167, 0.1333, 0.15, 0.1667, 0.1833, 0.2, 0.2167, 0.2333, 0.25, 0.2667, 0.2833, 0.3, 0.3167, 0.3333, 0.35, 0.3667, 0.3833, 0.4, 0.4167],
            "transform": [
                [-0.121642, -0.991686, -0.041986, -0.0, 0.98751, -0.116645, -0.105918, 0.39386, 0.10014, -0.054345, 0.993488, 0.0, 0.0, 0.0, 0.0, 1.0],
                [-0.182814, -0.92969, 0.319775, -0.0, 0.983061, -0.168552, 0.071975, 0.39386, -0.013016, 0.327516, 0.944756, -0.0, 0.0, 0.0, 0.0, 1.0],
                [-0.213841, -0.955392, 0.203715, -0.0, 0.970217, -0.18342, 0.158231, 0.393861, -0.113807, 0.231484, 0.966159, -0.0, 0.0, 0.0, 0.0, 1.0],
                [-0.194537, -0.915488, 0.35219, 0.0, 0.979313, -0.160887, 0.122725, 0.393861, -0.05569, 0.368779, 0.927847, -0.0, 0.0, 0.0, 0.0, 1.0],
                [-0.115818, -0.854496, 0.506382, 0.0, 0.990624, -0.136559, -0.003864, 0.39386, 0.072452, 0.501187, 0.862301, 0.0, 0.0, 0.0, 0.0, 1.0],
                [0.092643, -0.728439, 0.678819, 0.0, 0.980138, -0.053342, -0.191008, 0.39386, 0.175348, 0.683031, 0.709029, -0.0, 0.0, 0.0, 0.0, 1.0],
                [0.434976, -0.330463, 0.83761, 0.0, 0.893683, 0.044677, -0.446469, 0.39386, 0.11012, 0.942761, 0.314763, -0.0, 0.0, 0.0, 0.0, 1.0],
                [0.123044, -0.206914, 0.970591, 0.0, 0.977537, -0.14337, -0.154488, 0.39386, 0.171119, 0.967798, 0.184626, -0.0, 0.0, 0.0, 0.0, 1.0],
                [-0.018691, -0.355571, 0.934463, 0.0, 0.985445, -0.1645, -0.042882, 0.393861, 0.168966, 0.92006, 0.35347, 0.0, 0.0, 0.0, 0.0, 1.0],
                [-0.064182, -0.68246, 0.7281, 0.0, 0.991203, -0.128215, -0.032804, 0.39386, 0.115741, 0.71959, 0.684687, 0.0, 0.0, 0.0, 0.0, 1.0],
                [-0.184499, -0.952564, 0.242038, 0.0, 0.982788, -0.176456, 0.054693, 0.39386, -0.009389, 0.247963, 0.968724, -0.0, 0.0, 0.0, 0.0, 1.0],
                [-0.196179, -0.9197, -0.340097, -0.0, 0.969379, -0.129656, -0.208553, 0.39386, 0.14771, -0.370596, 0.916974, 0.0, 0.0, 0.0, 0.0, 1.0],
                [-0.357097, -0.789672, -0.498899, 0.0, 0.909244, -0.171555, -0.379268, 0.39386, 0.213908, -0.589057, 0.779266, 0.0, 0.0, 0.0, 0.0, 1.0],
                [-0.45505, -0.743088, -0.490663, -0.0, 0.869442, -0.251743, -0.425084, 0.393861, 0.192354, -0.620038, 0.760627, -0.0, 0.0, 0.0, 0.0, 1.0],
                [-0.519475, -0.64638, -0.558873, 0.0, 0.835406, -0.246747, -0.491133, 0.393861, 0.179559, -0.722018, 0.668168, 0.0, 0.0, 0.0, 0.0, 1.0],
                [-0.559493, -0.600629, -0.571151, -0.0, 0.809438, -0.24775, -0.532381, 0.39386, 0.178261, -0.760175, 0.624786, 0.0, 0.0, 0.0, 0.0, 1.0],
                [-0.576078, -0.59514, -0.560307, -0.0, 0.794279, -0.245712, -0.55565, 0.39386, 0.193016, -0.765138, 0.614256, -0.0, 0.0, 0.0, 0.0, 1.0],
