{
    "animation": [
        {
            "name": "Root",
            "time": [0.0, 0.0167, 0.0333, 0.05, 0.0667, 0.0833, 0.1, 0.1167, 0.1333, 0.15, 0.1667, 0.1833, 0.2, 0.2167, 0.2333, 0.25, 0.2667, 0.2833, 0.3, 0.3167, 0.3333, 0.35, 0.3667, 0.3833, 0.4, 0.4167, 0.4333, 0.45, 0.4667, 0.4833, 0.5, 0.5167, 0.5333, 0.55, 0.5667, 0.5833, 0.6, 0.6167, 0.6333, 0.65, 0.6667],
            "transform": [
                [1.0, 0.0, 0.0, -0.0346, 0.0, 0.0, -1.0, 0.076273, 0.0, 1.0, 0.0, 0.540776, 0.0, 0.0, 0.0, 1.0],
                [1.0, 0.0, 0.0, -0.039595, 0.0, 0.0, -1.0, -0.055404, 0.0, 1.0, 0.0, 0.547047, 0.0, 0.0, 0.0, 1.0],
                [1.0, 0.0, 0.0, -0.051505, 0.0, 0.0, -1.0, -0.135274, 0.0, 1.0, 0.0, 0.552754, 0.0, 0.0, 0.0, 1.0],
                [1.0, 0.0, 0.0, -0.065721, 0.0, 0.0, -1.0, -0.176289, 0.0, 1.0, 0.0, 0.557419, 0.0, 0.0, 0.0, 1.0],
                [1.0, 0.0, 0.0, -0.077632, 0.0, 0.0, -1.0, -0.191399, 0.0, 1.0, 0.0, 0.560567, 0.0, 0.0, 0.0, 1.0],
                [1.0, 0.0, 0.0, -0.082626, 0.0, 0.0, -1.0, -0.193558, 0.0, 1.0, 0.0, 0.561722, 0.0, 0.0, 0.0, 1.0],
                [1.0, 0.0, 0.0, -0.082626, 0.0, 0.0, -1.0, -0.19311, 0.0, 1.0, 0.0, 0.561722, 0.0, 0.0, 0.0, 1.0],
                [1.0, 0.0, 0.0, -0.082626, 0.0, 0.0, -1.0, -0.191996, 0.0, 1.0, 0.0, 0.561722, 0.0, 0.0, 0.0, 1.0],
                [1.0, 0.0, 0.0, -0.082626, 0.0, 0.0, -1.0, -0.190564, 0.0, 1.0, 0.0, 0.561722, 0.0, 0.0, 0.0, 1.0],
                [1.0, 0.0, 0.0, -0.082626, 0.0, 0.0, -1.0, -0.189161, 0.0, 1.0, 0.0, 0.561722, 0.0, 0.0, 0.0, 1.0],
                [1.0, 0.0, 0.0, -0.082626, 0.0, 0.0, -1.0, -0.188134, 0.0, 1.0, 0.0, 0.561722, 0.0, 0.0, 0.0, 1.0],
                [1.0, 0.0, 0.0, -0.082626, 0.0, 0.0, -1.0, -0.187317, 0.0, 1.0, 0.0, 0.561722, 0.0, 0.0, 0.0, 1.0],
                [1.0, 0.0, 0.0, -0.082626, 0.0, 0.0, -1.0, -0.184496, 0.0, 1.0, 0.0, 0.561722, 0.0, 0.0, 0.0, 1.0],
                [1.0, 0.0, 0.0, -0.082626, 0.0, 0.0, -1.0, -0.176941, 0.0, 1.0, 0.0, 0.561722, 0.0, 0.0, 0.0, 1.0],
                [1.0, 0.0, 0.0, -0.082626, 0.0, 0.0, -1.0, -0.161924, 0.0, 1.0, 0.0, 0.561722, 0.0, 0.0, 0.0, 1.0],
                [1.0, 0.0, 0.0, -0.082626, 0.0, 0.0, -1.0, 0.070389, 0.0, 1.0, 0.0, 0.561722, 0.0, 0.0, 0.0, 1.0],
                [1.0, 0.0, 0.0, -0.082626, 0.0, 0.0, -1.0, 0.596559, 0.0, 1.0, 0.0, 0.561722, 0.0, 0.0, 0.0, 1.0],
                [1.0, 0.0, 0.0, -0.082626, 0.0, 0.0, -1.0, 1.219403, 0.0, 1.0, 0.0, 0.561722, 0.0, 0.0, 0.0, 1.0],
                [1.0, 0.0, 0.0, -0.082626, 0.0, 0.0, -1.0, 1.741742, 0.0, 1.0, 0.0, 0.561722, 0.0, 0.0, 0.0, 1.0],
                [1.0, 0.0, 0.0, -0.082626, 0.0, 0.0, -1.0, 1.966391, 0.0, 1.0, 0.0, 0.561722, 0.0, 0.0, 0.0, 1.0],
                [1.0, 0.0, 0.0, -0.081484, 0.0, 0.0, -1.0, 1.974587, 0.0, 1.0, 0.0, 0.566154, 0.0, 0.0, 0.0, 1.0],
                [1.0, 0.0, 0.0, -0.078759, 0.0, 0.0, -1.0, 1.979559, 0.0, 1.0, 0.0, 0.578218, 0.0, 0.0, 0.0, 1.0],
                [1.0, 0.0, 0.0, -0.075507, 0.0, 0.0, -1.0, 1.982112, 0.0, 1.0, 0.0, 0.596064, 0.0, 0.0, 0.0, 1.0],
                [1.0, 0.0, 0.0, -0.072783, 0.0, 0.0, -1.0, 1.983053, 0.0, 1.0, 0.0, 0.617843, 0.0, 0.0, 0.0, 1.0],
                [1.0, 0.0, 0.0, -0.07164, 0.0, 0.0, -1.0, 1.983187, 0.0, 1.0, 0.0, 0.641706, 0.0, 0.0, 0.0, 1.0],
                [1.0, 0.0, 0.0, -0.07164, 0.0, 0.0, -1.0, 1.983187, 0.0, 1.0, 0.0, 0.666037, 0.0, 0.0, 0.0, 1.0],
                [1.0, 0.0, 0.0, -0.07164, 0.0, 0.0, -1.0, 1.983187, 0.0, 1.0, 0.0, 0.690159, 0.0, 0.0, 0.0, 1.0],
                [1.0, 0.0, 0.0, -0.07164, 0.0, 0.0, -1.0, 1.983187, 0.0, 1.0, 0.0, 0.713626, 0.0, 0.0, 0.0, 1.0],
                [1.0, 0.0, 0.0, -0.07164, 0.0, 0.0, -1.0, 1.983187, 0.0, 1.0, 0.0, 0.735996, 0.0, 0.0, 0.0, 1.0],
                [1.0, 0.0, 0.0, -0.07164, 0.0, 0.0, -1.0, 1.983187, 0.0, 1.0, 0.0, 0.756824, 0.0, 0.0, 0.0, 1.0],
                [1.0, 0.0, 0.0, -0.07164, 0.0, 0.0, -1.0, 1.983187, 0.0, 1.0, 0.0, 0.775666, 0.0, 0.0, 0.0, 1.0],
                [1.0, 0.0, 0.0, -0.07164, 0.0, 0.0, -1.0, 1.983187, 0.0, 1.0, 0.0, 0.792078, 0.0, 0.0, 0.0, 1.0],
                [1.0, 0.0, 0.0, -0.07164, 0.0, 0.0, -1.0, 1.983187, 0.0, 1.0, 0.0, 0.805615, 0.0, 0.0, 0.0, 1.0],
                [1.0, 0.0, 0.0, -0.07164, 0.0, 0.0, -1.0, 1.983187, 0.0, 1.0, 0.0, 0.815835, 0.0, 0.0, 0.0, 1.0],
                [1.0, 0.0, 0.0, -0.07164, 0.0, 0.0, -1.0, 1.983187, 0.0, 1.0, 0.0, 0.822292, 0.0, 0.0, 0.0, 1.0],
                [1.0, 0.0, 0.0, -0.07164, 0.0, 0.0, -1.0, 1.983187, 0.0, 1.0, 0.0, 0.824544, 0.0, 0.0, 0.0, 1.0],
                [1.0, 0.0, 0.0, -0.07164, 0.0, 0.0, -1.0, 1.983187, 0.0, 1.0, 0.0, 0.824544, 0.0, 0.0, 0.0, 1.0],
                [1.0, 0.0, 0.0, -0.07164, 0.0, 0.0, -1.0, 1.983187, 0.0, 1.0, 0.0, 0.824544, 0.0, 0.0, 0.0, 1.0],
                [1.0, 0.0, 0.0, -0.07164, 0.0, 0.0, -1.0, 1.983187, 0.0, 1.0, 0.0, 0.824544, 0.0, 0.0, 0.0, 1.0],
                [1.0, 0.0, 0.0, -0.07164, 0.0, 0.0, -1.0, 1.983187, 0.0, 1.0, 0.0, 0.824544, 0.0, 0.0, 0.0, 1.0],
                [1.0, 0.0, 0.0, -0.07164, 0.0, 0.0, -1.0, 1.983187, 0.0, 1.0, 0.0, 0.824544, 0.0, 0.0, 0.0, 1.0]
            ]
        },
        {
            "name": "Thigh_R",
            "time": [0.0, 0.0167, 0.0333, 0.05, 0.0667, 0.0833, 0.1, 0.1167, 0.1333, 0.15, 0.1667, 0.1833, 0.2, 0.2167, 0.2333, 0.25, 0.2667, 0.2833, 0.3, 0.3167, 0.3333, 0.35, 0.3667, 0.3833, 0.4, 0.4167, 0.4333, 0.45, 0.4667, 0.4833, 0.5, 0.5167, 0.5333, 0.55, 0.5667, 0.5833, 0.6, 0.6167, 0.6333, 0.65, 0.6667],
            "transform": [
                [0.832841, -0.269312, -0.483578, 0.095411, 0.329096, -0.461535, 0.823821, -0.007527, -0.445053, -0.845256, -0.295756, -0.145384, 0.0, 0.0, 0.0, 1.0],
                [0.796472, -0.268445, -0.541821, 0.095411, 0.437285, -0.363165, 0.822736, -0.007527, -0.417629, -0.892216, -0.171863, -0.145384, 0.0, 0.0, 0.0, 1.0],
                [0.770214, -0.233737, -0.593412, 0.095411, 0.499131, -0.358309, 0.788976, -0.007527, -0.397038, -0.90387, -0.159309, -0.145384, 0.0, 0.0, 0.0, 1.0],
                [0.755468, -0.190762, -0.626799, 0.095411, 0.531335, -0.38136, 0.756471, -0.007527, -0.383342, -0.904531, -0.186747, -0.145384, 0.0, 0.0, 0.0, 1.0],
                [0.75075, -0.157868, -0.641445, 0.095411, 0.543566, -0.404155, 0.73566, -0.007527, -0.37538, -0.900965, -0.217608, -0.145384, 0.0, 0.0, 0.0, 1.0],
                [0.754098, -0.142384, -0.641143, 0.095411, 0.541266, -0.418178, 0.729493, -0.007527, -0.37198, -0.897137, -0.23828, -0.145384, 0.0, 0.0, 0.0, 1.0],
                [0.761094, -0.132783, -0.634905, 0.095411, 0.532368, -0.431326, 0.728384, -0.007527, -0.370568, -0.892372, -0.25759, -0.145384, 0.0, 0.0, 0.0, 1.0],
                [0.76811, -0.118717, -0.629216, 0.095411, 0.523129, -0.450316, 0.723569, -0.007527, -0.369246, -0.884942, -0.283788, -0.145384, 0.0, 0.0, 0.0, 1.0],
                [0.774326, -0.101774, -0.624549, 0.095411, 0.514691, -0.472875, 0.71518, -0.007527, -0.36812, -0.875233, -0.313777, -0.145384, 0.0, 0.0, 0.0, 1.0],
                [0.778819, -0.086487, -0.621258, 0.095411, 0.508418, -0.49303, 0.705998, -0.007527, -0.367358, -0.865703, -0.340009, -0.145384, 0.0, 0.0, 0.0, 1.0],
                [0.780645, -0.080905, -0.619716, 0.095411, 0.505759, -0.500746, 0.702469, -0.007527, -0.367153, -0.861806, -0.349986, -0.145384, 0.0, 0.0, 0.0, 1.0],
                [0.780867, -0.083393, -0.619107, 0.095411, 0.505311, -0.498382, 0.704469, -0.007527, -0.367299, -0.862938, -0.34703, -0.145384, 0.0, 0.0, 0.0, 1.0],
                [0.781631, -0.091419, -0.617005, 0.095411, 0.503755, -0.490792, 0.710883, -0.007527, -0.36781, -0.866468, -0.337565, -0.145384, 0.0, 0.0, 0.0, 1.0],
                [0.783676, -0.110529, -0.611258, 0.095411, 0.499562, -0.472694, 0.725947, -0.007527, -0.369176, -0.874268, -0.315222, -0.145384, 0.0, 0.0, 0.0, 1.0],
                [0.787729, -0.141432, -0.599567, 0.095411, 0.491098, -0.443399, 0.749814, -0.007527, -0.371895, -0.885096, -0.279822, -0.145384, 0.0, 0.0, 0.0, 1.0],
                [0.811418, -0.2247, -0.539546, 0.095411, 0.445205, -0.360478, 0.819664, -0.007527, -0.378673, -0.905299, -0.192461, -0.145384, 0.0, 0.0, 0.0, 1.0],
                [0.85524, -0.28388, -0.433563, 0.095411, 0.344705, -0.313091, 0.884959, -0.007527, -0.386966, -0.906304, -0.169913, -0.145384, 0.0, 0.0, 0.0, 1.0],
                [0.894264, -0.283391, -0.346385, 0.095411, 0.21926, -0.397299, 0.891111, -0.007527, -0.390151, -0.872836, -0.293154, -0.145384, 0.0, 0.0, 0.0, 1.0],
                [0.915136, -0.263456, -0.305153, 0.095411, 0.110646, -0.563726, 0.818518, -0.007527, -0.387666, -0.782818, -0.486735, -0.145384, 0.0, 0.0, 0.0, 1.0],
                [0.920674, -0.254322, -0.296109, 0.095411, 0.060644, -0.656195, 0.752151, -0.007527, -0.385594, -0.710443, -0.588718, -0.145384, 0.0, 0.0, 0.0, 1.0],
                [0.920962, -0.253901, -0.295573, 0.095411, 0.051086, -0.67333, 0.737575, -0.007527, -0.386289, -0.694378, -0.607141, -0.145384, 0.0, 0.0, 0.0, 1.0],
                [0.921182, -0.253043, -0.295622, 0.095411, 0.040581, -0.693086, 0.719712, -0.007527, -0.387009, -0.674983, -0.628189, -0.145384, 0.0, 0.0, 0.0, 1.0],
                [0.921293, -0.250251, -0.297645, 0.095411, 0.031128, -0.7155, 0.697919, -0.007527, -0.38762, -0.652253, -0.651396, -0.145384, 0.0, 0.0, 0.0, 1.0],
                [0.921322, -0.244192, -0.302551, 0.095411, 0.024285, -0.740501, 0.671617, -0.007527, -0.388042, -0.626122, -0.676309, -0.145384, 0.0, 0.0, 0.0, 1.0],
                [0.921321, -0.233598, -0.310806, 0.095411, 0.021186, -0.76804, 0.640052, -0.007527, -0.388226, -0.596277, -0.702662, -0.145384, 0.0, 0.0, 0.0, 1.0],
                [0.921032, -0.219647, -0.321646, 0.095411, 0.022185, -0.794892, 0.606346, -0.007527, -0.388856, -0.565599, -0.727248, -0.14431, 0.0, 0.0, 0.0, 1.0],
                [0.920261, -0.203838, -0.33402, 0.095411, 0.026313, -0.819438, 0.572565, -0.007527, -0.390419, -0.535698, -0.748733, -0.141366, 0.0, 0.0, 0.0, 1.0],
                [0.919167, -0.185815, -0.347283, 0.095411, 0.032569, -0.842846, 0.537169, -0.007527, -0.39252, -0.505058, -0.768664, -0.136966, 0.0, 0.0, 0.0, 1.0],
                [0.917909, -0.165321, -0.360711, 0.095411, 0.040124, -0.865737, 0.498889, -0.007527, -0.394757, -0.472407, -0.788035, -0.131528, 0.0, 0.0, 0.0, 1.0],
                [0.916635, -0.142145, -0.373599, 0.095411, 0.048268, -0.888437, 0.456454, -0.007527, -0.396802, -0.436435, -0.807511, -0.125466, 0.0, 0.0, 0.0, 1.0],
                [0.915459, -0.116203, -0.385267, 0.095411, 0.056395, -0.910903, 0.408749, -0.007527, -0.398439, -0.39592, -0.827341, -0.119195, 0.0, 0.0, 0.0, 1.0],
                [0.914465, -0.087523, -0.395089, 0.095411, 0.063984, -0.932777, 0.354731, -0.007527, -0.399576, -0.349668, -0.847391, -0.113133, 0.0, 0.0, 0.0, 1.0],
                [0.91369, -0.056205, -0.402506, 0.095411, 0.07058, -0.953397, 0.293348, -0.007527, -0.400235, -0.296438, -0.867142, -0.107694, 0.0, 0.0, 0.0, 1.0],
                [0.913147, -0.02225, -0.407022, 0.095411, 0.075781, -0.971837, 0.223139, -0.007527, -0.400524, -0.234604, -0.885744, -0.103295, 0.0, 0.0, 0.0, 1.0],
                [0.912826, 0.015469, -0.408057, 0.095411, 0.079204, -0.987012, 0.139764, -0.007527, -0.400595, -0.1599, -0.902195, -0.100351, 0.0, 0.0, 0.0, 1.0],
                [0.912717, 0.045373, -0.406066, 0.095411, 0.080445, -0.994318, 0.069714, -0.007527, -0.400596, -0.096295, -0.911181, -0.099277, 0.0, 0.0, 0.0, 1.0],
                [0.912717, 0.045373, -0.406066, 0.095411, 0.080445, -0.994318, 0.069714, -0.007527, -0.400596, -0.096295, -0.911181, -0.099277, 0.0, 0.0, 0.0, 1.0],
                [0.912717, 0.045373, -0.406066, 0.095411, 0.080445, -0.994318, 0.069714, -0.007527, -0.400596, -0.096295, -0.911181, -0.099277, 0.0, 0.0, 0.0, 1.0],
                [0.912717, 0.045373, -0.406066, 0.095411, 0.080445, -0.994318, 0.069714, -0.007527, -0.400596, -0.096295, -0.911181, -0.099277, 0.0, 0.0, 0.0, 1.0],
                [0.912717, 0.045373, -0.406066, 0.095411, 0.080445, -0.994318, 0.069714, -0.007527, -0.400596, -0.096295, -0.911181, -0.099277, 0.0, 0.0, 0.0, 1.0],
                [0.912717, 0.045373, -0.406066, 0.095411, 0.080445, -0.994318, 0.069714, -0.007527, -0.400596, -0.096295, -0.911181, -0.099277, 0.0, 0.0, 0.0, 1.0]
            ]
        },
        {
            "name": "Leg_R",
            "time": [0.0, 0.0167, 0.0333, 0.05, 0.0667, 0.0833, 0.1, 0.1167, 0.1333, 0.15, 0.1667, 0.1833, 0.2, 0.2167, 0.2333, 0.25, 0.2667, 0.2833, 0.3, 0.3167, 0.3333, 0.35, 0.3667, 0.3833, 0.4, 0.4167, 0.4333, 0.45, 0.4667, 0.4833, 0.5, 0.5167, 0.5333, 0.55, 0.5667, 0.5833, 0.6, 0.6167, 0.6333, 0.65, 0.6667],
            "transform": [
                [1.0, 2.4e-05, 3e-05, -0.0, -2.5e-05, -0.187715, 0.982223, 0.374726, 3e-05, -0.982224, -0.187715, 0.0, 0.0, 0.0, 0.0, 1.0],
                [1.0, 1.8e-05, 1.8e-05, 0.0, -1.9e-05, 0.042919, 0.999078, 0.374726, 1.8e-05, -0.999078, 0.042919, 0.0, 0.0, 0.0, 0.0, 1.0],
                [1.0, 2.1e-05, 1.7e-05, 0.0, -2.2e-05, 0.279005, 0.960289, 0.374726, 1.6e-05, -0.96029, 0.279005, 0.0, 0.0, 0.0, 0.0, 1.0],
                [1.0, 1.5e-05, 1e-05, 0.0, -1.6e-05, 0.463768, 0.885956, 0.374726, 9e-06, -0.885957, 0.463768, 0.0, 0.0, 0.0, 0.0, 1.0],
                [1.0, 1.6e-05, 9e-06, -0.0, -1.7e-05, 0.588113, 0.808778, 0.374726, 8e-06, -0.808779, 0.588113, -0.0, 0.0, 0.0, 0.0, 1.0],
                [1.0, 1.4e-05, 7e-06, -0.0, -1.4e-05, 0.670121, 0.742251, 0.374726, 6e-06, -0.742252, 0.670122, 0.0, 0.0, 0.0, 0.0, 1.0],
                [1.0, 1.5e-05, 7e-06, 0.0, -1.5e-05, 0.741448, 0.67101, 0.374726, 5e-06, -0.67101, 0.741448, 0.0, 0.0, 0.0, 0.0, 1.0],
                [1.0, 1.4e-05, 5e-06, 0.0, -1.4e-05, 0.80909, 0.587684, 0.374726, 4e-06, -0.587684, 0.80909, -0.0, 0.0, 0.0, 0.0, 1.0],
                [1.0, 1.2e-05, 4e-06, 0.0, -1.2e-05, 0.866114, 0.499845, 0.374726, 3e-06, -0.499845, 0.866114, -0.0, 0.0, 0.0, 0.0, 1.0],
                [1.0, 1e-05, 3e-06, 0.0, -1e-05, 0.904646, 0.426164, 0.374726, 2e-06, -0.426164, 0.904646, 0.0, 0.0, 0.0, 0.0, 1.0],
                [1.0, 1e-05, 3e-06, 0.0, -1.1e-05, 0.917171, 0.398493, 0.374726, 1e-06, -0.398494, 0.917171, 0.0, 0.0, 0.0, 0.0, 1.0],
                [1.0, 8e-06, 2e-06, -0.0, -8e-06, 0.913813, 0.406134, 0.374726, 1e-06, -0.406134, 0.913813, 0.0, 0.0, 0.0, 0.0, 1.0],
                [1.0, 9e-06, 3e-06, -0.0, -9e-06, 0.902483, 0.430724, 0.374726, 1e-06, -0.430724, 0.902484, 0.0, 0.0, 0.0, 0.0, 1.0],
                [1.0, 1e-05, 3e-06, -0.0, -1e-05, 0.872403, 0.488788, 0.374726, 2e-06, -0.488788, 0.872403, -0.0, 0.0, 0.0, 0.0, 1.0],
                [1.0, 1.2e-05, 4e-06, -0.0, -1.2e-05, 0.813907, 0.580995, 0.374726, 3e-06, -0.580995, 0.813907, 0.0, 0.0, 0.0, 0.0, 1.0],
                [1.0, 1.5e-05, 9e-06, 0.0, -1.6e-05, 0.568, 0.823029, 0.374726, 7e-06, -0.823028, 0.568, 0.0, 0.0, 0.0, 0.0, 1.0],
                [1.0, 2.3e-05, 2e-05, -0.0, -2.3e-05, 0.179471, 0.983763, 0.374726, 1.9e-05, -0.983764, 0.179471, 0.0, 0.0, 0.0, 0.0, 1.0],
                [1.0, 2.1e-05, 2.4e-05, 0.0, -2.2e-05, -0.108572, 0.994088, 0.374726, 2.4e-05, -0.994089, -0.108572, 0.0, 0.0, 0.0, 0.0, 1.0],
                [1.0, 2.4e-05, 3e-05, 0.0, -2.4e-05, -0.217542, 0.976052, 0.374726, 3e-05, -0.976051, -0.217542, 0.0, 0.0, 0.0, 0.0, 1.0],
                [1.0, 1.6e-05, 2.1e-05, -0.0, -1.7e-05, -0.226614, 0.973984, 0.374726, 2e-05, -0.973984, -0.226615, 0.0, 0.0, 0.0, 0.0, 1.0],
                [1.0, 2.1e-05, 2.6e-05, 0.0, -2.1e-05, -0.211389, 0.977402, 0.374726, 2.6e-05, -0.977402, -0.211389, 0.0, 0.0, 0.0, 0.0, 1.0],
                [1.0, 2.2e-05, 2.7e-05, -0.0, -2.3e-05, -0.170507, 0.985356, 0.374726, 2.7e-05, -0.985357, -0.170507, -0.0, 0.0, 0.0, 0.0, 1.0],
                [1.0, 1.9e-05, 2.2e-05, 0.0, -2e-05, -0.10832, 0.994116, 0.374726, 2.2e-05, -0.994116, -0.10832, -0.0, 0.0, 0.0, 0.0, 1.0],
                [1.0, 2.4e-05, 2.6e-05, 0.0, -2.5e-05, -0.029671, 0.99956, 0.374726, 2.5e-05, -0.99956, -0.029671, 0.0, 0.0, 0.0, 0.0, 1.0],
                [1.0, 2.2e-05, 2.2e-05, -0.0, -2.3e-05, 0.060745, 0.998153, 0.374726, 2.1e-05, -0.998153, 0.060746, 0.0, 0.0, 0.0, 0.0, 1.0],
                [1.0, 2.2e-05, 2e-05, -0.0, -2.3e-05, 0.15852, 0.987356, 0.374726, 1.9e-05, -0.987356, 0.15852, 0.0, 0.0, 0.0, 0.0, 1.0],
                [1.0, 2e-05, 1.6e-05, -0.0, -2e-05, 0.26251, 0.964929, 0.374726, 1.5e-05, -0.964929, 0.26251, -0.0, 0.0, 0.0, 0.0, 1.0],
                [1.0, 2.2e-05, 1.6e-05, 0.0, -2.3e-05, 0.371081, 0.9286, 0.374726, 1.5e-05, -0.928601, 0.371081, -0.0, 0.0, 0.0, 0.0, 1.0],
                [1.0, 1.9e-05, 1.2e-05, 0.0, -2e-05, 0.481739, 0.876315, 0.374726, 1.1e-05, -0.876315, 0.481739, -0.0, 0.0, 0.0, 0.0, 1.0],
                [1.0, 1.6e-05, 9e-06, 0.0, -1.7e-05, 0.591677, 0.806176, 0.374726, 8e-06, -0.806175, 0.591677, 0.0, 0.0, 0.0, 0.0, 1.0],
                [1.0, 1.4e-05, 7e-06, 0.0, -1.5e-05, 0.697395, 0.716687, 0.374726, 6e-06, -0.716687, 0.697395, -0.0, 0.0, 0.0, 0.0, 1.0],
                [1.0, 1.1e-05, 5e-06, -0.0, -1.2e-05, 0.794802, 0.606868, 0.374726, 3e-06, -0.606869, 0.794802, -0.0, 0.0, 0.0, 0.0, 1.0],
                [1.0, 9e-06, 3e-06, -0.0, -1e-05, 0.879264, 0.476334, 0.374726, 2e-06, -0.476334, 0.879264, 0.0, 0.0, 0.0, 0.0, 1.0],
                [1.0, 6e-06, 2e-06, -0.0, -7e-06, 0.945806, 0.324731, 0.374726, 0.0, -0.324732, 0.945806, 0.0, 0.0, 0.0, 0.0, 1.0],
                [1.0, 3e-06, 1e-06, 0.0, -3e-06, 0.989138, 0.146985, 0.374726, -0.0, -0.146985, 0.989138, 0.0, 0.0, 0.0, 0.0, 1.0],
                [1.0, 0.0, 1e-06, -0.0, -0.0, 0.999999, 0.00146, 0.374726, -1e-06, -0.00146, 0.999999, 0.0, 0.0, 0.0, 0.0, 1.0],
                [1.0, 0.0, 1e-06, -0.0, -0.0, 0.999999, 0.00146, 0.374726, -1e-06, -0.00146, 0.999999, 0.0, 0.0, 0.0, 0.0, 1.0],
                [1.0, 0.0, 1e-06, -0.0, -0.0, 0.999999, 0.00146, 0.374726, -1e-06, -0.00146, 0.999999, 0.0, 0.0, 0.0, 0.0, 1.0],
                [1.0, 0.0, 1e-06, -0.0, -0.0, 0.999999, 0.00146, 0.374726, -1e-06, -0.00146, 0.999999, 0.0, 0.0, 0.0, 0.0, 1.0],
                [1.0, 0.0, 1e-06, -0.0, -0.0, 0.999999, 0.00146, 0.374726, -1e-06, -0.00146, 0.999999, 0.0, 0.0, 0.0, 0.0, 1.0],
                [1.0, 0.0, 1e-06, -0.0, -0.0, 0.999999, 0.00146, 0.374726, -1e-06, -0.00146, 0.999999, 0.0, 0.0, 0.0, 0.0, 1.0]
            ]
        },
        {
            "name": "Knee_R",
            "time": [0.0, 0.6667],
            "transform": [
                [1.0, 0.0, -0.0, 0.0, -0.0, 0.00567, -0.999984, 0.484724, -0.0, 0.999984, 0.00567, -0.000624, 0.0, 0.0, 0.0, 1.0],
                [1.0, 0.0, -0.0, -0.0, -0.0, 0.00567, -0.999984, 0.374726, -0.0, 0.999984, 0.00567, 0.0, 0.0, 0.0, 0.0, 1.0]
            ]
        },
        {
            "name": "Thigh_L",
            "time": [0.0, 0.0167, 0.0333, 0.05, 0.0667, 0.0833, 0.1, 0.1167, 0.1333, 0.15, 0.1667, 0.1833, 0.2, 0.2167, 0.2333, 0.25, 0.2667, 0.2833, 0.3, 0.3167, 0.3333, 0.35, 0.3667, 0.3833, 0.4, 0.4167, 0.4333, 0.45, 0.4667, 0.4833, 0.5, 0.5167, 0.5333, 0.55, 0.5667, 0.5833, 0.6, 0.6167, 0.6333, 0.65, 0.6667],
            "transform": [
                [0.823072, -0.37224, -0.428941, -0.070791, -0.467226, -0.873179, -0.13878, -0.007356, -0.322882, 0.314638, -0.892609, 0.097016, 0.0, 0.0, 0.0, 1.0],
                [0.82026, -0.454327, -0.347507, -0.070791, -0.412255, -0.890729, 0.191439, -0.007357, -0.39651, -0.013768, -0.917927, 0.097016, 0.0, 0.0, 0.0, 1.0],
                [0.809096, -0.48339, -0.334213, -0.070791, -0.35554, -0.855451, 0.376558, -0.007357, -0.467927, -0.185846, -0.864006, 0.097016, 0.0, 0.0, 0.0, 1.0],
                [0.790655, -0.496971, -0.357609, -0.070791, -0.311641, -0.829418, 0.463623, -0.007357, -0.527014, -0.255121, -0.81066, 0.097016, 0.0, 0.0, 0.0, 1.0],
                [0.763334, -0.510844, -0.395424, -0.070791, -0.291647, -0.818692, 0.494658, -0.007356, -0.576423, -0.262264, -0.773921, 0.097016, 0.0, 0.0, 0.0, 1.0],
                [0.722821, -0.537814, -0.43392, -0.070791, -0.297586, -0.808975, 0.506954, -0.007357, -0.623678, -0.237308, -0.74479, 0.097016, 0.0, 0.0, 0.0, 1.0],
                [0.65144, -0.587204, -0.480436, -0.070791, -0.320793, -0.787027, 0.526955, -0.007357, -0.687545, -0.189159, -0.701071, 0.097016, 0.0, 0.0, 0.0, 1.0],
                [0.53105, -0.651614, -0.54165, -0.070791, -0.350807, -0.750953, 0.559468, -0.007357, -0.771311, -0.107091, -0.627385, 0.097016, 0.0, 0.0, 0.0, 1.0],
                [0.370086, -0.710661, -0.59833, -0.070791, -0.377048, -0.70353, 0.602396, -0.007357, -0.849042, 0.002661, -0.528319, 0.097016, 0.0, 0.0, 0.0, 1.0],
                [0.218001, -0.744275, -0.631293, -0.070791, -0.390494, -0.659335, 0.642489, -0.007357, -0.894422, 0.106452, -0.434371, 0.097016, 0.0, 0.0, 0.0, 1.0],
                [0.151294, -0.752925, -0.64048, -0.070791, -0.393976, -0.64018, 0.659509, -0.007357, -0.906584, 0.152554, -0.39349, 0.097016, 0.0, 0.0, 0.0, 1.0],
                [0.150435, -0.752625, -0.641034, -0.070791, -0.395308, -0.640114, 0.658776, -0.007357, -0.906146, 0.154303, -0.393814, 0.097016, 0.0, 0.0, 0.0, 1.0],
                [0.14747, -0.751569, -0.64296, -0.070791, -0.399897, -0.639871, 0.656237, -0.007357, -0.904619, 0.160342, -0.394912, 0.097016, 0.0, 0.0, 0.0, 1.0],
                [0.139561, -0.748588, -0.648181, -0.070791, -0.412038, -0.639127, 0.649416, -0.007357, -0.900415, 0.176442, -0.397644, 0.097016, 0.0, 0.0, 0.0, 1.0],
                [0.123971, -0.742011, -0.658826, -0.070791, -0.435555, -0.637259, 0.635762, -0.007357, -0.891585, 0.208138, -0.402188, 0.097016, 0.0, 0.0, 0.0, 1.0],
                [0.174548, -0.707128, -0.685203, -0.070791, -0.501221, -0.662789, 0.556317, -0.007357, -0.847532, 0.246334, -0.470116, 0.103803, 0.0, 0.0, 0.0, 1.0],
                [0.294397, -0.617768, -0.729174, -0.070791, -0.587409, -0.718814, 0.371831, -0.007357, -0.753845, 0.318857, -0.574498, 0.119988, 0.0, 0.0, 0.0, 1.0],
                [0.396436, -0.479965, -0.782606, -0.070791, -0.646668, -0.751078, 0.133054, -0.007357, -0.651659, 0.453339, -0.608132, 0.139306, 0.0, 0.0, 0.0, 1.0],
                [0.453509, -0.30912, -0.835928, -0.070791, -0.677887, -0.728558, -0.098354, -0.007357, -0.578618, 0.611269, -0.539955, 0.155492, 0.0, 0.0, 0.0, 1.0],
                [0.467277, -0.152682, -0.870827, -0.070791, -0.692118, -0.676046, -0.252852, -0.007357, -0.550113, 0.720868, -0.421575, 0.162279, 0.0, 0.0, 0.0, 1.0],
                [0.46429, -0.036395, -0.884935, -0.070791, -0.694898, -0.634461, -0.338492, -0.007357, -0.549137, 0.772098, -0.319865, 0.162279, 0.0, 0.0, 0.0, 1.0],
                [0.470762, -0.039419, -0.88138, -0.070791, -0.688847, -0.640612, -0.339276, -0.007357, -0.551248, 0.766853, -0.328728, 0.162279, 0.0, 0.0, 0.0, 1.0],
                [0.48402, -0.042921, -0.874004, -0.070791, -0.676151, -0.65236, -0.342414, -0.007357, -0.555468, 0.756694, -0.344776, 0.162279, 0.0, 0.0, 0.0, 1.0],
                [0.501408, -0.045544, -0.864012, -0.070791, -0.658874, -0.667345, -0.347184, -0.007357, -0.560782, 0.743356, -0.364619, 0.162279, 0.0, 0.0, 0.0, 1.0],
                [0.520693, -0.046049, -0.852501, -0.070791, -0.638834, -0.68344, -0.353272, -0.007357, -0.566366, 0.728553, -0.38528, 0.162279, 0.0, 0.0, 0.0, 1.0],
                [0.535891, -0.043633, -0.843159, -0.070791, -0.614887, -0.704522, -0.354349, -0.007357, -0.578563, 0.70834, -0.404376, 0.162279, 0.0, 0.0, 0.0, 1.0],
                [0.542886, -0.038562, -0.838921, -0.070791, -0.585008, -0.73407, -0.344831, -0.007356, -0.602528, 0.67798, -0.421075, 0.162279, 0.0, 0.0, 0.0, 1.0],
                [0.542559, -0.031182, -0.839439, -0.070791, -0.548837, -0.769681, -0.326143, -0.007357, -0.63593, 0.637667, -0.434711, 0.162279, 0.0, 0.0, 0.0, 1.0],
                [0.535694, -0.021821, -0.84413, -0.070791, -0.505817, -0.808762, -0.30009, -0.007357, -0.676152, 0.587732, -0.444286, 0.162279, 0.0, 0.0, 0.0, 1.0],
                [0.523177, -0.010924, -0.852154, -0.070791, -0.455941, -0.84837, -0.269048, -0.007356, -0.720003, 0.529292, -0.448828, 0.162279, 0.0, 0.0, 0.0, 1.0],
                [0.506246, 0.000871, -0.862389, -0.070791, -0.400466, -0.885405, -0.235979, -0.007356, -0.763769, 0.46482, -0.447883, 0.162279, 0.0, 0.0, 0.0, 1.0],
                [0.486697, -0.116648, -0.865748, -0.070791, -0.342411, -0.937214, -0.066215, -0.007357, -0.803668, 0.328668, -0.49608, 0.162279, 0.0, 0.0, 0.0, 1.0],
                [0.4669, -0.165931, -0.868603, -0.070791, -0.286571, -0.957624, 0.028896, -0.007357, -0.83659, 0.235425, -0.494665, 0.162279, 0.0, 0.0, 0.0, 1.0],
                [0.449574, -0.187137, -0.873421, -0.070791, -0.238977, -0.967363, 0.084257, -0.007356, -0.860682, 0.170848, -0.479622, 0.162279, 0.0, 0.0, 0.0, 1.0],
                [0.437432, -0.195607, -0.877719, -0.070791, -0.206053, -0.97189, 0.113903, -0.007357, -0.875326, 0.131032, -0.46544, 0.162279, 0.0, 0.0, 0.0, 1.0],
                [0.432907, -0.197851, -0.879458, -0.070791, -0.19386, -0.973222, 0.123519, -0.007357, -0.880347, 0.117019, -0.45967, 0.162279, 0.0, 0.0, 0.0, 1.0],
                [0.432907, -0.197851, -0.879458, -0.070791, -0.19386, -0.973222, 0.123519, -0.007357, -0.880346, 0.11702, -0.45967, 0.162279, 0.0, 0.0, 0.0, 1.0],
                [0.432907, -0.197851, -0.879458, -0.070791, -0.19386, -0.973222, 0.123519, -0.007357, -0.880346, 0.11702, -0.45967, 0.162279, 0.0, 0.0, 0.0, 1.0],
                [0.432907, -0.197851, -0.879458, -0.070791, -0.19386, -0.973222, 0.123519, -0.007357, -0.880346, 0.11702, -0.45967, 0.162279, 0.0, 0.0, 0.0, 1.0],
                [0.432907, -0.197851, -0.879458, -0.070791, -0.19386, -0.973222, 0.123519, -0.007357, -0.880346, 0.11702, -0.45967, 0.162279, 0.0, 0.0, 0.0, 1.0],
                [0.432907, -0.197851, -0.879458, -0.070791, -0.19386, -0.973222, 0.123519, -0.007357, -0.880346, 0.11702, -0.45967, 0.162279, 0.0, 0.0, 0.0, 1.0]
            ]
        },
        {
            "name": "Leg_L",
            "time": [0.0, 0.0167, 0.0333, 0.05, 0.0667, 0.0833, 0.1, 0.1167, 0.1333, 0.15, 0.1667, 0.1833, 0.2, 0.2167, 0.2333, 0.25, 0.2667, 0.2833, 0.3, 0.3167, 0.3333, 0.35, 0.3667, 0.3833, 0.4, 0.4167, 0.4333, 0.45, 0.4667, 0.4833, 0.5, 0.5167, 0.5333, 0.55, 0.5667, 0.5833, 0.6, 0.6167, 0.6333, 0.65, 0.6667],
            "transform": [
                [1.0, 1.8e-05, 1.1e-05, 0.0, -1.9e-05, 0.5162, 0.856468, 0.374726, 1e-05, -0.856469, 0.5162, -0.0, 0.0, 0.0, 0.0, 1.0],
                [1.0, 2.3e-05, 2.1e-05, -0.0, -2.4e-05, 0.159551, 0.987189, 0.374726, 2e-05, -0.98719, 0.159551, 0.0, 0.0, 0.0, 0.0, 1.0],
                [1.0, 1.6e-05, 1.6e-05, -0.0, -1.7e-05, 0.00585, 0.999983, 0.374726, 1.6e-05, -0.999983, 0.00585, 0.0, 0.0, 0.0, 0.0, 1.0],
                [1.0, 1.8e-05, 2e-05, 0.0, -1.9e-05, -0.051784, 0.998658, 0.374726, 1.9e-05, -0.998658, -0.051784, 0.0, 0.0, 0.0, 0.0, 1.0],
                [1.0, 2.5e-05, 2.7e-05, 0.0, -2.6e-05, -0.066437, 0.99779, 0.374726, 2.7e-05, -0.99779, -0.066437, 0.0, 0.0, 0.0, 0.0, 1.0],
                [1.0, 1.9e-05, 2.2e-05, 0.0, -2.1e-05, -0.066583, 0.997781, 0.374726, 2.1e-05, -0.997781, -0.066583, -0.0, 0.0, 0.0, 0.0, 1.0],
                [1.0, 2.4e-05, 2.6e-05, 0.0, -2.4e-05, -0.065959, 0.997822, 0.374726, 2.5e-05, -0.997822, -0.065959, 0.0, 0.0, 0.0, 0.0, 1.0],
                [1.0, 2.1e-05, 2.3e-05, 0.0, -2.2e-05, -0.064401, 0.997924, 0.374726, 2.2e-05, -0.997924, -0.064401, 0.0, 0.0, 0.0, 0.0, 1.0],
                [1.0, 2.1e-05, 2.3e-05, -0.0, -2.2e-05, -0.062386, 0.998052, 0.374726, 2.2e-05, -0.998052, -0.062386, 0.0, 0.0, 0.0, 0.0, 1.0],
                [1.0, 2.4e-05, 2.6e-05, 0.0, -2.4e-05, -0.060397, 0.998174, 0.374726, 2.5e-05, -0.998174, -0.060397, 0.0, 0.0, 0.0, 0.0, 1.0],
                [1.0, 2.1e-05, 2.3e-05, -0.0, -2.2e-05, -0.058933, 0.998262, 0.374726, 2.2e-05, -0.998261, -0.058933, 0.0, 0.0, 0.0, 0.0, 1.0],
                [1.0, 2.1e-05, 2.3e-05, 0.0, -2.2e-05, -0.057764, 0.99833, 0.374726, 2.2e-05, -0.99833, -0.057764, 0.0, 0.0, 0.0, 0.0, 1.0],
                [1.0, 2.4e-05, 2.6e-05, 0.0, -2.4e-05, -0.053685, 0.998558, 0.374726, 2.5e-05, -0.998558, -0.053686, 0.0, 0.0, 0.0, 0.0, 1.0],
                [1.0, 2.1e-05, 2.3e-05, -0.0, -2.2e-05, -0.042487, 0.999097, 0.374726, 2.2e-05, -0.999097, -0.042487, 0.0, 0.0, 0.0, 0.0, 1.0],
                [1.0, 2.4e-05, 2.5e-05, 0.0, -2.4e-05, -0.019025, 0.999819, 0.374726, 2.4e-05, -0.999819, -0.019025, 0.0, 0.0, 0.0, 0.0, 1.0],
                [1.0, 2.4e-05, 2.3e-05, 0.0, -2.4e-05, 0.064746, 0.997902, 0.374726, 2.2e-05, -0.997902, 0.064745, -0.0, 0.0, 0.0, 0.0, 1.0],
                [1.0, 1.8e-05, 1.4e-05, -0.0, -1.9e-05, 0.253618, 0.967304, 0.374726, 1.3e-05, -0.967304, 0.253618, -0.0, 0.0, 0.0, 0.0, 1.0],
                [1.0, 1.8e-05, 1.1e-05, 0.0, -1.9e-05, 0.528259, 0.849083, 0.374726, 1e-05, -0.849083, 0.528259, 0.0, 0.0, 0.0, 0.0, 1.0],
                [1.0, 1.2e-05, 5e-06, -0.0, -1.3e-05, 0.809723, 0.586811, 0.374726, 3e-06, -0.586812, 0.809724, 0.0, 0.0, 0.0, 0.0, 1.0],
                [1.0, 6e-06, 1e-06, 0.0, -6e-06, 0.964138, 0.265402, 0.374726, 0.0, -0.265402, 0.964138, 0.0, 0.0, 0.0, 0.0, 1.0],
                [1.0, 0.0, 1e-06, -0.0, 0.0, 0.999999, 0.00146, 0.374726, -1e-06, -0.00146, 0.999999, -0.0, 0.0, 0.0, 0.0, 1.0],
                [1.0, 0.0, 1e-06, -0.0, 0.0, 0.999999, 0.001461, 0.374726, -1e-06, -0.001461, 0.999999, -0.0, 0.0, 0.0, 0.0, 1.0],
                [1.0, 0.0, 1e-06, -0.0, 0.0, 0.999999, 0.001462, 0.374726, -1e-06, -0.001462, 0.999999, -0.0, 0.0, 0.0, 0.0, 1.0],
                [1.0, 0.0, 1e-06, 0.0, -0.0, 0.999999, 0.001464, 0.374726, -1e-06, -0.001464, 0.999999, -0.0, 0.0, 0.0, 0.0, 1.0],
                [1.0, 0.0, 1e-06, -0.0, 0.0, 0.999999, 0.001465, 0.374726, -1e-06, -0.001465, 0.999999, -0.0, 0.0, 0.0, 0.0, 1.0],
                [1.0, -0.0, 1e-06, 0.0, -0.0, 0.999999, 0.001466, 0.374726, -1e-06, -0.001466, 0.999999, 0.0, 0.0, 0.0, 0.0, 1.0],
                [1.0, 0.0, 1e-06, 0.0, -0.0, 0.999999, 0.001465, 0.374726, -1e-06, -0.001465, 0.999999, 0.0, 0.0, 0.0, 0.0, 1.0],
                [1.0, 0.0, 1e-06, 0.0, -0.0, 0.999999, 0.001465, 0.374726, -1e-06, -0.001464, 0.999999, -0.0, 0.0, 0.0, 0.0, 1.0],
                [1.0, 0.0, 1e-06, -0.0, -0.0, 0.999999, 0.001463, 0.374726, -1e-06, -0.001463, 0.999999, -0.0, 0.0, 0.0, 0.0, 1.0],
                [1.0, 0.0, 1e-06, -0.0, -0.0, 0.999999, 0.001462, 0.374726, -1e-06, -0.001462, 0.999999, -0.0, 0.0, 0.0, 0.0, 1.0],
                [1.0, 0.0, 1e-06, -0.0, 0.0, 0.999999, 0.00146, 0.374726, -1e-06, -0.00146, 0.999999, -0.0, 0.0, 0.0, 0.0, 1.0],
                [0.999999, 5e-06, 2e-06, -0.0, -6e-06, 0.955833, 0.293907, 0.374726, 0.0, -0.293907, 0.955834, 0.0, 0.0, 0.0, 0.0, 1.0],
                [1.0, 9e-06, 3e-06, -0.0, -9e-06, 0.908043, 0.418877, 0.374726, 1e-06, -0.418877, 0.908043, -0.0, 0.0, 0.0, 0.0, 1.0],
                [1.0, 9e-06, 3e-06, -0.0, -9e-06, 0.879363, 0.476151, 0.374726, 2e-06, -0.476152, 0.879364, -0.0, 0.0, 0.0, 0.0, 1.0],
                [1.0, 1.1e-05, 4e-06, -0.0, -1.2e-05, 0.865046, 0.501693, 0.374726, 2e-06, -0.501694, 0.865046, -0.0, 0.0, 0.0, 0.0, 1.0],
                [1.0, 1e-05, 3e-06, -0.0, -1e-05, 0.860659, 0.509181, 0.374726, 2e-06, -0.509181, 0.860659, -0.0, 0.0, 0.0, 0.0, 1.0],
                [1.0, 1.1e-05, 4e-06, 0.0, -1.1e-05, 0.860659, 0.509181, 0.374726, 2e-06, -0.509182, 0.860659, 0.0, 0.0, 0.0, 0.0, 1.0],
                [1.0, 1.1e-05, 4e-06, 0.0, -1.1e-05, 0.860659, 0.509181, 0.374726, 2e-06, -0.509182, 0.860659, -0.0, 0.0, 0.0, 0.0, 1.0],
                [1.0, 1.1e-05, 4e-06, 0.0, -1.1e-05, 0.860659, 0.509181, 0.374726, 2e-06, -0.509181, 0.860659, -0.0, 0.0, 0.0, 0.0, 1.0],
                [1.0, 1.1e-05, 4e-06, 0.0, -1.1e-05, 0.860659, 0.509181, 0.374726, 2e-06, -0.509181, 0.860659, -0.0, 0.0, 0.0, 0.0, 1.0],
                [1.0, 1.1e-05, 4e-06, 0.0, -1.1e-05, 0.860659, 0.509181, 0.374726, 2e-06, -0.509181, 0.860659, -0.0, 0.0, 0.0, 0.0, 1.0]
            ]
        },
        {
            "name": "Knee_L",
            "time": [0.0, 0.6667],
            "transform": [
                [1.0, 0.0, -0.0, 0.0, -0.0, 0.00567, -0.999984, 0.426559, -0.0, 0.999984, 0.00567, -0.000294, 0.0, 0.0, 0.0, 1.0],
                [1.0, 0.0, -0.0, -0.0, -0.0, 0.00567, -0.999984, 0.374726, -0.0, 0.999984, 0.00567, -0.0, 0.0, 0.0, 0.0, 1.0]
            ]
        },
        {
            "name": "Torso",
            "time": [0.0, 0.0167, 0.0333, 0.05, 0.0667, 0.0833, 0.1, 0.1167, 0.1333, 0.15, 0.1667, 0.1833, 0.2, 0.2167, 0.2333, 0.25, 0.2667, 0.2833, 0.3, 0.3167, 0.3333, 0.35, 0.3667, 0.3833, 0.4, 0.4167, 0.4333, 0.45, 0.4667, 0.4833, 0.5, 0.5167, 0.5333, 0.55, 0.5667, 0.5833, 0.6, 0.6167, 0.6333, 0.65, 0.6667],
            "transform": [
                [0.646467, 0.0, 0.762942, 0.0, 0.0, 1.0, 0.0, 0.05, -0.762942, 0.0, 0.646467, 0.0, 0.0, 0.0, 0.0, 1.0],
                [0.646661, 0.003015, 0.762772, 0.0, -0.000867, 0.999995, -0.003218, 0.05, -0.762777, 0.001419, 0.64666, 0.0, 0.0, 0.0, 0.0, 1.0],
                [0.647175, 0.011199, 0.762259, 0.0, -0.003225, 0.999923, -0.011952, 0.05, -0.762335, 0.005277, 0.647162, 0.0, 0.0, 0.0, 0.0, 1.0],
                [0.647897, 0.023256, 0.761373, 0.0, -0.006712, 0.999669, -0.024822, 0.05, -0.761698, 0.010972, 0.647839, 0.0, 0.0, 0.0, 0.0, 1.0],
                [0.648716, 0.037886, 0.760087, 0.0, -0.010963, 0.999122, -0.040443, 0.05, -0.760951, 0.017903, 0.648562, 0.0, 0.0, 0.0, 0.0, 1.0],
                [0.649536, 0.053787, 0.758426, 0.0, -0.015609, 0.998228, -0.057426, 0.05, -0.76017, 0.025462, 0.649225, 0.0, 0.0, 0.0, 0.0, 1.0],
                [0.650281, 0.069662, 0.756493, 0.0, -0.020273, 0.997024, -0.074385, 0.05, -0.759423, 0.033035, 0.649758, 0.0, 0.0, 0.0, 0.0, 1.0],
                [0.650899, 0.08422, 0.754479, 0.0, -0.024573, 0.995644, -0.089941, 0.05, -0.758767, 0.040003, 0.650133, 0.0, 0.0, 0.0, 0.0, 1.0],
                [0.651359, 0.096183, 0.752649, 0.0, -0.028123, 0.994312, -0.102727, 0.05, -0.758248, 0.045746, 0.650359, 0.0, 0.0, 0.0, 0.0, 1.0],
                [0.651647, 0.104285, 0.75132, 0.0, -0.030536, 0.993308, -0.111389, 0.05, -0.757908, 0.049644, 0.65047, 0.0, 0.0, 0.0, 0.0, 1.0],
                [0.651748, 0.107267, 0.750812, 0.0, -0.031426, 0.992917, -0.114577, 0.05, -0.757784, 0.05108, 0.650503, 0.0, 0.0, 0.0, 0.0, 1.0],
                [0.651748, 0.107267, 0.750812, 0.0, -0.031426, 0.992917, -0.114577, 0.05, -0.757785, 0.05108, 0.650502, 0.0, 0.0, 0.0, 0.0, 1.0],
                [0.651748, 0.107267, 0.750812, 0.0, -0.031426, 0.992917, -0.114577, 0.05, -0.757785, 0.05108, 0.650502, 0.0, 0.0, 0.0, 0.0, 1.0],
                [0.651748, 0.107267, 0.750812, 0.0, -0.031426, 0.992917, -0.114577, 0.05, -0.757784, 0.05108, 0.650503, 0.0, 0.0, 0.0, 0.0, 1.0],
                [0.651748, 0.107267, 0.750812, 0.0, -0.031426, 0.992917, -0.114577, 0.05, -0.757785, 0.05108, 0.650502, 0.0, 0.0, 0.0, 0.0, 1.0],
                [0.651748, 0.107267, 0.750812, 0.0, -0.048296, 0.993809, -0.10006, 0.05, -0.756897, 0.028953, 0.652893, 0.0, 0.0, 0.0, 0.0, 1.0],
                [0.651748, 0.107267, 0.750812, 0.0, -0.088469, 0.993942, -0.065206, 0.05, -0.753258, -0.023926, 0.65729, 0.0, 0.0, 0.0, 0.0, 1.0],
                [0.651748, 0.107267, 0.750812, 0.0, -0.13612, 0.990418, -0.023339, 0.05, -0.746121, -0.086989, 0.660103, 0.0, 0.0, 0.0, 0.0, 1.0],
                [0.651748, 0.107267, 0.750812, 0.0, -0.175596, 0.984392, 0.011789, 0.05, -0.737829, -0.139523, 0.660411, 0.0, 0.0, 0.0, 0.0, 1.0],
                [0.651748, 0.107267, 0.750812, 0.0, -0.191986, 0.98104, 0.026495, 0.05, -0.733735, -0.161414, 0.659984, 0.0, 0.0, 0.0, 0.0, 1.0],
                [0.651748, 0.107267, 0.750812, 0.0, -0.191986, 0.98104, 0.026495, 0.05, -0.733735, -0.161414, 0.659984, 0.0, 0.0, 0.0, 0.0, 1.0],
                [0.651748, 0.107267, 0.750812, 0.0, -0.191986, 0.98104, 0.026495, 0.05, -0.733735, -0.161414, 0.659984, 0.0, 0.0, 0.0, 0.0, 1.0],
                [0.651748, 0.107267, 0.750812, 0.0, -0.191986, 0.98104, 0.026495, 0.05, -0.733735, -0.161414, 0.659984, 0.0, 0.0, 0.0, 0.0, 1.0],
                [0.651748, 0.107267, 0.750812, 0.0, -0.191986, 0.98104, 0.026495, 0.05, -0.733735, -0.161414, 0.659984, 0.0, 0.0, 0.0, 0.0, 1.0],
                [0.651748, 0.107267, 0.750812, 0.0, -0.191986, 0.98104, 0.026495, 0.05, -0.733735, -0.161414, 0.659984, 0.0, 0.0, 0.0, 0.0, 1.0],
                [0.653097, 0.107356, 0.749626, 0.0, -0.188448, 0.9818, 0.023576, 0.05, -0.733452, -0.156662, 0.661442, 0.0, 0.0, 0.0, 0.0, 1.0],
                [0.656764, 0.107553, 0.746386, 0.0, -0.178819, 0.983759, 0.015589, 0.05, -0.732587, -0.143707, 0.66533, 0.0, 0.0, 0.0, 0.0, 1.0],
                [0.662157, 0.107728, 0.741582, 0.0, -0.164634, 0.986348, 0.003717, 0.05, -0.731057, -0.124551, 0.670852, 0.0, 0.0, 0.0, 0.0, 1.0],
                [0.668678, 0.107752, 0.735704, 0.0, -0.147433, 0.989013, -0.010851, 0.05, -0.728789, -0.101211, 0.677217, 0.0, 0.0, 0.0, 0.0, 1.0],
                [0.675757, 0.107542, 0.729237, 0.0, -0.1287, 0.991318, -0.026931, 0.05, -0.725802, -0.075654, 0.683731, 0.0, 0.0, 0.0, 0.0, 1.0],
                [0.68287, 0.10708, 0.72265, 0.0, -0.109816, 0.993005, -0.043369, 0.05, -0.722239, -0.049743, 0.689853, 0.0, 0.0, 0.0, 0.0, 1.0],
                [0.689545, 0.106411, 0.716383, 0.0, -0.092035, 0.994003, -0.059062, 0.05, -0.718371, -0.025206, 0.695203, 0.0, 0.0, 0.0, 0.0, 1.0],
                [0.695367, 0.105638, 0.710848, 0.0, -0.07648, 0.994398, -0.072961, 0.05, -0.714573, -0.003631, 0.699551, 0.0, 0.0, 0.0, 0.0, 1.0],
                [0.699962, 0.104899, 0.706434, 0.0, -0.064172, 0.994391, -0.084074, 0.05, -0.711291, 0.013516, 0.702768, 0.0, 0.0, 0.0, 0.0, 1.0],
                [0.702981, 0.104352, 0.703512, 0.0, -0.056071, 0.99423, -0.091445, 0.05, -0.708995, 0.024838, 0.704776, 0.0, 0.0, 0.0, 0.0, 1.0],
                [0.70407, 0.104142, 0.702453, 0.0, -0.053143, 0.994142, -0.09412, 0.05, -0.708139, 0.028937, 0.70548, 0.0, 0.0, 0.0, 0.0, 1.0],
                [0.70407, 0.104142, 0.702453, 0.0, -0.053143, 0.994142, -0.09412, 0.05, -0.708139, 0.028937, 0.70548, 0.0, 0.0, 0.0, 0.0, 1.0],
                [0.70407, 0.104142, 0.702453, 0.0, -0.053143, 0.994142, -0.09412, 0.05, -0.708139, 0.028937, 0.70548, 0.0, 0.0, 0.0, 0.0, 1.0],
                [0.70407, 0.104142, 0.702453, 0.0, -0.053143, 0.994142, -0.09412, 0.05, -0.708139, 0.028937, 0.70548, 0.0, 0.0, 0.0, 0.0, 1.0],
                [0.70407, 0.104142, 0.702453, 0.0, -0.053143, 0.994142, -0.09412, 0.05, -0.708139, 0.028937, 0.70548, 0.0, 0.0, 0.0, 0.0, 1.0],
                [0.70407, 0.104142, 0.702453, 0.0, -0.053143, 0.994142, -0.09412, 0.05, -0.708139, 0.028937, 0.70548, 0.0, 0.0, 0.0, 0.0, 1.0]
            ]
        },
        {
            "name": "Chest",
            "time": [0.0, 0.0167, 0.0333, 0.05, 0.0667, 0.0833, 0.1, 0.1167, 0.1333, 0.15, 0.1667, 0.1833, 0.2, 0.2167, 0.2333, 0.25, 0.2667, 0.2833, 0.3, 0.3167, 0.3333, 0.35, 0.3667, 0.3833, 0.4, 0.4167, 0.4333, 0.45, 0.4667, 0.4833, 0.5, 0.5167, 0.5333, 0.55, 0.5667, 0.5833, 0.6, 0.6167, 0.6333, 0.65, 0.6667],
            "transform": [
                [0.529758, -0.126493, 0.838663, 0.0, -0.411396, 0.826382, 0.384508, 0.3, -0.741693, -0.548719, 0.385744, 0.0, 0.0, 0.0, 0.0, 1.0],
                [0.532103, -0.124095, 0.837536, 0.0, -0.398546, 0.836046, 0.377078, 0.3, -0.747012, -0.534441, 0.395405, 0.0, 0.0, 0.0, 0.0, 1.0],
                [0.538322, -0.133089, 0.832164, -0.0, -0.377143, 0.845006, 0.379114, 0.3, -0.75364, -0.51793, 0.404692, 0.0, 0.0, 0.0, 0.0, 1.0],
                [0.546948, -0.150905, 0.823453, 0.0, -0.349203, 0.852837, 0.388235, 0.3, -0.760858, -0.499897, 0.413761, 0.0, 0.0, 0.0, 0.0, 1.0],
                [0.556538, -0.174886, 0.812207, -0.0, -0.316799, 0.859065, 0.402052, 0.3, -0.768052, -0.481063, 0.422698, 0.0, 0.0, 0.0, 0.0, 1.0],
                [0.565847, -0.202285, 0.799311, -0.0, -0.282137, 0.86341, 0.418237, 0.3, -0.774736, -0.462173, 0.431486, 0.0, 0.0, 0.0, 0.0, 1.0],
