{
    "animation": [
        {
            "name": "Root",
            "time": [0.0, 0.0167, 0.0333, 0.05, 0.0667, 0.0833, 0.1, 0.1167, 0.1333, 0.15, 0.1667, 0.1833, 0.2, 0.2167, 0.2333, 0.25, 0.2667, 0.2833, 0.3, 0.3167, 0.3333, 0.35, 0.3667, 0.3833, 0.4, 0.4167, 0.4333, 0.45, 0.4667, 0.4833, 0.5, 0.5167, 0.5333, 0.55, 0.5667, 0.5833, 0.6, 0.6167, 0.6333, 0.65, 0.6667],
            "transform": [
                [1.0, 0.0, 0.0, 0.087877, 0.0, 0.0, -1.0, 0.127251, 0.0, 1.0, 0.0, 0.747877, 0.0, 0.0, 0.0, 1.0],
                [1.0, 0.0, 0.0, 0.087877, 0.0, 0.0, -1.0, 0.256098, 0.0, 1.0, 0.0, 0.747877, 0.0, 0.0, 0.0, 1.0],
                [1.0, 0.0, 0.0, 0.087877, 0.0, 0.0, -1.0, 0.384945, 0.0, 1.0, 0.0, 0.747877, 0.0, 0.0, 0.0, 1.0],
                [1.0, 0.0, 0.0, 0.087877, 0.0, 0.0, -1.0, 0.384945, 0.0, 1.0, 0.0, 0.728544, 0.0, 0.0, 0.0, 1.0],
                [1.0, 0.0, 0.0, 0.087877, 0.0, 0.0, -1.0, 0.384945, 0.0, 1.0, 0.0, 0.692639, 0.0, 0.0, 0.0, 1.0],
                [1.0, 0.0, 0.0, 0.087877, 0.0, 0.0, -1.0, 0.384945, 0.0, 1.0, 0.0, 0.673306, 0.0, 0.0, 0.0, 1.0],
                [1.0, 0.0, 0.0, 0.087877, 0.0, 0.0, -1.0, 0.388891, 0.0, 1.0, 0.0, 0.673306, 0.0, 0.0, 0.0, 1.0],
                [1.0, 0.0, 0.0, 0.087877, 0.0, 0.0, -1.0, 0.411495, 0.0, 1.0, 0.0, 0.673306, 0.0, 0.0, 0.0, 1.0],
                [1.0, 0.0, 0.0, 0.087877, 0.0, 0.0, -1.0, 0.468901, 0.0, 1.0, 0.0, 0.673306, 0.0, 0.0, 0.0, 1.0],
                [1.0, 0.0, 0.0, 0.087877, 0.0, 0.0, -1.0, 0.577255, 0.0, 1.0, 0.0, 0.673306, 0.0, 0.0, 0.0, 1.0],
                [1.0, 0.0, 0.0, 0.087877, 0.0, 0.0, -1.0, 0.737401, 0.0, 1.0, 0.0, 0.673306, 0.0, 0.0, 0.0, 1.0],
                [1.0, 0.0, 0.0, 0.087877, 0.0, 0.0, -1.0, 0.888975, 0.0, 1.0, 0.0, 0.673306, 0.0, 0.0, 0.0, 1.0],
                [1.0, 0.0, 0.0, 0.087877, 0.0, 0.0, -1.0, 0.956314, 0.0, 1.0, 0.0, 0.673306, 0.0, 0.0, 0.0, 1.0],
                [1.0, 0.0, 0.0, 0.087877, 0.0, 0.0, -1.0, 0.830296, 0.0, 1.0, 0.0, 0.673306, 0.0, 0.0, 0.0, 1.0],
                [1.0, 0.0, 0.0, 0.087877, 0.0, 0.0, -1.0, 0.846111, 0.0, 1.0, 0.0, 0.673306, 0.0, 0.0, 0.0, 1.0],
                [1.0, 0.0, 0.0, 0.087877, 0.0, 0.0, -1.0, 1.020149, 0.0, 1.0, 0.0, 0.65402, 0.0, 0.0, 0.0, 1.0],
                [1.0, 0.0, 0.0, 0.087877, 0.0, 0.0, -1.0, 1.137226, 0.0, 1.0, 0.0, 0.606979, 0.0, 0.0, 0.0, 1.0],
                [1.0, 0.0, 0.0, 0.087877, 0.0, 0.0, -1.0, 1.212479, 0.0, 1.0, 0.0, 0.548411, 0.0, 0.0, 0.0, 1.0],
                [1.0, 0.0, 0.0, 0.087877, 0.0, 0.0, -1.0, 1.231637, 0.0, 1.0, 0.0, 0.494543, 0.0, 0.0, 0.0, 1.0],
                [1.0, 0.0, 0.0, 0.087877, 0.0, 0.0, -1.0, 1.348944, 0.0, 1.0, 0.0, 0.461603, 0.0, 0.0, 0.0, 1.0],
                [1.0, 0.0, 0.0, 0.093311, 0.0, 0.0, -1.0, 1.379923, 0.0, 1.0, 0.0, 0.44892, 0.0, 0.0, 0.0, 1.0],
                [1.0, 0.0, 0.0, 0.106267, 0.0, 0.0, -1.0, 1.398604, 0.0, 1.0, 0.0, 0.442896, 0.0, 0.0, 0.0, 1.0],
                [1.0, 0.0, 0.0, 0.121732, 0.0, 0.0, -1.0, 1.40816, 0.0, 1.0, 0.0, 0.440368, 0.0, 0.0, 0.0, 1.0],
                [1.0, 0.0, 0.0, 0.134689, 0.0, 0.0, -1.0, 1.411763, 0.0, 1.0, 0.0, 0.438177, 0.0, 0.0, 0.0, 1.0],
                [1.0, 0.0, 0.0, 0.140122, 0.0, 0.0, -1.0, 1.412586, 0.0, 1.0, 0.0, 0.433159, 0.0, 0.0, 0.0, 1.0],
                [1.0, 0.0, 0.0, 0.121124, 0.0, 0.0, -1.0, 1.413211, 0.0, 1.0, 0.0, 0.423622, 0.0, 0.0, 0.0, 1.0],
                [1.0, 0.0, 0.0, 0.085842, 0.0, 0.0, -1.0, 1.413857, 0.0, 1.0, 0.0, 0.413753, 0.0, 0.0, 0.0, 1.0],
                [1.0, 0.0, 0.0, 0.066844, 0.0, 0.0, -1.0, 1.414155, 0.0, 1.0, 0.0, 0.409206, 0.0, 0.0, 0.0, 1.0],
                [1.0, 0.0, 0.0, 0.066844, 0.0, 0.0, -1.0, 1.414155, 0.0, 1.0, 0.0, 0.409206, 0.0, 0.0, 0.0, 1.0],
                [1.0, 0.0, 0.0, 0.066844, 0.0, 0.0, -1.0, 1.414155, 0.0, 1.0, 0.0, 0.409206, 0.0, 0.0, 0.0, 1.0],
                [1.0, 0.0, 0.0, 0.066844, 0.0, 0.0, -1.0, 1.414155, 0.0, 1.0, 0.0, 0.409206, 0.0, 0.0, 0.0, 1.0],
                [1.0, 0.0, 0.0, 0.066844, 0.0, 0.0, -1.0, 1.414155, 0.0, 1.0, 0.0, 0.409206, 0.0, 0.0, 0.0, 1.0],
                [1.0, 0.0, 0.0, 0.066844, 0.0, 0.0, -1.0, 1.414155, 0.0, 1.0, 0.0, 0.409206, 0.0, 0.0, 0.0, 1.0],
                [1.0, 0.0, 0.0, 0.066844, 0.0, 0.0, -1.0, 1.414155, 0.0, 1.0, 0.0, 0.409206, 0.0, 0.0, 0.0, 1.0],
                [1.0, 0.0, 0.0, 0.066844, 0.0, 0.0, -1.0, 1.414155, 0.0, 1.0, 0.0, 0.409206, 0.0, 0.0, 0.0, 1.0],
                [1.0, 0.0, 0.0, 0.066844, 0.0, 0.0, -1.0, 1.414155, 0.0, 1.0, 0.0, 0.409206, 0.0, 0.0, 0.0, 1.0],
                [1.0, 0.0, 0.0, 0.066844, 0.0, 0.0, -1.0, 1.414155, 0.0, 1.0, 0.0, 0.409206, 0.0, 0.0, 0.0, 1.0],
                [1.0, 0.0, 0.0, 0.066844, 0.0, 0.0, -1.0, 1.414155, 0.0, 1.0, 0.0, 0.409206, 0.0, 0.0, 0.0, 1.0],
                [1.0, 0.0, 0.0, 0.066844, 0.0, 0.0, -1.0, 1.414155, 0.0, 1.0, 0.0, 0.409206, 0.0, 0.0, 0.0, 1.0],
                [1.0, 0.0, 0.0, 0.066844, 0.0, 0.0, -1.0, 1.414155, 0.0, 1.0, 0.0, 0.409206, 0.0, 0.0, 0.0, 1.0],
                [1.0, 0.0, 0.0, 0.066844, 0.0, 0.0, -1.0, 1.414155, 0.0, 1.0, 0.0, 0.409206, 0.0, 0.0, 0.0, 1.0]
            ]
        },
        {
            "name": "Thigh_R",
            "time": [0.0, 0.0167, 0.0333, 0.05, 0.0667, 0.0833, 0.1, 0.1167, 0.1333, 0.15, 0.1667, 0.1833, 0.2, 0.2167, 0.2333, 0.25, 0.2667, 0.2833, 0.3, 0.3167, 0.3333, 0.35, 0.3667, 0.3833, 0.4, 0.4167, 0.4333, 0.45, 0.4667, 0.4833, 0.5, 0.5167, 0.5333, 0.55, 0.5667, 0.5833, 0.6, 0.6167, 0.6333, 0.65, 0.6667],
            "transform": [
                [0.942227, 0.312102, 0.121663, 0.124994, 0.287806, -0.9401, 0.182704, -0.002831, 0.171398, -0.137133, -0.975611, -1.2e-05, 0.0, 0.0, 0.0, 1.0],
                [0.949908, 0.256536, 0.178504, 0.123801, 0.240964, -0.964902, 0.104412, -0.0039, 0.199024, -0.056169, -0.978384, 0.001397, 0.0, 0.0, 0.0, 1.0],
                [0.95359, 0.175525, 0.244659, 0.120574, 0.201455, -0.975791, -0.08514, -0.006858, 0.223791, 0.130476, -0.965864, 0.005292, 0.0, 0.0, 0.0, 1.0],
                [0.932899, 0.221921, 0.283638, 0.115843, 0.223834, -0.974279, 0.026082, -0.011325, 0.28213, 0.039156, -0.958577, 0.011175, 0.0, 0.0, 0.0, 1.0],
                [0.880151, 0.303349, 0.365122, 0.110135, 0.260671, -0.951687, 0.16231, -0.016925, 0.396718, -0.047681, -0.916702, 0.01855, 0.0, 0.0, 0.0, 1.0],
                [0.819922, 0.375368, 0.432235, 0.10398, 0.287152, -0.922843, 0.256721, -0.02328, 0.495249, -0.086374, -0.864447, 0.02692, 0.0, 0.0, 0.0, 1.0],
                [0.779695, 0.402416, 0.479727, 0.097907, 0.28305, -0.909908, 0.303233, -0.030013, 0.558533, -0.100643, -0.823354, 0.035786, 0.0, 0.0, 0.0, 1.0],
                [0.741086, 0.391389, 0.545533, 0.092443, 0.259684, -0.916372, 0.304675, -0.036745, 0.619158, -0.084124, -0.780748, 0.044653, 0.0, 0.0, 0.0, 1.0],
                [0.66164, 0.345716, 0.665366, 0.088118, 0.257331, -0.938167, 0.23157, -0.0431, 0.704282, 0.018003, -0.709692, 0.053023, 0.0, 0.0, 0.0, 1.0],
                [0.46158, 0.23064, 0.856592, 0.085461, 0.346768, -0.935691, 0.06508, -0.0487, 0.816515, 0.266999, -0.511874, 0.060398, 0.0, 0.0, 0.0, 1.0],
                [0.064804, -0.046026, 0.996836, 0.082723, 0.510652, -0.856704, -0.072753, -0.053167, 0.857342, 0.513751, -0.032014, 0.066281, 0.0, 0.0, 0.0, 1.0],
                [-0.281587, -0.278275, 0.918298, 0.069043, 0.599029, -0.798601, -0.058317, -0.056125, 0.749582, 0.533666, 0.391571, 0.070176, 0.0, 0.0, 0.0, 1.0],
                [-0.435355, -0.312141, 0.844413, 0.031286, 0.619811, -0.78419, 0.029677, -0.057194, 0.652917, 0.536297, 0.534869, 0.071585, 0.0, 0.0, 0.0, 1.0],
                [-0.765842, -0.280328, 0.578708, -0.039105, 0.53267, -0.780707, 0.32674, -0.051035, 0.360207, 0.558492, 0.747221, 0.00753, 0.0, 0.0, 0.0, 1.0],
                [-0.897036, -0.382014, -0.222243, -0.082409, 0.069801, -0.619008, 0.782277, -0.038525, -0.436411, 0.686218, 0.581938, -0.056488, 0.0, 0.0, 0.0, 1.0],
                [-0.786453, -0.527263, -0.321692, -0.060839, 0.244176, -0.743814, 0.622189, -0.026686, -0.567336, 0.410773, 0.71372, -0.050568, 0.0, 0.0, 0.0, 1.0],
                [-0.348696, -0.597443, -0.722131, -0.009403, 0.462684, -0.779788, 0.421728, -0.016818, -0.815068, -0.187064, 0.548337, -0.036557, 0.0, 0.0, 0.0, 1.0],
                [0.738422, -0.398519, -0.543982, 0.051988, 0.307449, -0.519007, 0.797564, -0.0093, -0.600174, -0.756185, -0.260722, -0.019857, 0.0, 0.0, 0.0, 1.0],
                [0.947619, 0.134903, -0.289516, 0.103424, 0.235072, -0.908226, 0.346219, -0.004511, -0.21624, -0.396141, -0.892364, -0.005874, 0.0, 0.0, 0.0, 1.0],
                [0.92372, 0.382065, -0.027726, 0.124994, 0.37942, -0.922486, -0.07114, -0.002831, -0.052757, 0.055194, -0.997081, -1.2e-05, 0.0, 0.0, 0.0, 1.0],
                [0.883803, 0.456551, 0.102243, 0.124994, 0.46434, -0.882708, -0.072218, -0.002831, 0.05728, 0.111302, -0.992135, -1.2e-05, 0.0, 0.0, 0.0, 1.0],
                [0.871742, 0.454184, 0.183803, 0.124994, 0.465945, -0.88448, -0.024302, -0.002831, 0.151532, 0.106827, -0.982663, -1.2e-05, 0.0, 0.0, 0.0, 1.0],
                [0.87433, 0.417991, 0.246638, 0.124994, 0.422627, -0.905569, 0.036505, -0.002831, 0.238606, 0.072318, -0.96842, -1.2e-05, 0.0, 0.0, 0.0, 1.0],
                [0.876605, 0.378465, 0.297201, 0.124994, 0.370404, -0.924943, 0.085333, -0.002831, 0.30719, 0.035281, -0.950994, -1.2e-05, 0.0, 0.0, 0.0, 1.0],
                [0.875569, 0.363065, 0.31869, 0.124994, 0.348462, -0.931548, 0.103896, -0.002831, 0.334596, 0.020083, -0.942148, -1.2e-05, 0.0, 0.0, 0.0, 1.0],
                [0.85618, 0.416369, 0.30593, 0.124994, 0.400442, -0.908908, 0.116335, -0.002831, 0.3265, 0.022904, -0.94492, -1.2e-05, 0.0, 0.0, 0.0, 1.0],
                [0.817602, 0.503898, 0.278593, 0.124994, 0.484818, -0.863498, 0.139008, -0.002831, 0.310611, 0.021414, -0.950296, -1.2e-05, 0.0, 0.0, 0.0, 1.0],
                [0.795062, 0.546877, 0.262302, 0.124994, 0.526332, -0.836997, 0.149705, -0.002831, 0.301416, 0.019033, -0.953303, -1.2e-05, 0.0, 0.0, 0.0, 1.0],
                [0.795062, 0.546877, 0.262302, 0.124994, 0.526332, -0.836997, 0.149705, -0.002831, 0.301416, 0.019033, -0.953303, -1.2e-05, 0.0, 0.0, 0.0, 1.0],
                [0.795062, 0.546877, 0.262302, 0.124994, 0.526332, -0.836997, 0.149705, -0.002831, 0.301416, 0.019033, -0.953303, -1.2e-05, 0.0, 0.0, 0.0, 1.0],
                [0.795062, 0.546877, 0.262302, 0.124994, 0.526332, -0.836997, 0.149705, -0.002831, 0.301416, 0.019033, -0.953303, -1.2e-05, 0.0, 0.0, 0.0, 1.0],
                [0.795062, 0.546877, 0.262302, 0.124994, 0.526332, -0.836997, 0.149705, -0.002831, 0.301416, 0.019033, -0.953303, -1.2e-05, 0.0, 0.0, 0.0, 1.0],
                [0.795062, 0.546877, 0.262302, 0.124994, 0.526332, -0.836997, 0.149705, -0.002831, 0.301416, 0.019033, -0.953303, -1.2e-05, 0.0, 0.0, 0.0, 1.0],
                [0.795062, 0.546877, 0.262302, 0.124994, 0.526332, -0.836997, 0.149705, -0.002831, 0.301416, 0.019033, -0.953303, -1.2e-05, 0.0, 0.0, 0.0, 1.0],
                [0.795062, 0.546877, 0.262302, 0.124994, 0.526332, -0.836997, 0.149705, -0.002831, 0.301416, 0.019033, -0.953303, -1.2e-05, 0.0, 0.0, 0.0, 1.0],
                [0.795062, 0.546877, 0.262302, 0.124994, 0.526332, -0.836997, 0.149705, -0.002831, 0.301416, 0.019033, -0.953303, -1.2e-05, 0.0, 0.0, 0.0, 1.0],
                [0.795062, 0.546877, 0.262302, 0.124994, 0.526332, -0.836997, 0.149705, -0.002831, 0.301416, 0.019033, -0.953303, -1.2e-05, 0.0, 0.0, 0.0, 1.0],
                [0.795062, 0.546877, 0.262302, 0.124994, 0.526332, -0.836997, 0.149705, -0.002831, 0.301416, 0.019033, -0.953303, -1.2e-05, 0.0, 0.0, 0.0, 1.0],
                [0.795062, 0.546877, 0.262302, 0.124994, 0.526332, -0.836997, 0.149705, -0.002831, 0.301416, 0.019033, -0.953303, -1.2e-05, 0.0, 0.0, 0.0, 1.0],
                [0.795062, 0.546877, 0.262302, 0.124994, 0.526332, -0.836997, 0.149705, -0.002831, 0.301416, 0.019033, -0.953303, -1.2e-05, 0.0, 0.0, 0.0, 1.0],
                [0.795062, 0.546877, 0.262302, 0.124994, 0.526332, -0.836997, 0.149705, -0.002831, 0.301416, 0.019033, -0.953303, -1.2e-05, 0.0, 0.0, 0.0, 1.0]
            ]
        },
        {
            "name": "Leg_R",
            "time": [0.0, 0.0167, 0.0333, 0.05, 0.0667, 0.0833, 0.1, 0.1167, 0.1333, 0.15, 0.1667, 0.1833, 0.2, 0.2167, 0.2333, 0.25, 0.2667, 0.2833, 0.3, 0.3167, 0.3333, 0.35, 0.3667, 0.3833, 0.4, 0.4167, 0.4333, 0.45, 0.4667, 0.4833, 0.5, 0.5167, 0.5333, 0.55, 0.5667, 0.5833, 0.6, 0.6167, 0.6333, 0.65, 0.6667],
            "transform": [
                [1.0, 7e-06, 2e-06, -0.0, -7e-06, 0.951347, 0.308122, 0.374726, 0.0, -0.308122, 0.951347, -0.0, 0.0, 0.0, 0.0, 1.0],
                [1.0, 9e-06, 3e-06, 0.0, -9e-06, 0.912251, 0.409632, 0.374726, 1e-06, -0.409632, 0.912251, -0.0, 0.0, 0.0, 0.0, 1.0],
                [1.0, 7e-06, 2e-06, -0.0, -7e-06, 0.953092, 0.302681, 0.374726, 0.0, -0.302681, 0.953092, 0.0, 0.0, 0.0, 0.0, 1.0],
                [1.0, 1.1e-05, 3e-06, -0.0, -1.1e-05, 0.87855, 0.477649, 0.374726, 2e-06, -0.477649, 0.87855, 0.0, 0.0, 0.0, 0.0, 1.0],
                [1.0, 1e-05, 5e-06, 0.0, -1.1e-05, 0.760145, 0.649754, 0.374726, 3e-06, -0.649754, 0.760145, 0.0, 0.0, 0.0, 0.0, 1.0],
                [1.0, 1.6e-05, 7e-06, 0.0, -1.6e-05, 0.679298, 0.733861, 0.374726, 6e-06, -0.733862, 0.679299, 0.0, 0.0, 0.0, 0.0, 1.0],
                [1.0, 1.6e-05, 9e-06, 0.0, -1.7e-05, 0.630948, 0.775825, 0.374726, 7e-06, -0.775825, 0.630948, -0.0, 0.0, 0.0, 0.0, 1.0],
                [1.0, 1.3e-05, 7e-06, -0.0, -1.3e-05, 0.584434, 0.811441, 0.374726, 6e-06, -0.811441, 0.584435, 0.0, 0.0, 0.0, 0.0, 1.0],
                [1.0, 1.8e-05, 1e-05, -0.0, -1.9e-05, 0.591153, 0.806559, 0.374726, 9e-06, -0.806559, 0.591153, 0.0, 0.0, 0.0, 0.0, 1.0],
                [1.0, 1.6e-05, 7e-06, -0.0, -1.7e-05, 0.728927, 0.684591, 0.374726, 6e-06, -0.684592, 0.728927, 0.0, 0.0, 0.0, 0.0, 1.0],
                [1.0, 6e-06, 2e-06, -0.0, -6e-06, 0.950504, 0.31071, 0.374726, 0.0, -0.310711, 0.950504, 0.0, 0.0, 0.0, 0.0, 1.0],
                [1.0, 0.0, 1e-06, -0.0, 0.0, 0.999999, 0.001461, 0.374726, -1e-06, -0.001461, 0.999999, -0.0, 0.0, 0.0, 0.0, 1.0],
                [1.0, -0.0, 1e-06, -0.0, -0.0, 0.999999, 0.001462, 0.374726, -1e-06, -0.001462, 0.999999, 0.0, 0.0, 0.0, 0.0, 1.0],
                [1.0, 0.0, 1e-06, 0.0, -0.0, 0.999998, 0.001462, 0.374726, -1e-06, -0.001462, 0.999999, -0.0, 0.0, 0.0, 0.0, 1.0],
                [1.0, 1.2e-05, 6e-06, 0.0, -1.3e-05, 0.730787, 0.682606, 0.374726, 4e-06, -0.682606, 0.730787, -0.0, 0.0, 0.0, 0.0, 1.0],
                [1.0, 2.2e-05, 1.8e-05, 0.0, -2.2e-05, 0.241977, 0.970282, 0.374726, 1.7e-05, -0.970282, 0.241978, -0.0, 0.0, 0.0, 0.0, 1.0],
                [1.0, 1.5e-05, 1.3e-05, -0.0, -1.6e-05, 0.216979, 0.976176, 0.374726, 1.2e-05, -0.976177, 0.216979, 0.0, 0.0, 0.0, 0.0, 1.0],
                [1.0, 2.1e-05, 2.7e-05, 0.0, -2.1e-05, -0.254268, 0.967133, 0.374726, 2.6e-05, -0.967134, -0.254268, 0.0, 0.0, 0.0, 0.0, 1.0],
                [1.0, 1.9e-05, 2.6e-05, 0.0, -2e-05, -0.288649, 0.957435, 0.374726, 2.6e-05, -0.957435, -0.288649, -0.0, 0.0, 0.0, 0.0, 1.0],
                [1.0, 2.1e-05, 2.1e-05, 0.0, -2.2e-05, 0.024737, 0.999694, 0.374726, 2e-05, -0.999694, 0.024737, 0.0, 0.0, 0.0, 0.0, 1.0],
                [1.0, 2.1e-05, 2.1e-05, -0.0, -2.2e-05, 0.045236, 0.998976, 0.374726, 2e-05, -0.998976, 0.045236, 0.0, 0.0, 0.0, 0.0, 1.0],
                [1.0, 2.4e-05, 2.4e-05, 0.0, -2.4e-05, -0.00168, 0.999999, 0.374726, 2.4e-05, -0.999999, -0.00168, 0.0, 0.0, 0.0, 0.0, 1.0],
                [1.0, 2.6e-05, 2.9e-05, -0.0, -2.7e-05, -0.067432, 0.997724, 0.374726, 2.8e-05, -0.997724, -0.067432, 0.0, 0.0, 0.0, 0.0, 1.0],
                [1.0, 1.8e-05, 2.1e-05, -0.0, -1.9e-05, -0.119267, 0.992862, 0.374726, 2.1e-05, -0.992862, -0.119267, -0.0, 0.0, 0.0, 0.0, 1.0],
                [1.0, 1.8e-05, 2.2e-05, 0.0, -1.9e-05, -0.148372, 0.988931, 0.374726, 2.1e-05, -0.988932, -0.148372, -0.0, 0.0, 0.0, 0.0, 1.0],
                [1.0, 1.8e-05, 2.2e-05, 0.0, -1.9e-05, -0.16828, 0.985739, 0.374726, 2.1e-05, -0.985739, -0.16828, 0.0, 0.0, 0.0, 0.0, 1.0],
                [1.0, 1.8e-05, 2.3e-05, -0.0, -1.9e-05, -0.180589, 0.983558, 0.374726, 2.2e-05, -0.983559, -0.180589, 0.0, 0.0, 0.0, 0.0, 1.0],
                [1.0, 1.8e-05, 2.3e-05, -0.0, -1.9e-05, -0.181686, 0.983357, 0.374726, 2.2e-05, -0.983357, -0.181686, 0.0, 0.0, 0.0, 0.0, 1.0],
                [1.0, 1.8e-05, 2.3e-05, -0.0, -1.9e-05, -0.181686, 0.983357, 0.374726, 2.2e-05, -0.983357, -0.181686, 0.0, 0.0, 0.0, 0.0, 1.0],
                [1.0, 1.8e-05, 2.3e-05, -0.0, -1.9e-05, -0.181686, 0.983357, 0.374726, 2.2e-05, -0.983357, -0.181686, 0.0, 0.0, 0.0, 0.0, 1.0],
                [1.0, 1.8e-05, 2.3e-05, -0.0, -1.9e-05, -0.181686, 0.983357, 0.374726, 2.2e-05, -0.983357, -0.181686, 0.0, 0.0, 0.0, 0.0, 1.0],
                [1.0, 1.8e-05, 2.3e-05, -0.0, -1.9e-05, -0.181686, 0.983357, 0.374726, 2.2e-05, -0.983357, -0.181686, 0.0, 0.0, 0.0, 0.0, 1.0],
                [1.0, 1.8e-05, 2.3e-05, -0.0, -1.9e-05, -0.181686, 0.983357, 0.374726, 2.2e-05, -0.983357, -0.181686, 0.0, 0.0, 0.0, 0.0, 1.0],
                [1.0, 1.8e-05, 2.3e-05, -0.0, -1.9e-05, -0.181686, 0.983357, 0.374726, 2.2e-05, -0.983357, -0.181686, 0.0, 0.0, 0.0, 0.0, 1.0],
                [1.0, 1.8e-05, 2.3e-05, -0.0, -1.9e-05, -0.181686, 0.983357, 0.374726, 2.2e-05, -0.983357, -0.181686, 0.0, 0.0, 0.0, 0.0, 1.0],
                [1.0, 1.8e-05, 2.3e-05, -0.0, -1.9e-05, -0.181686, 0.983357, 0.374726, 2.2e-05, -0.983357, -0.181686, 0.0, 0.0, 0.0, 0.0, 1.0],
                [1.0, 1.8e-05, 2.3e-05, -0.0, -1.9e-05, -0.181686, 0.983357, 0.374726, 2.2e-05, -0.983357, -0.181686, 0.0, 0.0, 0.0, 0.0, 1.0],
                [1.0, 1.8e-05, 2.3e-05, -0.0, -1.9e-05, -0.181686, 0.983357, 0.374726, 2.2e-05, -0.983357, -0.181686, 0.0, 0.0, 0.0, 0.0, 1.0],
                [1.0, 1.8e-05, 2.3e-05, -0.0, -1.9e-05, -0.181686, 0.983357, 0.374726, 2.2e-05, -0.983357, -0.181686, 0.0, 0.0, 0.0, 0.0, 1.0],
                [1.0, 1.8e-05, 2.3e-05, -0.0, -1.9e-05, -0.181686, 0.983357, 0.374726, 2.2e-05, -0.983357, -0.181686, 0.0, 0.0, 0.0, 0.0, 1.0],
                [1.0, 1.8e-05, 2.3e-05, -0.0, -1.9e-05, -0.181686, 0.983357, 0.374726, 2.2e-05, -0.983357, -0.181686, 0.0, 0.0, 0.0, 0.0, 1.0]
            ]
        },
        {
            "name": "Knee_R",
            "time": [0.0, 0.6667],
            "transform": [
                [1.0, 0.0, -0.0, -0.0, -0.0, 0.00567, -0.999984, 0.374726, -0.0, 0.999984, 0.00567, -0.0, 0.0, 0.0, 0.0, 1.0],
                [1.0, 0.0, -0.0, -0.0, -0.0, 0.00567, -0.999984, 0.484724, -0.0, 0.999984, 0.00567, -0.000623, 0.0, 0.0, 0.0, 1.0]
            ]
        },
        {
            "name": "Thigh_L",
            "time": [0.0, 0.0167, 0.0333, 0.05, 0.0667, 0.0833, 0.1, 0.1167, 0.1333, 0.15, 0.1667, 0.1833, 0.2, 0.2167, 0.2333, 0.25, 0.2667, 0.2833, 0.3, 0.3167, 0.3333, 0.35, 0.3667, 0.3833, 0.4, 0.4167, 0.4333, 0.45, 0.4667, 0.4833, 0.5, 0.5167, 0.5333, 0.55, 0.5667, 0.5833, 0.6, 0.6167, 0.6333, 0.65, 0.6667],
            "transform": [
                [0.969152, -0.242282, -0.045209, -0.125006, -0.196103, -0.869148, 0.454012, -0.002831, -0.149292, -0.431141, -0.889848, -1.2e-05, 0.0, 0.0, 0.0, 1.0],
                [0.973401, -0.217811, -0.071055, -0.12417, -0.134098, -0.793106, 0.594139, -0.003551, -0.185764, -0.568807, -0.801218, -0.003432, 0.0, 0.0, 0.0, 1.0],
                [0.970688, -0.196796, -0.137973, -0.121908, -0.054909, -0.740464, 0.66985, -0.005541, -0.233987, -0.642639, -0.729565, -0.01289, 0.0, 0.0, 0.0, 1.0],
                [0.968968, -0.208969, -0.132035, -0.118591, -0.063114, -0.725602, 0.685215, -0.008547, -0.238993, -0.655618, -0.716274, -0.027176, 0.0, 0.0, 0.0, 1.0],
                [0.966661, -0.223745, -0.124517, -0.11459, -0.073674, -0.70875, 0.701602, -0.012315, -0.245231, -0.669038, -0.701605, -0.045084, 0.0, 0.0, 0.0, 1.0],
                [0.963816, -0.23903, -0.117997, -0.110275, -0.085692, -0.69698, 0.711953, -0.016592, -0.252419, -0.67608, -0.692244, -0.065406, 0.0, 0.0, 0.0, 1.0],
                [0.970081, -0.23312, -0.067812, -0.106017, -0.116492, -0.691998, 0.712439, -0.021123, -0.21301, -0.683224, -0.69845, -0.086936, 0.0, 0.0, 0.0, 1.0],
                [0.98137, -0.183264, 0.057688, -0.102187, -0.171828, -0.702842, 0.690282, -0.025653, -0.085959, -0.687334, -0.721238, -0.108466, 0.0, 0.0, 0.0, 1.0],
                [0.968741, -0.089171, 0.231494, -0.099156, -0.218144, -0.750558, 0.623761, -0.02993, 0.118128, -0.654761, -0.746548, -0.128788, 0.0, 0.0, 0.0, 1.0],
                [0.906546, 0.034037, 0.420732, -0.097293, -0.197176, -0.847166, 0.493389, -0.033698, 0.373224, -0.530238, -0.761284, -0.146696, 0.0, 0.0, 0.0, 1.0],
                [0.671683, 0.222913, 0.706507, -0.095373, -0.192882, -0.86815, 0.457288, -0.036705, 0.715289, -0.443425, -0.540125, -0.160982, 0.0, 0.0, 0.0, 1.0],
                [0.153329, 0.280037, 0.947666, -0.085784, -0.358032, -0.878103, 0.317409, -0.038695, 0.921034, -0.387963, -0.034376, -0.170439, 0.0, 0.0, 0.0, 1.0],
                [-0.049092, 0.120129, 0.991544, -0.059315, -0.450824, -0.888526, 0.085328, -0.039414, 0.891262, -0.442823, 0.097776, -0.17386, 0.0, 0.0, 0.0, 1.0],
                [-0.286618, 0.41419, 0.863885, 0.059697, -0.32496, -0.890291, 0.319036, -0.003569, 0.90125, -0.189286, 0.389768, -0.115771, 0.0, 0.0, 0.0, 1.0],
                [-0.611845, 0.514521, 0.600763, 0.15972, -0.231093, -0.842659, 0.486335, 0.032008, 0.756467, 0.158729, 0.634478, -0.010286, 0.0, 0.0, 0.0, 1.0],
                [-0.760299, 0.351508, 0.546248, 0.129093, 0.097148, -0.769945, 0.630672, 0.019541, 0.642267, 0.532566, 0.55124, 0.066743, 0.0, 0.0, 0.0, 1.0],
                [-0.991824, -0.123696, -0.031384, 0.05567, 0.05541, -0.638956, 0.767246, -0.009407, -0.114958, 0.759233, 0.640585, 0.112766, 0.0, 0.0, 0.0, 1.0],
                [0.213484, -0.903157, -0.372468, -0.032861, -0.39933, -0.428623, 0.810443, -0.043783, -0.891605, -0.024278, -0.452162, 0.13665, 0.0, 0.0, 0.0, 1.0],
                [0.694501, -0.673765, 0.252407, -0.108814, -0.459357, -0.145212, 0.876302, -0.072521, -0.553769, -0.724537, -0.410349, 0.145656, 0.0, 0.0, 0.0, 1.0],
                [0.69852, -0.61907, 0.358918, -0.144501, -0.651007, -0.341531, 0.677899, -0.084559, -0.297085, -0.707184, -0.641585, 0.147045, 0.0, 0.0, 0.0, 1.0],
                [0.656179, -0.634895, 0.407847, -0.149646, -0.733489, -0.409667, 0.542372, -0.083877, -0.177268, -0.655044, -0.734503, 0.135923, 0.0, 0.0, 0.0, 1.0],
                [0.658297, -0.618533, 0.429026, -0.152767, -0.738217, -0.418979, 0.528671, -0.08225, -0.147248, -0.664736, -0.732423, 0.109401, 0.0, 0.0, 0.0, 1.0],
                [0.684457, -0.519556, 0.511449, -0.15437, -0.71231, -0.327089, 0.620989, -0.080309, -0.155349, -0.789351, -0.593964, 0.077745, 0.0, 0.0, 0.0, 1.0],
                [0.709624, -0.475986, 0.519491, -0.15496, -0.682579, -0.281613, 0.674374, -0.078682, -0.174697, -0.833146, -0.524737, 0.051223, 0.0, 0.0, 0.0, 1.0],
                [0.717189, -0.45954, 0.523892, -0.155044, -0.671461, -0.254497, 0.695969, -0.078, -0.186496, -0.850914, -0.491085, 0.040101, 0.0, 0.0, 0.0, 1.0],
                [0.725293, -0.412709, 0.551018, -0.155044, -0.663425, -0.205203, 0.719555, -0.078, -0.183896, -0.887448, -0.422633, 0.040101, 0.0, 0.0, 0.0, 1.0],
                [0.747507, -0.338964, 0.571259, -0.155044, -0.640387, -0.139279, 0.755319, -0.078, -0.176462, -0.930433, -0.32118, 0.040101, 0.0, 0.0, 0.0, 1.0],
                [0.760673, -0.302475, 0.574357, -0.155044, -0.625981, -0.107592, 0.772381, -0.078, -0.171829, -0.947066, -0.271185, 0.040101, 0.0, 0.0, 0.0, 1.0],
                [0.760673, -0.302475, 0.574357, -0.155044, -0.625981, -0.107592, 0.772381, -0.078, -0.171829, -0.947066, -0.271185, 0.040101, 0.0, 0.0, 0.0, 1.0],
                [0.760673, -0.302475, 0.574357, -0.155044, -0.625981, -0.107592, 0.772381, -0.078, -0.17183, -0.947066, -0.271185, 0.040101, 0.0, 0.0, 0.0, 1.0],
                [0.760673, -0.302475, 0.574357, -0.155044, -0.625981, -0.107592, 0.772381, -0.078, -0.171829, -0.947066, -0.271185, 0.040101, 0.0, 0.0, 0.0, 1.0],
                [0.760673, -0.302475, 0.574357, -0.155044, -0.625981, -0.107592, 0.772381, -0.078, -0.17183, -0.947066, -0.271185, 0.040101, 0.0, 0.0, 0.0, 1.0],
                [0.760673, -0.302475, 0.574357, -0.155044, -0.625981, -0.107592, 0.772381, -0.078, -0.17183, -0.947066, -0.271185, 0.040101, 0.0, 0.0, 0.0, 1.0],
                [0.760673, -0.302475, 0.574357, -0.155044, -0.625981, -0.107592, 0.772381, -0.078, -0.17183, -0.947066, -0.271185, 0.040101, 0.0, 0.0, 0.0, 1.0],
                [0.760673, -0.302475, 0.574357, -0.155044, -0.625981, -0.107592, 0.772381, -0.078, -0.17183, -0.947066, -0.271185, 0.040101, 0.0, 0.0, 0.0, 1.0],
                [0.760673, -0.302475, 0.574357, -0.155044, -0.625981, -0.107592, 0.772381, -0.078, -0.17183, -0.947066, -0.271185, 0.040101, 0.0, 0.0, 0.0, 1.0],
                [0.760673, -0.302475, 0.574357, -0.155044, -0.625981, -0.107592, 0.772381, -0.078, -0.17183, -0.947066, -0.271185, 0.040101, 0.0, 0.0, 0.0, 1.0],
                [0.760673, -0.302475, 0.574357, -0.155044, -0.625981, -0.107592, 0.772381, -0.078, -0.17183, -0.947066, -0.271185, 0.040101, 0.0, 0.0, 0.0, 1.0],
                [0.760673, -0.302475, 0.574357, -0.155044, -0.625981, -0.107592, 0.772381, -0.078, -0.17183, -0.947066, -0.271185, 0.040101, 0.0, 0.0, 0.0, 1.0],
                [0.760673, -0.302475, 0.574357, -0.155044, -0.625981, -0.107592, 0.772381, -0.078, -0.17183, -0.947066, -0.271185, 0.040101, 0.0, 0.0, 0.0, 1.0],
                [0.760673, -0.302475, 0.574357, -0.155044, -0.625981, -0.107592, 0.772381, -0.078, -0.17183, -0.947066, -0.271185, 0.040101, 0.0, 0.0, 0.0, 1.0]
            ]
        },
        {
            "name": "Leg_L",
            "time": [0.0, 0.0167, 0.0333, 0.05, 0.0667, 0.0833, 0.1, 0.1167, 0.1333, 0.15, 0.1667, 0.1833, 0.2, 0.2167, 0.2333, 0.25, 0.2667, 0.2833, 0.3, 0.3167, 0.3333, 0.35, 0.3667, 0.3833, 0.4, 0.4167, 0.4333, 0.45, 0.4667, 0.4833, 0.5, 0.5167, 0.5333, 0.55, 0.5667, 0.5833, 0.6, 0.6167, 0.6333, 0.65, 0.6667],
            "transform": [
                [1.0, 1.4e-05, 6e-06, -0.0, -1.5e-05, 0.76484, 0.64422, 0.374726, 5e-06, -0.64422, 0.76484, 0.0, 0.0, 0.0, 0.0, 1.0],
                [1.0, 1.3e-05, 6e-06, -0.0, -1.4e-05, 0.753302, 0.657675, 0.374726, 5e-06, -0.657675, 0.753302, -0.0, 0.0, 0.0, 0.0, 1.0],
                [1.0, 1.2e-05, 5e-06, 0.0, -1.2e-05, 0.810956, 0.585107, 0.374726, 3e-06, -0.585107, 0.810956, -0.0, 0.0, 0.0, 0.0, 1.0],
                [1.0, 1.2e-05, 5e-06, 0.0, -1.3e-05, 0.766972, 0.641679, 0.374726, 4e-06, -0.64168, 0.766973, 0.0, 0.0, 0.0, 0.0, 1.0],
                [1.0, 1.5e-05, 7e-06, -0.0, -1.5e-05, 0.710806, 0.703388, 0.374726, 6e-06, -0.703389, 0.710806, 0.0, 0.0, 0.0, 0.0, 1.0],
                [1.0, 1.7e-05, 8e-06, -0.0, -1.8e-05, 0.655838, 0.754902, 0.374726, 7e-06, -0.754902, 0.655838, 0.0, 0.0, 0.0, 0.0, 1.0],
                [1.0, 1.5e-05, 8e-06, -0.0, -1.5e-05, 0.597636, 0.801767, 0.374726, 7e-06, -0.801767, 0.597636, 0.0, 0.0, 0.0, 0.0, 1.0],
                [1.0, 2e-05, 1.2e-05, 0.0, -2.1e-05, 0.522816, 0.852446, 0.374726, 1.1e-05, -0.852446, 0.522816, 0.0, 0.0, 0.0, 0.0, 1.0],
                [1.0, 2e-05, 1.3e-05, 0.0, -2.1e-05, 0.440961, 0.897526, 0.374726, 1.2e-05, -0.897526, 0.440961, -0.0, 0.0, 0.0, 0.0, 1.0],
                [1.0, 1.8e-05, 1.3e-05, -0.0, -1.9e-05, 0.385053, 0.922894, 0.374726, 1.2e-05, -0.922894, 0.385053, -0.0, 0.0, 0.0, 0.0, 1.0],
                [1.0, 2.1e-05, 1.5e-05, 0.0, -2.1e-05, 0.379535, 0.925178, 0.374726, 1.4e-05, -0.925178, 0.379535, -0.0, 0.0, 0.0, 0.0, 1.0],
                [1.0, 2e-05, 1.2e-05, -0.0, -2.1e-05, 0.534022, 0.84547, 0.374726, 1.1e-05, -0.84547, 0.534022, 0.0, 0.0, 0.0, 0.0, 1.0],
                [1.0, 1.7e-05, 7e-06, -0.0, -1.8e-05, 0.752637, 0.658436, 0.374726, 6e-06, -0.658436, 0.752637, 0.0, 0.0, 0.0, 0.0, 1.0],
                [1.0, 1.2e-05, 6e-06, 0.0, -1.3e-05, 0.646173, 0.763191, 0.374726, 5e-06, -0.763191, 0.646173, 0.0, 0.0, 0.0, 0.0, 1.0],
                [1.0, 1.2e-05, 5e-06, 0.0, -1.3e-05, 0.778384, 0.627788, 0.374726, 4e-06, -0.627788, 0.778384, -0.0, 0.0, 0.0, 0.0, 1.0],
                [1.0, 1.4e-05, 5e-06, -0.0, -1.4e-05, 0.800958, 0.598721, 0.374726, 4e-06, -0.598721, 0.800958, 0.0, 0.0, 0.0, 0.0, 1.0],
                [1.0, 1.2e-05, 5e-06, 0.0, -1.3e-05, 0.809683, 0.586868, 0.374726, 3e-06, -0.586868, 0.809683, 0.0, 0.0, 0.0, 0.0, 1.0],
                [1.0, 2.3e-05, 1.9e-05, 0.0, -2.4e-05, 0.226184, 0.974084, 0.374726, 1.8e-05, -0.974084, 0.226185, 0.0, 0.0, 0.0, 0.0, 1.0],
                [1.0, 1.5e-05, 1.1e-05, 0.0, -1.5e-05, 0.367644, 0.929966, 0.374726, 1e-05, -0.929967, 0.367644, -0.0, 0.0, 0.0, 0.0, 1.0],
                [1.0, 5e-06, 2e-06, -0.0, -6e-06, 0.964441, 0.264297, 0.374726, 0.0, -0.264297, 0.964441, 0.0, 0.0, 0.0, 0.0, 1.0],
                [1.0, 0.0, 1e-06, -0.0, -0.0, 0.999999, 0.001461, 0.374726, -1e-06, -0.00146, 0.999999, -0.0, 0.0, 0.0, 0.0, 1.0],
                [1.0, 0.0, 1e-06, -0.0, -0.0, 0.999999, 0.00146, 0.374726, -1e-06, -0.00146, 0.999999, 0.0, 0.0, 0.0, 0.0, 1.0],
                [1.0, 9e-06, 3e-06, 0.0, -9e-06, 0.922777, 0.385333, 0.374726, 1e-06, -0.385333, 0.922778, 0.0, 0.0, 0.0, 0.0, 1.0],
                [1.0, 1.2e-05, 4e-06, -0.0, -1.2e-05, 0.830763, 0.556626, 0.374726, 3e-06, -0.556626, 0.830763, 0.0, 0.0, 0.0, 0.0, 1.0],
                [1.0, 1.3e-05, 5e-06, -0.0, -1.4e-05, 0.778342, 0.62784, 0.374726, 4e-06, -0.62784, 0.778343, -0.0, 0.0, 0.0, 0.0, 1.0],
                [1.0, 1.6e-05, 7e-06, -0.0, -1.7e-05, 0.697249, 0.716829, 0.374726, 6e-06, -0.71683, 0.697249, -0.0, 0.0, 0.0, 0.0, 1.0],
                [1.0, 1.8e-05, 1e-05, 0.0, -1.8e-05, 0.574052, 0.818819, 0.374726, 9e-06, -0.818819, 0.574052, 0.0, 0.0, 0.0, 0.0, 1.0],
                [1.0, 2e-05, 1.2e-05, 0.0, -2.1e-05, 0.513607, 0.858025, 0.374726, 1.1e-05, -0.858025, 0.513607, 0.0, 0.0, 0.0, 0.0, 1.0],
                [1.0, 2e-05, 1.2e-05, -0.0, -2e-05, 0.513607, 0.858025, 0.374726, 1.1e-05, -0.858026, 0.513607, -0.0, 0.0, 0.0, 0.0, 1.0],
                [1.0, 2e-05, 1.2e-05, -0.0, -2.1e-05, 0.513607, 0.858025, 0.374726, 1.1e-05, -0.858025, 0.513607, -0.0, 0.0, 0.0, 0.0, 1.0],
                [1.0, 2e-05, 1.2e-05, 0.0, -2e-05, 0.513607, 0.858025, 0.374726, 1.1e-05, -0.858026, 0.513607, -0.0, 0.0, 0.0, 0.0, 1.0],
                [1.0, 2e-05, 1.2e-05, -0.0, -2.1e-05, 0.513608, 0.858025, 0.374726, 1.1e-05, -0.858025, 0.513608, -0.0, 0.0, 0.0, 0.0, 1.0],
                [1.0, 2e-05, 1.2e-05, -0.0, -2.1e-05, 0.513608, 0.858025, 0.374726, 1.1e-05, -0.858025, 0.513608, -0.0, 0.0, 0.0, 0.0, 1.0],
                [1.0, 2e-05, 1.2e-05, -0.0, -2.1e-05, 0.513608, 0.858025, 0.374726, 1.1e-05, -0.858025, 0.513608, -0.0, 0.0, 0.0, 0.0, 1.0],
                [1.0, 2e-05, 1.2e-05, -0.0, -2.1e-05, 0.513608, 0.858025, 0.374726, 1.1e-05, -0.858025, 0.513608, -0.0, 0.0, 0.0, 0.0, 1.0],
                [1.0, 2e-05, 1.2e-05, -0.0, -2.1e-05, 0.513608, 0.858025, 0.374726, 1.1e-05, -0.858025, 0.513608, -0.0, 0.0, 0.0, 0.0, 1.0],
                [1.0, 2e-05, 1.2e-05, -0.0, -2.1e-05, 0.513608, 0.858025, 0.374726, 1.1e-05, -0.858025, 0.513608, -0.0, 0.0, 0.0, 0.0, 1.0],
                [1.0, 2e-05, 1.2e-05, -0.0, -2.1e-05, 0.513608, 0.858025, 0.374726, 1.1e-05, -0.858025, 0.513608, -0.0, 0.0, 0.0, 0.0, 1.0],
                [1.0, 2e-05, 1.2e-05, -0.0, -2.1e-05, 0.513608, 0.858025, 0.374726, 1.1e-05, -0.858025, 0.513608, -0.0, 0.0, 0.0, 0.0, 1.0],
                [1.0, 2e-05, 1.2e-05, -0.0, -2.1e-05, 0.513608, 0.858025, 0.374726, 1.1e-05, -0.858025, 0.513608, -0.0, 0.0, 0.0, 0.0, 1.0],
                [1.0, 2e-05, 1.2e-05, -0.0, -2.1e-05, 0.513608, 0.858025, 0.374726, 1.1e-05, -0.858025, 0.513608, -0.0, 0.0, 0.0, 0.0, 1.0]
            ]
        },
        {
            "name": "Knee_L",
            "time": [0.0, 0.6667],
            "transform": [
                [1.0, 0.0, -0.0, -0.0, -0.0, 0.00567, -0.999984, 0.392065, -0.0, 0.999984, 0.00567, -9.8e-05, 0.0, 0.0, 0.0, 1.0],
                [1.0, 0.0, -0.0, -0.0, -0.0, 0.00567, -0.999984, 0.426877, -0.0, 0.999984, 0.00567, -0.000296, 0.0, 0.0, 0.0, 1.0]
            ]
        },
        {
            "name": "Torso",
            "time": [0.0, 0.0167, 0.0333, 0.05, 0.0667, 0.0833, 0.1, 0.1167, 0.1333, 0.15, 0.1667, 0.1833, 0.2, 0.2167, 0.2333, 0.25, 0.2667, 0.2833, 0.3, 0.3167, 0.3333, 0.35, 0.3667, 0.3833, 0.4, 0.4167, 0.4333, 0.45, 0.4667, 0.4833, 0.5, 0.5167, 0.5333, 0.55, 0.5667, 0.5833, 0.6, 0.6167, 0.6333, 0.65, 0.6667],
            "transform": [
                [0.999995, -0.002799, 0.001617, 0.0, 0.002686, 0.997802, 0.066207, 0.05, -0.001798, -0.066202, 0.997805, 0.0, 0.0, 0.0, 0.0, 1.0],
                [0.979313, -0.01602, 0.201715, 0.0, 0.002686, 0.997802, 0.066207, 0.05, -0.202332, -0.064295, 0.977204, 0.0, 0.0, 0.0, 0.0, 1.0],
                [0.918831, -0.028591, 0.393615, 0.0, 0.002686, 0.997802, 0.066207, 0.05, -0.394643, -0.059776, 0.916888, 0.0, 0.0, 0.0, 0.0, 1.0],
                [0.919439, -0.028501, 0.392198, 0.0, 0.002678, 0.997801, 0.066232, 0.05, -0.393224, -0.059846, 0.917493, 0.0, 0.0, 0.0, 0.0, 1.0],
                [0.922853, -0.027981, 0.384135, 0.0, 0.002659, 0.997797, 0.066292, 0.05, -0.385144, -0.060157, 0.920894, 0.0, 0.0, 0.0, 0.0, 1.0],
                [0.931166, -0.026647, 0.36362, 0.0, 0.002639, 0.997792, 0.066361, 0.05, -0.364585, -0.060833, 0.929181, 0.0, 0.0, 0.0, 0.0, 1.0],
                [0.945592, -0.024087, 0.324461, 0.0, 0.002628, 0.997789, 0.066413, 0.05, -0.325343, -0.061947, 0.943565, 0.0, 0.0, 0.0, 0.0, 1.0],
                [0.965494, -0.019834, 0.259669, 0.0, 0.002633, 0.997788, 0.066424, 0.05, -0.260412, -0.063448, 0.963411, 0.0, 0.0, 0.0, 0.0, 1.0],
                [0.986817, -0.013354, 0.161286, 0.0, 0.002656, 0.997792, 0.066365, 0.05, -0.161816, -0.065062, 0.984674, 0.0, 0.0, 0.0, 0.0, 1.0],
                [0.999766, -0.0041, 0.021236, 0.0, 0.002686, 0.997802, 0.066207, 0.05, -0.021461, -0.066134, 0.99758, 0.0, 0.0, 0.0, 0.0, 1.0],
                [0.966632, 0.014208, -0.255774, 0.0, 0.002767, 0.997824, 0.065882, 0.05, 0.256153, -0.064391, 0.964489, 0.0, 0.0, 0.0, 0.0, 1.0],
                [0.745878, 0.041717, -0.664775, 0.0, 0.002729, 0.997837, 0.06568, 0.05, 0.666077, -0.050803, 0.744151, 0.0, 0.0, 0.0, 0.0, 1.0],
                [0.212028, 0.064133, -0.975157, 0.0, 0.002686, 0.997802, 0.066207, 0.05, 0.97726, -0.016657, 0.21139, 0.0, 0.0, 0.0, 0.0, 1.0],
                [-0.623318, 0.053907, -0.780108, 0.0, 0.002791, 0.997768, 0.066717, 0.05, 0.781964, 0.039409, -0.622077, 0.0, 0.0, 0.0, 0.0, 1.0],
                [-0.998582, -0.000844, 0.053231, 0.0, 0.002686, 0.997802, 0.066207, 0.05, -0.05317, 0.066256, -0.996385, 0.0, 0.0, 0.0, 0.0, 1.0],
                [-0.734671, -0.042947, 0.677063, 0.0, 0.002101, 0.997846, 0.065574, 0.05, -0.678421, 0.049598, -0.732998, 0.0, 0.0, 0.0, 0.0, 1.0],
                [-0.345018, -0.061097, 0.936605, 0.0, 0.001579, 0.99784, 0.065673, 0.05, -0.938594, 0.024137, -0.344176, 0.0, 0.0, 0.0, 0.0, 1.0],
                [0.014781, -0.066067, 0.997706, 0.0, 0.00146, 0.997815, 0.066053, 0.05, -0.99989, 0.000481, 0.014845, 0.0, 0.0, 0.0, 0.0, 1.0],
                [0.342535, -0.062975, 0.937392, 0.0, 0.001834, 0.997794, 0.066362, 0.05, -0.939503, -0.021012, 0.341895, 0.0, 0.0, 0.0, 0.0, 1.0],
                [0.635415, -0.052826, 0.770361, 0.0, 0.002686, 0.997802, 0.066207, 0.05, -0.772166, -0.04, 0.634161, 0.0, 0.0, 0.0, 0.0, 1.0],
                [0.855788, -0.036937, 0.516007, 0.0, 0.00372, 0.997862, 0.06526, 0.05, -0.517314, -0.053929, 0.854095, 0.0, 0.0, 0.0, 0.0, 1.0],
                [0.970431, -0.01971, 0.240573, 0.0, 0.004459, 0.997955, 0.063772, 0.05, -0.241338, -0.060814, 0.968534, 0.0, 0.0, 0.0, 0.0, 1.0],
                [0.999898, -0.005586, 0.013125, 0.0, 0.004758, 0.998048, 0.062272, 0.05, -0.013448, -0.062203, 0.997973, 0.0, 0.0, 0.0, 0.0, 1.0],
                [0.991345, 0.003294, -0.131241, 0.0, 0.004783, 0.998115, 0.061181, 0.05, 0.131195, -0.061279, 0.989461, 0.0, 0.0, 0.0, 0.0, 1.0],
                [0.983404, 0.006351, -0.181318, 0.0, 0.004757, 0.998141, 0.060764, 0.05, 0.181367, -0.060619, 0.981546, 0.0, 0.0, 0.0, 0.0, 1.0],
                [0.983404, 0.006351, -0.181318, 0.0, 0.004757, 0.998141, 0.060764, 0.05, 0.181367, -0.060619, 0.981546, 0.0, 0.0, 0.0, 0.0, 1.0],
                [0.983404, 0.006351, -0.181318, 0.0, 0.004757, 0.998141, 0.060764, 0.05, 0.181367, -0.060619, 0.981546, 0.0, 0.0, 0.0, 0.0, 1.0],
                [0.983404, 0.006351, -0.181318, 0.0, 0.004757, 0.998141, 0.060764, 0.05, 0.181367, -0.060619, 0.981546, 0.0, 0.0, 0.0, 0.0, 1.0],
                [0.983404, 0.006351, -0.181318, 0.0, 0.004757, 0.998141, 0.060764, 0.05, 0.181367, -0.060619, 0.981546, 0.0, 0.0, 0.0, 0.0, 1.0],
                [0.983404, 0.006351, -0.181318, 0.0, 0.004757, 0.998141, 0.060764, 0.05, 0.181367, -0.060619, 0.981546, 0.0, 0.0, 0.0, 0.0, 1.0],
                [0.983404, 0.006351, -0.181318, 0.0, 0.004757, 0.998141, 0.060764, 0.05, 0.181367, -0.060619, 0.981546, 0.0, 0.0, 0.0, 0.0, 1.0],
                [0.983404, 0.006351, -0.181318, 0.0, 0.004757, 0.998141, 0.060764, 0.05, 0.181367, -0.060619, 0.981546, 0.0, 0.0, 0.0, 0.0, 1.0],
                [0.983404, 0.006351, -0.181318, 0.0, 0.004757, 0.998141, 0.060764, 0.05, 0.181367, -0.060619, 0.981546, 0.0, 0.0, 0.0, 0.0, 1.0],
                [0.983404, 0.006351, -0.181318, 0.0, 0.004757, 0.998141, 0.060764, 0.05, 0.181367, -0.060619, 0.981546, 0.0, 0.0, 0.0, 0.0, 1.0],
                [0.983404, 0.006351, -0.181318, 0.0, 0.004757, 0.998141, 0.060764, 0.05, 0.181367, -0.060619, 0.981546, 0.0, 0.0, 0.0, 0.0, 1.0],
                [0.983404, 0.006351, -0.181318, 0.0, 0.004757, 0.998141, 0.060764, 0.05, 0.181367, -0.060619, 0.981546, 0.0, 0.0, 0.0, 0.0, 1.0],
                [0.983404, 0.006351, -0.181318, 0.0, 0.004757, 0.998141, 0.060764, 0.05, 0.181367, -0.060619, 0.981546, 0.0, 0.0, 0.0, 0.0, 1.0],
                [0.983404, 0.006351, -0.181318, 0.0, 0.004757, 0.998141, 0.060764, 0.05, 0.181367, -0.060619, 0.981546, 0.0, 0.0, 0.0, 0.0, 1.0],
                [0.983404, 0.006351, -0.181318, 0.0, 0.004757, 0.998141, 0.060764, 0.05, 0.181367, -0.060619, 0.981546, 0.0, 0.0, 0.0, 0.0, 1.0],
                [0.983404, 0.006351, -0.181318, 0.0, 0.004757, 0.998141, 0.060764, 0.05, 0.181367, -0.060619, 0.981546, 0.0, 0.0, 0.0, 0.0, 1.0],
                [0.983404, 0.006351, -0.181318, 0.0, 0.004757, 0.998141, 0.060764, 0.05, 0.181367, -0.060619, 0.981546, 0.0, 0.0, 0.0, 0.0, 1.0]
            ]
        },
        {
            "name": "Chest",
            "time": [0.0, 0.0167, 0.0333, 0.05, 0.0667, 0.0833, 0.1, 0.1167, 0.1333, 0.15, 0.1667, 0.1833, 0.2, 0.2167, 0.2333, 0.25, 0.2667, 0.2833, 0.3, 0.3167, 0.3333, 0.35, 0.3667, 0.3833, 0.4, 0.4167, 0.4333, 0.45, 0.4667, 0.4833, 0.5, 0.5167, 0.5333, 0.55, 0.5667, 0.5833, 0.6, 0.6167, 0.6333, 0.65, 0.6667],
            "transform": [
                [0.962503, -0.270058, -0.025602, -0.0, 0.271084, 0.961039, 0.054008, 0.3, 0.010019, -0.058923, 0.998212, 0.0, 0.0, 0.0, 0.0, 1.0],
                [0.991753, -0.128061, -0.005036, 0.0, 0.128054, 0.988564, 0.07965, 0.3, -0.005222, -0.079638, 0.99681, -0.0, 0.0, 0.0, 0.0, 1.0],
                [0.997543, 0.030983, 0.062833, -0.0, -0.040947, 0.985599, 0.164067, 0.3, -0.056845, -0.166237, 0.984446, -0.0, 0.0, 0.0, 0.0, 1.0],
                [0.986121, 0.023961, 0.164292, 0.0, -0.075098, 0.946894, 0.312654, 0.3, -0.148076, -0.320652, 0.935551, 0.0, 0.0, 0.0, 0.0, 1.0],
                [0.966713, -0.01095, 0.255629, -0.0, -0.109444, 0.885377, 0.451808, 0.3, -0.231275, -0.464746, 0.854707, 0.0, 0.0, 0.0, 0.0, 1.0],
                [0.954431, -0.018821, 0.297838, 0.0, -0.142127, 0.848897, 0.509091, 0.3, -0.262415, -0.528223, 0.807539, -0.0, 0.0, 0.0, 0.0, 1.0],
