{
    "animation": [
        {
            "name": "Root",
            "time": [0.0, 0.0167, 0.0333, 0.05, 0.0667, 0.0833, 0.1, 0.1167, 0.1333, 0.15, 0.1667, 0.1833, 0.2, 0.2167, 0.2333, 0.25, 0.2667, 0.2833, 0.3, 0.3167, 0.3333, 0.35, 0.3667, 0.3833, 0.4, 0.4167, 0.4333, 0.45, 0.4667, 0.4833, 0.5, 0.5167, 0.5333, 0.55, 0.5667, 0.5833, 0.6, 0.6167, 0.6333, 0.65, 0.6667, 0.6833, 0.7, 0.7167, 0.7333, 0.75],
            "transform": [
                [1.0, 0.0, 0.0, -5e-06, 0.0, 0.0, -1.0, 0.000946, 0.0, 1.0, 0.0, 0.763972, 0.0, 0.0, 0.0, 1.0],
                [1.0, 0.0, 0.0, -5e-06, 0.0, 0.0, -1.0, 0.048757, 0.0, 1.0, 0.0, 0.751252, 0.0, 0.0, 0.0, 1.0],
                [1.0, 0.0, 0.0, -5e-06, 0.0, 0.0, -1.0, 0.151398, 0.0, 1.0, 0.0, 0.716951, 0.0, 0.0, 0.0, 1.0],
                [1.0, 0.0, 0.0, -5e-06, 0.0, 0.0, -1.0, 0.247682, 0.0, 1.0, 0.0, 0.666859, 0.0, 0.0, 0.0, 1.0],
                [1.0, 0.0, 0.0, -5e-06, 0.0, 0.0, -1.0, 0.302658, 0.0, 1.0, 0.0, 0.612138, 0.0, 0.0, 0.0, 1.0],
                [1.0, 0.0, 0.0, -5e-06, 0.0, 0.0, -1.0, 0.386305, 0.0, 1.0, 0.0, 0.585446, 0.0, 0.0, 0.0, 1.0],
                [1.0, 0.0, 0.0, -5e-06, 0.0, 0.0, -1.0, 0.586808, 0.0, 1.0, 0.0, 0.654421, 0.0, 0.0, 0.0, 1.0],
                [1.0, 0.0, 0.0, -5e-06, 0.0, 0.0, -1.0, 0.960257, 0.0, 1.0, 0.0, 0.807749, 0.0, 0.0, 0.0, 1.0],
                [1.0, 0.0, 0.0, -5e-06, 0.0, 0.0, -1.0, 1.504737, 0.0, 1.0, 0.0, 0.963711, 0.0, 0.0, 0.0, 1.0],
                [1.0, 0.0, 0.0, -5e-06, 0.0, 0.0, -1.0, 2.018427, 0.0, 1.0, 0.0, 1.035321, 0.0, 0.0, 0.0, 1.0],
                [1.0, 0.0, 0.0, -5e-06, 0.0, 0.0, -1.0, 2.311254, 0.0, 1.0, 0.0, 1.032822, 0.0, 0.0, 0.0, 1.0],
                [1.0, 0.0, 0.0, -5e-06, 0.0, 0.0, -1.0, 2.440064, 0.0, 1.0, 0.0, 1.018789, 0.0, 0.0, 0.0, 1.0],
                [1.0, 0.0, 0.0, -5e-06, 0.0, 0.0, -1.0, 2.52343, 0.0, 1.0, 0.0, 0.98342, 0.0, 0.0, 0.0, 1.0],
                [1.0, 0.0, 0.0, -5e-06, 0.0, 0.0, -1.0, 2.657902, 0.0, 1.0, 0.0, 0.920295, 0.0, 0.0, 0.0, 1.0],
                [1.0, 0.0, 0.0, -5e-06, 0.0, 0.0, -1.0, 2.851943, 0.0, 1.0, 0.0, 0.836519, 0.0, 0.0, 0.0, 1.0],
                [1.0, 0.0, 0.0, -5e-06, 0.0, 0.0, -1.0, 3.091992, 0.0, 1.0, 0.0, 0.742578, 0.0, 0.0, 0.0, 1.0],
                [1.0, 0.0, 0.0, -5e-06, 0.0, 0.0, -1.0, 3.35833, 0.0, 1.0, 0.0, 0.650713, 0.0, 0.0, 0.0, 1.0],
                [1.0, 0.0, 0.0, -5e-06, 0.0, 0.0, -1.0, 3.606596, 0.0, 1.0, 0.0, 0.580184, 0.0, 0.0, 0.0, 1.0],
                [1.0, 0.0, 0.0, -5e-06, 0.0, 0.0, -1.0, 3.786267, 0.0, 1.0, 0.0, 0.552005, 0.0, 0.0, 0.0, 1.0],
                [1.0, 0.0, 0.0, -5e-06, 0.0, 0.0, -1.0, 3.890685, 0.0, 1.0, 0.0, 0.570417, 0.0, 0.0, 0.0, 1.0],
                [1.0, 0.0, 0.0, -5e-06, 0.0, 0.0, -1.0, 3.95385, 0.0, 1.0, 0.0, 0.614323, 0.0, 0.0, 0.0, 1.0],
                [1.0, 0.0, 0.0, -5e-06, 0.0, 0.0, -1.0, 3.986228, 0.0, 1.0, 0.0, 0.666728, 0.0, 0.0, 0.0, 1.0],
                [1.0, 0.0, 0.0, -5e-06, 0.0, 0.0, -1.0, 3.998286, 0.0, 1.0, 0.0, 0.710634, 0.0, 0.0, 0.0, 1.0],
                [1.0, 0.0, 0.0, -5e-06, 0.0, 0.0, -1.0, 4.000489, 0.0, 1.0, 0.0, 0.729047, 0.0, 0.0, 0.0, 1.0],
                [1.0, 0.0, 0.0, 0.000545, 0.0, 0.0, -1.0, 4.001509, 0.0, 1.0, 0.0, 0.728954, 0.0, 0.0, 0.0, 1.0],
                [1.0, 0.0, 0.0, 0.002674, 0.0, 0.0, -1.0, 4.002835, 0.0, 1.0, 0.0, 0.728306, 0.0, 0.0, 0.0, 1.0],
                [1.0, 0.0, 0.0, 0.007103, 0.0, 0.0, -1.0, 4.004161, 0.0, 1.0, 0.0, 0.726548, 0.0, 0.0, 0.0, 1.0],
                [1.0, 0.0, 0.0, 0.014555, 0.0, 0.0, -1.0, 4.005181, 0.0, 1.0, 0.0, 0.723123, 0.0, 0.0, 0.0, 1.0],
                [1.0, 0.0, 0.0, 0.02575, 0.0, 0.0, -1.0, 4.005589, 0.0, 1.0, 0.0, 0.717478, 0.0, 0.0, 0.0, 1.0],
                [1.0, 0.0, 0.0, 0.040918, 0.0, 0.0, -1.0, 4.004207, 0.0, 1.0, 0.0, 0.707322, 0.0, 0.0, 0.0, 1.0],
                [1.0, 0.0, 0.0, 0.058324, 0.0, 0.0, -1.0, 4.00075, 0.0, 1.0, 0.0, 0.692633, 0.0, 0.0, 0.0, 1.0],
                [1.0, 0.0, 0.0, 0.075739, 0.0, 0.0, -1.0, 3.996255, 0.0, 1.0, 0.0, 0.676256, 0.0, 0.0, 0.0, 1.0],
                [1.0, 0.0, 0.0, 0.090936, 0.0, 0.0, -1.0, 3.991762, 0.0, 1.0, 0.0, 0.661037, 0.0, 0.0, 0.0, 1.0],
                [1.0, 0.0, 0.0, 0.101688, 0.0, 0.0, -1.0, 3.988305, 0.0, 1.0, 0.0, 0.649819, 0.0, 0.0, 0.0, 1.0],
                [1.0, 0.0, 0.0, 0.105767, 0.0, 0.0, -1.0, 3.986922, 0.0, 1.0, 0.0, 0.645447, 0.0, 0.0, 0.0, 1.0],
                [1.0, 0.0, 0.0, 0.105767, 0.0, 0.0, -1.0, 3.986922, 0.0, 1.0, 0.0, 0.645447, 0.0, 0.0, 0.0, 1.0],
                [1.0, 0.0, 0.0, 0.105767, 0.0, 0.0, -1.0, 3.986922, 0.0, 1.0, 0.0, 0.645447, 0.0, 0.0, 0.0, 1.0],
                [1.0, 0.0, 0.0, 0.105767, 0.0, 0.0, -1.0, 3.986922, 0.0, 1.0, 0.0, 0.645447, 0.0, 0.0, 0.0, 1.0],
                [1.0, 0.0, 0.0, 0.105767, 0.0, 0.0, -1.0, 3.986922, 0.0, 1.0, 0.0, 0.645447, 0.0, 0.0, 0.0, 1.0],
                [1.0, 0.0, 0.0, 0.105767, 0.0, 0.0, -1.0, 3.986922, 0.0, 1.0, 0.0, 0.645447, 0.0, 0.0, 0.0, 1.0],
                [1.0, 0.0, 0.0, 0.105767, 0.0, 0.0, -1.0, 3.986922, 0.0, 1.0, 0.0, 0.645447, 0.0, 0.0, 0.0, 1.0],
                [1.0, 0.0, 0.0, 0.105767, 0.0, 0.0, -1.0, 3.986922, 0.0, 1.0, 0.0, 0.645447, 0.0, 0.0, 0.0, 1.0],
                [1.0, 0.0, 0.0, 0.105767, 0.0, 0.0, -1.0, 3.986922, 0.0, 1.0, 0.0, 0.645447, 0.0, 0.0, 0.0, 1.0],
                [1.0, 0.0, 0.0, 0.105767, 0.0, 0.0, -1.0, 3.986922, 0.0, 1.0, 0.0, 0.645447, 0.0, 0.0, 0.0, 1.0],
                [1.0, 0.0, 0.0, 0.105767, 0.0, 0.0, -1.0, 3.986922, 0.0, 1.0, 0.0, 0.645447, 0.0, 0.0, 0.0, 1.0],
                [1.0, 0.0, 0.0, 0.105767, 0.0, 0.0, -1.0, 3.986922, 0.0, 1.0, 0.0, 0.645447, 0.0, 0.0, 0.0, 1.0]
            ]
        },
        {
            "name": "Thigh_R",
            "time": [0.0, 0.0167, 0.0333, 0.05, 0.0667, 0.0833, 0.1, 0.1167, 0.1333, 0.15, 0.1667, 0.1833, 0.2, 0.2167, 0.2333, 0.25, 0.2667, 0.2833, 0.3, 0.3167, 0.3333, 0.35, 0.3667, 0.3833, 0.4, 0.4167, 0.4333, 0.45, 0.4667, 0.4833, 0.5, 0.5167, 0.5333, 0.55, 0.5667, 0.5833, 0.6, 0.6167, 0.6333, 0.65, 0.6667, 0.6833, 0.7, 0.7167, 0.7333, 0.75],
            "transform": [
                [0.997459, 0.040443, -0.058659, 0.124994, 0.065894, -0.836775, 0.543568, -0.047416, -0.027101, -0.546051, -0.837313, -0.059116, 0.0, 0.0, 0.0, 1.0],
                [0.997538, 0.042161, -0.056036, 0.124994, 0.064835, -0.858987, 0.507877, -0.046543, -0.026721, -0.51026, -0.859605, -0.058578, 0.0, 0.0, 0.0, 1.0],
                [0.997586, 0.023542, -0.065327, 0.124994, 0.064147, -0.67268, 0.737149, -0.044129, -0.02659, -0.739559, -0.672566, -0.05701, 0.0, 0.0, 0.0, 1.0],
                [0.997311, 0.01466, -0.071804, 0.124994, 0.067624, -0.56171, 0.824567, -0.040481, -0.028245, -0.827205, -0.56119, -0.054482, 0.0, 0.0, 0.0, 1.0],
                [0.996247, 0.00265, -0.086511, 0.124994, 0.079762, -0.416178, 0.905778, -0.035906, -0.033603, -0.90928, -0.414827, -0.051064, 0.0, 0.0, 0.0, 1.0],
                [0.995626, -0.004303, -0.093327, 0.124994, 0.08596, -0.349115, 0.933129, -0.030712, -0.036597, -0.937071, -0.347218, -0.046825, 0.0, 0.0, 0.0, 1.0],
                [0.99775, 0.018699, -0.064391, 0.124994, 0.061578, -0.635555, 0.769596, -0.025206, -0.026533, -0.771829, -0.635276, -0.041835, 0.0, 0.0, 0.0, 1.0],
                [0.999088, 0.042481, -0.004209, 0.124994, 0.039169, -0.951431, -0.305363, -0.019695, -0.016977, 0.30492, -0.952227, -0.036163, 0.0, 0.0, 0.0, 1.0],
                [0.999233, 0.038763, 0.005623, 0.124994, 0.035947, -0.85051, -0.524729, -0.014488, -0.015557, 0.524529, -0.851251, -0.029879, 0.0, 0.0, 0.0, 1.0],
                [0.99873, 0.050383, -0.000789, 0.124994, 0.046151, -0.920898, -0.387064, -0.00989, -0.020228, 0.386535, -0.922053, -0.023052, 0.0, 0.0, 0.0, 1.0],
                [0.988508, 0.105217, 0.108539, 0.124994, 0.150553, -0.749843, -0.644259, -0.00621, 0.013601, 0.653196, -0.757067, -0.015752, 0.0, 0.0, 0.0, 1.0],
                [0.920233, 0.159346, 0.357465, 0.124994, 0.389109, -0.470595, -0.791918, -0.003754, 0.042032, 0.867842, -0.49506, -0.008049, 0.0, 0.0, 0.0, 1.0],
                [0.846086, 0.2018, 0.493371, 0.124994, 0.532266, -0.3699, -0.76149, -0.002831, 0.02883, 0.906891, -0.420378, -1.2e-05, 0.0, 0.0, 0.0, 1.0],
                [0.867308, 0.292492, 0.402771, 0.124994, 0.494682, -0.596478, -0.632064, -0.002785, 0.055371, 0.747438, -0.66202, 0.008275, 0.0, 0.0, 0.0, 1.0],
                [0.923498, 0.298866, 0.24048, 0.124994, 0.356112, -0.900983, -0.247821, -0.002757, 0.142603, 0.3145, -0.938485, 0.016652, 0.0, 0.0, 0.0, 1.0],
                [0.953538, 0.260258, 0.151763, 0.124994, 0.200872, -0.924638, 0.323566, -0.002744, 0.224537, -0.278048, -0.933956, 0.024933, 0.0, 0.0, 0.0, 1.0],
                [0.957929, 0.265427, 0.109187, 0.124994, 0.105107, -0.678435, 0.727103, -0.002742, 0.267069, -0.685036, -0.677791, 0.032933, 0.0, 0.0, 0.0, 1.0],
                [0.958423, 0.275079, 0.075876, 0.124994, 0.095708, -0.560387, 0.822683, -0.002749, 0.268822, -0.781216, -0.563415, 0.040467, 0.0, 0.0, 0.0, 1.0],
                [0.958312, 0.284148, 0.029953, 0.124994, 0.146033, -0.577202, 0.803438, -0.002763, 0.245585, -0.765571, -0.594634, 0.04735, 0.0, 0.0, 0.0, 1.0],
                [0.952094, 0.304584, 0.027315, 0.124994, 0.194679, -0.672571, 0.713967, -0.00278, 0.235835, -0.674446, -0.699646, 0.053397, 0.0, 0.0, 0.0, 1.0],
                [0.940044, 0.329146, 0.08933, 0.124994, 0.229947, -0.805114, 0.546734, -0.002798, 0.251876, -0.493412, -0.832528, 0.058422, 0.0, 0.0, 0.0, 1.0],
                [0.923129, 0.336249, 0.186464, 0.124994, 0.261206, -0.904322, 0.337601, -0.002814, 0.282142, -0.262944, -0.922636, 0.062241, 0.0, 0.0, 0.0, 1.0],
                [0.902585, 0.319398, 0.288663, 0.124994, 0.288428, -0.946409, 0.145327, -0.002826, 0.31961, -0.047911, -0.946337, 0.064668, 0.0, 0.0, 0.0, 1.0],
                [0.880753, 0.306785, 0.360773, 0.124994, 0.306254, -0.950044, 0.060218, -0.002831, 0.361224, 0.057451, -0.930708, 0.065518, 0.0, 0.0, 0.0, 1.0],
                [0.856633, 0.318513, 0.405869, 0.124994, 0.316541, -0.945685, 0.074048, -0.002831, 0.407409, 0.065042, -0.910927, 0.065518, 0.0, 0.0, 0.0, 1.0],
                [0.828607, 0.330317, 0.451996, 0.124994, 0.325379, -0.941165, 0.09131, -0.002831, 0.455564, 0.07141, -0.887334, 0.065517, 0.0, 0.0, 0.0, 1.0],
                [0.800422, 0.341869, 0.492392, 0.124994, 0.331021, -0.936906, 0.112395, -0.002831, 0.499749, 0.073029, -0.863086, 0.065517, 0.0, 0.0, 0.0, 1.0],
                [0.778799, 0.352033, 0.519177, 0.124994, 0.331629, -0.933617, 0.135583, -0.002831, 0.532442, 0.066582, -0.843844, 0.065518, 0.0, 0.0, 0.0, 1.0],
                [0.773049, 0.35773, 0.523855, 0.124994, 0.32487, -0.932566, 0.157422, -0.002831, 0.544844, 0.04849, -0.837134, 0.065518, 0.0, 0.0, 0.0, 1.0],
                [0.779382, 0.3628, 0.510824, 0.124994, 0.311315, -0.93177, 0.186781, -0.002831, 0.543734, 0.013453, -0.83915, 0.065518, 0.0, 0.0, 0.0, 1.0],
                [0.786899, 0.369417, 0.494289, 0.124994, 0.294618, -0.928731, 0.225079, -0.002831, 0.542208, -0.031488, -0.839654, 0.065518, 0.0, 0.0, 0.0, 1.0],
                [0.794719, 0.373175, 0.47871, 0.124994, 0.276476, -0.924665, 0.26183, -0.002831, 0.540355, -0.07573, -0.838023, 0.065518, 0.0, 0.0, 0.0, 1.0],
                [0.801798, 0.37352, 0.466481, 0.124994, 0.259289, -0.920735, 0.291579, -0.002831, 0.538415, -0.112834, -0.835092, 0.065518, 0.0, 0.0, 0.0, 1.0],
                [0.806952, 0.372145, 0.458624, 0.124994, 0.246263, -0.917802, 0.311438, -0.002831, 0.536826, -0.138374, -0.832268, 0.065518, 0.0, 0.0, 0.0, 1.0],
                [0.808942, 0.371282, 0.455809, 0.124994, 0.241108, -0.916656, 0.318763, -0.002831, 0.536171, -0.147961, -0.831041, 0.065518, 0.0, 0.0, 0.0, 1.0],
                [0.808942, 0.371283, 0.455809, 0.124994, 0.24111, -0.916655, 0.318762, -0.002831, 0.536171, -0.14796, -0.831041, 0.065518, 0.0, 0.0, 0.0, 1.0],
                [0.808942, 0.371283, 0.455809, 0.124994, 0.241109, -0.916656, 0.318762, -0.002831, 0.536171, -0.14796, -0.831041, 0.065518, 0.0, 0.0, 0.0, 1.0],
                [0.808942, 0.371282, 0.45581, 0.124994, 0.241108, -0.916656, 0.318762, -0.002831, 0.536171, -0.147961, -0.831041, 0.065518, 0.0, 0.0, 0.0, 1.0],
                [0.808942, 0.371282, 0.455809, 0.124994, 0.241108, -0.916656, 0.318763, -0.002831, 0.536171, -0.147961, -0.831041, 0.065518, 0.0, 0.0, 0.0, 1.0],
                [0.808942, 0.371284, 0.455809, 0.124994, 0.241111, -0.916655, 0.318762, -0.002831, 0.53617, -0.147959, -0.831041, 0.065518, 0.0, 0.0, 0.0, 1.0],
                [0.808943, 0.371281, 0.45581, 0.124994, 0.241108, -0.916656, 0.318763, -0.002831, 0.536171, -0.147961, -0.831041, 0.065518, 0.0, 0.0, 0.0, 1.0],
                [0.808942, 0.371284, 0.455809, 0.124994, 0.241111, -0.916655, 0.318762, -0.002831, 0.53617, -0.14796, -0.831041, 0.065518, 0.0, 0.0, 0.0, 1.0],
                [0.808942, 0.371283, 0.455809, 0.124994, 0.241109, -0.916656, 0.318762, -0.002831, 0.536171, -0.14796, -0.831041, 0.065518, 0.0, 0.0, 0.0, 1.0],
                [0.808943, 0.371281, 0.45581, 0.124994, 0.241108, -0.916656, 0.318762, -0.002831, 0.536171, -0.147961, -0.831041, 0.065518, 0.0, 0.0, 0.0, 1.0],
                [0.808942, 0.371282, 0.455809, 0.124994, 0.241108, -0.916656, 0.318763, -0.002831, 0.536171, -0.147961, -0.831041, 0.065518, 0.0, 0.0, 0.0, 1.0],
                [0.808941, 0.371286, 0.455808, 0.124994, 0.241114, -0.916655, 0.318762, -0.002831, 0.53617, -0.147958, -0.831042, 0.065518, 0.0, 0.0, 0.0, 1.0]
            ]
        },
        {
            "name": "Leg_R",
            "time": [0.0, 0.0167, 0.0333, 0.05, 0.0667, 0.0833, 0.1, 0.1167, 0.1333, 0.15, 0.1667, 0.1833, 0.2, 0.2167, 0.2333, 0.25, 0.2667, 0.2833, 0.3, 0.3167, 0.3333, 0.35, 0.3667, 0.3833, 0.4, 0.4167, 0.4333, 0.45, 0.4667, 0.4833, 0.5, 0.5167, 0.5333, 0.55, 0.5667, 0.5833, 0.6, 0.6167, 0.6333, 0.65, 0.6667, 0.6833, 0.7, 0.7167, 0.7333, 0.75],
            "transform": [
                [1.0, 0.0, 1e-06, 0.0, -0.0, 0.999999, 0.001464, 0.374726, -1e-06, -0.001464, 1.0, 0.0, 0.0, 0.0, 0.0, 1.0],
                [1.0, 0.0, 1e-06, 0.0, -0.0, 0.999999, 0.001461, 0.374726, -1e-06, -0.001461, 0.999999, -0.0, 0.0, 0.0, 0.0, 1.0],
                [1.0, 1.4e-05, 6e-06, -0.0, -1.5e-05, 0.723829, 0.689979, 0.374726, 5e-06, -0.689979, 0.723829, -0.0, 0.0, 0.0, 0.0, 1.0],
                [1.0, 1.9e-05, 1.2e-05, 0.0, -1.9e-05, 0.437275, 0.899327, 0.374726, 1.1e-05, -0.899327, 0.437276, 0.0, 0.0, 0.0, 0.0, 1.0],
                [1.0, 2e-05, 1.5e-05, 0.0, -2.1e-05, 0.313125, 0.949712, 0.374726, 1.4e-05, -0.949712, 0.313125, -0.0, 0.0, 0.0, 0.0, 1.0],
                [1.0, 2e-05, 1.7e-05, 0.0, -2.1e-05, 0.226148, 0.974092, 0.374726, 1.6e-05, -0.974093, 0.226148, -0.0, 0.0, 0.0, 0.0, 1.0],
                [1.0, 2.1e-05, 1.7e-05, -0.0, -2.1e-05, 0.225765, 0.974182, 0.374726, 1.6e-05, -0.974182, 0.225765, 0.0, 0.0, 0.0, 0.0, 1.0],
                [1.0, 0.0, 1e-06, -0.0, -0.0, 0.999999, 0.00146, 0.374726, -1e-06, -0.00146, 0.999999, 0.0, 0.0, 0.0, 0.0, 1.0],
                [1.0, 0.0, 1e-06, 0.0, -0.0, 0.999999, 0.001467, 0.374726, -1e-06, -0.001467, 0.999999, -0.0, 0.0, 0.0, 0.0, 1.0],
                [1.0, 1.5e-05, 7e-06, 0.0, -1.6e-05, 0.689155, 0.724614, 0.374726, 6e-06, -0.724614, 0.689155, -0.0, 0.0, 0.0, 0.0, 1.0],
                [1.000001, 1.9e-05, 1e-05, -0.0, -1.9e-05, 0.62221, 0.78285, 0.374726, 9e-06, -0.782851, 0.622211, -0.0, 0.0, 0.0, 0.0, 1.0],
                [1.0, 1.4e-05, 5e-06, -0.0, -1.4e-05, 0.820519, 0.571618, 0.374726, 4e-06, -0.571619, 0.820519, 0.0, 0.0, 0.0, 0.0, 1.0],
                [1.0, 1.4e-05, 5e-06, 0.0, -1.4e-05, 0.820993, 0.570937, 0.374726, 4e-06, -0.570938, 0.820993, 0.0, 0.0, 0.0, 0.0, 1.0],
                [1.0, 1.8e-05, 1.1e-05, 0.0, -1.9e-05, 0.492204, 0.870479, 0.374726, 1e-05, -0.870481, 0.492204, -0.0, 0.0, 0.0, 0.0, 1.0],
                [1.0, 1.8e-05, 1.8e-05, 0.0, -1.9e-05, 0.088724, 0.996055, 0.374726, 1.7e-05, -0.996057, 0.088724, -0.0, 0.0, 0.0, 0.0, 1.0],
                [1.0, 2.1e-05, 2.4e-05, -0.0, -2.2e-05, -0.089453, 0.995991, 0.374726, 2.3e-05, -0.995991, -0.089453, 0.0, 0.0, 0.0, 0.0, 1.0],
                [1.0, 2e-05, 2.1e-05, -0.0, -2.1e-05, 0.032271, 0.999479, 0.374726, 2e-05, -0.999479, 0.032271, 0.0, 0.0, 0.0, 0.0, 1.0],
                [1.0, 1.9e-05, 1.4e-05, -0.0, -2e-05, 0.387249, 0.921975, 0.374726, 1.3e-05, -0.921975, 0.387249, 0.0, 0.0, 0.0, 0.0, 1.0],
                [1.0, 2e-05, 1.3e-05, -0.0, -2e-05, 0.468099, 0.883675, 0.374726, 1.1e-05, -0.883675, 0.4681, 0.0, 0.0, 0.0, 0.0, 1.0],
                [1.0, 2.5e-05, 1.8e-05, -0.0, -2.5e-05, 0.361788, 0.93226, 0.374726, 1.6e-05, -0.93226, 0.361788, 0.0, 0.0, 0.0, 0.0, 1.0],
                [1.0, 2e-05, 1.4e-05, 0.0, -2.1e-05, 0.419208, 0.90789, 0.374726, 1.3e-05, -0.90789, 0.419208, -0.0, 0.0, 0.0, 0.0, 1.0],
                [1.0, 1.6e-05, 9e-06, -0.0, -1.7e-05, 0.585787, 0.810465, 0.374726, 8e-06, -0.810465, 0.585787, 0.0, 0.0, 0.0, 0.0, 1.0],
                [1.0, 1e-05, 4e-06, 0.0, -1.1e-05, 0.766428, 0.64233, 0.374726, 3e-06, -0.642331, 0.766428, 0.0, 0.0, 0.0, 0.0, 1.0],
                [1.0, 1.1e-05, 4e-06, -0.0, -1.1e-05, 0.849855, 0.527017, 0.374726, 3e-06, -0.527017, 0.849855, -0.0, 0.0, 0.0, 0.0, 1.0],
                [1.0, 1e-05, 4e-06, 0.0, -1e-05, 0.850489, 0.525993, 0.374726, 2e-06, -0.525993, 0.850489, 0.0, 0.0, 0.0, 0.0, 1.0],
                [1.0, 1.3e-05, 4e-06, 0.0, -1.3e-05, 0.847412, 0.530936, 0.374726, 3e-06, -0.530936, 0.847412, 0.0, 0.0, 0.0, 0.0, 1.0],
                [1.0, 1.2e-05, 4e-06, 0.0, -1.2e-05, 0.836885, 0.547378, 0.374726, 3e-06, -0.547378, 0.836885, 0.0, 0.0, 0.0, 0.0, 1.0],
                [1.0, 1.1e-05, 4e-06, -0.0, -1.1e-05, 0.815456, 0.578818, 0.374726, 3e-06, -0.578819, 0.815456, 0.0, 0.0, 0.0, 0.0, 1.0],
                [1.0, 1e-05, 4e-06, 0.0, -1e-05, 0.779798, 0.62603, 0.374726, 3e-06, -0.626031, 0.779798, 0.0, 0.0, 0.0, 0.0, 1.0],
                [1.0, 1.1e-05, 5e-06, -0.0, -1.1e-05, 0.718627, 0.695396, 0.374726, 4e-06, -0.695396, 0.718627, -0.0, 0.0, 0.0, 0.0, 1.0],
                [1.0, 1.4e-05, 8e-06, 0.0, -1.5e-05, 0.63465, 0.772799, 0.374726, 6e-06, -0.7728, 0.63465, 0.0, 0.0, 0.0, 0.0, 1.0],
                [1.0, 1.6e-05, 9e-06, -0.0, -1.6e-05, 0.545371, 0.838195, 0.374726, 8e-06, -0.838194, 0.545371, 0.0, 0.0, 0.0, 0.0, 1.0],
                [1.0, 1.7e-05, 1.1e-05, -0.0, -1.8e-05, 0.466107, 0.884728, 0.374726, 1e-05, -0.884728, 0.466108, 0.0, 0.0, 0.0, 0.0, 1.0],
                [1.0, 1.6e-05, 1.1e-05, -0.0, -1.6e-05, 0.40969, 0.912225, 0.374726, 1e-05, -0.912224, 0.40969, 0.0, 0.0, 0.0, 0.0, 1.0],
                [1.0, 2.1e-05, 1.4e-05, -0.0, -2.1e-05, 0.388212, 0.92157, 0.374726, 1.3e-05, -0.92157, 0.388212, 0.0, 0.0, 0.0, 0.0, 1.0],
                [1.0, 1.8e-05, 1.3e-05, 0.0, -1.9e-05, 0.388213, 0.92157, 0.374726, 1.2e-05, -0.92157, 0.388212, 0.0, 0.0, 0.0, 0.0, 1.0],
                [1.0, 1.9e-05, 1.4e-05, -0.0, -2e-05, 0.388213, 0.92157, 0.374726, 1.3e-05, -0.92157, 0.388212, -0.0, 0.0, 0.0, 0.0, 1.0],
                [1.0, 2.1e-05, 1.4e-05, -0.0, -2.1e-05, 0.388212, 0.92157, 0.374726, 1.3e-05, -0.92157, 0.388213, 0.0, 0.0, 0.0, 0.0, 1.0],
                [1.0, 2.1e-05, 1.4e-05, -0.0, -2.1e-05, 0.388212, 0.92157, 0.374726, 1.3e-05, -0.92157, 0.388212, 0.0, 0.0, 0.0, 0.0, 1.0],
                [1.0, 1.6e-05, 1.1e-05, -0.0, -1.7e-05, 0.388212, 0.92157, 0.374726, 1e-05, -0.92157, 0.388212, -0.0, 0.0, 0.0, 0.0, 1.0],
                [1.0, 2.2e-05, 1.5e-05, -0.0, -2.2e-05, 0.388212, 0.92157, 0.374726, 1.4e-05, -0.92157, 0.388213, 0.0, 0.0, 0.0, 0.0, 1.0],
                [1.0, 1.7e-05, 1.2e-05, 0.0, -1.8e-05, 0.388212, 0.92157, 0.374726, 1.1e-05, -0.92157, 0.388212, -0.0, 0.0, 0.0, 0.0, 1.0],
                [1.0, 1.9e-05, 1.4e-05, -0.0, -2e-05, 0.388213, 0.92157, 0.374726, 1.3e-05, -0.92157, 0.388212, -0.0, 0.0, 0.0, 0.0, 1.0],
                [1.0, 2.2e-05, 1.5e-05, -0.0, -2.2e-05, 0.388212, 0.92157, 0.374726, 1.4e-05, -0.92157, 0.388212, -0.0, 0.0, 0.0, 0.0, 1.0],
                [1.0, 2.1e-05, 1.4e-05, -0.0, -2.1e-05, 0.388212, 0.92157, 0.374726, 1.3e-05, -0.92157, 0.388213, 0.0, 0.0, 0.0, 0.0, 1.0],
                [1.0, 1.2e-05, 9e-06, -0.0, -1.3e-05, 0.388212, 0.92157, 0.374726, 8e-06, -0.92157, 0.388213, -0.0, 0.0, 0.0, 0.0, 1.0]
            ]
        },
        {
            "name": "Knee_R",
            "time": [0.0, 0.75],
            "transform": [
                [1.0, 0.0, -0.0, 0.0, -0.0, 0.00567, -0.999984, 0.374726, -0.0, 0.999984, 0.00567, 0.0, 0.0, 0.0, 0.0, 1.0],
                [1.0, 0.0, -0.0, -0.0, -0.0, 0.00567, -0.999984, 0.441655, -0.0, 0.999984, 0.00567, -0.00038, 0.0, 0.0, 0.0, 1.0]
            ]
        },
        {
            "name": "Thigh_L",
            "time": [0.0, 0.0167, 0.0333, 0.05, 0.0667, 0.0833, 0.1, 0.1167, 0.1333, 0.15, 0.1667, 0.1833, 0.2, 0.2167, 0.2333, 0.25, 0.2667, 0.2833, 0.3, 0.3167, 0.3333, 0.35, 0.3667, 0.3833, 0.4, 0.4167, 0.4333, 0.45, 0.4667, 0.4833, 0.5, 0.5167, 0.5333, 0.55, 0.5667, 0.5833, 0.6, 0.6167, 0.6333, 0.65, 0.6667, 0.6833, 0.7, 0.7167, 0.7333, 0.75],
            "transform": [
                [0.997639, -0.064135, -0.024539, -0.125006, -0.068407, -0.959377, -0.273709, -0.002831, -0.005988, 0.274741, -0.9615, -1.2e-05, 0.0, 0.0, 0.0, 1.0],
                [0.997936, -0.059802, -0.023418, -0.125006, -0.063729, -0.96725, -0.245699, -0.002831, -0.007957, 0.246684, -0.969063, 0.004546, 0.0, 0.0, 0.0, 1.0],
                [0.99835, -0.05362, -0.020561, -0.125006, -0.056375, -0.983298, -0.173054, -0.002831, -0.010939, 0.173928, -0.984698, 0.0163, 0.0, 0.0, 0.0, 1.0],
                [0.998493, -0.053814, -0.010748, -0.125006, -0.053455, -0.998081, 0.031259, -0.002831, -0.01241, -0.030638, -0.999454, 0.032373, 0.0, 0.0, 0.0, 1.0],
                [0.948582, -0.235006, -0.21205, -0.125006, -0.156129, -0.930128, 0.332396, -0.002831, -0.275349, -0.282198, -0.918993, 0.049884, 0.0, 0.0, 0.0, 1.0],
                [0.812765, -0.429689, -0.393421, -0.125006, -0.246237, -0.865377, 0.436454, -0.002831, -0.527996, -0.25786, -0.809153, 0.065956, 0.0, 0.0, 0.0, 1.0],
                [0.803632, -0.369904, -0.466205, -0.125006, -0.32007, -0.92907, 0.18543, -0.002831, -0.501728, 0.000201, -0.865025, 0.077711, 0.0, 0.0, 0.0, 1.0],
                [0.81608, -0.308373, -0.488794, -0.125006, -0.343759, -0.938878, 0.01839, -0.002831, -0.464588, 0.15302, -0.872206, 0.082269, 0.0, 0.0, 0.0, 1.0],
                [0.874307, -0.448755, -0.184949, -0.125006, -0.354461, -0.850632, 0.388309, -0.002836, -0.331579, -0.273944, -0.90278, 0.07674, 0.0, 0.0, 0.0, 1.0],
                [0.904006, -0.358278, 0.233261, -0.125006, -0.405483, -0.545624, 0.733403, -0.002846, -0.135489, -0.757583, -0.638522, 0.062391, 0.0, 0.0, 0.0, 1.0],
                [0.923839, -0.24245, 0.296207, -0.125006, -0.365286, -0.327143, 0.871518, -0.002853, -0.114398, -0.913343, -0.390791, 0.042578, 0.0, 0.0, 0.0, 1.0],
                [0.934556, -0.205036, 0.290803, -0.125006, -0.336624, -0.244679, 0.909295, -0.002851, -0.115284, -0.947678, -0.297686, 0.020659, 0.0, 0.0, 0.0, 1.0],
                [0.940881, -0.198685, 0.274349, -0.125006, -0.313372, -0.203034, 0.927672, -0.002831, -0.128612, -0.958802, -0.253293, -1.2e-05, 0.0, 0.0, 0.0, 1.0],
                [0.942601, -0.190095, 0.274531, -0.125006, -0.304547, -0.15222, 0.940256, -0.00279, -0.136948, -0.969894, -0.201376, -0.016776, 0.0, 0.0, 0.0, 1.0],
                [0.944774, -0.189741, 0.267211, -0.125006, -0.293121, -0.124574, 0.947925, -0.002743, -0.146572, -0.9739, -0.173311, -0.029774, 0.0, 0.0, 0.0, 1.0],
                [0.955448, -0.226605, 0.189128, -0.125006, -0.230796, -0.174147, 0.957291, -0.002705, -0.183991, -0.958292, -0.218688, -0.039848, 0.0, 0.0, 0.0, 1.0],
                [0.962702, -0.266382, 0.047388, -0.125006, -0.145575, -0.362337, 0.920609, -0.002696, -0.228063, -0.89317, -0.387601, -0.047837, 0.0, 0.0, 0.0, 1.0],
                [0.963136, -0.255369, -0.084589, -0.125006, -0.111904, -0.666268, 0.737269, -0.002732, -0.244634, -0.700625, -0.670283, -0.054581, 0.0, 0.0, 0.0, 1.0],
                [0.960217, -0.267137, -0.081374, -0.125006, -0.114672, -0.64288, 0.757335, -0.002831, -0.254626, -0.717875, -0.647937, -0.060921, 0.0, 0.0, 0.0, 1.0],
                [0.960197, -0.277103, -0.035146, -0.125006, -0.125591, -0.540688, 0.831796, -0.003684, -0.249496, -0.794274, -0.553968, -0.067525, 0.0, 0.0, 0.0, 1.0],
                [0.969362, -0.244663, -0.02185, -0.125006, -0.128547, -0.581075, 0.803635, -0.005764, -0.209316, -0.776204, -0.594722, -0.074356, 0.0, 0.0, 0.0, 1.0],
                [0.981599, -0.190629, 0.011121, -0.125006, -0.136792, -0.661352, 0.737498, -0.00876, -0.133233, -0.725448, -0.675259, -0.081198, 0.0, 0.0, 0.0, 1.0],
                [0.986351, -0.138244, 0.089448, -0.125006, -0.162866, -0.739188, 0.65351, -0.012364, -0.024225, -0.659158, -0.751614, -0.087832, 0.0, 0.0, 0.0, 1.0],
                [0.970213, -0.100792, 0.220291, -0.125006, -0.217178, -0.764784, 0.60658, -0.016263, 0.107336, -0.636354, -0.763893, -0.094042, 0.0, 0.0, 0.0, 1.0],
                [0.934662, -0.064079, 0.349715, -0.125006, -0.27632, -0.749883, 0.601102, -0.02015, 0.223727, -0.658461, -0.718593, -0.09961, 0.0, 0.0, 0.0, 1.0],
                [0.899628, -0.033855, 0.435343, -0.125006, -0.315634, -0.73935, 0.594757, -0.023712, 0.301735, -0.67247, -0.675826, -0.104319, 0.0, 0.0, 0.0, 1.0],
                [0.872515, -0.013613, 0.488398, -0.125006, -0.342417, -0.730089, 0.591372, -0.02664, 0.348524, -0.683217, -0.641675, -0.107952, 0.0, 0.0, 0.0, 1.0],
                [0.85519, -0.004998, 0.518291, -0.125006, -0.362522, -0.720441, 0.591222, -0.028625, 0.370443, -0.693499, -0.617925, -0.11029, 0.0, 0.0, 0.0, 1.0],
                [0.847204, -0.009269, 0.531187, -0.125006, -0.379965, -0.709381, 0.593638, -0.029355, 0.371311, -0.704764, -0.604513, -0.111118, 0.0, 0.0, 0.0, 1.0],
                [0.842364, -0.020175, 0.538531, -0.125006, -0.401096, -0.690877, 0.601507, -0.029355, 0.359924, -0.722691, -0.590062, -0.111118, 0.0, 0.0, 0.0, 1.0],
                [0.835442, -0.031267, 0.54869, -0.125006, -0.427758, -0.663825, 0.613482, -0.029355, 0.345052, -0.747235, -0.567961, -0.111118, 0.0, 0.0, 0.0, 1.0],
                [0.827119, -0.042834, 0.560393, -0.125006, -0.455849, -0.634362, 0.624329, -0.029355, 0.32875, -0.771849, -0.544219, -0.111118, 0.0, 0.0, 0.0, 1.0],
                [0.818675, -0.053631, 0.571747, -0.125006, -0.481143, -0.60757, 0.63195, -0.029355, 0.313484, -0.792454, -0.523206, -0.111118, 0.0, 0.0, 0.0, 1.0],
                [0.811998, -0.061731, 0.580387, -0.125006, -0.499387, -0.588196, 0.636113, -0.029355, 0.302113, -0.80636, -0.508442, -0.111118, 0.0, 0.0, 0.0, 1.0],
                [0.809298, -0.06488, 0.583805, -0.125006, -0.506394, -0.580706, 0.637453, -0.029355, 0.297661, -0.811525, -0.502818, -0.111118, 0.0, 0.0, 0.0, 1.0],
                [0.809298, -0.06488, 0.583805, -0.125006, -0.506394, -0.580706, 0.637453, -0.029355, 0.297661, -0.811525, -0.502818, -0.111118, 0.0, 0.0, 0.0, 1.0],
                [0.809298, -0.06488, 0.583805, -0.125006, -0.506394, -0.580706, 0.637453, -0.029355, 0.297661, -0.811525, -0.502818, -0.111118, 0.0, 0.0, 0.0, 1.0],
                [0.809298, -0.06488, 0.583805, -0.125006, -0.506394, -0.580706, 0.637453, -0.029355, 0.297661, -0.811525, -0.502818, -0.111118, 0.0, 0.0, 0.0, 1.0],
                [0.809298, -0.06488, 0.583805, -0.125006, -0.506394, -0.580706, 0.637453, -0.029355, 0.297661, -0.811525, -0.502818, -0.111118, 0.0, 0.0, 0.0, 1.0],
                [0.809298, -0.06488, 0.583805, -0.125006, -0.506394, -0.580706, 0.637453, -0.029355, 0.297661, -0.811525, -0.502818, -0.111118, 0.0, 0.0, 0.0, 1.0],
                [0.809298, -0.06488, 0.583805, -0.125006, -0.506394, -0.580706, 0.637453, -0.029355, 0.297661, -0.811525, -0.502818, -0.111118, 0.0, 0.0, 0.0, 1.0],
                [0.809298, -0.06488, 0.583805, -0.125006, -0.506394, -0.580706, 0.637453, -0.029355, 0.297661, -0.811525, -0.502818, -0.111118, 0.0, 0.0, 0.0, 1.0],
                [0.809298, -0.06488, 0.583805, -0.125006, -0.506394, -0.580706, 0.637453, -0.029355, 0.297661, -0.811525, -0.502818, -0.111118, 0.0, 0.0, 0.0, 1.0],
                [0.809298, -0.06488, 0.583805, -0.125006, -0.506394, -0.580706, 0.637453, -0.029355, 0.297661, -0.811525, -0.502818, -0.111118, 0.0, 0.0, 0.0, 1.0],
                [0.809298, -0.06488, 0.583805, -0.125006, -0.506394, -0.580706, 0.637453, -0.029355, 0.297661, -0.811525, -0.502818, -0.111118, 0.0, 0.0, 0.0, 1.0],
                [0.809298, -0.06488, 0.583805, -0.125006, -0.506394, -0.580706, 0.637453, -0.029355, 0.297661, -0.811525, -0.502818, -0.111118, 0.0, 0.0, 0.0, 1.0]
            ]
        },
        {
            "name": "Leg_L",
            "time": [0.0, 0.0167, 0.0333, 0.05, 0.0667, 0.0833, 0.1, 0.1167, 0.1333, 0.15, 0.1667, 0.1833, 0.2, 0.2167, 0.2333, 0.25, 0.2667, 0.2833, 0.3, 0.3167, 0.3333, 0.35, 0.3667, 0.3833, 0.4, 0.4167, 0.4333, 0.45, 0.4667, 0.4833, 0.5, 0.5167, 0.5333, 0.55, 0.5667, 0.5833, 0.6, 0.6167, 0.6333, 0.65, 0.6667, 0.6833, 0.7, 0.7167, 0.7333, 0.75],
            "transform": [
                [1.0, 1.9e-05, 1.2e-05, 0.0, -2e-05, 0.475664, 0.879626, 0.374726, 1.1e-05, -0.879627, 0.475664, -0.0, 0.0, 0.0, 0.0, 1.0],
                [1.0, 1.7e-05, 1e-05, -0.0, -1.8e-05, 0.54885, 0.835921, 0.374726, 9e-06, -0.835921, 0.54885, 0.0, 0.0, 0.0, 0.0, 1.0],
                [1.0, 1.6e-05, 8e-06, -0.0, -1.6e-05, 0.652754, 0.757569, 0.374726, 7e-06, -0.757569, 0.652755, 0.0, 0.0, 0.0, 0.0, 1.0],
                [1.0, 1.8e-05, 1.1e-05, -0.0, -1.8e-05, 0.52712, 0.849791, 0.374726, 1e-05, -0.849791, 0.52712, 0.0, 0.0, 0.0, 0.0, 1.0],
                [1.000001, 1.9e-05, 1.6e-05, 0.0, -2e-05, 0.196174, 0.980569, 0.374726, 1.6e-05, -0.980569, 0.196174, 0.0, 0.0, 0.0, 0.0, 1.0],
                [1.0, 1.8e-05, 1.8e-05, -0.0, -1.9e-05, 0.083034, 0.996546, 0.374726, 1.7e-05, -0.996547, 0.083034, -0.0, 0.0, 0.0, 0.0, 1.0],
                [1.0, 2e-05, 1.4e-05, -0.0, -2e-05, 0.369323, 0.929301, 0.374726, 1.3e-05, -0.929301, 0.369323, 0.0, 0.0, 0.0, 0.0, 1.0],
                [1.0, 1.5e-05, 9e-06, 0.0, -1.6e-05, 0.55549, 0.831522, 0.374726, 8e-06, -0.831523, 0.55549, -0.0, 0.0, 0.0, 0.0, 1.0],
                [1.0, 1.8e-05, 1.8e-05, -0.0, -1.9e-05, 0.065283, 0.997867, 0.374726, 1.7e-05, -0.997867, 0.065283, -0.0, 0.0, 0.0, 0.0, 1.0],
                [1.0, 2.1e-05, 2.6e-05, 0.0, -2.1e-05, -0.203913, 0.978989, 0.374726, 2.6e-05, -0.978989, -0.203914, -0.0, 0.0, 0.0, 0.0, 1.0],
                [1.0, 2e-05, 2.3e-05, -0.0, -2.1e-05, -0.097754, 0.995211, 0.374726, 2.2e-05, -0.995211, -0.097754, -0.0, 0.0, 0.0, 0.0, 1.0],
                [1.0, 2e-05, 1.9e-05, 0.0, -2.1e-05, 0.092213, 0.995739, 0.374726, 1.9e-05, -0.995739, 0.092213, -0.0, 0.0, 0.0, 0.0, 1.0],
                [1.0, 2.2e-05, 1.8e-05, 0.0, -2.2e-05, 0.245894, 0.969296, 0.374726, 1.7e-05, -0.969297, 0.245895, 0.0, 0.0, 0.0, 0.0, 1.0],
                [1.0, 1.8e-05, 1.3e-05, 0.0, -1.9e-05, 0.346288, 0.938128, 0.374726, 1.2e-05, -0.938129, 0.346288, -0.0, 0.0, 0.0, 0.0, 1.0],
                [1.0, 2.1e-05, 1.4e-05, 0.0, -2.1e-05, 0.44461, 0.895724, 0.374726, 1.3e-05, -0.895724, 0.44461, 0.0, 0.0, 0.0, 0.0, 1.0],
                [1.0, 1.8e-05, 1e-05, 0.0, -1.8e-05, 0.595472, 0.803376, 0.374727, 8e-06, -0.803376, 0.595471, 0.0, 0.0, 0.0, 0.0, 1.0],
                [1.0, 1.2e-05, 4e-06, 0.0, -1.2e-05, 0.827889, 0.560892, 0.374726, 3e-06, -0.560892, 0.827889, 0.0, 0.0, 0.0, 0.0, 1.0],
                [1.0, 0.0, 1e-06, 0.0, -0.0, 0.999999, 0.00146, 0.374726, -1e-06, -0.00146, 0.999999, -0.0, 0.0, 0.0, 0.0, 1.0],
                [1.0, 4e-06, 1e-06, -0.0, -4e-06, 0.981106, 0.193468, 0.374726, -0.0, -0.193468, 0.981107, -0.0, 0.0, 0.0, 0.0, 1.0],
                [1.0, 1.3e-05, 5e-06, -0.0, -1.3e-05, 0.833985, 0.551786, 0.374726, 3e-06, -0.551786, 0.833986, 0.0, 0.0, 0.0, 0.0, 1.0],
                [1.0, 1.2e-05, 5e-06, -0.0, -1.3e-05, 0.809542, 0.587062, 0.374726, 3e-06, -0.587062, 0.809542, 0.0, 0.0, 0.0, 0.0, 1.0],
                [1.0, 1.2e-05, 4e-06, -0.0, -1.2e-05, 0.856135, 0.516751, 0.374726, 3e-06, -0.516751, 0.856135, -0.0, 0.0, 0.0, 0.0, 1.0],
                [1.0, 9e-06, 3e-06, 0.0, -1e-05, 0.917479, 0.397783, 0.374726, 1e-06, -0.397783, 0.917479, 0.0, 0.0, 0.0, 0.0, 1.0],
                [1.0, 8e-06, 2e-06, -0.0, -8e-06, 0.929045, 0.369967, 0.374726, 1e-06, -0.369967, 0.929045, 0.0, 0.0, 0.0, 0.0, 1.0],
                [1.0, 9e-06, 3e-06, 0.0, -1e-05, 0.895076, 0.445912, 0.374726, 2e-06, -0.445913, 0.895077, -0.0, 0.0, 0.0, 0.0, 1.0],
                [1.0, 9e-06, 3e-06, 0.0, -1e-05, 0.862968, 0.505259, 0.374726, 2e-06, -0.505259, 0.862968, -0.0, 0.0, 0.0, 0.0, 1.0],
                [1.0, 1.2e-05, 4e-06, -0.0, -1.2e-05, 0.833475, 0.552557, 0.374726, 3e-06, -0.552557, 0.833475, 0.0, 0.0, 0.0, 0.0, 1.0],
                [1.0, 1.1e-05, 4e-06, -0.0, -1.1e-05, 0.807594, 0.589738, 0.374726, 3e-06, -0.589738, 0.807595, 0.0, 0.0, 0.0, 0.0, 1.0],
                [1.0, 1.1e-05, 5e-06, -0.0, -1.2e-05, 0.786599, 0.617465, 0.374726, 3e-06, -0.617465, 0.786599, 0.0, 0.0, 0.0, 0.0, 1.0],
                [1.0, 1.4e-05, 6e-06, 0.0, -1.4e-05, 0.760808, 0.648976, 0.374726, 4e-06, -0.648976, 0.760808, 0.0, 0.0, 0.0, 0.0, 1.0],
                [1.0, 1.6e-05, 7e-06, -0.0, -1.7e-05, 0.72575, 0.687958, 0.374726, 6e-06, -0.687958, 0.72575, -0.0, 0.0, 0.0, 0.0, 1.0],
                [1.0, 1.3e-05, 6e-06, 0.0, -1.4e-05, 0.690237, 0.723583, 0.374726, 5e-06, -0.723583, 0.690237, -0.0, 0.0, 0.0, 0.0, 1.0],
                [1.0, 1.6e-05, 8e-06, -0.0, -1.6e-05, 0.66032, 0.750984, 0.374726, 7e-06, -0.750984, 0.660321, 0.0, 0.0, 0.0, 0.0, 1.0],
                [1.0, 1.2e-05, 6e-06, 0.0, -1.3e-05, 0.640231, 0.768182, 0.374726, 5e-06, -0.768182, 0.640232, 0.0, 0.0, 0.0, 0.0, 1.0],
                [1.0, 1.4e-05, 7e-06, 0.0, -1.5e-05, 0.632813, 0.774304, 0.374726, 6e-06, -0.774305, 0.632813, -0.0, 0.0, 0.0, 0.0, 1.0],
                [1.0, 1.4e-05, 7e-06, 0.0, -1.5e-05, 0.632813, 0.774304, 0.374726, 6e-06, -0.774305, 0.632813, -0.0, 0.0, 0.0, 0.0, 1.0],
                [1.0, 1.4e-05, 7e-06, 0.0, -1.5e-05, 0.632813, 0.774304, 0.374726, 6e-06, -0.774305, 0.632813, -0.0, 0.0, 0.0, 0.0, 1.0],
                [1.0, 1.4e-05, 7e-06, 0.0, -1.5e-05, 0.632813, 0.774304, 0.374726, 6e-06, -0.774305, 0.632813, -0.0, 0.0, 0.0, 0.0, 1.0],
                [1.0, 1.4e-05, 7e-06, 0.0, -1.5e-05, 0.632813, 0.774304, 0.374726, 6e-06, -0.774305, 0.632813, -0.0, 0.0, 0.0, 0.0, 1.0],
                [1.0, 1.4e-05, 7e-06, 0.0, -1.5e-05, 0.632813, 0.774304, 0.374726, 6e-06, -0.774305, 0.632813, -0.0, 0.0, 0.0, 0.0, 1.0],
                [1.0, 1.4e-05, 7e-06, 0.0, -1.5e-05, 0.632813, 0.774304, 0.374726, 6e-06, -0.774305, 0.632813, -0.0, 0.0, 0.0, 0.0, 1.0],
                [1.0, 1.4e-05, 7e-06, 0.0, -1.5e-05, 0.632813, 0.774304, 0.374726, 6e-06, -0.774305, 0.632813, -0.0, 0.0, 0.0, 0.0, 1.0],
                [1.0, 1.4e-05, 7e-06, 0.0, -1.5e-05, 0.632813, 0.774304, 0.374726, 6e-06, -0.774305, 0.632813, -0.0, 0.0, 0.0, 0.0, 1.0],
                [1.0, 1.4e-05, 7e-06, 0.0, -1.5e-05, 0.632813, 0.774304, 0.374726, 6e-06, -0.774305, 0.632813, -0.0, 0.0, 0.0, 0.0, 1.0],
                [1.0, 1.4e-05, 7e-06, 0.0, -1.5e-05, 0.632813, 0.774304, 0.374726, 6e-06, -0.774305, 0.632813, -0.0, 0.0, 0.0, 0.0, 1.0],
                [1.0, 1.4e-05, 7e-06, 0.0, -1.5e-05, 0.632813, 0.774304, 0.374726, 6e-06, -0.774305, 0.632813, -0.0, 0.0, 0.0, 0.0, 1.0]
            ]
        },
        {
            "name": "Knee_L",
            "time": [0.0, 0.75],
            "transform": [
                [1.0, 0.0, -0.0, 0.0, -0.0, 0.00567, -0.999984, 0.431463, -0.0, 0.999984, 0.00567, -0.000322, 0.0, 0.0, 0.0, 1.0],
                [1.0, 0.0, -0.0, 0.0, -0.0, 0.00567, -0.999984, 0.411562, -0.0, 0.999984, 0.00567, -0.000209, 0.0, 0.0, 0.0, 1.0]
            ]
        },
        {
            "name": "Torso",
            "time": [0.0, 0.0167, 0.0333, 0.05, 0.0667, 0.0833, 0.1, 0.1167, 0.1333, 0.15, 0.1667, 0.1833, 0.2, 0.2167, 0.2333, 0.25, 0.2667, 0.2833, 0.3, 0.3167, 0.3333, 0.35, 0.3667, 0.3833, 0.4, 0.4167, 0.4333, 0.45, 0.4667, 0.4833, 0.5, 0.5167, 0.5333, 0.55, 0.5667, 0.5833, 0.6, 0.6167, 0.6333, 0.65, 0.6667, 0.6833, 0.7, 0.7167, 0.7333, 0.75],
            "transform": [
                [0.95356, 0.092396, -0.286682, 0.0, 0.038114, 0.907124, 0.419135, 0.05, 0.298782, -0.410597, 0.861475, 0.0, 0.0, 0.0, 0.0, 1.0],
                [0.962238, 0.079489, -0.260344, 0.0, 0.038262, 0.907423, 0.418473, 0.05, 0.269506, -0.412632, 0.870116, 0.0, 0.0, 0.0, 0.0, 1.0],
                [0.988412, 0.026846, -0.149401, 0.0, 0.038501, 0.907711, 0.417827, 0.05, 0.14683, -0.418737, 0.896158, 0.0, 0.0, 0.0, 0.0, 1.0],
                [0.991415, -0.086826, 0.09776, 0.0, 0.038114, 0.907124, 0.419135, 0.05, -0.125072, -0.411811, 0.902646, 0.0, 0.0, 0.0, 0.0, 1.0],
                [0.861038, -0.242617, 0.446934, 0.0, 0.03764, 0.906852, 0.419766, 0.05, -0.507145, -0.344612, 0.789966, 0.0, 0.0, 0.0, 0.0, 1.0],
                [0.723421, -0.314401, 0.614666, 0.0, 0.038114, 0.907124, 0.419135, 0.05, -0.689354, -0.279783, 0.668215, 0.0, 0.0, 0.0, 0.0, 1.0],
                [0.735435, -0.30932, 0.602874, 0.0, 0.038188, 0.907232, 0.418894, 0.05, -0.676519, -0.285047, 0.679022, 0.0, 0.0, 0.0, 0.0, 1.0],
                [0.767008, -0.295055, 0.569774, 0.0, 0.038339, 0.907487, 0.418328, 0.05, -0.640492, -0.299016, 0.707361, 0.0, 0.0, 0.0, 0.0, 1.0],
                [0.810545, -0.272795, 0.518265, 0.0, 0.038462, 0.907784, 0.417671, 0.05, -0.584412, -0.318608, 0.746292, 0.0, 0.0, 0.0, 0.0, 1.0],
                [0.858262, -0.243845, 0.451582, 0.0, 0.038484, 0.908014, 0.417169, 0.05, -0.511767, -0.340662, 0.788698, 0.0, 0.0, 0.0, 0.0, 1.0],
                [0.903324, -0.209991, 0.374045, 0.0, 0.038391, 0.908061, 0.417076, 0.05, -0.427237, -0.362395, 0.828335, 0.0, 0.0, 0.0, 0.0, 1.0],
                [0.940807, -0.173562, 0.291133, 0.0, 0.038233, 0.907805, 0.417647, 0.05, -0.336779, -0.381794, 0.860705, 0.0, 0.0, 0.0, 0.0, 1.0],
                [0.968231, -0.137258, 0.209019, 0.0, 0.038114, 0.907124, 0.419135, 0.05, -0.247136, -0.397853, 0.883537, 0.0, 0.0, 0.0, 0.0, 1.0],
                [0.985817, -0.102996, 0.132503, 0.0, 0.038151, 0.906393, 0.42071, 0.05, -0.163432, -0.409688, 0.897466, 0.0, 0.0, 0.0, 0.0, 1.0],
                [0.995534, -0.071003, 0.062217, 0.0, 0.038281, 0.906039, 0.42146, 0.05, -0.086296, -0.417196, 0.90471, 0.0, 0.0, 0.0, 0.0, 1.0],
                [0.999141, -0.041382, -0.002063, 0.0, 0.038395, 0.906003, 0.421526, 0.05, -0.015575, -0.421243, 0.906814, 0.0, 0.0, 0.0, 0.0, 1.0],
                [0.99805, -0.014059, -0.060822, 0.0, 0.038425, 0.90622, 0.421058, 0.05, 0.049198, -0.422574, 0.904992, 0.0, 0.0, 0.0, 0.0, 1.0],
                [0.993337, 0.011163, -0.114703, 0.0, 0.038334, 0.906617, 0.42021, 0.05, 0.108683, -0.421807, 0.900148, 0.0, 0.0, 0.0, 0.0, 1.0],
                [0.985783, 0.034555, -0.164429, 0.0, 0.038114, 0.907124, 0.419135, 0.05, 0.163641, -0.419443, 0.892911, 0.0, 0.0, 0.0, 0.0, 1.0],
                [0.975673, 0.053258, -0.212666, 0.0, 0.034589, 0.9205, 0.389208, 0.05, 0.216487, -0.387095, 0.896265, 0.0, 0.0, 0.0, 0.0, 1.0],
                [0.962518, 0.063801, -0.263607, 0.0, 0.024106, 0.947967, 0.317455, 0.05, 0.270144, -0.311911, 0.910897, 0.0, 0.0, 0.0, 0.0, 1.0],
                [0.945515, 0.067097, -0.318591, 0.0, 0.00806, 0.973411, 0.228925, 0.05, 0.32548, -0.21902, 0.919833, 0.0, 0.0, 0.0, 0.0, 1.0],
                [0.923455, 0.066768, -0.377854, 0.0, -0.009063, 0.988265, 0.152481, 0.05, 0.383601, -0.137385, 0.913223, 0.0, 0.0, 0.0, 0.0, 1.0],
                [0.894498, 0.069994, -0.441559, 0.0, -0.019359, 0.992806, 0.118159, 0.05, 0.446653, -0.097144, 0.889418, 0.0, 0.0, 0.0, 0.0, 1.0],
                [0.855762, 0.078205, -0.511424, 0.0, -0.021545, 0.993039, 0.115801, 0.05, 0.51692, -0.088079, 0.85149, 0.0, 0.0, 0.0, 0.0, 1.0],
