{
    "animation": [
        {
            "name": "Root",
            "time": [0.0, 0.0167, 0.0333, 0.05, 0.0667, 0.0833, 0.1, 0.1167, 0.1333, 0.15, 0.1667, 0.1833, 0.2, 0.2167, 0.2333, 0.25, 0.2667, 0.2833, 0.3, 0.3167, 0.3333, 0.35, 0.3667, 0.3833, 0.4],
            "transform": [
                [1.0, 0.0, 0.0, -5e-06, 0.0, 0.0, -1.0, 0.000946, 0.0, 1.0, 0.0, 0.763972, 0.0, 0.0, 0.0, 1.0],
                [1.0, 0.0, 0.0, -5e-06, 0.0, 0.0, -1.0, 0.022047, 0.0, 1.0, 0.0, 0.763972, 0.0, 0.0, 0.0, 1.0],
                [1.0, 0.0, 0.0, -5e-06, 0.0, 0.0, -1.0, 0.0748, 0.0, 1.0, 0.0, 0.763972, 0.0, 0.0, 0.0, 1.0],
                [1.0, 0.0, 0.0, -5e-06, 0.0, 0.0, -1.0, 0.143378, 0.0, 1.0, 0.0, 0.763972, 0.0, 0.0, 0.0, 1.0],
                [1.0, 0.0, 0.0, -5e-06, 0.0, 0.0, -1.0, 0.211956, 0.0, 1.0, 0.0, 0.763972, 0.0, 0.0, 0.0, 1.0],
                [1.0, 0.0, 0.0, -5e-06, 0.0, 0.0, -1.0, 0.264708, 0.0, 1.0, 0.0, 0.763972, 0.0, 0.0, 0.0, 1.0],
                [1.0, 0.0, 0.0, -5e-06, 0.0, 0.0, -1.0, 0.285809, 0.0, 1.0, 0.0, 0.763972, 0.0, 0.0, 0.0, 1.0],
                [1.0, 0.0, 0.0, -5e-06, 0.0, 0.0, -1.0, 0.285809, 0.0, 1.0, 0.0, 0.763972, 0.0, 0.0, 0.0, 1.0],
                [1.0, 0.0, 0.0, -5e-06, 0.0, 0.0, -1.0, 0.285809, 0.0, 1.0, 0.0, 0.763972, 0.0, 0.0, 0.0, 1.0],
                [1.0, 0.0, 0.0, -5e-06, 0.0, 0.0, -1.0, 0.285809, 0.0, 1.0, 0.0, 0.763972, 0.0, 0.0, 0.0, 1.0],
                [1.0, 0.0, 0.0, -5e-06, 0.0, 0.0, -1.0, 0.285809, 0.0, 1.0, 0.0, 0.763972, 0.0, 0.0, 0.0, 1.0],
                [1.0, 0.0, 0.0, -5e-06, 0.0, 0.0, -1.0, 0.285809, 0.0, 1.0, 0.0, 0.763972, 0.0, 0.0, 0.0, 1.0],
                [1.0, 0.0, 0.0, -5e-06, 0.0, 0.0, -1.0, 0.285809, 0.0, 1.0, 0.0, 0.763972, 0.0, 0.0, 0.0, 1.0],
                [1.0, 0.0, 0.0, -5e-06, 0.0, 0.0, -1.0, 0.285809, 0.0, 1.0, 0.0, 0.763972, 0.0, 0.0, 0.0, 1.0],
                [1.0, 0.0, 0.0, -5e-06, 0.0, 0.0, -1.0, 0.285809, 0.0, 1.0, 0.0, 0.763972, 0.0, 0.0, 0.0, 1.0],
                [1.0, 0.0, 0.0, -5e-06, 0.0, 0.0, -1.0, 0.285809, 0.0, 1.0, 0.0, 0.763972, 0.0, 0.0, 0.0, 1.0],
                [1.0, 0.0, 0.0, -5e-06, 0.0, 0.0, -1.0, 0.285809, 0.0, 1.0, 0.0, 0.763972, 0.0, 0.0, 0.0, 1.0],
                [1.0, 0.0, 0.0, -5e-06, 0.0, 0.0, -1.0, 0.285809, 0.0, 1.0, 0.0, 0.763972, 0.0, 0.0, 0.0, 1.0],
                [1.0, 0.0, 0.0, -5e-06, 0.0, 0.0, -1.0, 0.285809, 0.0, 1.0, 0.0, 0.763972, 0.0, 0.0, 0.0, 1.0],
                [1.0, 0.0, 0.0, -5e-06, 0.0, 0.0, -1.0, 0.285809, 0.0, 1.0, 0.0, 0.763972, 0.0, 0.0, 0.0, 1.0],
                [1.0, 0.0, 0.0, -5e-06, 0.0, 0.0, -1.0, 0.285809, 0.0, 1.0, 0.0, 0.763972, 0.0, 0.0, 0.0, 1.0],
                [1.0, 0.0, 0.0, -5e-06, 0.0, 0.0, -1.0, 0.285809, 0.0, 1.0, 0.0, 0.763972, 0.0, 0.0, 0.0, 1.0],
                [1.0, 0.0, 0.0, -5e-06, 0.0, 0.0, -1.0, 0.285809, 0.0, 1.0, 0.0, 0.763972, 0.0, 0.0, 0.0, 1.0],
                [1.0, 0.0, 0.0, -5e-06, 0.0, 0.0, -1.0, 0.285809, 0.0, 1.0, 0.0, 0.763972, 0.0, 0.0, 0.0, 1.0],
                [1.0, 0.0, 0.0, -5e-06, 0.0, 0.0, -1.0, 0.285809, 0.0, 1.0, 0.0, 0.763972, 0.0, 0.0, 0.0, 1.0]
            ]
        },
        {
            "name": "Thigh_R",
            "time": [0.0, 0.0167, 0.0333, 0.05, 0.0667, 0.0833, 0.1, 0.1167, 0.1333, 0.15, 0.1667, 0.1833, 0.2, 0.2167, 0.2333, 0.25, 0.2667, 0.2833, 0.3, 0.3167, 0.3333, 0.35, 0.3667, 0.3833, 0.4],
            "transform": [
                [1.0, -0.0, -0.0, 0.124994, -0.0, -0.999984, 0.005735, -0.002831, -0.0, -0.005735, -0.999984, -1.2e-05, 0.0, 0.0, 0.0, 1.0],
                [0.999782, -0.001301, -0.020842, 0.124994, 0.000104, -0.997733, 0.067297, -0.002831, -0.020882, -0.067285, -0.997515, -0.005487, 0.0, 0.0, 0.0, 1.0],
                [0.997224, -0.008556, -0.073973, 0.124994, 0.001379, -0.991085, 0.133225, -0.002831, -0.074454, -0.132957, -0.988322, -0.019176, 0.0, 0.0, 0.0, 1.0],
                [0.989211, -0.02297, -0.144684, 0.124994, 0.005562, -0.98103, 0.193777, -0.002831, -0.146391, -0.192491, -0.970318, -0.036971, 0.0, 0.0, 0.0, 1.0],
                [0.975482, -0.041078, -0.216211, 0.124994, 0.013368, -0.969553, 0.244518, -0.002831, -0.219672, -0.241413, -0.945232, -0.054766, 0.0, 0.0, 0.0, 1.0],
                [0.961003, -0.056041, -0.270799, 0.124994, 0.023242, -0.959418, 0.281029, -0.002831, -0.275558, -0.276363, -0.920702, -0.068454, 0.0, 0.0, 0.0, 1.0],
                [0.954617, -0.06035, -0.291658, 0.124994, 0.031252, -0.953554, 0.299599, -0.002831, -0.296192, -0.295117, -0.908392, -0.07393, 0.0, 0.0, 0.0, 1.0],
                [0.956507, -0.056029, -0.286278, 0.124994, 0.036096, -0.951106, 0.30675, -0.002831, -0.289467, -0.303741, -0.907717, -0.072661, 0.0, 0.0, 0.0, 1.0],
                [0.960529, -0.049711, -0.273702, 0.124994, 0.039661, -0.949381, 0.311616, -0.002831, -0.275338, -0.310171, -0.909936, -0.069154, 0.0, 0.0, 0.0, 1.0],
                [0.965966, -0.041983, -0.255238, 0.124994, 0.041666, -0.948602, 0.313719, -0.002831, -0.25529, -0.313676, -0.914568, -0.063856, 0.0, 0.0, 0.0, 1.0],
                [0.972104, -0.033376, -0.232162, 0.124994, 0.041962, -0.949107, 0.312148, -0.002831, -0.230765, -0.313182, -0.92123, -0.057215, 0.0, 0.0, 0.0, 1.0],
                [0.978292, -0.024374, -0.205791, 0.124994, 0.040561, -0.951329, 0.305497, -0.002831, -0.203221, -0.307212, -0.929689, -0.049679, 0.0, 0.0, 0.0, 1.0],
                [0.983995, -0.015253, -0.177543, 0.124994, 0.037641, -0.956058, 0.290753, -0.002831, -0.174177, -0.292782, -0.940182, -0.041694, 0.0, 0.0, 0.0, 1.0],
                [0.988833, -0.004686, -0.148955, 0.124994, 0.033549, -0.96685, 0.253132, -0.002831, -0.145203, -0.255302, -0.955896, -0.03371, 0.0, 0.0, 0.0, 1.0],
                [0.992607, -8.9e-05, -0.121373, 0.124994, 0.028777, -0.971314, 0.236054, -0.002831, -0.117912, -0.237801, -0.964131, -0.026174, 0.0, 0.0, 0.0, 1.0],
                [0.995292, -7.1e-05, -0.096922, 0.124994, 0.023929, -0.968864, 0.246436, -0.002831, -0.093922, -0.247595, -0.964301, -0.019532, 0.0, 0.0, 0.0, 1.0],
                [0.997002, -5.7e-05, -0.077378, 0.124994, 0.019672, -0.966958, 0.254177, -0.002831, -0.074836, -0.254937, -0.964058, -0.014235, 0.0, 0.0, 0.0, 1.0],
                [0.997922, -4.7e-05, -0.064429, 0.124994, 0.016677, -0.96573, 0.259015, -0.002831, -0.062233, -0.259552, -0.963722, -0.010727, 0.0, 0.0, 0.0, 1.0],
                [0.998214, -4.4e-05, -0.059744, 0.124994, 0.01556, -0.965297, 0.260692, -0.002831, -0.057682, -0.261156, -0.963572, -0.009459, 0.0, 0.0, 0.0, 1.0],
                [0.998214, -4.4e-05, -0.059744, 0.124994, 0.01556, -0.965297, 0.260692, -0.002831, -0.057682, -0.261156, -0.963572, -0.009459, 0.0, 0.0, 0.0, 1.0],
                [0.998214, -4.4e-05, -0.059744, 0.124994, 0.01556, -0.965297, 0.260692, -0.002831, -0.057682, -0.261156, -0.963572, -0.009459, 0.0, 0.0, 0.0, 1.0],
                [0.998214, -4.4e-05, -0.059744, 0.124994, 0.01556, -0.965297, 0.260692, -0.002831, -0.057682, -0.261156, -0.963572, -0.009459, 0.0, 0.0, 0.0, 1.0],
                [0.998214, -4.4e-05, -0.059744, 0.124994, 0.01556, -0.965297, 0.260692, -0.002831, -0.057682, -0.261156, -0.963572, -0.009459, 0.0, 0.0, 0.0, 1.0],
                [0.998214, -4.4e-05, -0.059744, 0.124994, 0.01556, -0.965297, 0.260692, -0.002831, -0.057682, -0.261156, -0.963572, -0.009459, 0.0, 0.0, 0.0, 1.0],
                [0.998214, -4.4e-05, -0.059744, 0.124994, 0.01556, -0.965297, 0.260692, -0.002831, -0.057682, -0.261156, -0.963572, -0.009459, 0.0, 0.0, 0.0, 1.0]
            ]
        },
        {
            "name": "Leg_R",
            "time": [0.0, 0.0167, 0.0333, 0.05, 0.0667, 0.0833, 0.1, 0.1167, 0.1333, 0.15, 0.1667, 0.1833, 0.2, 0.2167, 0.2333, 0.25, 0.2667, 0.2833, 0.3, 0.3167, 0.3333, 0.35, 0.3667, 0.3833, 0.4],
            "transform": [
                [1.0, 0.0, 1e-06, -0.0, -0.0, 0.999934, 0.011465, 0.374726, -1e-06, -0.011465, 0.999934, 0.0, 0.0, 0.0, 0.0, 1.0],
                [1.0, 3e-06, 1e-06, 0.0, -3e-06, 0.992255, 0.12422, 0.374726, -1e-06, -0.12422, 0.992255, 0.0, 0.0, 0.0, 0.0, 1.0],
                [1.0, 5e-06, 1e-06, -0.0, -5e-06, 0.97363, 0.228132, 0.374726, -0.0, -0.228132, 0.97363, 0.0, 0.0, 0.0, 0.0, 1.0],
                [1.0, 6e-06, 2e-06, 0.0, -7e-06, 0.950879, 0.309561, 0.374726, 0.0, -0.309561, 0.950879, -0.0, 0.0, 0.0, 0.0, 1.0],
                [1.0, 8e-06, 2e-06, -0.0, -8e-06, 0.930387, 0.366578, 0.374726, 1e-06, -0.366578, 0.930387, -0.0, 0.0, 0.0, 0.0, 1.0],
                [1.0, 8e-06, 2e-06, -0.0, -9e-06, 0.917937, 0.396726, 0.374726, 1e-06, -0.396726, 0.917937, 0.0, 0.0, 0.0, 0.0, 1.0],
                [1.0, 8e-06, 2e-06, -0.0, -9e-06, 0.917957, 0.39668, 0.374726, 1e-06, -0.39668, 0.917957, -0.0, 0.0, 0.0, 0.0, 1.0],
                [1.0, 8e-06, 2e-06, 0.0, -8e-06, 0.926281, 0.376833, 0.374726, 1e-06, -0.376834, 0.926281, 0.0, 0.0, 0.0, 0.0, 1.0],
                [1.0, 7e-06, 2e-06, 0.0, -8e-06, 0.936189, 0.351496, 0.374726, 1e-06, -0.351496, 0.93619, 0.0, 0.0, 0.0, 0.0, 1.0],
                [1.0, 7e-06, 2e-06, 0.0, -7e-06, 0.947361, 0.320166, 0.374726, 0.0, -0.320166, 0.947361, -0.0, 0.0, 0.0, 0.0, 1.0],
                [1.0, 6e-06, 2e-06, -0.0, -6e-06, 0.95954, 0.281572, 0.374726, 0.0, -0.281572, 0.95954, -0.0, 0.0, 0.0, 0.0, 1.0],
                [1.0, 5e-06, 1e-06, -0.0, -5e-06, 0.972357, 0.233498, 0.374726, -0.0, -0.233498, 0.972357, 0.0, 0.0, 0.0, 0.0, 1.0],
                [1.0, 4e-06, 1e-06, 0.0, -4e-06, 0.985361, 0.170482, 0.374726, -0.0, -0.170482, 0.98536, 0.0, 0.0, 0.0, 0.0, 1.0],
                [1.0, 1e-06, 1e-06, -0.0, -1e-06, 0.998024, 0.062827, 0.374726, -1e-06, -0.062827, 0.998025, 0.0, 0.0, 0.0, 0.0, 1.0],
                [1.0, 0.0, 1e-06, -0.0, -0.0, 0.999998, 0.00146, 0.374726, -1e-06, -0.00146, 0.999999, -0.0, 0.0, 0.0, 0.0, 1.0],
                [1.0, 0.0, 1e-06, 0.0, -0.0, 0.999999, 0.00146, 0.374726, -1e-06, -0.00146, 0.999999, -0.0, 0.0, 0.0, 0.0, 1.0],
                [1.0, 0.0, 1e-06, 0.0, -0.0, 0.999999, 0.00146, 0.374726, -1e-06, -0.00146, 0.999999, 0.0, 0.0, 0.0, 0.0, 1.0],
                [1.0, 0.0, 1e-06, -0.0, -0.0, 0.999999, 0.00146, 0.374726, -1e-06, -0.00146, 0.999999, 0.0, 0.0, 0.0, 0.0, 1.0],
                [1.0, 0.0, 1e-06, -0.0, -0.0, 0.999999, 0.00146, 0.374726, -1e-06, -0.00146, 0.999999, -0.0, 0.0, 0.0, 0.0, 1.0],
                [1.0, 0.0, 1e-06, -0.0, -0.0, 0.999999, 0.00146, 0.374726, -1e-06, -0.00146, 0.999999, -0.0, 0.0, 0.0, 0.0, 1.0],
                [1.0, 0.0, 1e-06, -0.0, -0.0, 0.999999, 0.00146, 0.374726, -1e-06, -0.00146, 0.999999, -0.0, 0.0, 0.0, 0.0, 1.0],
                [1.0, 0.0, 1e-06, -0.0, -0.0, 0.999999, 0.00146, 0.374726, -1e-06, -0.00146, 0.999999, -0.0, 0.0, 0.0, 0.0, 1.0],
                [1.0, 0.0, 1e-06, -0.0, -0.0, 0.999999, 0.00146, 0.374726, -1e-06, -0.00146, 0.999999, -0.0, 0.0, 0.0, 0.0, 1.0],
                [1.0, 0.0, 1e-06, -0.0, -0.0, 0.999999, 0.00146, 0.374726, -1e-06, -0.00146, 0.999999, -0.0, 0.0, 0.0, 0.0, 1.0],
                [1.0, 0.0, 1e-06, -0.0, -0.0, 0.999999, 0.00146, 0.374726, -1e-06, -0.00146, 0.999999, -0.0, 0.0, 0.0, 0.0, 1.0]
            ]
        },
        {
            "name": "Knee_R",
            "time": [0.0, 0.4],
            "transform": [
                [1.0, 0.0, -0.0, -0.0, -0.0, 0.00567, -0.999984, 0.374726, -0.0, 0.999984, 0.00567, 0.0, 0.0, 0.0, 0.0, 1.0],
                [1.0, 0.0, -0.0, -0.0, -0.0, 0.00567, -0.999984, 0.374726, -0.0, 0.999984, 0.00567, -0.0, 0.0, 0.0, 0.0, 1.0]
            ]
        },
        {
            "name": "Thigh_L",
            "time": [0.0, 0.0167, 0.0333, 0.05, 0.0667, 0.0833, 0.1, 0.1167, 0.1333, 0.15, 0.1667, 0.1833, 0.2, 0.2167, 0.2333, 0.25, 0.2667, 0.2833, 0.3, 0.3167, 0.3333, 0.35, 0.3667, 0.3833, 0.4],
            "transform": [
                [1.0, -0.0, -0.0, -0.125006, -0.0, -0.999984, 0.005749, -0.002831, -0.0, -0.005749, -0.999984, -1.2e-05, 0.0, 0.0, 0.0, 1.0],
                [0.999297, -2.8e-05, -0.037495, -0.125006, -0.000548, -0.999904, -0.013875, -0.002831, -0.037491, 0.013885, -0.999201, 0.005727, 0.0, 0.0, 0.0, 1.0],
                [0.991305, -9.6e-05, -0.131581, -0.125006, -0.006723, -0.998731, -0.049918, -0.002831, -0.13141, 0.050368, -0.990048, 0.020074, 0.0, 0.0, 0.0, 1.0],
                [0.967985, -0.000184, -0.251008, -0.125006, -0.024645, -0.995237, -0.094314, -0.002831, -0.249796, 0.097481, -0.96338, 0.038725, 0.0, 0.0, 0.0, 1.0],
                [0.932344, -0.000265, -0.361571, -0.125006, -0.052294, -0.989585, -0.13412, -0.002831, -0.35777, 0.143954, -0.922648, 0.057377, 0.0, 0.0, 0.0, 1.0],
                [0.900113, -0.00032, -0.435656, -0.125006, -0.078302, -0.983834, -0.161058, -0.002831, -0.428562, 0.179083, -0.885587, 0.071724, 0.0, 0.0, 0.0, 1.0],
                [0.890154, -0.000335, -0.45566, -0.125006, -0.088212, -0.981209, -0.171606, -0.002831, -0.44704, 0.19295, -0.873456, 0.077463, 0.0, 0.0, 0.0, 1.0],
                [0.896812, -0.000325, -0.442412, -0.125006, -0.086985, -0.980611, -0.175607, -0.002831, -0.433776, 0.195969, -0.879451, 0.07536, 0.0, 0.0, 0.0, 1.0],
                [0.904288, -0.000313, -0.426924, -0.125006, -0.087522, -0.978897, -0.184667, -0.002831, -0.417856, 0.204357, -0.885231, 0.069546, 0.0, 0.0, 0.0, 1.0],
                [0.912259, -0.0003, -0.409614, -0.125006, -0.089203, -0.976145, -0.197951, -0.002831, -0.399783, 0.217121, -0.890523, 0.060763, 0.0, 0.0, 0.0, 1.0],
                [0.920432, -0.000286, -0.390903, -0.125006, -0.091441, -0.972413, -0.2146, -0.002831, -0.380058, 0.233269, -0.895065, 0.049754, 0.0, 0.0, 0.0, 1.0],
                [0.928529, -0.040275, -0.369069, -0.125006, -0.093721, -0.987331, -0.128045, -0.002831, -0.359236, 0.153483, -0.920539, 0.03726, 0.0, 0.0, 0.0, 1.0],
                [0.936284, -0.057218, -0.346551, -0.125006, -0.095625, -0.990899, -0.094745, -0.002831, -0.337975, 0.121847, -0.933234, 0.024024, 0.0, 0.0, 0.0, 1.0],
                [0.943445, -0.066638, -0.324762, -0.125006, -0.096882, -0.992247, -0.077848, -0.002831, -0.317057, 0.104909, -0.942587, 0.010788, 0.0, 0.0, 0.0, 1.0],
                [0.949773, -0.071787, -0.304594, -0.125006, -0.097396, -0.992802, -0.069713, -0.002831, -0.297397, 0.095878, -0.949928, -0.001706, 0.0, 0.0, 0.0, 1.0],
                [0.955049, -0.074246, -0.287001, -0.125006, -0.097255, -0.993019, -0.066746, -0.002831, -0.280041, 0.091658, -0.955602, -0.012715, 0.0, 0.0, 0.0, 1.0],
                [0.959069, -0.075061, -0.273042, -0.125006, -0.096717, -0.993074, -0.066722, -0.002831, -0.266142, 0.090399, -0.959686, -0.021498, 0.0, 0.0, 0.0, 1.0],
                [0.961639, -0.07517, -0.263817, -0.125006, -0.096147, -0.993076, -0.067508, -0.002831, -0.256916, 0.090283, -0.962208, -0.027312, 0.0, 0.0, 0.0, 1.0],
                [0.962549, -0.075119, -0.260493, -0.125006, -0.0959, -0.993067, -0.067989, -0.002831, -0.253579, 0.090424, -0.963079, -0.029415, 0.0, 0.0, 0.0, 1.0],
                [0.962549, -0.075119, -0.260493, -0.125006, -0.0959, -0.993067, -0.067989, -0.002831, -0.253579, 0.090424, -0.963079, -0.029415, 0.0, 0.0, 0.0, 1.0],
                [0.962549, -0.075119, -0.260493, -0.125006, -0.0959, -0.993067, -0.067989, -0.002831, -0.253579, 0.090424, -0.963079, -0.029415, 0.0, 0.0, 0.0, 1.0],
                [0.962549, -0.075119, -0.260493, -0.125006, -0.0959, -0.993067, -0.067989, -0.002831, -0.253579, 0.090424, -0.963079, -0.029415, 0.0, 0.0, 0.0, 1.0],
                [0.962549, -0.075119, -0.260493, -0.125006, -0.0959, -0.993067, -0.067989, -0.002831, -0.253579, 0.090424, -0.963079, -0.029415, 0.0, 0.0, 0.0, 1.0],
                [0.962549, -0.075119, -0.260493, -0.125006, -0.0959, -0.993067, -0.067989, -0.002831, -0.253579, 0.090424, -0.963079, -0.029415, 0.0, 0.0, 0.0, 1.0],
                [0.962549, -0.075119, -0.260493, -0.125006, -0.0959, -0.993067, -0.067989, -0.002831, -0.253579, 0.090424, -0.963079, -0.029415, 0.0, 0.0, 0.0, 1.0]
            ]
        },
        {
            "name": "Leg_L",
            "time": [0.0, 0.0167, 0.0333, 0.05, 0.0667, 0.0833, 0.1, 0.1167, 0.1333, 0.15, 0.1667, 0.1833, 0.2, 0.2167, 0.2333, 0.25, 0.2667, 0.2833, 0.3, 0.3167, 0.3333, 0.35, 0.3667, 0.3833, 0.4],
            "transform": [
                [1.0, 0.0, 1e-06, -0.0, -0.0, 0.999934, 0.011493, 0.374726, -1e-06, -0.011493, 0.999934, -0.0, 0.0, 0.0, 0.0, 1.0],
                [1.0, 0.0, 1e-06, 0.0, -0.0, 0.999999, 0.00146, 0.374726, -1e-06, -0.00146, 0.999999, -0.0, 0.0, 0.0, 0.0, 1.0],
                [1.0, 0.0, 1e-06, 0.0, -0.0, 0.999999, 0.00146, 0.374726, -1e-06, -0.00146, 0.999999, 0.0, 0.0, 0.0, 0.0, 1.0],
                [1.0, 0.0, 1e-06, 0.0, -0.0, 0.999999, 0.00146, 0.374726, -1e-06, -0.00146, 0.999999, -0.0, 0.0, 0.0, 0.0, 1.0],
                [1.0, 0.0, 1e-06, -0.0, -0.0, 0.999999, 0.00146, 0.374726, -1e-06, -0.00146, 0.999999, -0.0, 0.0, 0.0, 0.0, 1.0],
                [1.0, 0.0, 1e-06, -0.0, -0.0, 0.999999, 0.001461, 0.374726, -1e-06, -0.001461, 0.999999, -0.0, 0.0, 0.0, 0.0, 1.0],
                [1.0, 0.0, 1e-06, -0.0, -0.0, 0.999999, 0.001461, 0.374726, -1e-06, -0.001461, 0.999999, -0.0, 0.0, 0.0, 0.0, 1.0],
                [1.0, 0.0, 1e-06, 0.0, -0.0, 0.999999, 0.001461, 0.374726, -1e-06, -0.001461, 0.999999, 0.0, 0.0, 0.0, 0.0, 1.0],
                [1.0, 0.0, 1e-06, 0.0, -0.0, 0.999999, 0.001461, 0.374726, -1e-06, -0.001461, 0.999999, -0.0, 0.0, 0.0, 0.0, 1.0],
                [1.0, 0.0, 1e-06, 0.0, -0.0, 0.999998, 0.00146, 0.374726, -1e-06, -0.00146, 0.999999, -0.0, 0.0, 0.0, 0.0, 1.0],
                [1.0, 0.0, 1e-06, -0.0, -0.0, 0.999999, 0.00146, 0.374726, -1e-06, -0.00146, 0.999999, -0.0, 0.0, 0.0, 0.0, 1.0],
                [1.0, 5e-06, 1e-06, 0.0, -5e-06, 0.976483, 0.215594, 0.374726, -0.0, -0.215594, 0.976483, 0.0, 0.0, 0.0, 0.0, 1.0],
                [1.0, 7e-06, 2e-06, -0.0, -7e-06, 0.94697, 0.321321, 0.374726, 0.0, -0.321321, 0.94697, -0.0, 0.0, 0.0, 0.0, 1.0],
                [1.0, 8e-06, 2e-06, -0.0, -8e-06, 0.919266, 0.393636, 0.374726, 1e-06, -0.393637, 0.919266, -0.0, 0.0, 0.0, 0.0, 1.0],
                [1.0, 9e-06, 3e-06, -0.0, -1e-05, 0.894847, 0.446373, 0.374726, 2e-06, -0.446373, 0.894847, 0.0, 0.0, 0.0, 0.0, 1.0],
                [1.0, 1e-05, 3e-06, -0.0, -1.1e-05, 0.87466, 0.484737, 0.374726, 2e-06, -0.484738, 0.87466, -0.0, 0.0, 0.0, 0.0, 1.0],
                [1.0, 1.1e-05, 4e-06, 0.0, -1.1e-05, 0.859597, 0.510972, 0.374726, 2e-06, -0.510972, 0.859597, -0.0, 0.0, 0.0, 0.0, 1.0],
                [1.0, 1.1e-05, 4e-06, 0.0, -1.1e-05, 0.849953, 0.526857, 0.374726, 3e-06, -0.526857, 0.849954, -0.0, 0.0, 0.0, 0.0, 1.0],
                [1.0, 1e-05, 4e-06, 0.0, -1.1e-05, 0.846587, 0.53225, 0.374726, 2e-06, -0.53225, 0.846587, 0.0, 0.0, 0.0, 0.0, 1.0],
                [1.0, 1.1e-05, 4e-06, 0.0, -1.1e-05, 0.846587, 0.53225, 0.374726, 3e-06, -0.53225, 0.846587, -0.0, 0.0, 0.0, 0.0, 1.0],
                [1.0, 1.1e-05, 4e-06, 0.0, -1.1e-05, 0.846587, 0.53225, 0.374726, 3e-06, -0.53225, 0.846587, -0.0, 0.0, 0.0, 0.0, 1.0],
                [1.0, 1.1e-05, 4e-06, 0.0, -1.1e-05, 0.846587, 0.53225, 0.374726, 3e-06, -0.53225, 0.846587, -0.0, 0.0, 0.0, 0.0, 1.0],
                [1.0, 1.1e-05, 4e-06, 0.0, -1.1e-05, 0.846587, 0.53225, 0.374726, 3e-06, -0.53225, 0.846587, -0.0, 0.0, 0.0, 0.0, 1.0],
                [1.0, 1.1e-05, 4e-06, 0.0, -1.1e-05, 0.846587, 0.53225, 0.374726, 3e-06, -0.53225, 0.846587, -0.0, 0.0, 0.0, 0.0, 1.0],
                [1.0, 1.1e-05, 4e-06, 0.0, -1.1e-05, 0.846587, 0.53225, 0.374726, 3e-06, -0.53225, 0.846587, -0.0, 0.0, 0.0, 0.0, 1.0]
            ]
        },
        {
            "name": "Knee_L",
            "time": [0.0, 0.4],
            "transform": [
                [1.0, 0.0, -0.0, -0.0, -0.0, 0.00567, -0.999984, 0.374726, -0.0, 0.999984, 0.00567, -0.0, 0.0, 0.0, 0.0, 1.0],
                [1.0, 0.0, -0.0, 0.0, -0.0, 0.00567, -0.999984, 0.377491, -0.0, 0.999984, 0.00567, -1.6e-05, 0.0, 0.0, 0.0, 1.0]
            ]
        },
        {
            "name": "Torso",
            "time": [0.0, 0.0167, 0.0333, 0.05, 0.0667, 0.0833, 0.1, 0.1167, 0.1333, 0.15, 0.1667, 0.1833, 0.2, 0.2167, 0.2333, 0.25, 0.2667, 0.2833, 0.3, 0.3167, 0.3333, 0.35, 0.3667, 0.3833, 0.4],
            "transform": [
                [1.0, 0.0, 0.0, 0.0, 0.0, 1.0, 0.0, 0.05, 0.0, 0.0, 1.0, 0.0, 0.0, 0.0, 0.0, 1.0],
                [0.999458, 0.0, 0.03292, 0.0, 0.0, 1.0, 0.0, 0.05, -0.03292, 0.0, 0.999458, 0.0, 0.0, 0.0, 0.0, 1.0],
                [0.993319, 0.0, 0.115398, 0.0, 0.0, 1.0, 0.0, 0.05, -0.115398, 0.0, 0.993319, 0.0, 0.0, 0.0, 0.0, 1.0],
                [0.975079, 0.0, 0.221857, 0.0, 0.0, 1.0, 0.0, 0.05, -0.221857, 0.0, 0.975079, 0.0, 0.0, 0.0, 0.0, 1.0],
                [0.945464, 0.0, 0.325727, 0.0, 0.0, 1.0, 0.0, 0.05, -0.325727, 0.0, 0.945464, 0.0, 0.0, 0.0, 0.0, 1.0],
                [0.915313, 0.0, 0.402743, 0.0, 0.0, 1.0, 0.0, 0.05, -0.402743, 0.0, 0.915313, 0.0, 0.0, 0.0, 0.0, 1.0],
                [0.901559, 0.0, 0.432656, 0.0, 0.0, 1.0, 0.0, 0.05, -0.432656, 0.0, 0.901559, 0.0, 0.0, 0.0, 0.0, 1.0],
                [0.904784, 0.0, 0.425871, 0.0, 0.0, 1.0, 0.0, 0.05, -0.425871, 0.0, 0.904784, 0.0, 0.0, 0.0, 0.0, 1.0],
                [0.913445, 0.0, 0.406963, 0.0, 0.0, 1.0, 0.0, 0.05, -0.406963, 0.0, 0.913445, 0.0, 0.0, 0.0, 0.0, 1.0],
                [0.925803, 0.0, 0.378007, 0.0, 0.0, 1.0, 0.0, 0.05, -0.378007, 0.0, 0.925803, 0.0, 0.0, 0.0, 0.0, 1.0],
                [0.940027, 0.0, 0.3411, 0.0, 0.0, 1.0, 0.0, 0.05, -0.3411, 0.0, 0.940027, 0.0, 0.0, 0.0, 0.0, 1.0],
                [0.954413, 0.0, 0.29849, 0.0, 0.0, 1.0, 0.0, 0.05, -0.29849, 0.0, 0.954413, 0.0, 0.0, 0.0, 0.0, 1.0],
                [0.96756, 0.0, 0.252643, 0.0, 0.0, 1.0, 0.0, 0.05, -0.252643, 0.0, 0.96756, 0.0, 0.0, 0.0, 0.0, 1.0],
                [0.978505, 0.0, 0.206221, 0.0, 0.0, 1.0, 0.0, 0.05, -0.206221, 0.0, 0.978505, 0.0, 0.0, 0.0, 0.0, 1.0],
                [0.986788, 0.0, 0.162018, 0.0, 0.0, 1.0, 0.0, 0.05, -0.162018, 0.0, 0.986788, 0.0, 0.0, 0.0, 0.0, 1.0],
                [0.992423, 0.0, 0.122868, 0.0, 0.0, 1.0, 0.0, 0.05, -0.122868, 0.0, 0.992423, 0.0, 0.0, 0.0, 0.0, 1.0],
                [0.995799, 0.0, 0.091567, 0.0, 0.0, 1.0, 0.0, 0.05, -0.091567, 0.0, 0.995799, 0.0, 0.0, 0.0, 0.0, 1.0],
                [0.997488, 0.0, 0.070839, 0.0, 0.0, 1.0, 0.0, 0.05, -0.070839, 0.0, 0.997488, 0.0, 0.0, 0.0, 0.0, 1.0],
                [0.997992, 0.0, 0.063343, 0.0, 0.0, 1.0, 0.0, 0.05, -0.063343, 0.0, 0.997992, 0.0, 0.0, 0.0, 0.0, 1.0],
                [0.997992, 0.0, 0.063343, 0.0, 0.0, 1.0, 0.0, 0.05, -0.063343, 0.0, 0.997992, 0.0, 0.0, 0.0, 0.0, 1.0],
                [0.997992, 0.0, 0.063343, 0.0, 0.0, 1.0, 0.0, 0.05, -0.063343, 0.0, 0.997992, 0.0, 0.0, 0.0, 0.0, 1.0],
                [0.997992, 0.0, 0.063343, 0.0, 0.0, 1.0, 0.0, 0.05, -0.063343, 0.0, 0.997992, 0.0, 0.0, 0.0, 0.0, 1.0],
                [0.997992, 0.0, 0.063343, 0.0, 0.0, 1.0, 0.0, 0.05, -0.063343, 0.0, 0.997992, 0.0, 0.0, 0.0, 0.0, 1.0],
                [0.997992, 0.0, 0.063343, 0.0, 0.0, 1.0, 0.0, 0.05, -0.063343, 0.0, 0.997992, 0.0, 0.0, 0.0, 0.0, 1.0],
                [0.997992, 0.0, 0.063343, 0.0, 0.0, 1.0, 0.0, 0.05, -0.063343, 0.0, 0.997992, 0.0, 0.0, 0.0, 0.0, 1.0]
            ]
        },
        {
            "name": "Chest",
            "time": [0.0, 0.0167, 0.0333, 0.05, 0.0667, 0.0833, 0.1, 0.1167, 0.1333, 0.15, 0.1667, 0.1833, 0.2, 0.2167, 0.2333, 0.25, 0.2667, 0.2833, 0.3, 0.3167, 0.3333, 0.35, 0.3667, 0.3833, 0.4],
            "transform": [
                [1.0, 0.0, 0.0, 0.0, 0.0, 1.0, 0.0, 0.3, 0.0, 0.0, 1.0, 0.0, 0.0, 0.0, 0.0, 1.0],
                [1.0, 0.0, 0.0, -0.0, 0.0, 1.0, 0.0, 0.3, 0.0, 0.0, 1.0, -0.0, 0.0, 0.0, 0.0, 1.0],
                [1.0, 0.0, 0.0, 0.0, 0.0, 1.0, 0.0, 0.3, 0.0, 0.0, 1.0, -0.0, 0.0, 0.0, 0.0, 1.0],
                [1.0, 0.0, 0.0, -0.0, 0.0, 1.0, 0.0, 0.3, 0.0, 0.0, 1.0, 0.0, 0.0, 0.0, 0.0, 1.0],
                [1.0, 0.0, 0.0, -0.0, 0.0, 1.0, 0.0, 0.3, -0.0, 0.0, 1.0, 0.0, 0.0, 0.0, 0.0, 1.0],
                [1.0, 0.0, 0.0, 0.0, 0.0, 1.0, 0.0, 0.3, 0.0, 0.0, 1.0, -0.0, 0.0, 0.0, 0.0, 1.0],
                [1.0, 0.0, -0.0, 0.0, 0.0, 1.0, 0.0, 0.3, 0.0, 0.0, 1.0, 0.0, 0.0, 0.0, 0.0, 1.0],
                [1.0, 0.0, -0.0, 0.0, 0.0, 1.0, 0.0, 0.3, 0.0, 0.0, 1.0, 0.0, 0.0, 0.0, 0.0, 1.0],
                [1.0, 0.0, 0.0, 0.0, 0.0, 1.0, 0.0, 0.3, 0.0, 0.0, 1.0, 0.0, 0.0, 0.0, 0.0, 1.0],
                [1.0, 0.0, 0.0, -0.0, 0.0, 1.0, 0.0, 0.3, 0.0, 0.0, 1.0, -0.0, 0.0, 0.0, 0.0, 1.0],
                [1.0, 0.0, 0.0, 0.0, 0.0, 1.0, 0.0, 0.3, 0.0, 0.0, 1.0, 0.0, 0.0, 0.0, 0.0, 1.0],
                [1.0, 0.0, 0.0, 0.0, 0.0, 1.0, 0.0, 0.3, 0.0, 0.0, 1.0, -0.0, 0.0, 0.0, 0.0, 1.0],
                [1.0, 0.0, 0.0, 0.0, 0.0, 1.0, 0.0, 0.3, 0.0, 0.0, 1.0, -0.0, 0.0, 0.0, 0.0, 1.0],
                [1.0, 0.0, 0.0, -0.0, 0.0, 1.0, 0.0, 0.3, 0.0, 0.0, 1.0, 0.0, 0.0, 0.0, 0.0, 1.0],
                [1.0, 0.0, 0.0, 0.0, 0.0, 1.0, 0.0, 0.3, 0.0, 0.0, 1.0, -0.0, 0.0, 0.0, 0.0, 1.0],
                [1.0, 0.0, 0.0, 0.0, 0.0, 1.0, 0.0, 0.3, 0.0, 0.0, 1.0, 0.0, 0.0, 0.0, 0.0, 1.0],
                [1.0, 0.0, 0.0, 0.0, 0.0, 1.0, 0.0, 0.3, 0.0, 0.0, 1.0, -0.0, 0.0, 0.0, 0.0, 1.0],
                [1.0, 0.0, 0.0, 0.0, 0.0, 1.0, 0.0, 0.3, 0.0, 0.0, 1.0, 0.0, 0.0, 0.0, 0.0, 1.0],
                [1.0, 0.0, -0.0, -0.0, 0.0, 1.0, 0.0, 0.3, 0.0, 0.0, 1.0, 0.0, 0.0, 0.0, 0.0, 1.0],
                [1.0, 0.0, -0.0, -0.0, 0.0, 1.0, 0.0, 0.3, 0.0, 0.0, 1.0, 0.0, 0.0, 0.0, 0.0, 1.0],
                [1.0, 0.0, -0.0, -0.0, 0.0, 1.0, 0.0, 0.3, 0.0, 0.0, 1.0, 0.0, 0.0, 0.0, 0.0, 1.0],
                [1.0, 0.0, -0.0, -0.0, 0.0, 1.0, 0.0, 0.3, 0.0, 0.0, 1.0, 0.0, 0.0, 0.0, 0.0, 1.0],
                [1.0, 0.0, -0.0, -0.0, 0.0, 1.0, 0.0, 0.3, 0.0, 0.0, 1.0, 0.0, 0.0, 0.0, 0.0, 1.0],
                [1.0, 0.0, -0.0, -0.0, 0.0, 1.0, 0.0, 0.3, 0.0, 0.0, 1.0, 0.0, 0.0, 0.0, 0.0, 1.0],
                [1.0, 0.0, -0.0, -0.0, 0.0, 1.0, 0.0, 0.3, 0.0, 0.0, 1.0, 0.0, 0.0, 0.0, 0.0, 1.0]
            ]
        },
        {
            "name": "Head",
            "time": [0.0, 0.0167, 0.0333, 0.05, 0.0667, 0.0833, 0.1, 0.1167, 0.1333, 0.15, 0.1667, 0.1833, 0.2, 0.2167, 0.2333, 0.25, 0.2667, 0.2833, 0.3, 0.3167, 0.3333, 0.35, 0.3667, 0.3833, 0.4],
            "transform": [
                [1.0, 0.0, 0.0, 0.0, 0.0, 1.0, 0.0, 0.4, 0.0, 0.0, 1.0, 0.0, 0.0, 0.0, 0.0, 1.0],
                [0.999791, 0.0, -0.020457, -0.0, 0.0, 1.0, 0.0, 0.4, 0.020457, 0.0, 0.999791, -0.0, 0.0, 0.0, 0.0, 1.0],
                [0.99743, 0.0, -0.071642, 0.0, 0.0, 1.0, 0.0, 0.4, 0.071642, 0.0, 0.99743, -0.0, 0.0, 0.0, 0.0, 1.0],
                [0.990432, 0.0, -0.138001, -0.0, 0.0, 1.0, 0.0, 0.4, 0.138001, 0.0, 0.990432, 0.0, 0.0, 0.0, 0.0, 1.0],
                [0.979024, 0.0, -0.203745, -0.0, 0.0, 1.0, 0.0, 0.4, 0.203745, 0.0, 0.979024, 0.0, 0.0, 0.0, 0.0, 1.0],
                [0.967303, 0.0, -0.253626, 0.0, 0.0, 1.0, 0.0, 0.4, 0.253626, 0.0, 0.967303, -0.0, 0.0, 0.0, 0.0, 1.0],
                [0.961912, 0.0, -0.27336, -0.0, 0.0, 1.0, 0.0, 0.4, 0.27336, 0.0, 0.961912, 0.0, 0.0, 0.0, 0.0, 1.0],
                [0.961912, 0.0, -0.27336, -0.0, 0.0, 1.0, 0.0, 0.4, 0.27336, 0.0, 0.961912, 0.0, 0.0, 0.0, 0.0, 1.0],
                [0.961912, 0.0, -0.27336, 0.0, 0.0, 1.0, 0.0, 0.4, 0.27336, 0.0, 0.961912, 0.0, 0.0, 0.0, 0.0, 1.0],
                [0.961912, 0.0, -0.27336, -0.0, 0.0, 1.0, 0.0, 0.4, 0.27336, 0.0, 0.961912, -0.0, 0.0, 0.0, 0.0, 1.0],
                [0.961912, 0.0, -0.27336, 0.0, 0.0, 1.0, 0.0, 0.4, 0.27336, 0.0, 0.961912, 0.0, 0.0, 0.0, 0.0, 1.0],
                [0.961912, 0.0, -0.27336, 0.0, 0.0, 1.0, 0.0, 0.4, 0.27336, 0.0, 0.961912, -0.0, 0.0, 0.0, 0.0, 1.0],
                [0.961912, 0.0, -0.27336, 0.0, 0.0, 1.0, 0.0, 0.4, 0.27336, 0.0, 0.961912, -0.0, 0.0, 0.0, 0.0, 1.0],
                [0.961912, 0.0, -0.27336, -0.0, 0.0, 1.0, 0.0, 0.4, 0.27336, 0.0, 0.961911, 0.0, 0.0, 0.0, 0.0, 1.0],
                [0.961912, 0.0, -0.27336, 0.0, 0.0, 1.0, 0.0, 0.4, 0.27336, 0.0, 0.961912, -0.0, 0.0, 0.0, 0.0, 1.0],
                [0.961912, 0.0, -0.27336, 0.0, 0.0, 1.0, 0.0, 0.4, 0.27336, 0.0, 0.961912, 0.0, 0.0, 0.0, 0.0, 1.0],
                [0.961912, 0.0, -0.27336, 0.0, 0.0, 1.0, 0.0, 0.4, 0.27336, 0.0, 0.961912, -0.0, 0.0, 0.0, 0.0, 1.0],
                [0.961912, 0.0, -0.27336, 0.0, 0.0, 1.0, 0.0, 0.4, 0.27336, 0.0, 0.961912, 0.0, 0.0, 0.0, 0.0, 1.0],
                [0.961912, 0.0, -0.27336, -0.0, 0.0, 1.0, 0.0, 0.4, 0.27336, 0.0, 0.961912, 0.0, 0.0, 0.0, 0.0, 1.0],
                [0.961912, 0.0, -0.27336, 0.0, 0.0, 1.0, 0.0, 0.4, 0.27336, 0.0, 0.961912, 0.0, 0.0, 0.0, 0.0, 1.0],
                [0.961912, 0.0, -0.27336, -0.0, 0.0, 1.0, 0.0, 0.4, 0.27336, 0.0, 0.961912, 0.0, 0.0, 0.0, 0.0, 1.0],
                [0.961912, 0.0, -0.27336, -0.0, 0.0, 1.0, 0.0, 0.4, 0.27336, 0.0, 0.961912, 0.0, 0.0, 0.0, 0.0, 1.0],
                [0.961912, 0.0, -0.27336, -0.0, 0.0, 1.0, 0.0, 0.4, 0.27336, 0.0, 0.961912, 0.0, 0.0, 0.0, 0.0, 1.0],
                [0.961912, 0.0, -0.27336, -0.0, 0.0, 1.0, 0.0, 0.4, 0.27336, 0.0, 0.961912, 0.0, 0.0, 0.0, 0.0, 1.0],
                [0.961912, 0.0, -0.27336, -0.0, 0.0, 1.0, 0.0, 0.4, 0.27336, 0.0, 0.961912, 0.0, 0.0, 0.0, 0.0, 1.0]
            ]
        },
        {
            "name": "Shoulder_R",
            "time": [0.0, 0.0167, 0.0333, 0.05, 0.0667, 0.0833, 0.1, 0.1167, 0.1333, 0.15, 0.1667, 0.1833, 0.2, 0.2167, 0.2333, 0.25, 0.2667, 0.2833, 0.3, 0.3167, 0.3333, 0.35, 0.3667, 0.3833, 0.4],
            "transform": [
                [0.0, 0.952114, 0.305743, -0.0, 0.0, -0.305743, 0.952114, 0.4, 1.0, -0.0, -0.0, -0.0, 0.0, 0.0, 0.0, 1.0],
                [0.0, 0.952114, 0.305743, -0.0, 0.0, -0.305743, 0.952114, 0.4, 1.0, -0.0, -0.0, 0.0, 0.0, 0.0, 0.0, 1.0],
                [0.0, 0.952114, 0.305743, 0.0, 0.0, -0.305743, 0.952114, 0.4, 1.0, 0.0, -0.0, -0.0, 0.0, 0.0, 0.0, 1.0],
                [0.0, 0.952114, 0.305743, 0.0, 0.0, -0.305743, 0.952114, 0.4, 1.0, -0.0, -0.0, 0.0, 0.0, 0.0, 0.0, 1.0],
                [0.0, 0.952114, 0.305743, 0.0, 0.0, -0.305743, 0.952114, 0.4, 1.0, -0.0, -0.0, -0.0, 0.0, 0.0, 0.0, 1.0],
                [0.0, 0.952114, 0.305743, 0.0, 0.0, -0.305743, 0.952114, 0.4, 1.0, 0.0, -0.0, 0.0, 0.0, 0.0, 0.0, 1.0],
                [0.0, 0.952114, 0.305743, -0.0, 0.0, -0.305743, 0.952114, 0.4, 1.0, -0.0, -0.0, -0.0, 0.0, 0.0, 0.0, 1.0],
                [0.0, 0.952114, 0.305743, 0.0, 0.0, -0.305743, 0.952114, 0.4, 1.0, 0.0, -0.0, -0.0, 0.0, 0.0, 0.0, 1.0],
                [0.0, 0.952114, 0.305743, 0.0, 0.0, -0.305743, 0.952114, 0.4, 1.0, 0.0, -0.0, -0.0, 0.0, 0.0, 0.0, 1.0],
                [0.0, 0.952114, 0.305743, 0.0, 0.0, -0.305743, 0.952114, 0.4, 1.0, 0.0, -0.0, 0.0, 0.0, 0.0, 0.0, 1.0],
                [0.0, 0.952114, 0.305743, 0.0, 0.0, -0.305743, 0.952114, 0.4, 1.0, 0.0, -0.0, -0.0, 0.0, 0.0, 0.0, 1.0],
                [0.0, 0.952114, 0.305743, 0.0, 0.0, -0.305743, 0.952114, 0.4, 1.0, 0.0, -0.0, 0.0, 0.0, 0.0, 0.0, 1.0],
                [0.0, 0.952114, 0.305743, 0.0, 0.0, -0.305743, 0.952114, 0.4, 1.0, 0.0, -0.0, -0.0, 0.0, 0.0, 0.0, 1.0],
                [0.0, 0.952114, 0.305743, -0.0, 0.0, -0.305743, 0.952114, 0.4, 1.0, 0.0, -0.0, -0.0, 0.0, 0.0, 0.0, 1.0],
                [0.0, 0.952114, 0.305743, 0.0, 0.0, -0.305743, 0.952114, 0.4, 1.0, 0.0, -0.0, 0.0, 0.0, 0.0, 0.0, 1.0],
                [0.0, 0.952114, 0.305743, 0.0, 0.0, -0.305743, 0.952114, 0.4, 1.0, 0.0, -0.0, 0.0, 0.0, 0.0, 0.0, 1.0],
                [0.0, 0.952114, 0.305743, 0.0, 0.0, -0.305743, 0.952114, 0.4, 1.0, 0.0, -0.0, 0.0, 0.0, 0.0, 0.0, 1.0],
                [0.0, 0.952114, 0.305743, -0.0, 0.0, -0.305743, 0.952114, 0.4, 1.0, -0.0, -0.0, -0.0, 0.0, 0.0, 0.0, 1.0],
                [0.0, 0.952114, 0.305743, -0.0, 0.0, -0.305743, 0.952114, 0.4, 1.0, 0.0, -0.0, 0.0, 0.0, 0.0, 0.0, 1.0],
                [0.0, 0.952114, 0.305743, 0.0, 0.0, -0.305743, 0.952114, 0.4, 1.0, 0.0, -0.0, 0.0, 0.0, 0.0, 0.0, 1.0],
                [0.0, 0.952114, 0.305743, -0.0, 0.0, -0.305743, 0.952114, 0.4, 1.0, 0.0, -0.0, 0.0, 0.0, 0.0, 0.0, 1.0],
                [0.0, 0.952114, 0.305743, -0.0, 0.0, -0.305743, 0.952114, 0.4, 1.0, 0.0, -0.0, 0.0, 0.0, 0.0, 0.0, 1.0],
                [0.0, 0.952114, 0.305743, -0.0, 0.0, -0.305743, 0.952114, 0.4, 1.0, 0.0, -0.0, 0.0, 0.0, 0.0, 0.0, 1.0],
                [0.0, 0.952114, 0.305743, -0.0, 0.0, -0.305743, 0.952114, 0.4, 1.0, 0.0, -0.0, 0.0, 0.0, 0.0, 0.0, 1.0],
                [0.0, 0.952114, 0.305743, -0.0, 0.0, -0.305743, 0.952114, 0.4, 1.0, 0.0, -0.0, 0.0, 0.0, 0.0, 0.0, 1.0]
            ]
        },
        {
            "name": "Arm_R",
            "time": [0.0, 0.0167, 0.0333, 0.05, 0.0667, 0.0833, 0.1, 0.1167, 0.1333, 0.15, 0.1667, 0.1833, 0.2, 0.2167, 0.2333, 0.25, 0.2667, 0.2833, 0.3, 0.3167, 0.3333, 0.35, 0.3667, 0.3833, 0.4],
            "transform": [
                [-0.515, 0.799051, -0.310311, -0.0, 0.722415, 0.209728, -0.658886, 0.39386, -0.461403, -0.563499, -0.685257, 0.0, 0.0, 0.0, 0.0, 1.0],
                [-0.146622, 0.902577, -0.404794, 0.0, 0.982915, 0.178965, 0.043017, 0.393861, 0.11127, -0.39157, -0.913396, -0.0, 0.0, 0.0, 0.0, 1.0],
                [-0.058899, 0.458846, -0.886562, 0.0, 0.97623, 0.212037, 0.044885, 0.393861, 0.208579, -0.862845, -0.460429, 0.0, 0.0, 0.0, 0.0, 1.0],
                [-0.189604, 0.033307, -0.981296, -0.0, 0.92742, 0.334244, -0.16785, 0.39386, 0.322401, -0.941898, -0.094265, -0.0, 0.0, 0.0, 0.0, 1.0],
                [-0.690453, -0.41972, -0.58916, -0.0, 0.331078, 0.54079, -0.773262, 0.393861, 0.643165, -0.728959, -0.234431, -0.0, 0.0, 0.0, 0.0, 1.0],
                [-0.640645, -0.758711, -0.118032, -0.0, 0.00137, 0.15259, -0.988289, 0.39386, 0.767836, -0.633304, -0.096717, 0.0, 0.0, 0.0, 0.0, 1.0],
                [-0.592181, -0.801416, 0.083995, 0.0, -0.046283, -0.070238, -0.996456, 0.393861, 0.804475, -0.59397, 0.004501, -0.0, 0.0, 0.0, 0.0, 1.0],
                [-0.578445, -0.80984, 0.097778, -0.0, -0.061875, -0.075961, -0.99519, 0.393861, 0.813371, -0.581713, -0.00617, 0.0, 0.0, 0.0, 0.0, 1.0],
                [-0.541044, -0.831495, 0.126048, 0.0, -0.100587, -0.084823, -0.991306, 0.393861, 0.834957, -0.54902, -0.037745, 0.0, 0.0, 0.0, 0.0, 1.0],
                [-0.48403, -0.862072, 0.150158, -0.0, -0.148842, -0.087989, -0.984939, 0.393861, 0.8623, -0.49909, -0.085724, -0.0, 0.0, 0.0, 0.0, 1.0],
                [-0.415162, -0.896249, 0.156137, -0.0, -0.195285, -0.07983, -0.977493, 0.39386, 0.88854, -0.436309, -0.141882, -0.0, 0.0, 0.0, 0.0, 1.0],
                [-0.346566, -0.927237, 0.14186, 0.0, -0.229515, -0.062814, -0.971276, 0.39386, 0.909513, -0.36917, -0.191046, 0.0, 0.0, 0.0, 0.0, 1.0],
                [-0.29045, -0.947862, 0.131137, 0.0, -0.240385, -0.060373, -0.968799, 0.39386, 0.926204, -0.312911, -0.210317, -0.0, 0.0, 0.0, 0.0, 1.0],
                [-0.216314, -0.976308, 0.005611, -0.0, -0.198901, 0.038442, -0.979266, 0.393861, 0.955848, -0.212946, -0.202504, 0.0, 0.0, 0.0, 0.0, 1.0],
                [-0.191891, -0.812836, -0.549978, -0.0, -0.151656, 0.57822, -0.801663, 0.39386, 0.969628, -0.070424, -0.234227, 0.0, 0.0, 0.0, 0.0, 1.0],
                [-0.132286, -0.558444, -0.818927, 0.0, -0.119287, 0.829153, -0.546147, 0.393861, 0.984007, 0.025439, -0.176301, 0.0, 0.0, 0.0, 0.0, 1.0],
                [-0.06942, -0.545423, -0.835282, -0.0, -0.119777, 0.835802, -0.535807, 0.393861, 0.990371, 0.062852, -0.123351, 0.0, 0.0, 0.0, 0.0, 1.0],
                [-0.025959, -0.573567, -0.818748, -0.0, -0.128299, 0.814162, -0.566286, 0.39386, 0.991395, 0.090344, -0.094723, -0.0, 0.0, 0.0, 0.0, 1.0],
                [-0.009939, -0.527892, -0.849254, -0.0, -0.132323, 0.842521, -0.522158, 0.39386, 0.991156, 0.107186, -0.078226, -0.0, 0.0, 0.0, 0.0, 1.0],
                [-0.009939, -0.527892, -0.849254, -0.0, -0.132323, 0.842521, -0.522158, 0.39386, 0.991156, 0.107186, -0.078226, -0.0, 0.0, 0.0, 0.0, 1.0],
                [-0.009939, -0.527892, -0.849254, -0.0, -0.132323, 0.842521, -0.522158, 0.39386, 0.991156, 0.107186, -0.078226, -0.0, 0.0, 0.0, 0.0, 1.0],
                [-0.009939, -0.527892, -0.849254, -0.0, -0.132323, 0.842521, -0.522158, 0.39386, 0.991156, 0.107186, -0.078226, -0.0, 0.0, 0.0, 0.0, 1.0],
                [-0.009939, -0.527892, -0.849254, -0.0, -0.132323, 0.842521, -0.522158, 0.39386, 0.991156, 0.107186, -0.078226, -0.0, 0.0, 0.0, 0.0, 1.0],
                [-0.009939, -0.527892, -0.849254, -0.0, -0.132323, 0.842521, -0.522158, 0.39386, 0.991156, 0.107186, -0.078226, -0.0, 0.0, 0.0, 0.0, 1.0],
                [-0.009939, -0.527892, -0.849254, -0.0, -0.132323, 0.842521, -0.522158, 0.39386, 0.991156, 0.107186, -0.078226, -0.0, 0.0, 0.0, 0.0, 1.0]
            ]
        },
        {
            "name": "Hand_R",
            "time": [0.0, 0.0167, 0.0333, 0.05, 0.0667, 0.0833, 0.1, 0.1167, 0.1333, 0.15, 0.1667, 0.1833, 0.2, 0.2167, 0.2333, 0.25, 0.2667, 0.2833, 0.3, 0.3167, 0.3333, 0.35, 0.3667, 0.3833, 0.4],
            "transform": [
                [1.0, -3e-06, 2e-06, 0.0, 3e-06, 0.397933, -0.917415, 0.300002, 2e-06, 0.917415, 0.397933, -0.0, 0.0, 0.0, 0.0, 1.0],
                [1.0, -4e-06, 4e-06, 0.0, 4e-06, -0.206618, -0.978422, 0.300003, 4e-06, 0.978422, -0.206618, -0.0, 0.0, 0.0, 0.0, 1.0],
                [1.0, -3e-06, 5e-06, 0.0, 3e-06, -0.367964, -0.929841, 0.300003, 5e-06, 0.92984, -0.367963, 0.0, 0.0, 0.0, 0.0, 1.0],
                [1.0, -3e-06, 5e-06, 0.0, 4e-06, -0.295364, -0.955385, 0.300003, 5e-06, 0.955385, -0.295364, 0.0, 0.0, 0.0, 0.0, 1.0],
                [1.0, -3e-06, 5e-06, 0.0, 3e-06, -0.371184, -0.928559, 0.300002, 5e-06, 0.92856, -0.371184, 0.0, 0.0, 0.0, 0.0, 1.0],
                [1.0, -4e-06, 4e-06, 0.0, 4e-06, -0.096992, -0.995286, 0.300003, 4e-06, 0.995285, -0.096992, -0.0, 0.0, 0.0, 0.0, 1.0],
                [1.0, -4e-06, 3e-06, -0.0, 4e-06, 0.146953, -0.989144, 0.300003, 3e-06, 0.989143, 0.146953, -0.0, 0.0, 0.0, 0.0, 1.0],
                [1.0, -4e-06, 3e-06, 0.0, 3e-06, 0.154339, -0.988018, 0.300002, 3e-06, 0.988018, 0.154339, 0.0, 0.0, 0.0, 0.0, 1.0],
                [1.0, -4e-06, 3e-06, -0.0, 4e-06, 0.174913, -0.984584, 0.300003, 3e-06, 0.984584, 0.174914, 0.0, 0.0, 0.0, 0.0, 1.0],
                [1.0, -4e-06, 3e-06, 0.0, 4e-06, 0.206595, -0.978427, 0.300002, 3e-06, 0.978427, 0.206595, 0.0, 0.0, 0.0, 0.0, 1.0],
                [1.0, -4e-06, 3e-06, -0.0, 4e-06, 0.256256, -0.966609, 0.300003, 3e-06, 0.966609, 0.256256, -0.0, 0.0, 0.0, 0.0, 1.0],
                [1.0, -3e-06, 2e-06, -0.0, 3e-06, 0.347065, -0.937841, 0.300003, 2e-06, 0.937841, 0.347065, 0.0, 0.0, 0.0, 0.0, 1.0],
                [1.0, -3e-06, 2e-06, 0.0, 3e-06, 0.526891, -0.849933, 0.300002, 2e-06, 0.849933, 0.526891, 0.0, 0.0, 0.0, 0.0, 1.0],
                [1.0, -2e-06, 1e-06, -0.0, 2e-06, 0.879024, -0.476777, 0.300003, 0.0, 0.476777, 0.879024, -0.0, 0.0, 0.0, 0.0, 1.0],
                [1.0, -3e-06, 2e-06, 0.0, 3e-06, 0.510208, -0.860051, 0.300003, 2e-06, 0.860051, 0.510208, -0.0, 0.0, 0.0, 0.0, 1.0],
                [1.0, -3e-06, 2e-06, -0.0, 3e-06, 0.527902, -0.849306, 0.300002, 2e-06, 0.849306, 0.527902, 0.0, 0.0, 0.0, 0.0, 1.0],
                [1.0, -1e-06, 0.0, -0.0, 2e-06, 0.911412, -0.411496, 0.300003, 0.0, 0.411496, 0.911412, -0.0, 0.0, 0.0, 0.0, 1.0],
                [1.0, 0.0, 0.0, -0.0, 0.0, 1.0, -0.000996, 0.300003, -0.0, 0.000996, 0.999999, -0.0, 0.0, 0.0, 0.0, 1.0],
                [1.0, -0.0, 0.0, -0.0, 0.0, 1.0, -0.000998, 0.300003, -0.0, 0.000998, 0.999999, 0.0, 0.0, 0.0, 0.0, 1.0],
                [1.0, -0.0, 0.0, -0.0, -0.0, 1.0, -0.000999, 0.300003, -0.0, 0.000998, 0.999999, 0.0, 0.0, 0.0, 0.0, 1.0],
                [1.0, -0.0, 0.0, -0.0, 0.0, 1.0, -0.000998, 0.300003, -0.0, 0.000998, 0.999999, 0.0, 0.0, 0.0, 0.0, 1.0],
                [1.0, -0.0, 0.0, -0.0, 0.0, 1.0, -0.000998, 0.300003, -0.0, 0.000998, 0.999999, 0.0, 0.0, 0.0, 0.0, 1.0],
                [1.0, -0.0, 0.0, -0.0, 0.0, 1.0, -0.000998, 0.300003, -0.0, 0.000998, 0.999999, 0.0, 0.0, 0.0, 0.0, 1.0],
                [1.0, -0.0, 0.0, -0.0, 0.0, 1.0, -0.000998, 0.300003, -0.0, 0.000998, 0.999999, 0.0, 0.0, 0.0, 0.0, 1.0],
