{
    "animation": [
        {
            "name": "Root",
            "time": [0.0, 0.0167, 0.0333, 0.05, 0.0667, 0.0833, 0.1, 0.1167, 0.1333, 0.15, 0.1667, 0.1833, 0.2, 0.2167, 0.2333, 0.25, 0.2667, 0.2833, 0.3, 0.3167, 0.3333, 0.35, 0.3667, 0.3833, 0.4, 0.4167, 0.4333, 0.45, 0.4667, 0.4833, 0.5],
            "transform": [
                [1.0, 0.0, 0.0, -5e-06, 0.0, 0.0, -1.0, 0.000946, 0.0, 1.0, 0.0, 0.763972, 0.0, 0.0, 0.0, 1.0],
                [1.0, 0.0, 0.0, -5e-06, 0.0, 0.0, -1.0, 0.000946, 0.0, 1.0, 0.0, 0.763972, 0.0, 0.0, 0.0, 1.0],
                [1.0, 0.0, 0.0, -5e-06, 0.0, 0.0, -1.0, 0.000946, 0.0, 1.0, 0.0, 0.763972, 0.0, 0.0, 0.0, 1.0],
                [1.0, 0.0, 0.0, -5e-06, 0.0, 0.0, -1.0, 0.000946, 0.0, 1.0, 0.0, 0.763972, 0.0, 0.0, 0.0, 1.0],
                [1.0, 0.0, 0.0, -5e-06, 0.0, 0.0, -1.0, 0.000946, 0.0, 1.0, 0.0, 0.763972, 0.0, 0.0, 0.0, 1.0],
                [1.0, 0.0, 0.0, -5e-06, 0.0, 0.0, -1.0, 0.000946, 0.0, 1.0, 0.0, 0.763972, 0.0, 0.0, 0.0, 1.0],
                [1.0, 0.0, 0.0, -5e-06, 0.0, 0.0, -1.0, 0.000946, 0.0, 1.0, 0.0, 0.763972, 0.0, 0.0, 0.0, 1.0],
                [1.0, 0.0, 0.0, -5e-06, 0.0, 0.0, -1.0, 0.000946, 0.0, 1.0, 0.0, 0.763972, 0.0, 0.0, 0.0, 1.0],
                [1.0, 0.0, 0.0, -5e-06, 0.0, 0.0, -1.0, 0.000946, 0.0, 1.0, 0.0, 0.763972, 0.0, 0.0, 0.0, 1.0],
                [1.0, 0.0, 0.0, -5e-06, 0.0, 0.0, -1.0, 0.000946, 0.0, 1.0, 0.0, 0.763972, 0.0, 0.0, 0.0, 1.0],
                [1.0, 0.0, 0.0, -5e-06, 0.0, 0.0, -1.0, 0.000946, 0.0, 1.0, 0.0, 0.763972, 0.0, 0.0, 0.0, 1.0],
                [1.0, 0.0, 0.0, -5e-06, 0.0, 0.0, -1.0, 0.000946, 0.0, 1.0, 0.0, 0.763972, 0.0, 0.0, 0.0, 1.0],
                [1.0, 0.0, 0.0, -5e-06, 0.0, 0.0, -1.0, 0.000946, 0.0, 1.0, 0.0, 0.763972, 0.0, 0.0, 0.0, 1.0],
                [1.0, 0.0, 0.0, -5e-06, 0.0, 0.0, -1.0, 0.000946, 0.0, 1.0, 0.0, 0.763972, 0.0, 0.0, 0.0, 1.0],
                [1.0, 0.0, 0.0, -5e-06, 0.0, 0.0, -1.0, 0.000946, 0.0, 1.0, 0.0, 0.763972, 0.0, 0.0, 0.0, 1.0],
                [1.0, 0.0, 0.0, -5e-06, 0.0, 0.0, -1.0, 0.000946, 0.0, 1.0, 0.0, 0.763972, 0.0, 0.0, 0.0, 1.0],
                [1.0, 0.0, 0.0, -5e-06, 0.0, 0.0, -1.0, 0.000946, 0.0, 1.0, 0.0, 0.763972, 0.0, 0.0, 0.0, 1.0],
                [1.0, 0.0, 0.0, -5e-06, 0.0, 0.0, -1.0, 0.000946, 0.0, 1.0, 0.0, 0.763972, 0.0, 0.0, 0.0, 1.0],
                [1.0, 0.0, 0.0, -5e-06, 0.0, 0.0, -1.0, 0.000946, 0.0, 1.0, 0.0, 0.763972, 0.0, 0.0, 0.0, 1.0],
                [1.0, 0.0, 0.0, -5e-06, 0.0, 0.0, -1.0, 0.000946, 0.0, 1.0, 0.0, 0.763972, 0.0, 0.0, 0.0, 1.0],
                [1.0, 0.0, 0.0, -5e-06, 0.0, 0.0, -1.0, 0.000946, 0.0, 1.0, 0.0, 0.763972, 0.0, 0.0, 0.0, 1.0],
                [1.0, 0.0, 0.0, -5e-06, 0.0, 0.0, -1.0, 0.000946, 0.0, 1.0, 0.0, 0.763972, 0.0, 0.0, 0.0, 1.0],
                [1.0, 0.0, 0.0, -5e-06, 0.0, 0.0, -1.0, 0.000946, 0.0, 1.0, 0.0, 0.763972, 0.0, 0.0, 0.0, 1.0],
                [1.0, 0.0, 0.0, -5e-06, 0.0, 0.0, -1.0, 0.000946, 0.0, 1.0, 0.0, 0.763972, 0.0, 0.0, 0.0, 1.0],
                [1.0, 0.0, 0.0, -5e-06, 0.0, 0.0, -1.0, 0.000946, 0.0, 1.0, 0.0, 0.763972, 0.0, 0.0, 0.0, 1.0],
                [1.0, 0.0, 0.0, -5e-06, 0.0, 0.0, -1.0, 0.000946, 0.0, 1.0, 0.0, 0.763972, 0.0, 0.0, 0.0, 1.0],
                [1.0, 0.0, 0.0, -5e-06, 0.0, 0.0, -1.0, 0.000946, 0.0, 1.0, 0.0, 0.763972, 0.0, 0.0, 0.0, 1.0],
                [1.0, 0.0, 0.0, -5e-06, 0.0, 0.0, -1.0, 0.000946, 0.0, 1.0, 0.0, 0.763972, 0.0, 0.0, 0.0, 1.0],
                [1.0, 0.0, 0.0, -5e-06, 0.0, 0.0, -1.0, 0.000946, 0.0, 1.0, 0.0, 0.763972, 0.0, 0.0, 0.0, 1.0],
                [1.0, 0.0, 0.0, -5e-06, 0.0, 0.0, -1.0, 0.000946, 0.0, 1.0, 0.0, 0.763972, 0.0, 0.0, 0.0, 1.0],
                [1.0, 0.0, 0.0, -5e-06, 0.0, 0.0, -1.0, 0.000946, 0.0, 1.0, 0.0, 0.763972, 0.0, 0.0, 0.0, 1.0]
            ]
        },
        {
            "name": "Thigh_R",
            "time": [0.0, 0.0167, 0.0333, 0.05, 0.0667, 0.0833, 0.1, 0.1167, 0.1333, 0.15, 0.1667, 0.1833, 0.2, 0.2167, 0.2333, 0.25, 0.2667, 0.2833, 0.3, 0.3167, 0.3333, 0.35, 0.3667, 0.3833, 0.4, 0.4167, 0.4333, 0.45, 0.4667, 0.4833, 0.5],
            "transform": [
                [0.997675, 0.053271, -0.042492, 0.124994, 0.043236, -0.976852, -0.209505, -0.002831, -0.052669, 0.207181, -0.976884, -1.2e-05, 0.0, 0.0, 0.0, 1.0],
                [0.997846, 0.053321, -0.038224, 0.125531, 0.053038, -0.998558, -0.008372, -0.001418, -0.038615, 0.006326, -0.999234, -0.003666, 0.0, 0.0, 0.0, 1.0],
                [0.997544, 0.060498, -0.035292, 0.126948, 0.069159, -0.930478, 0.359763, 0.00251, -0.011073, -0.361321, -0.932376, -0.013298, 0.0, 0.0, 0.0, 1.0],
                [0.996762, 0.067284, -0.044025, 0.128952, 0.078267, -0.68636, 0.72304, 0.008494, 0.018432, -0.724145, -0.689403, -0.026913, 0.0, 0.0, 0.0, 1.0],
                [0.996126, 0.06645, -0.057597, 0.131248, 0.074187, -0.283343, 0.956145, 0.016069, 0.047216, -0.956715, -0.287174, -0.042517, 0.0, 0.0, 0.0, 1.0],
                [0.996018, 0.056639, -0.068844, 0.133544, 0.058683, 0.164787, 0.984582, 0.024774, 0.06711, -0.984703, 0.160807, -0.058115, 0.0, 0.0, 0.0, 1.0],
                [0.996392, 0.037179, -0.076287, 0.135548, 0.044518, 0.536331, 0.842833, 0.034147, 0.07225, -0.84319, 0.53274, -0.071711, 0.0, 0.0, 0.0, 1.0],
                [0.99676, 0.019117, -0.078121, 0.136965, 0.036395, 0.758981, 0.650097, 0.043726, 0.07172, -0.650835, 0.755825, -0.081311, 0.0, 0.0, 0.0, 1.0],
                [0.996842, 0.008405, -0.078962, 0.137502, 0.034096, 0.852751, 0.521205, 0.053048, 0.071716, -0.522252, 0.849771, -0.08492, 0.0, 0.0, 0.0, 1.0],
                [0.996982, 0.009206, -0.077081, 0.137502, 0.030256, 0.868345, 0.495038, 0.061708, 0.07149, -0.495877, 0.865445, -0.08073, 0.0, 0.0, 0.0, 1.0],
                [0.997622, 0.021008, -0.065646, 0.137502, 0.019487, 0.827588, 0.561, 0.06954, 0.066113, -0.560946, 0.825209, -0.069334, 0.0, 0.0, 0.0, 1.0],
                [0.998323, 0.037866, -0.043783, 0.137502, 0.007498, 0.665397, 0.746454, 0.076438, 0.057398, -0.745531, 0.663996, -0.052341, 0.0, 0.0, 0.0, 1.0],
                [0.998789, 0.040377, -0.028123, 0.137502, -0.001523, 0.596639, 0.80251, 0.082298, 0.049182, -0.801495, 0.595976, -0.031359, 0.0, 0.0, 0.0, 1.0],
                [0.999008, 0.040047, -0.019454, 0.137502, -0.011044, 0.646197, 0.763092, 0.087014, 0.043131, -0.762121, 0.645998, -0.007998, 0.0, 0.0, 0.0, 1.0],
                [0.999028, 0.042635, -0.011194, 0.137502, -0.026121, 0.77715, 0.628775, 0.090481, 0.035508, -0.627872, 0.777507, 0.016136, 0.0, 0.0, 0.0, 1.0],
                [0.998756, 0.046804, -0.017212, 0.137502, -0.045923, 0.99777, 0.048462, 0.092596, 0.019442, -0.047611, 0.998677, 0.039432, 0.0, 0.0, 0.0, 1.0],
                [0.997976, 0.06255, -0.011464, 0.137502, -0.061624, 0.906749, -0.417147, 0.093252, -0.015697, 0.417009, 0.908767, 0.060283, 0.0, 0.0, 0.0, 1.0],
                [0.995555, 0.093806, -0.008419, 0.134913, -0.070672, 0.684954, -0.725152, 0.07524, -0.062257, 0.722524, 0.688538, 0.07719, 0.0, 0.0, 0.0, 1.0],
                [0.991191, 0.132017, -0.010578, 0.129216, -0.07624, 0.503457, -0.86065, 0.035755, -0.108295, 0.853876, 0.509086, 0.089566, 0.0, 0.0, 0.0, 1.0],
                [0.986254, 0.162782, -0.02835, 0.123519, -0.079222, 0.315281, -0.945686, -0.003703, -0.145002, 0.934934, 0.323843, 0.09717, 0.0, 0.0, 0.0, 1.0],
                [0.981059, 0.158704, -0.111065, 0.12093, -0.098416, -0.085476, -0.991468, -0.021633, -0.166843, 0.983621, -0.068238, 0.099758, 0.0, 0.0, 0.0, 1.0],
                [0.901726, 0.432288, -0.004312, 0.121352, 0.315536, -0.664944, -0.67697, -0.019678, -0.295513, 0.609081, -0.735998, 0.089382, 0.0, 0.0, 0.0, 1.0],
                [0.939293, 0.340147, -0.045044, 0.12236, 0.34282, -0.92491, 0.16437, -0.015015, 0.014248, -0.169834, -0.98537, 0.064639, 0.0, 0.0, 0.0, 1.0],
                [0.993854, 0.110648, -0.003343, 0.123563, 0.096413, -0.85037, 0.517279, -0.009449, 0.054392, -0.514423, -0.85581, 0.035107, 0.0, 0.0, 0.0, 1.0],
                [0.999273, 0.029941, 0.023616, 0.124571, 0.018644, -0.923821, 0.382373, -0.004786, 0.033265, -0.381655, -0.923706, 0.010364, 0.0, 0.0, 0.0, 1.0],
                [1.0, -0.0, -0.0, 0.124994, -0.0, -0.999984, 0.00588, -0.002831, -0.0, -0.00588, -0.999983, -1.2e-05, 0.0, 0.0, 0.0, 1.0],
                [1.0, -0.0, -0.0, 0.124994, -0.0, -0.999984, 0.00588, -0.002831, -0.0, -0.00588, -0.999983, -1.2e-05, 0.0, 0.0, 0.0, 1.0],
                [1.0, -0.0, -0.0, 0.124994, -0.0, -0.999984, 0.00588, -0.002831, -0.0, -0.00588, -0.999983, -1.2e-05, 0.0, 0.0, 0.0, 1.0],
                [1.0, -0.0, -0.0, 0.124994, -0.0, -0.999984, 0.00588, -0.002831, -0.0, -0.00588, -0.999983, -1.2e-05, 0.0, 0.0, 0.0, 1.0],
                [1.0, -0.0, -0.0, 0.124994, -0.0, -0.999984, 0.00588, -0.002831, -0.0, -0.00588, -0.999983, -1.2e-05, 0.0, 0.0, 0.0, 1.0],
                [1.0, -0.0, -0.0, 0.124994, -0.0, -0.999984, 0.00588, -0.002831, -0.0, -0.00588, -0.999983, -1.2e-05, 0.0, 0.0, 0.0, 1.0]
            ]
        },
        {
            "name": "Leg_R",
            "time": [0.0, 0.0167, 0.0333, 0.05, 0.0667, 0.0833, 0.1, 0.1167, 0.1333, 0.15, 0.1667, 0.1833, 0.2, 0.2167, 0.2333, 0.25, 0.2667, 0.2833, 0.3, 0.3167, 0.3333, 0.35, 0.3667, 0.3833, 0.4, 0.4167, 0.4333, 0.45, 0.4667, 0.4833, 0.5],
            "transform": [
                [1.0, 9e-06, 3e-06, 0.0, -1e-05, 0.899146, 0.437648, 0.374726, 1e-06, -0.437649, 0.899146, -0.0, 0.0, 0.0, 0.0, 1.0],
                [1.0, 1.4e-05, 6e-06, -0.0, -1.5e-05, 0.726792, 0.686857, 0.374726, 5e-06, -0.686858, 0.726792, 0.0, 0.0, 0.0, 0.0, 1.0],
                [1.0, 1.9e-05, 1.4e-05, -0.0, -2e-05, 0.346245, 0.938143, 0.374726, 1.3e-05, -0.938145, 0.346245, -0.0, 0.0, 0.0, 0.0, 1.0],
                [1.0, 2.1e-05, 2.2e-05, 0.0, -2.2e-05, -0.030788, 0.999525, 0.374726, 2.2e-05, -0.999527, -0.030788, -0.0, 0.0, 0.0, 0.0, 1.0],
                [1.0, 1.9e-05, 2.6e-05, 0.0, -2e-05, -0.280515, 0.959848, 0.374726, 2.5e-05, -0.95985, -0.280515, -0.0, 0.0, 0.0, 0.0, 1.0],
                [1.0, 1.9e-05, 2.9e-05, 0.0, -1.9e-05, -0.401235, 0.915974, 0.374726, 2.9e-05, -0.915976, -0.401235, -0.0, 0.0, 0.0, 0.0, 1.0],
                [1.0, 1.9e-05, 3e-05, 0.0, -2e-05, -0.408577, 0.912723, 0.374726, 3e-05, -0.912726, -0.408577, 0.0, 0.0, 0.0, 0.0, 1.0],
                [1.0, 2e-05, 2.8e-05, -0.0, -2.1e-05, -0.302022, 0.953299, 0.374726, 2.8e-05, -0.953302, -0.302022, -0.0, 0.0, 0.0, 0.0, 1.0],
                [1.0, 2.2e-05, 2.4e-05, 0.0, -2.2e-05, -0.084518, 0.99642, 0.374726, 2.4e-05, -0.996423, -0.084518, -0.0, 0.0, 0.0, 0.0, 1.0],
                [1.0, 2e-05, 1.7e-05, 0.0, -2.1e-05, 0.226359, 0.974042, 0.374726, 1.6e-05, -0.974045, 0.226359, 0.0, 0.0, 0.0, 0.0, 1.0],
                [1.0, 1.7e-05, 9e-06, 0.0, -1.7e-05, 0.590885, 0.806754, 0.374726, 8e-06, -0.806756, 0.590886, 0.0, 0.0, 0.0, 0.0, 1.0],
                [1.0, 6e-06, 2e-06, 0.0, -6e-06, 0.960656, 0.277739, 0.374726, 0.0, -0.277739, 0.960656, 0.0, 0.0, 0.0, 0.0, 1.0],
                [1.0, 0.0, 1e-06, 0.0, -0.0, 0.999998, 0.001464, 0.374726, -1e-06, -0.001464, 0.999999, 0.0, 0.0, 0.0, 0.0, 1.0],
                [1.0, 0.0, 1e-06, -0.0, -0.0, 0.999999, 0.001465, 0.374726, -1e-06, -0.001465, 0.999999, 0.0, 0.0, 0.0, 0.0, 1.0],
                [1.0, 3e-06, 1e-06, -0.0, -3e-06, 0.990429, 0.138025, 0.374726, -1e-06, -0.138025, 0.990428, 0.0, 0.0, 0.0, 0.0, 1.0],
                [1.0, 1.7e-05, 1e-05, 0.0, -1.8e-05, 0.535344, 0.844632, 0.374726, 9e-06, -0.844635, 0.535344, -0.0, 0.0, 0.0, 0.0, 1.0],
                [1.0, 2.1e-05, 1.8e-05, -0.0, -2.1e-05, 0.20193, 0.979399, 0.374726, 1.7e-05, -0.979401, 0.20193, -0.0, 0.0, 0.0, 0.0, 1.0],
                [1.0, 2.1e-05, 1.8e-05, -0.0, -2.2e-05, 0.160789, 0.986988, 0.374726, 1.8e-05, -0.98699, 0.160789, 0.0, 0.0, 0.0, 0.0, 1.0],
                [1.0, 2e-05, 1.5e-05, -0.0, -2e-05, 0.324888, 0.945751, 0.374726, 1.4e-05, -0.945754, 0.324888, 0.0, 0.0, 0.0, 0.0, 1.0],
                [1.0, 2e-05, 1.4e-05, 0.0, -2e-05, 0.391603, 0.920133, 0.374726, 1.3e-05, -0.920135, 0.391603, -0.0, 0.0, 0.0, 0.0, 1.0],
                [1.0, 2.1e-05, 2e-05, -0.0, -2.2e-05, 0.0886, 0.996065, 0.374726, 1.9e-05, -0.996069, 0.0886, -0.0, 0.0, 0.0, 0.0, 1.0],
                [1.0, 1.4e-05, 2.3e-05, 0.0, -1.5e-05, -0.421202, 0.906966, 0.374726, 2.3e-05, -0.906968, -0.421202, -0.0, 0.0, 0.0, 0.0, 1.0],
                [1.0, 1.5e-05, 3e-05, 0.0, -1.6e-05, -0.568594, 0.822618, 0.374726, 2.9e-05, -0.82262, -0.568593, 0.0, 0.0, 0.0, 0.0, 1.0],
                [1.0, 2.1e-05, 2.4e-05, -0.0, -2.2e-05, -0.128186, 0.991749, 0.374726, 2.4e-05, -0.991751, -0.128186, -0.0, 0.0, 0.0, 0.0, 1.0],
                [1.0, 1.7e-05, 9e-06, 0.0, -1.7e-05, 0.609464, 0.792813, 0.374726, 8e-06, -0.792814, 0.609464, -0.0, 0.0, 0.0, 0.0, 1.0],
                [1.0, 0.0, 1e-06, -0.0, -0.0, 0.999931, 0.011754, 0.374726, -1e-06, -0.011754, 0.999931, -0.0, 0.0, 0.0, 0.0, 1.0],
                [1.0, 0.0, 1e-06, -0.0, -0.0, 0.999931, 0.011754, 0.374726, -1e-06, -0.011754, 0.999931, -0.0, 0.0, 0.0, 0.0, 1.0],
                [1.0, 0.0, 1e-06, -0.0, -0.0, 0.999931, 0.011754, 0.374726, -1e-06, -0.011754, 0.999931, -0.0, 0.0, 0.0, 0.0, 1.0],
                [1.0, 0.0, 1e-06, -0.0, -0.0, 0.999931, 0.011754, 0.374726, -1e-06, -0.011754, 0.999931, -0.0, 0.0, 0.0, 0.0, 1.0],
                [1.0, 0.0, 1e-06, -0.0, -0.0, 0.999931, 0.011754, 0.374726, -1e-06, -0.011754, 0.999931, -0.0, 0.0, 0.0, 0.0, 1.0],
                [1.0, 0.0, 1e-06, -0.0, -0.0, 0.999931, 0.011754, 0.374726, -1e-06, -0.011754, 0.999931, -0.0, 0.0, 0.0, 0.0, 1.0]
            ]
        },
        {
            "name": "Knee_R",
            "time": [0.0, 0.5],
            "transform": [
                [1.0, 0.0, -0.0, 0.0, -0.0, 0.00567, -0.999984, 0.374726, -0.0, 0.999984, 0.00567, -0.0, 0.0, 0.0, 0.0, 1.0],
                [1.0, 0.0, -0.0, -0.0, -0.0, 0.00567, -0.999984, 0.374726, -0.0, 0.999984, 0.00567, -0.0, 0.0, 0.0, 0.0, 1.0]
            ]
        },
        {
            "name": "Thigh_L",
            "time": [0.0, 0.0167, 0.0333, 0.05, 0.0667, 0.0833, 0.1, 0.1167, 0.1333, 0.15, 0.1667, 0.1833, 0.2, 0.2167, 0.2333, 0.25, 0.2667, 0.2833, 0.3, 0.3167, 0.3333, 0.35, 0.3667, 0.3833, 0.4, 0.4167, 0.4333, 0.45, 0.4667, 0.4833, 0.5],
            "transform": [
                [1.0, -1.6e-05, 7e-06, -0.125006, -1.4e-05, -0.552509, 0.833507, -0.002831, -9e-06, -0.833508, -0.552509, -1.2e-05, 0.0, 0.0, 0.0, 1.0],
                [1.0, -0.000836, 0.000428, -0.124567, -0.000811, -0.539086, 0.842251, 0.000711, -0.000473, -0.842251, -0.539086, -0.002522, 0.0, 0.0, 0.0, 1.0],
                [0.999993, -0.003268, 0.00156, -0.123304, -0.002947, -0.483977, 0.875077, 0.010316, -0.002104, -0.875076, -0.483983, -0.009136, 0.0, 0.0, 0.0, 1.0],
                [0.999967, -0.00727, 0.003506, -0.121295, -0.005889, -0.360182, 0.932864, 0.024456, -0.005519, -0.932855, -0.360213, -0.018485, 0.0, 0.0, 0.0, 1.0],
                [0.999894, -0.012863, 0.006848, -0.11862, -0.008484, -0.131818, 0.991238, 0.041601, -0.011848, -0.991191, -0.131913, -0.029197, 0.0, 0.0, 0.0, 1.0],
                [0.999731, -0.016966, 0.015783, -0.115358, -0.009638, 0.314967, 0.949054, 0.060222, -0.021072, -0.948952, 0.314718, -0.039901, 0.0, 0.0, 0.0, 1.0],
                [0.999483, -0.01132, 0.030089, -0.111589, -0.009935, 0.781364, 0.623998, 0.07879, -0.030574, -0.623974, 0.780847, -0.049225, 0.0, 0.0, 0.0, 1.0],
                [0.999145, -0.005781, 0.040936, -0.10739, -0.01045, 0.922702, 0.385375, 0.095775, -0.039999, -0.385473, 0.921852, -0.055798, 0.0, 0.0, 0.0, 1.0],
                [0.998497, -0.01119, 0.053648, -0.102842, -0.013438, 0.899052, 0.437638, 0.109648, -0.05313, -0.437702, 0.89755, -0.058249, 0.0, 0.0, 0.0, 1.0],
                [0.997855, -0.027026, 0.059616, -0.098011, -0.007806, 0.855149, 0.518326, 0.120027, -0.064988, -0.51768, 0.853103, -0.055594, 0.0, 0.0, 0.0, 1.0],
                [0.997889, -0.030955, 0.057083, -0.092908, 0.013592, 0.959166, 0.282518, 0.127796, -0.063497, -0.281146, 0.957562, -0.048245, 0.0, 0.0, 0.0, 1.0],
                [0.997267, -0.029649, 0.06768, -0.087535, 0.035113, 0.996093, -0.081035, 0.133328, -0.065013, 0.08319, 0.994411, -0.036923, 0.0, 0.0, 0.0, 1.0],
                [0.994687, -0.018367, 0.101294, -0.081889, 0.055372, 0.924954, -0.376027, 0.136997, -0.086786, 0.379638, 0.921056, -0.022349, 0.0, 0.0, 0.0, 1.0],
                [0.988459, 0.001618, 0.151477, -0.075971, 0.082327, 0.833646, -0.54613, 0.139176, -0.127162, 0.552298, 0.823892, -0.005243, 0.0, 0.0, 0.0, 1.0],
                [0.986832, -0.006078, 0.161635, -0.06978, 0.109353, 0.761393, -0.639002, 0.140237, -0.119184, 0.648263, 0.752031, 0.013673, 0.0, 0.0, 0.0, 1.0],
                [0.993602, -0.052929, 0.099771, -0.063316, 0.107907, 0.705687, -0.70026, 0.140554, -0.033344, 0.706546, 0.706882, 0.033678, 0.0, 0.0, 0.0, 1.0],
                [0.995008, -0.095954, 0.027404, -0.056578, 0.084705, 0.666943, -0.740279, 0.1405, 0.052755, 0.738905, 0.671742, 0.054051, 0.0, 0.0, 0.0, 1.0],
                [0.993276, -0.115103, -0.012442, -0.049731, 0.064445, 0.638984, -0.766516, 0.131801, 0.096178, 0.76056, 0.642105, 0.073749, 0.0, 0.0, 0.0, 1.0],
                [0.992008, -0.124499, -0.020498, -0.043606, 0.052313, 0.553668, -0.831093, 0.110257, 0.114819, 0.82338, 0.555756, 0.090658, 0.0, 0.0, 0.0, 1.0],
                [0.991123, -0.132729, 0.007645, -0.0392, 0.048523, 0.307604, -0.950277, 0.082347, 0.123777, 0.942213, 0.311313, 0.102451, 0.0, 0.0, 0.0, 1.0],
                [0.989632, -0.12382, 0.072787, -0.03751, 0.057547, -0.122489, -0.9908, 0.054554, 0.131597, 0.984717, -0.114093, 0.106803, 0.0, 0.0, 0.0, 1.0],
                [0.976697, -0.212259, 0.031782, -0.04661, -0.125478, -0.684855, -0.717795, 0.032218, 0.174125, 0.69708, -0.695529, 0.095601, 0.0, 0.0, 0.0, 1.0],
                [0.981937, -0.184538, 0.041778, -0.068309, -0.184506, -0.982821, -0.004653, 0.015941, 0.041919, -0.003139, -0.999116, 0.0691, 0.0, 0.0, 0.0, 1.0],
                [0.997841, -0.061219, 0.023764, -0.094208, -0.065515, -0.90324, 0.424107, 0.005093, -0.004499, -0.424748, -0.905301, 0.037517, 0.0, 0.0, 0.0, 1.0],
                [0.999862, -0.016318, -0.002951, -0.115907, -0.014203, -0.934549, 0.355553, -0.000955, -0.00856, -0.355462, -0.934652, 0.011074, 0.0, 0.0, 0.0, 1.0],
                [1.0, -0.0, -0.0, -0.125006, -0.0, -0.999984, 0.005829, -0.002831, -0.0, -0.005829, -0.999983, -1.2e-05, 0.0, 0.0, 0.0, 1.0],
                [1.0, -0.0, -0.0, -0.125006, -0.0, -0.999984, 0.005829, -0.002831, -0.0, -0.005829, -0.999983, -1.2e-05, 0.0, 0.0, 0.0, 1.0],
                [1.0, -0.0, -0.0, -0.125006, -0.0, -0.999984, 0.005829, -0.002831, -0.0, -0.005829, -0.999983, -1.2e-05, 0.0, 0.0, 0.0, 1.0],
                [1.0, -0.0, -0.0, -0.125006, -0.0, -0.999984, 0.005829, -0.002831, -0.0, -0.005829, -0.999983, -1.2e-05, 0.0, 0.0, 0.0, 1.0],
                [1.0, -0.0, -0.0, -0.125006, -0.0, -0.999984, 0.005829, -0.002831, -0.0, -0.005829, -0.999983, -1.2e-05, 0.0, 0.0, 0.0, 1.0],
                [1.0, -0.0, -0.0, -0.125006, -0.0, -0.999984, 0.005829, -0.002831, -0.0, -0.005829, -0.999983, -1.2e-05, 0.0, 0.0, 0.0, 1.0]
            ]
        },
        {
            "name": "Leg_L",
            "time": [0.0, 0.0167, 0.0333, 0.05, 0.0667, 0.0833, 0.1, 0.1167, 0.1333, 0.15, 0.1667, 0.1833, 0.2, 0.2167, 0.2333, 0.25, 0.2667, 0.2833, 0.3, 0.3167, 0.3333, 0.35, 0.3667, 0.3833, 0.4, 0.4167, 0.4333, 0.45, 0.4667, 0.4833, 0.5],
            "transform": [
                [1.0, 2.1e-05, 2.4e-05, 0.0, -2.2e-05, -0.096543, 0.995328, 0.374726, 2.3e-05, -0.995329, -0.096543, -0.0, 0.0, 0.0, 0.0, 1.0],
                [1.0, 2.1e-05, 2.3e-05, 0.0, -2.2e-05, -0.085033, 0.996378, 0.374726, 2.3e-05, -0.996378, -0.085033, -0.0, 0.0, 0.0, 0.0, 1.0],
                [1.0, 2.1e-05, 2.3e-05, -0.0, -2.2e-05, -0.079731, 0.996816, 0.374726, 2.3e-05, -0.996817, -0.079731, -0.0, 0.0, 0.0, 0.0, 1.0],
                [1.0, 2.1e-05, 2.4e-05, 0.0, -2.2e-05, -0.114152, 0.993463, 0.374726, 2.4e-05, -0.993464, -0.114152, 0.0, 0.0, 0.0, 0.0, 1.0],
                [1.0, 2.1e-05, 2.6e-05, 0.0, -2.1e-05, -0.195856, 0.980632, 0.374726, 2.5e-05, -0.980634, -0.195856, 0.0, 0.0, 0.0, 0.0, 1.0],
                [1.0, 2e-05, 2.9e-05, 0.0, -2e-05, -0.352194, 0.935927, 0.374726, 2.9e-05, -0.935928, -0.352193, -0.0, 0.0, 0.0, 0.0, 1.0],
                [1.0, 2e-05, 2.9e-05, -0.0, -2.1e-05, -0.337982, 0.941152, 0.374726, 2.8e-05, -0.941153, -0.337982, 0.0, 0.0, 0.0, 0.0, 1.0],
                [1.0, 2.1e-05, 2e-05, -0.0, -2.2e-05, 0.065156, 0.997875, 0.374726, 2e-05, -0.997875, 0.065157, 0.0, 0.0, 0.0, 0.0, 1.0],
                [1.0, 1.6e-05, 8e-06, -0.0, -1.6e-05, 0.65301, 0.757348, 0.374726, 7e-06, -0.757349, 0.65301, -0.0, 0.0, 0.0, 0.0, 1.0],
                [1.0, 7e-06, 2e-06, -0.0, -7e-06, 0.945341, 0.326084, 0.374726, 0.0, -0.326084, 0.945341, 0.0, 0.0, 0.0, 0.0, 1.0],
                [1.0, 1e-05, 3e-06, -0.0, -1e-05, 0.875675, 0.482901, 0.374726, 2e-06, -0.482902, 0.875675, -0.0, 0.0, 0.0, 0.0, 1.0],
                [1.0, 1.6e-05, 8e-06, -0.0, -1.6e-05, 0.66334, 0.748318, 0.374726, 7e-06, -0.748319, 0.66334, -0.0, 0.0, 0.0, 0.0, 1.0],
                [1.0, 1.8e-05, 1.1e-05, 0.0, -1.8e-05, 0.506428, 0.862282, 0.374726, 1e-05, -0.862283, 0.506428, -0.0, 0.0, 0.0, 0.0, 1.0],
                [1.0, 1.8e-05, 1.1e-05, -0.0, -1.9e-05, 0.476542, 0.879152, 0.374726, 1e-05, -0.879152, 0.476542, -0.0, 0.0, 0.0, 0.0, 1.0],
                [1.0, 1.7e-05, 1e-05, 0.0, -1.7e-05, 0.520087, 0.854113, 0.374726, 9e-06, -0.854113, 0.520087, -0.0, 0.0, 0.0, 0.0, 1.0],
                [1.0, 1.6e-05, 9e-06, -0.0, -1.6e-05, 0.597084, 0.802178, 0.374726, 8e-06, -0.802179, 0.597084, -0.0, 0.0, 0.0, 0.0, 1.0],
                [1.0, 1.5e-05, 7e-06, 0.0, -1.6e-05, 0.698154, 0.715948, 0.374726, 6e-06, -0.715949, 0.698153, -0.0, 0.0, 0.0, 0.0, 1.0],
                [1.0, 1.2e-05, 5e-06, 0.0, -1.3e-05, 0.808426, 0.588596, 0.374726, 3e-06, -0.588597, 0.808427, -0.0, 0.0, 0.0, 0.0, 1.0],
                [1.0, 1.2e-05, 4e-06, -0.0, -1.2e-05, 0.834965, 0.550303, 0.374726, 3e-06, -0.550303, 0.834965, -0.0, 0.0, 0.0, 0.0, 1.0],
                [1.0, 1.6e-05, 8e-06, 0.0, -1.6e-05, 0.682766, 0.730637, 0.374726, 6e-06, -0.730637, 0.682766, 0.0, 0.0, 0.0, 0.0, 1.0],
                [1.0, 2e-05, 1.5e-05, -0.0, -2e-05, 0.33055, 0.943788, 0.374726, 1.4e-05, -0.943789, 0.33055, 0.0, 0.0, 0.0, 0.0, 1.0],
                [1.0, 2.3e-05, 2.8e-05, 0.0, -2.4e-05, -0.161986, 0.986792, 0.374726, 2.8e-05, -0.986794, -0.161986, -0.0, 0.0, 0.0, 0.0, 1.0],
                [1.0, 1.9e-05, 3e-05, -0.0, -2e-05, -0.388404, 0.921488, 0.374726, 2.9e-05, -0.92149, -0.388404, -0.0, 0.0, 0.0, 0.0, 1.0],
                [1.0, 2.2e-05, 2.4e-05, -0.0, -2.3e-05, -0.045019, 0.998985, 0.374726, 2.3e-05, -0.998986, -0.045019, -0.0, 0.0, 0.0, 0.0, 1.0],
                [1.0, 1.6e-05, 9e-06, -0.0, -1.7e-05, 0.629336, 0.777133, 0.374726, 7e-06, -0.777134, 0.629336, 0.0, 0.0, 0.0, 0.0, 1.0],
                [1.0, 0.0, 1e-06, -0.0, -0.0, 0.999932, 0.011653, 0.374726, -1e-06, -0.011653, 0.999932, 0.0, 0.0, 0.0, 0.0, 1.0],
                [1.0, 0.0, 1e-06, -0.0, -0.0, 0.999932, 0.011653, 0.374726, -1e-06, -0.011653, 0.999932, 0.0, 0.0, 0.0, 0.0, 1.0],
                [1.0, 0.0, 1e-06, -0.0, -0.0, 0.999932, 0.011653, 0.374726, -1e-06, -0.011653, 0.999932, 0.0, 0.0, 0.0, 0.0, 1.0],
                [1.0, 0.0, 1e-06, -0.0, -0.0, 0.999932, 0.011653, 0.374726, -1e-06, -0.011653, 0.999932, 0.0, 0.0, 0.0, 0.0, 1.0],
                [1.0, 0.0, 1e-06, -0.0, -0.0, 0.999932, 0.011653, 0.374726, -1e-06, -0.011653, 0.999932, 0.0, 0.0, 0.0, 0.0, 1.0],
                [1.0, 0.0, 1e-06, -0.0, -0.0, 0.999932, 0.011653, 0.374726, -1e-06, -0.011653, 0.999932, 0.0, 0.0, 0.0, 0.0, 1.0]
            ]
        },
        {
            "name": "Knee_L",
            "time": [0.0, 0.5],
            "transform": [
                [1.0, 0.0, -0.0, 0.0, -0.0, 0.00567, -0.999984, 0.484724, -0.0, 0.999984, 0.00567, -0.000624, 0.0, 0.0, 0.0, 1.0],
                [1.0, 0.0, -0.0, -0.0, -0.0, 0.00567, -0.999984, 0.374726, -0.0, 0.999984, 0.00567, 0.0, 0.0, 0.0, 0.0, 1.0]
            ]
        },
        {
            "name": "Torso",
            "time": [0.0, 0.0167, 0.0333, 0.05, 0.0667, 0.0833, 0.1, 0.1167, 0.1333, 0.15, 0.1667, 0.1833, 0.2, 0.2167, 0.2333, 0.25, 0.2667, 0.2833, 0.3, 0.3167, 0.3333, 0.35, 0.3667, 0.3833, 0.4, 0.4167, 0.4333, 0.45, 0.4667, 0.4833, 0.5],
            "transform": [
                [1.0, 0.0, 0.0, 0.0, 0.0, 1.0, 0.0, 0.05, 0.0, 0.0, 1.0, 0.0, 0.0, 0.0, 0.0, 1.0],
                [1.0, 0.0, 0.0, 0.0, 0.0, 0.999477, -0.032356, 0.05, 0.0, 0.032356, 0.999476, 0.0, 0.0, 0.0, 0.0, 1.0],
                [1.0, 0.0, 0.0, 0.0, 0.0, 0.992678, -0.12079, 0.05, 0.0, 0.120791, 0.992678, 0.0, 0.0, 0.0, 0.0, 1.0],
                [1.0, 0.0, 0.0, 0.0, 0.0, 0.967949, -0.251147, 0.05, 0.0, 0.251147, 0.967949, 0.0, 0.0, 0.0, 0.0, 1.0],
                [1.0, 0.0, 0.0, 0.0, 0.0, 0.913663, -0.406472, 0.05, 0.0, 0.406472, 0.913663, 0.0, 0.0, 0.0, 0.0, 1.0],
                [1.0, 0.0, 0.0, 0.0, 0.0, 0.821244, -0.570577, 0.05, 0.0, 0.570577, 0.821244, 0.0, 0.0, 0.0, 0.0, 1.0],
                [1.0, 0.0, 0.0, 0.0, 0.0, 0.680846, -0.732426, 0.05, 0.0, 0.732426, 0.680846, 0.0, 0.0, 0.0, 0.0, 1.0],
                [1.0, 0.0, 0.0, 0.0, 0.0, 0.483635, -0.87527, 0.05, 0.0, 0.87527, 0.483635, 0.0, 0.0, 0.0, 0.0, 1.0],
                [1.0, 0.0, 0.0, 0.0, 0.0, 0.22681, -0.973939, 0.05, 0.0, 0.973939, 0.22681, 0.0, 0.0, 0.0, 0.0, 1.0],
                [1.0, 0.0, 0.0, 0.0, 0.0, -0.074337, -0.997233, 0.05, 0.0, 0.997233, -0.074337, 0.0, 0.0, 0.0, 0.0, 1.0],
                [1.0, 0.0, 0.0, 0.0, 0.0, -0.374011, -0.927424, 0.05, 0.0, 0.927424, -0.374011, 0.0, 0.0, 0.0, 0.0, 1.0],
                [1.0, 0.0, 0.0, 0.0, 0.0, -0.632958, -0.774186, 0.05, 0.0, 0.774186, -0.632958, 0.0, 0.0, 0.0, 0.0, 1.0],
                [1.0, 0.0, 0.0, 0.0, 0.0, -0.83366, -0.552278, 0.05, 0.0, 0.552278, -0.83366, 0.0, 0.0, 0.0, 0.0, 1.0],
                [1.0, 0.0, 0.0, 0.0, 0.0, -0.968122, -0.25048, 0.05, 0.0, 0.25048, -0.968122, 0.0, 0.0, 0.0, 0.0, 1.0],
                [1.0, 0.0, 0.0, 0.0, 0.0, -0.994275, 0.106857, 0.05, 0.0, -0.106857, -0.994275, 0.0, 0.0, 0.0, 0.0, 1.0],
                [1.0, 0.0, 0.0, 0.0, 0.0, -0.897448, 0.441121, 0.05, 0.0, -0.441121, -0.897447, 0.0, 0.0, 0.0, 0.0, 1.0],
                [1.0, 0.0, 0.0, 0.0, 0.0, -0.721326, 0.692596, 0.05, 0.0, -0.692596, -0.721326, 0.0, 0.0, 0.0, 0.0, 1.0],
                [1.0, 0.0, 0.0, 0.0, 0.0, -0.51751, 0.855677, 0.05, 0.0, -0.855677, -0.51751, 0.0, 0.0, 0.0, 0.0, 1.0],
                [1.0, 0.0, 0.0, 0.0, 0.0, -0.297292, 0.954786, 0.05, 0.0, -0.954786, -0.297292, 0.0, 0.0, 0.0, 0.0, 1.0],
                [1.0, 0.0, 0.0, 0.0, 0.0, -0.051754, 0.99866, 0.05, 0.0, -0.99866, -0.051754, 0.0, 0.0, 0.0, 0.0, 1.0],
                [1.0, 0.0, 0.0, 0.0, 0.0, 0.232045, 0.972705, 0.05, 0.0, -0.972705, 0.232045, 0.0, 0.0, 0.0, 0.0, 1.0],
                [1.0, 0.0, 0.0, 0.0, 0.0, 0.543225, 0.839587, 0.05, 0.0, -0.839587, 0.543225, 0.0, 0.0, 0.0, 0.0, 1.0],
                [1.0, 0.0, 0.0, 0.0, 0.0, 0.805307, 0.592859, 0.05, 0.0, -0.592859, 0.805307, 0.0, 0.0, 0.0, 0.0, 1.0],
                [1.0, 0.0, 0.0, 0.0, 0.0, 0.95196, 0.306223, 0.05, 0.0, -0.306223, 0.95196, 0.0, 0.0, 0.0, 0.0, 1.0],
                [1.0, 0.0, 0.0, 0.0, 0.0, 0.996413, 0.084629, 0.05, 0.0, -0.084629, 0.996413, 0.0, 0.0, 0.0, 0.0, 1.0],
                [1.0, 0.0, 0.0, 0.0, 0.0, 1.0, 0.0, 0.05, 0.0, 0.0, 1.0, 0.0, 0.0, 0.0, 0.0, 1.0],
                [1.0, 0.0, 0.0, 0.0, 0.0, 1.0, 0.0, 0.05, 0.0, 0.0, 1.0, 0.0, 0.0, 0.0, 0.0, 1.0],
                [1.0, 0.0, 0.0, 0.0, 0.0, 1.0, 0.0, 0.05, 0.0, 0.0, 1.0, 0.0, 0.0, 0.0, 0.0, 1.0],
                [1.0, 0.0, 0.0, 0.0, 0.0, 1.0, 0.0, 0.05, 0.0, 0.0, 1.0, 0.0, 0.0, 0.0, 0.0, 1.0],
                [1.0, 0.0, 0.0, 0.0, 0.0, 1.0, 0.0, 0.05, 0.0, 0.0, 1.0, 0.0, 0.0, 0.0, 0.0, 1.0],
                [1.0, 0.0, 0.0, 0.0, 0.0, 1.0, 0.0, 0.05, 0.0, 0.0, 1.0, 0.0, 0.0, 0.0, 0.0, 1.0]
            ]
        },
        {
            "name": "Chest",
            "time": [0.0, 0.0167, 0.0333, 0.05, 0.0667, 0.0833, 0.1, 0.1167, 0.1333, 0.15, 0.1667, 0.1833, 0.2, 0.2167, 0.2333, 0.25, 0.2667, 0.2833, 0.3, 0.3167, 0.3333, 0.35, 0.3667, 0.3833, 0.4, 0.4167, 0.4333, 0.45, 0.4667, 0.4833, 0.5],
            "transform": [
                [0.993818, 0.0, -0.111022, 0.0, 0.0, 1.0, 0.0, 0.3, 0.111022, 0.0, 0.993818, 0.0, 0.0, 0.0, 0.0, 1.0],
                [0.993818, -0.0, -0.111022, 0.0, -0.012341, 0.993803, -0.110467, 0.3, 0.110334, 0.111155, 0.987659, -0.0, 0.0, 0.0, 0.0, 1.0],
                [0.993818, 0.0, -0.111022, 0.0, -0.039214, 0.935545, -0.351023, 0.3, 0.103866, 0.353207, 0.929762, -0.0, 0.0, 0.0, 0.0, 1.0],
                [0.993818, 0.0, -0.111022, -0.0, -0.063656, 0.819299, -0.569821, 0.3, 0.09096, 0.573366, 0.814234, -0.0, 0.0, 0.0, 0.0, 1.0],
                [0.993818, -0.0, -0.111022, 0.0, -0.073372, 0.75049, -0.656796, 0.3, 0.083321, 0.660882, 0.74585, 0.0, 0.0, 0.0, 0.0, 1.0],
                [0.993818, -0.0, -0.111022, 0.0, -0.058291, 0.851076, -0.521796, 0.3, 0.094488, 0.525041, 0.845815, 0.0, 0.0, 0.0, 0.0, 1.0],
                [0.993818, 0.0, -0.111022, 0.0, -0.018067, 0.98667, -0.161729, 0.3, 0.109542, 0.162735, 0.98057, 0.0, 0.0, 0.0, 0.0, 1.0],
                [0.993818, -0.0, -0.111022, 0.0, 0.02486, 0.974607, 0.22254, 0.3, 0.108203, -0.223924, 0.968582, 0.0, 0.0, 0.0, 0.0, 1.0],
                [0.993818, 0.0, -0.111022, 0.0, 0.042729, 0.92297, 0.382492, 0.3, 0.10247, -0.384871, 0.917264, 0.0, 0.0, 0.0, 0.0, 1.0],
                [0.993816, 3e-06, -0.111038, 0.0, 0.041034, 0.929201, 0.367289, 0.3, 0.103178, -0.369574, 0.923455, 0.0, 0.0, 0.0, 0.0, 1.0],
                [0.993811, 1e-05, -0.111083, 0.0, 0.036258, 0.945199, 0.324473, 0.3, 0.104999, -0.326493, 0.939349, 0.0, 0.0, 0.0, 0.0, 1.0],
                [0.993804, 1.7e-05, -0.111146, 0.0, 0.028818, 0.965765, 0.257814, 0.3, 0.107345, -0.259419, 0.95978, -0.0, 0.0, 0.0, 0.0, 1.0],
                [0.993796, 1.7e-05, -0.111221, 0.0, 0.019174, 0.985, 0.171484, 0.3, 0.109555, -0.172553, 0.978889, 0.0, 0.0, 0.0, 0.0, 1.0],
                [0.993787, 1e-05, -0.111295, 0.0, 0.007932, 0.997451, 0.070914, 0.3, 0.111012, -0.071357, 0.991254, 0.0, 0.0, 0.0, 0.0, 1.0],
                [0.99378, -6e-06, -0.11136, -0.0, -0.004141, 0.999306, -0.037015, 0.3, 0.111283, 0.037246, 0.993091, -0.0, 0.0, 0.0, 0.0, 1.0],
                [0.993775, -2.8e-05, -0.111404, 0.0, -0.016171, 0.989372, -0.144506, 0.3, 0.110224, 0.145408, 0.983213, -0.0, 0.0, 0.0, 0.0, 1.0],
                [0.993774, -5e-05, -0.111418, 0.0, -0.027294, 0.969423, -0.243874, 0.3, 0.108023, 0.245396, 0.963386, 0.0, 0.0, 0.0, 0.0, 1.0],
                [0.993776, -6.4e-05, -0.111393, -0.0, -0.036766, 0.943775, -0.328538, 0.3, 0.105151, 0.330589, 0.937899, 0.0, 0.0, 0.0, 0.0, 1.0],
                [0.993784, -6.3e-05, -0.111324, 0.0, -0.044021, 0.918274, -0.393491, 0.3, 0.10225, 0.395946, 0.912563, 0.0, 0.0, 0.0, 0.0, 1.0],
                [0.993798, -4.2e-05, -0.111203, -0.0, -0.048638, 0.899113, -0.435007, 0.3, 0.100002, 0.437717, 0.893534, 0.0, 0.0, 0.0, 0.0, 1.0],
                [0.993818, -0.0, -0.111022, 0.0, -0.050238, 0.891759, -0.449712, 0.3, 0.099005, 0.45251, 0.886247, -0.0, 0.0, 0.0, 0.0, 1.0],
                [0.995024, 0.002453, -0.099607, 0.0, -0.042945, 0.912631, -0.406522, 0.3, 0.089907, 0.408777, 0.908195, -0.0, 0.0, 0.0, 0.0, 1.0],
                [0.997381, 0.006004, -0.072081, 0.0, -0.027333, 0.953941, -0.298747, 0.3, 0.066967, 0.299934, 0.951606, 0.0, 0.0, 0.0, 0.0, 1.0],
                [0.999228, 0.005988, -0.03883, 0.0, -0.012279, 0.986409, -0.163849, 0.3, 0.037321, 0.164199, 0.985721, 0.0, 0.0, 0.0, 0.0, 1.0],
                [0.999933, 0.002424, -0.011304, 0.0, -0.002969, 0.998823, -0.048414, 0.3, 0.011173, 0.048445, 0.998763, -0.0, 0.0, 0.0, 0.0, 1.0],
                [1.0, 0.0, -0.0, 0.0, -0.0, 1.0, 0.0, 0.3, 0.0, -0.0, 1.0, 0.0, 0.0, 0.0, 0.0, 1.0],
                [1.0, 0.0, 0.0, 0.0, 0.0, 1.0, 0.0, 0.3, 0.0, 0.0, 1.0, 0.0, 0.0, 0.0, 0.0, 1.0],
                [1.0, 0.0, 0.0, 0.0, 0.0, 1.0, 0.0, 0.3, 0.0, 0.0, 1.0, 0.0, 0.0, 0.0, 0.0, 1.0],
                [1.0, 0.0, 0.0, 0.0, 0.0, 1.0, 0.0, 0.3, 0.0, 0.0, 1.0, 0.0, 0.0, 0.0, 0.0, 1.0],
                [1.0, 0.0, 0.0, 0.0, 0.0, 1.0, 0.0, 0.3, 0.0, 0.0, 1.0, 0.0, 0.0, 0.0, 0.0, 1.0],
                [1.0, 0.0, 0.0, 0.0, 0.0, 1.0, 0.0, 0.3, 0.0, 0.0, 1.0, 0.0, 0.0, 0.0, 0.0, 1.0]
            ]
        },
        {
            "name": "Head",
            "time": [0.0, 0.0167, 0.0333, 0.05, 0.0667, 0.0833, 0.1, 0.1167, 0.1333, 0.15, 0.1667, 0.1833, 0.2, 0.2167, 0.2333, 0.25, 0.2667, 0.2833, 0.3, 0.3167, 0.3333, 0.35, 0.3667, 0.3833, 0.4, 0.4167, 0.4333, 0.45, 0.4667, 0.4833, 0.5],
            "transform": [
                [1.0, 0.0, 0.0, 0.0, 0.0, 1.0, -0.0, 0.4, -0.0, 0.0, 1.0, 0.0, 0.0, 0.0, 0.0, 1.0],
                [1.0, -0.0, 0.0, -0.0, 0.0, 1.0, 0.0, 0.4, -0.0, 0.0, 1.0, -0.0, 0.0, 0.0, 0.0, 1.0],
                [1.0, 0.0, 0.0, -0.0, 0.0, 1.0, 0.0, 0.4, -0.0, -0.0, 1.0, -0.0, 0.0, 0.0, 0.0, 1.0],
                [1.0, 0.0, 0.0, -0.0, 0.0, 1.0, 0.0, 0.4, -0.0, -0.0, 1.0, -0.0, 0.0, 0.0, 0.0, 1.0],
                [1.0, 0.0, -0.0, -0.0, -0.0, 1.0, 0.0, 0.4, -0.0, 0.0, 1.0, 0.0, 0.0, 0.0, 0.0, 1.0],
                [1.0, 0.0, 0.0, 0.0, 0.0, 1.0, 0.0, 0.4, -0.0, 0.0, 1.0, -0.0, 0.0, 0.0, 0.0, 1.0],
                [1.0, 0.0, 0.0, 0.0, -0.0, 1.0, -0.0, 0.4, -0.0, -0.0, 1.0, 0.0, 0.0, 0.0, 0.0, 1.0],
                [1.0, 0.0, 0.0, -0.0, 0.0, 1.0, 0.0, 0.4, -0.0, 0.0, 1.0, -0.0, 0.0, 0.0, 0.0, 1.0],
                [1.0, 0.0, 0.0, 0.0, -0.0, 1.0, -0.0, 0.4, -0.0, 0.0, 1.0, -0.0, 0.0, 0.0, 0.0, 1.0],
                [1.0, 0.0, 0.0, -0.0, -0.0, 1.0, -0.0, 0.4, -0.0, 0.0, 1.0, -0.0, 0.0, 0.0, 0.0, 1.0],
                [1.0, 0.0, 0.0, -0.0, 0.0, 1.0, -0.0, 0.4, -0.0, 0.0, 1.0, -0.0, 0.0, 0.0, 0.0, 1.0],
                [1.0, -0.0, -0.0, 0.0, -0.0, 1.0, -0.0, 0.4, -0.0, 0.0, 1.0, -0.0, 0.0, 0.0, 0.0, 1.0],
                [1.0, 0.0, 0.0, -0.0, 0.0, 1.0, 0.0, 0.4, -0.0, 0.0, 1.0, -0.0, 0.0, 0.0, 0.0, 1.0],
                [1.0, -0.0, 0.0, -0.0, -0.0, 1.0, -0.0, 0.4, -0.0, 0.0, 1.0, -0.0, 0.0, 0.0, 0.0, 1.0],
                [1.0, -0.0, 0.0, 0.0, 0.0, 1.0, 0.0, 0.4, -0.0, -0.0, 1.0, -0.0, 0.0, 0.0, 0.0, 1.0],
                [1.0, 0.0, 0.0, -0.0, 0.0, 1.0, 0.0, 0.4, -0.0, -0.0, 1.0, -0.0, 0.0, 0.0, 0.0, 1.0],
                [1.0, -0.0, 0.0, -0.0, -0.0, 1.0, -0.0, 0.4, -0.0, 0.0, 1.0, -0.0, 0.0, 0.0, 0.0, 1.0],
                [1.0, 0.0, -0.0, 0.0, 0.0, 1.0, -0.0, 0.4, -0.0, 0.0, 1.0, -0.0, 0.0, 0.0, 0.0, 1.0],
                [1.0, -0.0, 0.0, -0.0, 0.0, 1.0, -0.0, 0.4, -0.0, 0.0, 1.0, 0.0, 0.0, 0.0, 0.0, 1.0],
                [1.0, -0.0, -0.0, -0.0, 0.0, 1.0, 0.0, 0.4, -0.0, -0.0, 1.0, -0.0, 0.0, 0.0, 0.0, 1.0],
                [1.0, -0.0, 0.0, -0.0, 0.0, 1.0, 0.0, 0.4, -0.0, -0.0, 1.0, -0.0, 0.0, 0.0, 0.0, 1.0],
                [1.0, -0.0, 0.0, 0.0, -0.0, 1.0, -0.0, 0.4, -0.0, -0.0, 1.0, -0.0, 0.0, 0.0, 0.0, 1.0],
                [1.0, 0.0, 0.0, -0.0, -0.0, 1.0, -0.0, 0.4, -0.0, 0.0, 1.0, -0.0, 0.0, 0.0, 0.0, 1.0],
                [1.0, -0.0, 0.0, -0.0, -0.0, 1.0, -0.0, 0.4, -0.0, 0.0, 1.0, 0.0, 0.0, 0.0, 0.0, 1.0],
                [1.0, 0.0, 0.0, 0.0, -0.0, 1.0, -0.0, 0.4, -0.0, 0.0, 1.0, 0.0, 0.0, 0.0, 0.0, 1.0],
                [1.0, 0.0, 0.0, 0.0, 0.0, 1.0, -0.0, 0.4, -0.0, 0.0, 1.0, -0.0, 0.0, 0.0, 0.0, 1.0],
                [1.0, 0.0, 0.0, 0.0, 0.0, 1.0, -0.0, 0.4, -0.0, 0.0, 1.0, 0.0, 0.0, 0.0, 0.0, 1.0],
                [1.0, 0.0, 0.0, 0.0, 0.0, 1.0, -0.0, 0.4, -0.0, 0.0, 1.0, 0.0, 0.0, 0.0, 0.0, 1.0],
                [1.0, 0.0, 0.0, 0.0, 0.0, 1.0, -0.0, 0.4, -0.0, 0.0, 1.0, 0.0, 0.0, 0.0, 0.0, 1.0],
                [1.0, 0.0, 0.0, 0.0, 0.0, 1.0, -0.0, 0.4, -0.0, 0.0, 1.0, 0.0, 0.0, 0.0, 0.0, 1.0],
                [1.0, 0.0, 0.0, 0.0, 0.0, 1.0, -0.0, 0.4, -0.0, 0.0, 1.0, 0.0, 0.0, 0.0, 0.0, 1.0]
            ]
        },
        {
            "name": "Shoulder_R",
            "time": [0.0, 0.0167, 0.0333, 0.05, 0.0667, 0.0833, 0.1, 0.1167, 0.1333, 0.15, 0.1667, 0.1833, 0.2, 0.2167, 0.2333, 0.25, 0.2667, 0.2833, 0.3, 0.3167, 0.3333, 0.35, 0.3667, 0.3833, 0.4, 0.4167, 0.4333, 0.45, 0.4667, 0.4833, 0.5],
            "transform": [
                [0.0, 0.952114, 0.305743, -0.0, -0.0, -0.305743, 0.952114, 0.4, 1.0, -0.0, -0.0, 0.0, 0.0, 0.0, 0.0, 1.0],
                [0.0, 0.952114, 0.305743, -0.0, -0.0, -0.305743, 0.952114, 0.4, 1.0, -0.0, -0.0, 0.0, 0.0, 0.0, 0.0, 1.0],
                [0.0, 0.952114, 0.305743, -0.0, 0.0, -0.305743, 0.952114, 0.4, 1.0, -0.0, -0.0, -0.0, 0.0, 0.0, 0.0, 1.0],
                [0.0, 0.952114, 0.305743, -0.0, -0.0, -0.305743, 0.952114, 0.4, 1.0, -0.0, -0.0, -0.0, 0.0, 0.0, 0.0, 1.0],
                [0.0, 0.952114, 0.305743, -0.0, 0.0, -0.305743, 0.952114, 0.4, 1.0, -0.0, -0.0, 0.0, 0.0, 0.0, 0.0, 1.0],
                [0.0, 0.952114, 0.305743, -0.0, 0.0, -0.305743, 0.952114, 0.4, 1.0, -0.0, -0.0, -0.0, 0.0, 0.0, 0.0, 1.0],
                [0.0, 0.952114, 0.305743, -0.0, -0.0, -0.305743, 0.952114, 0.4, 1.0, -0.0, -0.0, -0.0, 0.0, 0.0, 0.0, 1.0],
                [0.0, 0.952114, 0.305743, -0.0, 0.0, -0.305743, 0.952114, 0.4, 1.0, -0.0, 0.0, -0.0, 0.0, 0.0, 0.0, 1.0],
                [0.0, 0.952114, 0.305743, -0.0, -0.0, -0.305743, 0.952114, 0.4, 1.0, -0.0, -0.0, -0.0, 0.0, 0.0, 0.0, 1.0],
                [0.0, 0.952114, 0.305743, -0.0, -0.0, -0.305743, 0.952114, 0.4, 1.0, 0.0, -0.0, -0.0, 0.0, 0.0, 0.0, 1.0],
                [0.0, 0.952114, 0.305743, -0.0, -0.0, -0.305743, 0.952114, 0.4, 1.0, -0.0, -0.0, -0.0, 0.0, 0.0, 0.0, 1.0],
                [0.0, 0.952114, 0.305743, -0.0, -0.0, -0.305743, 0.952114, 0.4, 1.0, -0.0, -0.0, -0.0, 0.0, 0.0, 0.0, 1.0],
                [0.0, 0.952114, 0.305743, -0.0, 0.0, -0.305743, 0.952114, 0.4, 1.0, -0.0, -0.0, -0.0, 0.0, 0.0, 0.0, 1.0],
                [0.0, 0.952114, 0.305743, -0.0, 0.0, -0.305743, 0.952114, 0.4, 1.0, -0.0, -0.0, -0.0, 0.0, 0.0, 0.0, 1.0],
                [0.0, 0.952114, 0.305743, -0.0, 0.0, -0.305743, 0.952114, 0.4, 1.0, -0.0, -0.0, -0.0, 0.0, 0.0, 0.0, 1.0],
                [0.0, 0.952114, 0.305743, -0.0, 0.0, -0.305743, 0.952114, 0.4, 1.0, -0.0, -0.0, -0.0, 0.0, 0.0, 0.0, 1.0],
                [0.0, 0.952114, 0.305743, -0.0, -0.0, -0.305743, 0.952114, 0.4, 1.0, -0.0, -0.0, -0.0, 0.0, 0.0, 0.0, 1.0],
                [0.0, 0.952114, 0.305743, -0.0, -0.0, -0.305743, 0.952114, 0.4, 1.0, -0.0, -0.0, 0.0, 0.0, 0.0, 0.0, 1.0],
                [0.0, 0.952114, 0.305743, -0.0, 0.0, -0.305743, 0.952114, 0.4, 1.0, -0.0, -0.0, -0.0, 0.0, 0.0, 0.0, 1.0],
                [0.0, 0.952114, 0.305743, -0.0, 0.0, -0.305743, 0.952114, 0.4, 1.0, -0.0, -0.0, -0.0, 0.0, 0.0, 0.0, 1.0],
                [0.0, 0.952114, 0.305743, -0.0, 0.0, -0.305743, 0.952114, 0.4, 1.0, -0.0, -0.0, -0.0, 0.0, 0.0, 0.0, 1.0],
                [0.0, 0.952114, 0.305743, -0.0, -0.0, -0.305743, 0.952114, 0.4, 1.0, 0.0, -0.0, -0.0, 0.0, 0.0, 0.0, 1.0],
                [0.0, 0.952114, 0.305743, -0.0, 0.0, -0.305743, 0.952114, 0.4, 1.0, -0.0, -0.0, 0.0, 0.0, 0.0, 0.0, 1.0],
                [0.0, 0.952114, 0.305743, -0.0, -0.0, -0.305743, 0.952114, 0.4, 1.0, -0.0, -0.0, 0.0, 0.0, 0.0, 0.0, 1.0],
                [0.0, 0.952114, 0.305743, -0.0, -0.0, -0.305743, 0.952114, 0.4, 1.0, -0.0, -0.0, 0.0, 0.0, 0.0, 0.0, 1.0],
                [0.0, 0.952114, 0.305743, -0.0, -0.0, -0.305743, 0.952114, 0.4, 1.0, -0.0, -0.0, 0.0, 0.0, 0.0, 0.0, 1.0],
                [0.0, 0.952114, 0.305743, -0.0, -0.0, -0.305743, 0.952114, 0.4, 1.0, -0.0, -0.0, 0.0, 0.0, 0.0, 0.0, 1.0],
                [0.0, 0.952114, 0.305743, -0.0, -0.0, -0.305743, 0.952114, 0.4, 1.0, -0.0, -0.0, 0.0, 0.0, 0.0, 0.0, 1.0],
                [0.0, 0.952114, 0.305743, -0.0, -0.0, -0.305743, 0.952114, 0.4, 1.0, -0.0, -0.0, 0.0, 0.0, 0.0, 0.0, 1.0],
