{
    "animation": [
        {
            "name": "Root",
            "time": [0.0, 0.0167, 0.0333, 0.05, 0.0667, 0.0833, 0.1, 0.1167, 0.1333, 0.15, 0.1667, 0.1833, 0.2, 0.2167, 0.2333, 0.25, 0.2667, 0.2833, 0.3, 0.3167, 0.3333, 0.35, 0.3667, 0.3833, 0.4, 0.4167, 0.4333, 0.45, 0.4667, 0.4833, 0.5],
            "transform": [
                [1.0, 0.0, 0.0, -5e-06, 0.0, 0.0, -1.0, 0.000946, 0.0, 1.0, 0.0, 0.763972, 0.0, 0.0, 0.0, 1.0],
                [1.0, 0.0, 0.0, -5e-06, 0.0, 0.0, -1.0, 0.00503, 0.0, 1.0, 0.0, 0.763972, 0.0, 0.0, 0.0, 1.0],
                [1.0, 0.0, 0.0, -5e-06, 0.0, 0.0, -1.0, 0.016654, 0.0, 1.0, 0.0, 0.763972, 0.0, 0.0, 0.0, 1.0],
                [1.0, 0.0, 0.0, -5e-06, 0.0, 0.0, -1.0, 0.034875, 0.0, 1.0, 0.0, 0.763972, 0.0, 0.0, 0.0, 1.0],
                [1.0, 0.0, 0.0, -5e-06, 0.0, 0.0, -1.0, 0.058751, 0.0, 1.0, 0.0, 0.763972, 0.0, 0.0, 0.0, 1.0],
                [1.0, 0.0, 0.0, -5e-06, 0.0, 0.0, -1.0, 0.087339, 0.0, 1.0, 0.0, 0.763972, 0.0, 0.0, 0.0, 1.0],
                [1.0, 0.0, 0.0, -5e-06, 0.0, 0.0, -1.0, 0.119697, 0.0, 1.0, 0.0, 0.763972, 0.0, 0.0, 0.0, 1.0],
                [1.0, 0.0, 0.0, -5e-06, 0.0, 0.0, -1.0, 0.154882, 0.0, 1.0, 0.0, 0.763972, 0.0, 0.0, 0.0, 1.0],
                [1.0, 0.0, 0.0, -5e-06, 0.0, 0.0, -1.0, 0.191952, 0.0, 1.0, 0.0, 0.763972, 0.0, 0.0, 0.0, 1.0],
                [1.0, 0.0, 0.0, -5e-06, 0.0, 0.0, -1.0, 0.229965, 0.0, 1.0, 0.0, 0.763972, 0.0, 0.0, 0.0, 1.0],
                [1.0, 0.0, 0.0, -5e-06, 0.0, 0.0, -1.0, 0.267977, 0.0, 1.0, 0.0, 0.763972, 0.0, 0.0, 0.0, 1.0],
                [1.0, 0.0, 0.0, -5e-06, 0.0, 0.0, -1.0, 0.305047, 0.0, 1.0, 0.0, 0.763972, 0.0, 0.0, 0.0, 1.0],
                [1.0, 0.0, 0.0, -5e-06, 0.0, 0.0, -1.0, 0.340233, 0.0, 1.0, 0.0, 0.763972, 0.0, 0.0, 0.0, 1.0],
                [1.0, 0.0, 0.0, -5e-06, 0.0, 0.0, -1.0, 0.37259, 0.0, 1.0, 0.0, 0.763972, 0.0, 0.0, 0.0, 1.0],
                [1.0, 0.0, 0.0, -5e-06, 0.0, 0.0, -1.0, 0.401179, 0.0, 1.0, 0.0, 0.763972, 0.0, 0.0, 0.0, 1.0],
                [1.0, 0.0, 0.0, -5e-06, 0.0, 0.0, -1.0, 0.425054, 0.0, 1.0, 0.0, 0.763972, 0.0, 0.0, 0.0, 1.0],
                [1.0, 0.0, 0.0, -5e-06, 0.0, 0.0, -1.0, 0.443275, 0.0, 1.0, 0.0, 0.763972, 0.0, 0.0, 0.0, 1.0],
                [1.0, 0.0, 0.0, -5e-06, 0.0, 0.0, -1.0, 0.454899, 0.0, 1.0, 0.0, 0.763972, 0.0, 0.0, 0.0, 1.0],
                [1.0, 0.0, 0.0, -5e-06, 0.0, 0.0, -1.0, 0.458983, 0.0, 1.0, 0.0, 0.763972, 0.0, 0.0, 0.0, 1.0],
                [1.0, 0.0, 0.0, -5e-06, 0.0, 0.0, -1.0, 0.458983, 0.0, 1.0, 0.0, 0.763972, 0.0, 0.0, 0.0, 1.0],
                [1.0, 0.0, 0.0, -5e-06, 0.0, 0.0, -1.0, 0.458983, 0.0, 1.0, 0.0, 0.763972, 0.0, 0.0, 0.0, 1.0],
                [1.0, 0.0, 0.0, -5e-06, 0.0, 0.0, -1.0, 0.458983, 0.0, 1.0, 0.0, 0.763972, 0.0, 0.0, 0.0, 1.0],
                [1.0, 0.0, 0.0, -5e-06, 0.0, 0.0, -1.0, 0.458983, 0.0, 1.0, 0.0, 0.763972, 0.0, 0.0, 0.0, 1.0],
                [1.0, 0.0, 0.0, -5e-06, 0.0, 0.0, -1.0, 0.458983, 0.0, 1.0, 0.0, 0.763972, 0.0, 0.0, 0.0, 1.0],
                [1.0, 0.0, 0.0, -5e-06, 0.0, 0.0, -1.0, 0.458983, 0.0, 1.0, 0.0, 0.763972, 0.0, 0.0, 0.0, 1.0],
                [1.0, 0.0, 0.0, -5e-06, 0.0, 0.0, -1.0, 0.458983, 0.0, 1.0, 0.0, 0.763972, 0.0, 0.0, 0.0, 1.0],
                [1.0, 0.0, 0.0, -5e-06, 0.0, 0.0, -1.0, 0.458983, 0.0, 1.0, 0.0, 0.763972, 0.0, 0.0, 0.0, 1.0],
                [1.0, 0.0, 0.0, -5e-06, 0.0, 0.0, -1.0, 0.458983, 0.0, 1.0, 0.0, 0.763972, 0.0, 0.0, 0.0, 1.0],
                [1.0, 0.0, 0.0, -5e-06, 0.0, 0.0, -1.0, 0.458983, 0.0, 1.0, 0.0, 0.763972, 0.0, 0.0, 0.0, 1.0],
                [1.0, 0.0, 0.0, -5e-06, 0.0, 0.0, -1.0, 0.458983, 0.0, 1.0, 0.0, 0.763972, 0.0, 0.0, 0.0, 1.0],
                [1.0, 0.0, 0.0, -5e-06, 0.0, 0.0, -1.0, 0.458983, 0.0, 1.0, 0.0, 0.763972, 0.0, 0.0, 0.0, 1.0]
            ]
        },
        {
            "name": "Thigh_R",
            "time": [0.0, 0.0167, 0.0333, 0.05, 0.0667, 0.0833, 0.1, 0.1167, 0.1333, 0.15, 0.1667, 0.1833, 0.2, 0.2167, 0.2333, 0.25, 0.2667, 0.2833, 0.3, 0.3167, 0.3333, 0.35, 0.3667, 0.3833, 0.4, 0.4167, 0.4333, 0.45, 0.4667, 0.4833, 0.5],
            "transform": [
                [0.994221, 0.059397, -0.089425, 0.124994, 0.068118, -0.992867, 0.097863, -0.002831, -0.082974, -0.103389, -0.991174, -1.2e-05, 0.0, 0.0, 0.0, 1.0],
                [0.98457, 0.022173, -0.173583, 0.124768, 0.066764, -0.964505, 0.255489, -0.00701, -0.161756, -0.263136, -0.951102, -0.013115, 0.0, 0.0, 0.0, 1.0],
                [0.921664, -0.116727, -0.370014, 0.123189, 0.052688, -0.907183, 0.417427, -0.016976, -0.384394, -0.404223, -0.829967, -0.044361, 0.0, 0.0, 0.0, 1.0],
                [0.748783, -0.356489, -0.558785, 0.118903, 0.011265, -0.836082, 0.548491, -0.028871, -0.662719, -0.416996, -0.622027, -0.081654, 0.0, 0.0, 0.0, 1.0],
                [0.527445, -0.594082, -0.607347, 0.110556, -0.037448, -0.730434, 0.681957, -0.038836, -0.848764, -0.336951, -0.40751, -0.1129, 0.0, 0.0, 0.0, 1.0],
                [0.359678, -0.764134, -0.535474, 0.096795, -0.045929, -0.587684, 0.807787, -0.043016, -0.931945, -0.26595, -0.246472, -0.126003, 0.0, 0.0, 0.0, 1.0],
                [0.236466, -0.87536, -0.421699, 0.075115, 0.009379, -0.431931, 0.901858, -0.040039, -0.971595, -0.217214, -0.093927, -0.124767, 0.0, 0.0, 0.0, 1.0],
                [0.115707, -0.944995, -0.30594, 0.046999, 0.129829, -0.290977, 0.94788, -0.032597, -0.984762, -0.149396, 0.08902, -0.121677, 0.0, 0.0, 0.0, 1.0],
                [-0.033864, -0.976888, -0.21106, 0.017075, 0.33308, -0.210139, 0.919184, -0.022923, -0.942291, -0.039173, 0.332497, -0.117659, 0.0, 0.0, 0.0, 1.0],
                [-0.208053, -0.964729, -0.161289, -0.010029, 0.578782, -0.254356, 0.7748, -0.013249, -0.788496, 0.067848, 0.611286, -0.113641, 0.0, 0.0, 0.0, 1.0],
                [-0.346487, -0.920901, -0.178577, -0.029685, 0.75435, -0.386694, 0.530493, -0.005807, -0.557586, 0.049099, 0.828666, -0.110551, 0.0, 0.0, 0.0, 1.0],
                [-0.420785, -0.870786, -0.25431, -0.037266, 0.830095, -0.482671, 0.279233, -0.002831, -0.3659, -0.093605, 0.925935, -0.109315, 0.0, 0.0, 0.0, 1.0],
                [-0.438677, -0.818075, -0.371909, -0.0352, 0.862093, -0.499936, 0.082825, -0.003738, -0.253687, -0.284287, 0.924567, -0.11235, 0.0, 0.0, 0.0, 1.0],
                [-0.410538, -0.753117, -0.514077, -0.029872, 0.890335, -0.452806, -0.047662, -0.006079, -0.196882, -0.477268, 0.856419, -0.120179, 0.0, 0.0, 0.0, 1.0],
                [-0.339461, -0.668126, -0.662099, -0.022587, 0.925406, -0.363311, -0.107842, -0.009279, -0.168496, -0.649319, 0.741617, -0.130885, 0.0, 0.0, 0.0, 1.0],
                [-0.214188, -0.558349, -0.80148, -0.01465, 0.964906, -0.248558, -0.084704, -0.012765, -0.15192, -0.791497, 0.591993, -0.142548, 0.0, 0.0, 0.0, 1.0],
                [-0.030906, -0.420494, -0.906769, -0.007365, 0.99021, -0.136428, 0.029517, -0.015965, -0.136121, -0.896981, 0.420594, -0.153254, 0.0, 0.0, 0.0, 1.0],
                [0.160662, -0.274737, -0.948002, -0.002037, 0.979948, -0.07029, 0.186447, -0.018306, -0.11786, -0.958948, 0.257935, -0.161083, 0.0, 0.0, 0.0, 1.0],
                [0.248549, -0.200389, -0.947664, 2.9e-05, 0.962563, -0.058135, 0.26475, -0.019213, -0.108146, -0.977991, 0.178438, -0.164119, 0.0, 0.0, 0.0, 1.0],
                [0.248549, -0.200389, -0.947664, 2.9e-05, 0.962563, -0.058135, 0.26475, -0.019213, -0.108146, -0.977991, 0.178438, -0.164119, 0.0, 0.0, 0.0, 1.0],
                [0.248549, -0.20039, -0.947664, 2.9e-05, 0.962563, -0.058135, 0.26475, -0.019213, -0.108146, -0.977991, 0.178438, -0.164119, 0.0, 0.0, 0.0, 1.0],
                [0.248549, -0.200391, -0.947664, 2.9e-05, 0.962564, -0.058134, 0.26475, -0.019213, -0.108146, -0.977991, 0.17844, -0.164119, 0.0, 0.0, 0.0, 1.0],
                [0.324512, -0.272019, -0.905924, 0.002169, 0.93655, -0.041796, 0.348033, -0.020221, -0.132536, -0.961385, 0.241196, -0.1625, 0.0, 0.0, 0.0, 1.0],
                [0.49687, -0.352742, -0.792901, 0.007906, 0.847131, -0.001191, 0.531383, -0.022923, -0.188386, -0.935721, 0.298227, -0.158161, 0.0, 0.0, 0.0, 1.0],
                [0.666363, -0.348315, -0.65927, 0.016211, 0.704283, 0.003691, 0.70991, -0.026834, -0.244839, -0.937372, 0.247771, -0.151879, 0.0, 0.0, 0.0, 1.0],
                [0.77978, -0.271296, -0.564218, 0.026058, 0.557294, -0.109829, 0.82302, -0.031471, -0.285249, -0.95621, 0.065549, -0.144432, 0.0, 0.0, 0.0, 1.0],
                [0.843025, -0.161405, -0.513086, 0.036418, 0.438879, -0.345064, 0.829649, -0.03635, -0.310957, -0.924598, -0.22006, -0.136596, 0.0, 0.0, 0.0, 1.0],
                [0.876172, -0.047625, -0.47964, 0.046264, 0.353748, -0.612378, 0.707006, -0.040987, -0.327392, -0.789131, -0.5197, -0.129148, 0.0, 0.0, 0.0, 1.0],
                [0.893091, 0.058062, -0.446114, 0.05457, 0.296884, -0.821116, 0.487473, -0.044899, -0.338007, -0.567802, -0.750568, -0.122867, 0.0, 0.0, 0.0, 1.0],
                [0.901115, 0.1544, -0.405159, 0.060306, 0.263579, -0.937029, 0.22914, -0.0476, -0.344266, -0.313273, -0.885066, -0.118528, 0.0, 0.0, 0.0, 1.0],
                [0.903541, 0.223372, -0.365676, 0.062447, 0.252185, -0.96714, 0.032346, -0.048608, -0.346434, -0.121444, -0.93018, -0.116909, 0.0, 0.0, 0.0, 1.0]
            ]
        },
        {
            "name": "Leg_R",
            "time": [0.0, 0.0167, 0.0333, 0.05, 0.0667, 0.0833, 0.1, 0.1167, 0.1333, 0.15, 0.1667, 0.1833, 0.2, 0.2167, 0.2333, 0.25, 0.2667, 0.2833, 0.3, 0.3167, 0.3333, 0.35, 0.3667, 0.3833, 0.4, 0.4167, 0.4333, 0.45, 0.4667, 0.4833, 0.5],
            "transform": [
                [1.0, 0.0, 1e-06, -0.0, -0.0, 0.999999, 0.00146, 0.374726, -1e-06, -0.00146, 0.999999, -0.0, 0.0, 0.0, 0.0, 1.0],
                [1.0, 7e-06, 2e-06, -0.0, -7e-06, 0.935899, 0.352265, 0.374726, 1e-06, -0.352266, 0.9359, 0.0, 0.0, 0.0, 0.0, 1.0],
                [1.0, 1.5e-05, 7e-06, -0.0, -1.5e-05, 0.704687, 0.709517, 0.374726, 5e-06, -0.709519, 0.704688, 0.0, 0.0, 0.0, 0.0, 1.0],
                [1.0, 1.5e-05, 1e-05, 0.0, -1.6e-05, 0.408157, 0.912911, 0.374726, 9e-06, -0.912913, 0.408157, -0.0, 0.0, 0.0, 0.0, 1.0],
                [1.0, 2.2e-05, 2.1e-05, -0.0, -2.3e-05, 0.104584, 0.994515, 0.374726, 2e-05, -0.994517, 0.104584, -0.0, 0.0, 0.0, 0.0, 1.0],
                [1.0, 2.1e-05, 2.6e-05, -0.0, -2.2e-05, -0.168566, 0.985689, 0.374726, 2.5e-05, -0.985691, -0.168566, -0.0, 0.0, 0.0, 0.0, 1.0],
                [1.0, 1.9e-05, 2.9e-05, 0.0, -1.9e-05, -0.391309, 0.920258, 0.374726, 2.9e-05, -0.92026, -0.391309, 0.0, 0.0, 0.0, 0.0, 1.0],
                [1.0, 1.7e-05, 3.4e-05, -0.0, -1.8e-05, -0.560806, 0.827946, 0.374726, 3.3e-05, -0.827948, -0.560806, -0.0, 0.0, 0.0, 0.0, 1.0],
                [1.0, 1.5e-05, 3.5e-05, -0.0, -1.6e-05, -0.671733, 0.740792, 0.374726, 3.5e-05, -0.740794, -0.671734, 0.0, 0.0, 0.0, 0.0, 1.0],
                [1.0, 1.5e-05, 3.7e-05, -0.0, -1.5e-05, -0.719264, 0.694736, 0.374726, 3.7e-05, -0.694737, -0.719264, 0.0, 0.0, 0.0, 0.0, 1.0],
                [1.0, 1.5e-05, 3.6e-05, 0.0, -1.5e-05, -0.697028, 0.717044, 0.374726, 3.6e-05, -0.717045, -0.697028, -0.0, 0.0, 0.0, 0.0, 1.0],
                [1.0, 2.1e-05, 4.3e-05, 0.0, -2.2e-05, -0.596926, 0.802296, 0.374726, 4.3e-05, -0.802297, -0.596926, -0.0, 0.0, 0.0, 0.0, 1.0],
                [1.0, 1.9e-05, 3.1e-05, -0.0, -2e-05, -0.4226, 0.906315, 0.374726, 3e-05, -0.906317, -0.422599, 0.0, 0.0, 0.0, 0.0, 1.0],
                [1.0, 2.6e-05, 3.2e-05, -0.0, -2.6e-05, -0.190203, 0.981744, 0.374726, 3.1e-05, -0.981746, -0.190203, -0.0, 0.0, 0.0, 0.0, 1.0],
                [1.0, 1.8e-05, 1.8e-05, 0.0, -1.9e-05, 0.083314, 0.996522, 0.374726, 1.7e-05, -0.996525, 0.083314, -0.0, 0.0, 0.0, 0.0, 1.0],
                [1.0, 1.8e-05, 1.3e-05, 0.0, -1.9e-05, 0.368641, 0.929571, 0.374726, 1.2e-05, -0.929572, 0.368641, 0.0, 0.0, 0.0, 0.0, 1.0],
                [1.0, 1.6e-05, 9e-06, 0.0, -1.7e-05, 0.627167, 0.778884, 0.374726, 7e-06, -0.778886, 0.627167, 0.0, 0.0, 0.0, 0.0, 1.0],
                [1.0, 1.2e-05, 5e-06, 0.0, -1.2e-05, 0.81404, 0.580808, 0.374726, 3e-06, -0.58081, 0.81404, 0.0, 0.0, 0.0, 0.0, 1.0],
                [1.0, 1e-05, 3e-06, -0.0, -1e-05, 0.884779, 0.466009, 0.374726, 2e-06, -0.46601, 0.884779, 0.0, 0.0, 0.0, 0.0, 1.0],
                [1.0, 1e-05, 3e-06, 0.0, -1e-05, 0.884779, 0.466009, 0.374726, 2e-06, -0.466011, 0.884779, 0.0, 0.0, 0.0, 0.0, 1.0],
                [1.0, 1e-05, 3e-06, -0.0, -1e-05, 0.884779, 0.46601, 0.374726, 2e-06, -0.466011, 0.884779, -0.0, 0.0, 0.0, 0.0, 1.0],
                [1.0, 9e-06, 3e-06, -0.0, -1e-05, 0.884778, 0.466012, 0.374726, 2e-06, -0.466013, 0.884778, -0.0, 0.0, 0.0, 0.0, 1.0],
                [1.0, 1.3e-05, 5e-06, -0.0, -1.4e-05, 0.78283, 0.622235, 0.374726, 4e-06, -0.622236, 0.78283, -0.0, 0.0, 0.0, 0.0, 1.0],
                [1.0, 1.8e-05, 1.1e-05, -0.0, -1.9e-05, 0.54652, 0.837445, 0.374726, 9e-06, -0.837447, 0.54652, 0.0, 0.0, 0.0, 0.0, 1.0],
                [1.0, 1.7e-05, 1.4e-05, -0.0, -1.8e-05, 0.299892, 0.953971, 0.374726, 1.3e-05, -0.953974, 0.299893, 0.0, 0.0, 0.0, 0.0, 1.0],
                [1.0, 1.9e-05, 1.7e-05, 0.0, -2e-05, 0.153603, 0.988131, 0.374726, 1.6e-05, -0.988133, 0.153603, -0.0, 0.0, 0.0, 0.0, 1.0],
                [1.0, 2.3e-05, 2e-05, -0.0, -2.4e-05, 0.170956, 0.985277, 0.374726, 1.9e-05, -0.98528, 0.170957, -0.0, 0.0, 0.0, 0.0, 1.0],
                [1.0, 2.1e-05, 1.5e-05, -0.0, -2.2e-05, 0.35024, 0.936659, 0.374726, 1.4e-05, -0.936661, 0.35024, 0.0, 0.0, 0.0, 0.0, 1.0],
                [1.0, 1.4e-05, 8e-06, -0.0, -1.5e-05, 0.624766, 0.780812, 0.374726, 6e-06, -0.780813, 0.624766, 0.0, 0.0, 0.0, 0.0, 1.0],
                [1.0, 9e-06, 3e-06, -0.0, -1e-05, 0.880272, 0.474469, 0.374726, 2e-06, -0.47447, 0.880272, -0.0, 0.0, 0.0, 0.0, 1.0],
                [1.0, 3e-06, 1e-06, -0.0, -3e-06, 0.989407, 0.145164, 0.374726, -1e-06, -0.145165, 0.989407, -0.0, 0.0, 0.0, 0.0, 1.0]
            ]
        },
        {
            "name": "Knee_R",
            "time": [0.0, 0.5],
            "transform": [
                [1.0, 0.0, -0.0, -0.0, -0.0, 0.00567, -0.999984, 0.374726, -0.0, 0.999984, 0.00567, -0.0, 0.0, 0.0, 0.0, 1.0],
                [1.0, 0.0, -0.0, -0.0, -0.0, 0.00567, -0.999984, 0.374726, -0.0, 0.999984, 0.00567, -0.0, 0.0, 0.0, 0.0, 1.0]
            ]
        },
        {
            "name": "Thigh_L",
            "time": [0.0, 0.0167, 0.0333, 0.05, 0.0667, 0.0833, 0.1, 0.1167, 0.1333, 0.15, 0.1667, 0.1833, 0.2, 0.2167, 0.2333, 0.25, 0.2667, 0.2833, 0.3, 0.3167, 0.3333, 0.35, 0.3667, 0.3833, 0.4, 0.4167, 0.4333, 0.45, 0.4667, 0.4833, 0.5],
            "transform": [
                [1.0, -0.0, -0.0, -0.125006, -0.0, -0.992696, -0.120648, -0.002831, -0.0, 0.120648, -0.992696, -1.2e-05, 0.0, 0.0, 0.0, 1.0],
                [0.999431, -0.003228, -0.03358, -0.122592, -0.007235, -0.99276, -0.119904, -0.003977, -0.03295, 0.120079, -0.992218, 0.00343, 0.0, 0.0, 0.0, 1.0],
                [0.991991, -0.018648, -0.124922, -0.115973, -0.026925, -0.99753, -0.064899, -0.00712, -0.123403, 0.067742, -0.990042, 0.012866, 0.0, 0.0, 0.0, 1.0],
                [0.965356, -0.063534, -0.253083, -0.106084, -0.055284, -0.997686, 0.039586, -0.011816, -0.255012, -0.024223, -0.966635, 0.026965, 0.0, 0.0, 0.0, 1.0],
                [0.9108, -0.128351, -0.39239, -0.093859, -0.087237, -0.988819, 0.120952, -0.017621, -0.403527, -0.075932, -0.911812, 0.044395, 0.0, 0.0, 0.0, 1.0],
                [0.831776, -0.205157, -0.515809, -0.080232, -0.11784, -0.973279, 0.197085, -0.024091, -0.542459, -0.103148, -0.833726, 0.063822, 0.0, 0.0, 0.0, 1.0],
                [0.74192, -0.283085, -0.607798, -0.066138, -0.144583, -0.952721, 0.267246, -0.030784, -0.654714, -0.110398, -0.747771, 0.083916, 0.0, 0.0, 0.0, 1.0],
                [0.655228, -0.353741, -0.667491, -0.052511, -0.167902, -0.929683, 0.327873, -0.037255, -0.736536, -0.102758, -0.668547, 0.103344, 0.0, 0.0, 0.0, 1.0],
                [0.580001, -0.412817, -0.702269, -0.040286, -0.18984, -0.906847, 0.376286, -0.04306, -0.792187, -0.084928, -0.604341, 0.120773, 0.0, 0.0, 0.0, 1.0],
                [0.51923, -0.458062, -0.721513, -0.030397, -0.21266, -0.88693, 0.41004, -0.047755, -0.827754, -0.059468, -0.557931, 0.134872, 0.0, 0.0, 0.0, 1.0],
                [0.473228, -0.488066, -0.73338, -0.023778, -0.238154, -0.872378, 0.426896, -0.050898, -0.848138, -0.027362, -0.529069, 0.144309, 0.0, 0.0, 0.0, 1.0],
                [0.441857, -0.500732, -0.744332, -0.021364, -0.267359, -0.865522, 0.423547, -0.052044, -0.856319, 0.011857, -0.516312, 0.14775, 0.0, 0.0, 0.0, 1.0],
                [0.438373, -0.490706, -0.753019, -0.027105, -0.297492, -0.869805, 0.393623, -0.051608, -0.848132, 0.051463, -0.52728, 0.145128, 0.0, 0.0, 0.0, 1.0],
                [0.468144, -0.457966, -0.755717, -0.041911, -0.32242, -0.884786, 0.336453, -0.050481, -0.822731, 0.08615, -0.561864, 0.138365, 0.0, 0.0, 0.0, 1.0],
                [0.518873, -0.407838, -0.751292, -0.062156, -0.336948, -0.90528, 0.25872, -0.048941, -0.785644, 0.118904, -0.607145, 0.129118, 0.0, 0.0, 0.0, 1.0],
                [0.577645, -0.347507, -0.738624, -0.084214, -0.338475, -0.925371, 0.170661, -0.047262, -0.742806, 0.151424, -0.652158, 0.119043, 0.0, 0.0, 0.0, 1.0],
                [0.632008, -0.287538, -0.719645, -0.104459, -0.329369, -0.940239, 0.086417, -0.045722, -0.701486, 0.182412, -0.688944, 0.109795, 0.0, 0.0, 0.0, 1.0],
                [0.671167, -0.241263, -0.700947, -0.119265, -0.316923, -0.948176, 0.022899, -0.044595, -0.670145, 0.206777, -0.712846, 0.103033, 0.0, 0.0, 0.0, 1.0],
                [0.686139, -0.222848, -0.692497, -0.125006, -0.310782, -0.95048, -0.002061, -0.044158, -0.657744, 0.216629, -0.721418, 0.10041, 0.0, 0.0, 0.0, 1.0],
                [0.686139, -0.222848, -0.692497, -0.125006, -0.310782, -0.95048, -0.002061, -0.044158, -0.657744, 0.216629, -0.721418, 0.10041, 0.0, 0.0, 0.0, 1.0],
                [0.68614, -0.222847, -0.692497, -0.125006, -0.310781, -0.95048, -0.002061, -0.044158, -0.657745, 0.216629, -0.721418, 0.10041, 0.0, 0.0, 0.0, 1.0],
                [0.686139, -0.222848, -0.692497, -0.125006, -0.310782, -0.95048, -0.002061, -0.044158, -0.657744, 0.216629, -0.721418, 0.10041, 0.0, 0.0, 0.0, 1.0],
                [0.684587, -0.247453, -0.685645, -0.125006, -0.306236, -0.951216, 0.037535, -0.044158, -0.661484, 0.184273, -0.726968, 0.10041, 0.0, 0.0, 0.0, 1.0],
                [0.680058, -0.305773, -0.666352, -0.125006, -0.293321, -0.946443, 0.134945, -0.044158, -0.671926, 0.103684, -0.733325, 0.10041, 0.0, 0.0, 0.0, 1.0],
                [0.672403, -0.375766, -0.63771, -0.125006, -0.272506, -0.926715, 0.258729, -0.044158, -0.688197, -0.000191, -0.725524, 0.10041, 0.0, 0.0, 0.0, 1.0],
                [0.661226, -0.442361, -0.605886, -0.125006, -0.243981, -0.890547, 0.383928, -0.044158, -0.709404, -0.106039, -0.69678, 0.10041, 0.0, 0.0, 0.0, 1.0],
                [0.646219, -0.49694, -0.579182, -0.125006, -0.208435, -0.845009, 0.49246, -0.044158, -0.734137, -0.197515, -0.649639, 0.10041, 0.0, 0.0, 0.0, 1.0],
                [0.62779, -0.535521, -0.564887, -0.125006, -0.168082, -0.801864, 0.57338, -0.044158, -0.760019, -0.265015, -0.593413, 0.10041, 0.0, 0.0, 0.0, 1.0],
                [0.608019, -0.558151, -0.564607, -0.125006, -0.127895, -0.770734, 0.62419, -0.044158, -0.783553, -0.307309, -0.540005, 0.10041, 0.0, 0.0, 0.0, 1.0],
                [0.591469, -0.56785, -0.572461, -0.125006, -0.096236, -0.7546, 0.64909, -0.044158, -0.800565, -0.328826, -0.50097, 0.10041, 0.0, 0.0, 0.0, 1.0],
                [0.584578, -0.570039, -0.577343, -0.125006, -0.083506, -0.750088, 0.656045, -0.044158, -0.807029, -0.335299, -0.486086, 0.10041, 0.0, 0.0, 0.0, 1.0]
            ]
        },
        {
            "name": "Leg_L",
            "time": [0.0, 0.0167, 0.0333, 0.05, 0.0667, 0.0833, 0.1, 0.1167, 0.1333, 0.15, 0.1667, 0.1833, 0.2, 0.2167, 0.2333, 0.25, 0.2667, 0.2833, 0.3, 0.3167, 0.3333, 0.35, 0.3667, 0.3833, 0.4, 0.4167, 0.4333, 0.45, 0.4667, 0.4833, 0.5],
            "transform": [
                [1.0, 0.0, 1e-06, 0.0, -0.0, 0.999999, 0.00146, 0.374726, -1e-06, -0.00146, 0.999999, 0.0, 0.0, 0.0, 0.0, 1.0],
                [1.0, 0.0, 1e-06, 0.0, -0.0, 0.999999, 0.00146, 0.374726, -1e-06, -0.00146, 0.999999, 0.0, 0.0, 0.0, 0.0, 1.0],
                [1.0, 2e-06, 1e-06, -0.0, -2e-06, 0.994495, 0.104787, 0.374726, -1e-06, -0.104787, 0.994495, 0.0, 0.0, 0.0, 0.0, 1.0],
                [1.0, 6e-06, 2e-06, 0.0, -6e-06, 0.956544, 0.291587, 0.374726, 0.0, -0.291587, 0.956544, 0.0, 0.0, 0.0, 0.0, 1.0],
                [1.0, 9e-06, 3e-06, 0.0, -9e-06, 0.910706, 0.413056, 0.374726, 1e-06, -0.413056, 0.910706, -0.0, 0.0, 0.0, 0.0, 1.0],
                [1.0, 1e-05, 4e-06, -0.0, -1.1e-05, 0.861098, 0.508438, 0.374726, 2e-06, -0.508439, 0.861098, -0.0, 0.0, 0.0, 0.0, 1.0],
                [1.0, 1.2e-05, 5e-06, -0.0, -1.3e-05, 0.81111, 0.584893, 0.374726, 3e-06, -0.584894, 0.81111, 0.0, 0.0, 0.0, 0.0, 1.0],
                [1.0, 1.4e-05, 6e-06, 0.0, -1.4e-05, 0.764236, 0.644936, 0.374726, 4e-06, -0.644937, 0.764236, 0.0, 0.0, 0.0, 0.0, 1.0],
                [1.0, 1.6e-05, 7e-06, -0.0, -1.7e-05, 0.7231, 0.690743, 0.374726, 6e-06, -0.690744, 0.7231, -0.0, 0.0, 0.0, 0.0, 1.0],
                [1.0, 1.6e-05, 8e-06, -0.0, -1.7e-05, 0.690659, 0.72318, 0.374726, 6e-06, -0.723181, 0.690659, 0.0, 0.0, 0.0, 0.0, 1.0],
                [1.0, 1.5e-05, 7e-06, -0.0, -1.5e-05, 0.669716, 0.742617, 0.374726, 6e-06, -0.742618, 0.669716, 0.0, 0.0, 0.0, 0.0, 1.0],
                [1.0, 1.5e-05, 7e-06, 0.0, -1.5e-05, 0.664086, 0.747655, 0.374726, 6e-06, -0.747656, 0.664087, -0.0, 0.0, 0.0, 0.0, 1.0],
                [1.0, 1.4e-05, 7e-06, 0.0, -1.4e-05, 0.67083, 0.74161, 0.374726, 6e-06, -0.741611, 0.67083, -0.0, 0.0, 0.0, 0.0, 1.0],
                [1.0, 1.5e-05, 7e-06, -0.0, -1.6e-05, 0.685714, 0.727871, 0.374726, 6e-06, -0.727871, 0.685714, 0.0, 0.0, 0.0, 0.0, 1.0],
                [1.0, 1.3e-05, 6e-06, 0.0, -1.4e-05, 0.709629, 0.704575, 0.374726, 5e-06, -0.704576, 0.709629, -0.0, 0.0, 0.0, 0.0, 1.0],
                [1.0, 1.4e-05, 6e-06, -0.0, -1.5e-05, 0.741022, 0.67148, 0.374726, 5e-06, -0.671481, 0.741022, 0.0, 0.0, 0.0, 0.0, 1.0],
                [1.0, 8e-06, 4e-06, 0.0, -9e-06, 0.774503, 0.63257, 0.374726, 2e-06, -0.63257, 0.774503, 0.0, 0.0, 0.0, 0.0, 1.0],
                [0.999999, 1.3e-05, 5e-06, 0.0, -1.3e-05, 0.801521, 0.597966, 0.374726, 4e-06, -0.597967, 0.801521, 0.0, 0.0, 0.0, 0.0, 1.0],
                [1.0, 1.2e-05, 5e-06, -0.0, -1.3e-05, 0.812467, 0.583006, 0.374726, 3e-06, -0.583007, 0.812468, 0.0, 0.0, 0.0, 0.0, 1.0],
                [1.0, 1.2e-05, 5e-06, 0.0, -1.3e-05, 0.812467, 0.583006, 0.374726, 3e-06, -0.583007, 0.812468, 0.0, 0.0, 0.0, 0.0, 1.0],
                [1.0, 1.1e-05, 4e-06, 0.0, -1.1e-05, 0.812467, 0.583006, 0.374726, 3e-06, -0.583007, 0.812468, 0.0, 0.0, 0.0, 0.0, 1.0],
                [1.0, 1.2e-05, 5e-06, -0.0, -1.3e-05, 0.812467, 0.583006, 0.374726, 3e-06, -0.583007, 0.812468, 0.0, 0.0, 0.0, 0.0, 1.0],
                [1.0, 1.3e-05, 5e-06, 0.0, -1.3e-05, 0.78609, 0.618112, 0.374726, 4e-06, -0.618112, 0.78609, -0.0, 0.0, 0.0, 0.0, 1.0],
                [1.0, 1.5e-05, 6e-06, -0.0, -1.5e-05, 0.72289, 0.690963, 0.374726, 5e-06, -0.690963, 0.72289, -0.0, 0.0, 0.0, 0.0, 1.0],
                [0.999999, 1.8e-05, 9e-06, -0.0, -1.8e-05, 0.650861, 0.759196, 0.374726, 8e-06, -0.759197, 0.650861, 0.0, 0.0, 0.0, 0.0, 1.0],
                [1.0, 1.6e-05, 9e-06, 0.0, -1.6e-05, 0.595368, 0.803453, 0.374726, 7e-06, -0.803453, 0.595368, 0.0, 0.0, 0.0, 0.0, 1.0],
                [1.0, 1.7e-05, 1e-05, 0.0, -1.8e-05, 0.571844, 0.820362, 0.374726, 9e-06, -0.820362, 0.571845, -0.0, 0.0, 0.0, 0.0, 1.0],
                [1.0, 1.8e-05, 1e-05, 0.0, -1.9e-05, 0.582923, 0.812527, 0.374726, 9e-06, -0.812528, 0.582923, 0.0, 0.0, 0.0, 0.0, 1.0],
                [1.0, 1.3e-05, 7e-06, -0.0, -1.4e-05, 0.617253, 0.786764, 0.374726, 6e-06, -0.786766, 0.617253, -0.0, 0.0, 0.0, 0.0, 1.0],
                [1.0, 1.3e-05, 7e-06, 0.0, -1.4e-05, 0.654449, 0.756106, 0.374726, 6e-06, -0.756106, 0.654449, 0.0, 0.0, 0.0, 0.0, 1.0],
                [1.0, 9e-06, 5e-06, -0.0, -1e-05, 0.671138, 0.741331, 0.374726, 4e-06, -0.741332, 0.671139, 0.0, 0.0, 0.0, 0.0, 1.0]
            ]
        },
        {
            "name": "Knee_L",
            "time": [0.0, 0.5],
            "transform": [
                [1.0, 0.0, -0.0, 0.0, -0.0, 0.00567, -0.999984, 0.374726, -0.0, 0.999984, 0.00567, -0.0, 0.0, 0.0, 0.0, 1.0],
                [1.0, 0.0, -0.0, -0.0, -0.0, 0.00567, -0.999984, 0.406251, -0.0, 0.999984, 0.00567, -0.000179, 0.0, 0.0, 0.0, 1.0]
            ]
        },
        {
            "name": "Torso",
            "time": [0.0, 0.0167, 0.0333, 0.05, 0.0667, 0.0833, 0.1, 0.1167, 0.1333, 0.15, 0.1667, 0.1833, 0.2, 0.2167, 0.2333, 0.25, 0.2667, 0.2833, 0.3, 0.3167, 0.3333, 0.35, 0.3667, 0.3833, 0.4, 0.4167, 0.4333, 0.45, 0.4667, 0.4833, 0.5],
            "transform": [
                [1.0, 0.0, 0.0, 0.0, 0.0, 1.0, 0.0, 0.05, 0.0, 0.0, 1.0, 0.0, 0.0, 0.0, 0.0, 1.0],
                [0.999666, 0.0, 0.025826, 0.0, 0.0, 1.0, 0.0, 0.05, -0.025826, 0.0, 0.999666, 0.0, 0.0, 0.0, 0.0, 1.0],
                [0.995239, 0.0, 0.097467, 0.0, 0.0, 1.0, 0.0, 0.05, -0.097467, 0.0, 0.995239, 0.0, 0.0, 0.0, 0.0, 1.0],
                [0.978597, 0.0, 0.205788, 0.0, 0.0, 1.0, 0.0, 0.05, -0.205788, 0.0, 0.978597, 0.0, 0.0, 0.0, 0.0, 1.0],
                [0.940739, 0.0, 0.33913, 0.0, 0.0, 1.0, 0.0, 0.05, -0.33913, 0.0, 0.940739, 0.0, 0.0, 0.0, 0.0, 1.0],
                [0.875983, 0.0, 0.482342, 0.0, 0.0, 1.0, 0.0, 0.05, -0.482342, 0.0, 0.875983, 0.0, 0.0, 0.0, 0.0, 1.0],
                [0.785618, 0.0, 0.618712, 0.0, 0.0, 1.0, 0.0, 0.05, -0.618712, 0.0, 0.785618, 0.0, 0.0, 0.0, 0.0, 1.0],
                [0.678971, 0.0, 0.734165, 0.0, 0.0, 1.0, 0.0, 0.05, -0.734165, 0.0, 0.678971, 0.0, 0.0, 0.0, 0.0, 1.0],
                [0.570929, 0.0, 0.821, 0.0, 0.0, 1.0, 0.0, 0.05, -0.821, 0.0, 0.570929, 0.0, 0.0, 0.0, 0.0, 1.0],
                [0.47766, 0.0, 0.878545, 0.0, 0.0, 1.0, 0.0, 0.05, -0.878545, 0.0, 0.47766, 0.0, 0.0, 0.0, 0.0, 1.0],
                [0.41341, 0.0, 0.910545, 0.0, 0.0, 1.0, 0.0, 0.05, -0.910545, 0.0, 0.41341, 0.0, 0.0, 0.0, 0.0, 1.0],
                [0.389757, 0.0, 0.920918, 0.0, 0.0, 1.0, 0.0, 0.05, -0.920918, 0.0, 0.389757, 0.0, 0.0, 0.0, 0.0, 1.0],
                [0.391703, 0.0, 0.920092, 0.0, 0.0, 1.0, 0.0, 0.05, -0.920092, 0.0, 0.391703, 0.0, 0.0, 0.0, 0.0, 1.0],
                [0.39725, 0.0, 0.91771, 0.0, 0.0, 1.0, 0.0, 0.05, -0.91771, 0.0, 0.39725, 0.0, 0.0, 0.0, 0.0, 1.0],
                [0.405952, 0.0, 0.913894, 0.0, 0.0, 1.0, 0.0, 0.05, -0.913894, 0.0, 0.405952, 0.0, 0.0, 0.0, 0.0, 1.0],
                [0.417353, 0.0, 0.908744, 0.0, 0.0, 1.0, 0.0, 0.05, -0.908744, 0.0, 0.417353, 0.0, 0.0, 0.0, 0.0, 1.0],
                [0.430993, 0.0, 0.902355, 0.0, 0.0, 1.0, 0.0, 0.05, -0.902355, 0.0, 0.430993, 0.0, 0.0, 0.0, 0.0, 1.0],
                [0.446407, 0.0, 0.89483, 0.0, 0.0, 1.0, 0.0, 0.05, -0.89483, 0.0, 0.446407, 0.0, 0.0, 0.0, 0.0, 1.0],
                [0.463136, 0.0, 0.886287, 0.0, 0.0, 1.0, 0.0, 0.05, -0.886287, 0.0, 0.463136, 0.0, 0.0, 0.0, 0.0, 1.0],
                [0.480725, 0.0, 0.876871, 0.0, 0.0, 1.0, 0.0, 0.05, -0.876871, 0.0, 0.480725, 0.0, 0.0, 0.0, 0.0, 1.0],
                [0.498731, 0.0, 0.866757, 0.0, 0.0, 1.0, 0.0, 0.05, -0.866757, 0.0, 0.498731, 0.0, 0.0, 0.0, 0.0, 1.0],
                [0.516724, 0.0, 0.856152, 0.0, 0.0, 1.0, 0.0, 0.05, -0.856152, 0.0, 0.516724, 0.0, 0.0, 0.0, 0.0, 1.0],
                [0.534294, 0.0, 0.845298, 0.0, 0.0, 1.0, 0.0, 0.05, -0.845298, 0.0, 0.534294, 0.0, 0.0, 0.0, 0.0, 1.0],
                [0.551051, 0.0, 0.834471, 0.0, 0.0, 1.0, 0.0, 0.05, -0.834471, 0.0, 0.551051, 0.0, 0.0, 0.0, 0.0, 1.0],
                [0.566628, 0.0, 0.823973, 0.0, 0.0, 1.0, 0.0, 0.05, -0.823973, 0.0, 0.566628, 0.0, 0.0, 0.0, 0.0, 1.0],
                [0.580679, 0.0, 0.814133, 0.0, 0.0, 1.0, 0.0, 0.05, -0.814133, 0.0, 0.580679, 0.0, 0.0, 0.0, 0.0, 1.0],
                [0.592874, 0.0, 0.805295, 0.0, 0.0, 1.0, 0.0, 0.05, -0.805295, 0.0, 0.592874, 0.0, 0.0, 0.0, 0.0, 1.0],
                [0.602902, 0.0, 0.797815, 0.0, 0.0, 1.0, 0.0, 0.05, -0.797815, 0.0, 0.602902, 0.0, 0.0, 0.0, 0.0, 1.0],
                [0.610456, 0.0, 0.79205, 0.0, 0.0, 1.0, 0.0, 0.05, -0.79205, 0.0, 0.610456, 0.0, 0.0, 0.0, 0.0, 1.0],
                [0.615226, 0.0, 0.788351, 0.0, 0.0, 1.0, 0.0, 0.05, -0.788351, 0.0, 0.615226, 0.0, 0.0, 0.0, 0.0, 1.0],
                [0.616891, 0.0, 0.787048, 0.0, 0.0, 1.0, 0.0, 0.05, -0.787048, 0.0, 0.616891, 0.0, 0.0, 0.0, 0.0, 1.0]
            ]
        },
        {
            "name": "Chest",
            "time": [0.0, 0.0167, 0.0333, 0.05, 0.0667, 0.0833, 0.1, 0.1167, 0.1333, 0.15, 0.1667, 0.1833, 0.2, 0.2167, 0.2333, 0.25, 0.2667, 0.2833, 0.3, 0.3167, 0.3333, 0.35, 0.3667, 0.3833, 0.4, 0.4167, 0.4333, 0.45, 0.4667, 0.4833, 0.5],
            "transform": [
                [0.993818, 0.0, -0.111022, 0.0, 0.0, 1.0, 0.0, 0.3, 0.111022, 0.0, 0.993818, 0.0, 0.0, 0.0, 0.0, 1.0],
                [0.992994, 0.000306, -0.118161, -0.0, -0.000249, 1.0, 0.000492, 0.3, 0.118161, -0.000459, 0.992994, -0.0, 0.0, 0.0, 0.0, 1.0],
                [0.99047, 0.001162, -0.137723, 0.0, -0.000915, 0.999998, 0.001852, 0.3, 0.137725, -0.001708, 0.990469, 0.0, 0.0, 0.0, 0.0, 1.0],
                [0.985972, 0.002488, -0.166891, -0.0, -0.001862, 0.999991, 0.003911, 0.3, 0.1669, -0.003545, 0.985967, -0.0, 0.0, 0.0, 0.0, 1.0],
                [0.979211, 0.004205, -0.202799, 0.0, -0.002949, 0.999975, 0.006497, 0.3, 0.202821, -0.005764, 0.979199, -0.0, 0.0, 0.0, 0.0, 1.0],
                [0.970121, 0.006215, -0.242544, 0.0, -0.004049, 0.999947, 0.009428, 0.3, 0.24259, -0.008164, 0.970095, -0.0, 0.0, 0.0, 0.0, 1.0],
                [0.959013, 0.008396, -0.283237, 0.0, -0.005061, 0.999909, 0.012506, 0.3, 0.283316, -0.01056, 0.958969, -0.0, 0.0, 0.0, 0.0, 1.0],
                [0.946654, 0.010598, -0.322078, -0.0, -0.005914, 0.999862, 0.015518, 0.3, 0.322198, -0.012785, 0.946586, 0.0, 0.0, 0.0, 0.0, 1.0],
                [0.934238, 0.012647, -0.356425, -0.0, -0.006574, 0.999812, 0.018244, 0.3, 0.356589, -0.014701, 0.934146, -0.0, 0.0, 0.0, 0.0, 1.0],
                [0.923298, 0.014352, -0.383815, 0.0, -0.007034, 0.999766, 0.020462, 0.3, 0.384019, -0.016193, 0.923183, 0.0, 0.0, 0.0, 0.0, 1.0],
                [0.915538, 0.015515, -0.401931, 0.0, -0.007305, 0.999732, 0.021952, 0.3, 0.402164, -0.017162, 0.915407, 0.0, 0.0, 0.0, 0.0, 1.0],
                [0.912622, 0.015944, -0.408493, -0.0, -0.007396, 0.999719, 0.022496, 0.3, 0.408737, -0.017509, 0.912484, -0.0, 0.0, 0.0, 0.0, 1.0],
                [0.912622, 0.015944, -0.408493, 0.0, -0.007396, 0.999719, 0.022496, 0.3, 0.408737, -0.017509, 0.912484, -0.0, 0.0, 0.0, 0.0, 1.0],
                [0.912622, 0.015944, -0.408493, -0.0, -0.007396, 0.999719, 0.022496, 0.3, 0.408737, -0.017509, 0.912484, -0.0, 0.0, 0.0, 0.0, 1.0],
                [0.912622, 0.015944, -0.408493, 0.0, -0.007396, 0.999719, 0.022496, 0.3, 0.408737, -0.017509, 0.912484, -0.0, 0.0, 0.0, 0.0, 1.0],
                [0.912622, 0.015944, -0.408493, -0.0, -0.007396, 0.999719, 0.022496, 0.3, 0.408737, -0.017509, 0.912484, -0.0, 0.0, 0.0, 0.0, 1.0],
                [0.912622, 0.015944, -0.408493, 0.0, -0.007396, 0.999719, 0.022496, 0.3, 0.408737, -0.017509, 0.912484, -0.0, 0.0, 0.0, 0.0, 1.0],
                [0.912622, 0.015944, -0.408493, 0.0, -0.007396, 0.99972, 0.022496, 0.3, 0.408737, -0.017509, 0.912484, 0.0, 0.0, 0.0, 0.0, 1.0],
                [0.912622, 0.015944, -0.408493, 0.0, -0.007396, 0.99972, 0.022496, 0.3, 0.408737, -0.017509, 0.912484, 0.0, 0.0, 0.0, 0.0, 1.0],
                [0.912622, 0.015944, -0.408493, -0.0, -0.007396, 0.999719, 0.022496, 0.3, 0.408737, -0.017509, 0.912484, 0.0, 0.0, 0.0, 0.0, 1.0],
                [0.912622, 0.015944, -0.408493, -0.0, -0.007396, 0.999719, 0.022496, 0.3, 0.408737, -0.017509, 0.912484, 0.0, 0.0, 0.0, 0.0, 1.0],
                [0.912622, 0.015944, -0.408493, 0.0, -0.007396, 0.999719, 0.022496, 0.3, 0.408737, -0.017509, 0.912484, 0.0, 0.0, 0.0, 0.0, 1.0],
                [0.912622, 0.015944, -0.408493, 0.0, -0.007396, 0.999719, 0.022496, 0.3, 0.408737, -0.017509, 0.912484, -0.0, 0.0, 0.0, 0.0, 1.0],
                [0.912622, 0.015944, -0.408493, -0.0, -0.007396, 0.999719, 0.022496, 0.3, 0.408737, -0.017509, 0.912484, 0.0, 0.0, 0.0, 0.0, 1.0],
                [0.912622, 0.015944, -0.408493, 0.0, -0.007396, 0.999719, 0.022496, 0.3, 0.408737, -0.017509, 0.912484, -0.0, 0.0, 0.0, 0.0, 1.0],
                [0.912622, 0.015944, -0.408493, 0.0, -0.007396, 0.999719, 0.022496, 0.3, 0.408737, -0.017509, 0.912484, 0.0, 0.0, 0.0, 0.0, 1.0],
                [0.912622, 0.015944, -0.408493, 0.0, -0.007396, 0.999719, 0.022496, 0.3, 0.408737, -0.017509, 0.912484, -0.0, 0.0, 0.0, 0.0, 1.0],
                [0.912622, 0.015944, -0.408493, 0.0, -0.007396, 0.999719, 0.022496, 0.3, 0.408737, -0.017509, 0.912484, -0.0, 0.0, 0.0, 0.0, 1.0],
                [0.912622, 0.015944, -0.408493, 0.0, -0.007396, 0.999719, 0.022496, 0.3, 0.408737, -0.017509, 0.912484, -0.0, 0.0, 0.0, 0.0, 1.0],
                [0.912622, 0.015944, -0.408493, 0.0, -0.007396, 0.999719, 0.022496, 0.3, 0.408737, -0.017509, 0.912484, 0.0, 0.0, 0.0, 0.0, 1.0],
                [0.912622, 0.015944, -0.408493, 0.0, -0.007396, 0.999719, 0.022496, 0.3, 0.408737, -0.017509, 0.912484, 0.0, 0.0, 0.0, 0.0, 1.0]
            ]
        },
        {
            "name": "Head",
            "time": [0.0, 0.0167, 0.0333, 0.05, 0.0667, 0.0833, 0.1, 0.1167, 0.1333, 0.15, 0.1667, 0.1833, 0.2, 0.2167, 0.2333, 0.25, 0.2667, 0.2833, 0.3, 0.3167, 0.3333, 0.35, 0.3667, 0.3833, 0.4, 0.4167, 0.4333, 0.45, 0.4667, 0.4833, 0.5],
            "transform": [
                [1.0, 0.0, 0.0, 0.0, 0.0, 1.0, 0.0, 0.4, 0.0, 0.0, 1.0, 0.0, 0.0, 0.0, 0.0, 1.0],
                [1.0, 0.0, 0.0, -0.0, 0.0, 1.0, -0.0, 0.4, -0.0, 0.0, 1.0, -0.0, 0.0, 0.0, 0.0, 1.0],
                [1.0, -0.0, -0.0, -0.0, 0.0, 1.0, -0.0, 0.4, -0.0, 0.0, 1.0, -0.0, 0.0, 0.0, 0.0, 1.0],
                [1.0, -0.0, -0.0, -0.0, 0.0, 1.0, 0.0, 0.4, 0.0, 0.0, 1.0, 0.0, 0.0, 0.0, 0.0, 1.0],
                [1.0, 0.0, 0.0, 0.0, 0.0, 1.0, 0.0, 0.4, -0.0, 0.0, 1.0, -0.0, 0.0, 0.0, 0.0, 1.0],
                [1.0, -0.0, 0.0, -0.0, 0.0, 1.0, -0.0, 0.4, 0.0, 0.0, 1.0, 0.0, 0.0, 0.0, 0.0, 1.0],
                [1.0, 0.0, -0.0, 0.0, -0.0, 1.0, 0.0, 0.4, 0.0, 0.0, 1.0, -0.0, 0.0, 0.0, 0.0, 1.0],
                [1.0, -0.0, 0.0, -0.0, 0.0, 1.0, -0.0, 0.4, 0.0, 0.0, 1.0, -0.0, 0.0, 0.0, 0.0, 1.0],
                [1.0, 0.0, -0.0, -0.0, -0.0, 1.0, -0.0, 0.4, 0.0, 0.0, 1.0, 0.0, 0.0, 0.0, 0.0, 1.0],
                [1.0, -0.0, -0.0, -0.0, -0.0, 1.0, 0.0, 0.4, 0.0, -0.0, 1.0, -0.0, 0.0, 0.0, 0.0, 1.0],
                [1.0, 0.0, -0.0, 0.0, 0.0, 1.0, -0.0, 0.4, -0.0, 0.0, 1.0, -0.0, 0.0, 0.0, 0.0, 1.0],
                [1.0, -0.0, 0.0, -0.0, -0.0, 1.0, 0.0, 0.4, 0.0, 0.0, 1.0, 0.0, 0.0, 0.0, 0.0, 1.0],
                [1.0, 0.0, -0.0, 0.0, 0.0, 1.0, 0.0, 0.4, 0.0, -0.0, 1.0, -0.0, 0.0, 0.0, 0.0, 1.0],
                [1.0, 0.0, -0.0, 0.0, -0.0, 1.0, -0.0, 0.4, 0.0, 0.0, 1.0, 0.0, 0.0, 0.0, 0.0, 1.0],
                [1.0, -0.0, 0.0, -0.0, 0.0, 1.0, -0.0, 0.4, -0.0, 0.0, 1.0, -0.0, 0.0, 0.0, 0.0, 1.0],
                [1.0, 0.0, -0.0, 0.0, -0.0, 1.0, -0.0, 0.4, 0.0, 0.0, 1.0, 0.0, 0.0, 0.0, 0.0, 1.0],
                [1.0, 0.0, 0.0, -0.0, 0.0, 1.0, -0.0, 0.4, 0.0, 0.0, 1.0, 0.0, 0.0, 0.0, 0.0, 1.0],
                [1.0, 0.0, -0.0, 0.0, -0.0, 1.0, 0.0, 0.4, 0.0, -0.0, 1.0, 0.0, 0.0, 0.0, 0.0, 1.0],
                [1.0, 0.0, -0.0, 0.0, -0.0, 1.0, -0.0, 0.4, 0.0, 0.0, 1.0, 0.0, 0.0, 0.0, 0.0, 1.0],
                [1.0, -0.0, -0.0, 0.0, 0.0, 1.0, -0.0, 0.4, -0.0, 0.0, 1.0, -0.0, 0.0, 0.0, 0.0, 1.0],
                [1.0, -0.0, 0.0, -0.0, -0.0, 1.0, 0.0, 0.4, -0.0, 0.0, 1.0, 0.0, 0.0, 0.0, 0.0, 1.0],
                [1.0, -0.0, 0.0, 0.0, -0.0, 1.0, -0.0, 0.4, -0.0, -0.0, 1.0, -0.0, 0.0, 0.0, 0.0, 1.0],
                [1.0, 0.0, -0.0, 0.0, 0.0, 1.0, 0.0, 0.4, 0.0, -0.0, 1.0, 0.0, 0.0, 0.0, 0.0, 1.0],
                [1.0, -0.0, 0.0, 0.0, 0.0, 1.0, -0.0, 0.4, 0.0, 0.0, 1.0, 0.0, 0.0, 0.0, 0.0, 1.0],
                [1.0, -0.0, 0.0, -0.0, 0.0, 1.0, -0.0, 0.4, -0.0, 0.0, 1.0, -0.0, 0.0, 0.0, 0.0, 1.0],
                [1.0, 0.0, -0.0, -0.0, -0.0, 1.0, -0.0, 0.4, 0.0, 0.0, 1.0, -0.0, 0.0, 0.0, 0.0, 1.0],
                [1.0, -0.0, 0.0, -0.0, 0.0, 1.0, -0.0, 0.4, 0.0, 0.0, 1.0, 0.0, 0.0, 0.0, 0.0, 1.0],
                [1.0, -0.0, 0.0, 0.0, 0.0, 1.0, -0.0, 0.4, 0.0, 0.0, 1.0, 0.0, 0.0, 0.0, 0.0, 1.0],
                [1.0, 0.0, 0.0, -0.0, 0.0, 1.0, -0.0, 0.4, 0.0, 0.0, 1.0, 0.0, 0.0, 0.0, 0.0, 1.0],
                [1.0, 0.0, -0.0, 0.0, -0.0, 1.0, -0.0, 0.4, 0.0, 0.0, 1.0, 0.0, 0.0, 0.0, 0.0, 1.0],
                [1.0, -0.0, -0.0, -0.0, 0.0, 1.0, 0.0, 0.4, -0.0, -0.0, 1.0, -0.0, 0.0, 0.0, 0.0, 1.0]
            ]
        },
        {
            "name": "Shoulder_R",
            "time": [0.0, 0.0167, 0.0333, 0.05, 0.0667, 0.0833, 0.1, 0.1167, 0.1333, 0.15, 0.1667, 0.1833, 0.2, 0.2167, 0.2333, 0.25, 0.2667, 0.2833, 0.3, 0.3167, 0.3333, 0.35, 0.3667, 0.3833, 0.4, 0.4167, 0.4333, 0.45, 0.4667, 0.4833, 0.5],
            "transform": [
                [0.0, 0.952114, 0.305743, -0.0, 0.0, -0.305743, 0.952114, 0.4, 1.0, -0.0, -0.0, 0.0, 0.0, 0.0, 0.0, 1.0],
                [0.0, 0.952114, 0.305743, -0.0, 0.0, -0.305743, 0.952114, 0.4, 1.0, -0.0, -0.0, 0.0, 0.0, 0.0, 0.0, 1.0],
                [0.0, 0.952114, 0.305743, -0.0, 0.0, -0.305743, 0.952114, 0.4, 1.0, -0.0, -0.0, 0.0, 0.0, 0.0, 0.0, 1.0],
                [0.0, 0.952114, 0.305743, -0.0, 0.0, -0.305743, 0.952114, 0.4, 1.0, 0.0, -0.0, 0.0, 0.0, 0.0, 0.0, 1.0],
                [0.0, 0.952114, 0.305743, -0.0, 0.0, -0.305743, 0.952114, 0.4, 1.0, -0.0, -0.0, 0.0, 0.0, 0.0, 0.0, 1.0],
                [0.0, 0.952114, 0.305743, -0.0, 0.0, -0.305743, 0.952114, 0.4, 1.0, -0.0, -0.0, 0.0, 0.0, 0.0, 0.0, 1.0],
                [0.0, 0.952114, 0.305743, -0.0, 0.0, -0.305743, 0.952114, 0.4, 1.0, 0.0, -0.0, -0.0, 0.0, 0.0, 0.0, 1.0],
                [0.0, 0.952114, 0.305743, -0.0, 0.0, -0.305743, 0.952114, 0.4, 1.0, 0.0, -0.0, 0.0, 0.0, 0.0, 0.0, 1.0],
                [0.0, 0.952114, 0.305743, -0.0, -0.0, -0.305743, 0.952114, 0.4, 1.0, 0.0, -0.0, 0.0, 0.0, 0.0, 0.0, 1.0],
                [0.0, 0.952114, 0.305743, -0.0, 0.0, -0.305743, 0.952114, 0.4, 1.0, 0.0, -0.0, -0.0, 0.0, 0.0, 0.0, 1.0],
                [0.0, 0.952114, 0.305743, -0.0, 0.0, -0.305743, 0.952114, 0.4, 1.0, -0.0, -0.0, 0.0, 0.0, 0.0, 0.0, 1.0],
                [0.0, 0.952114, 0.305743, -0.0, 0.0, -0.305743, 0.952114, 0.4, 1.0, 0.0, -0.0, 0.0, 0.0, 0.0, 0.0, 1.0],
                [0.0, 0.952114, 0.305743, -0.0, 0.0, -0.305743, 0.952114, 0.4, 1.0, 0.0, -0.0, -0.0, 0.0, 0.0, 0.0, 1.0],
                [0.0, 0.952114, 0.305743, -0.0, 0.0, -0.305743, 0.952114, 0.4, 1.0, -0.0, -0.0, 0.0, 0.0, 0.0, 0.0, 1.0],
                [0.0, 0.952114, 0.305743, -0.0, 0.0, -0.305743, 0.952114, 0.4, 1.0, -0.0, -0.0, -0.0, 0.0, 0.0, 0.0, 1.0],
                [0.0, 0.952114, 0.305743, -0.0, -0.0, -0.305743, 0.952114, 0.4, 1.0, 0.0, -0.0, 0.0, 0.0, 0.0, 0.0, 1.0],
                [0.0, 0.952114, 0.305743, -0.0, 0.0, -0.305743, 0.952114, 0.4, 1.0, 0.0, -0.0, 0.0, 0.0, 0.0, 0.0, 1.0],
                [0.0, 0.952114, 0.305743, -0.0, 0.0, -0.305743, 0.952114, 0.4, 1.0, 0.0, -0.0, 0.0, 0.0, 0.0, 0.0, 1.0],
                [0.0, 0.952114, 0.305743, -0.0, 0.0, -0.305743, 0.952114, 0.4, 1.0, 0.0, -0.0, 0.0, 0.0, 0.0, 0.0, 1.0],
                [0.0, 0.952114, 0.305743, -0.0, -0.0, -0.305743, 0.952114, 0.4, 1.0, -0.0, -0.0, 0.0, 0.0, 0.0, 0.0, 1.0],
                [0.0, 0.952114, 0.305743, -0.0, 0.0, -0.305743, 0.952114, 0.4, 1.0, -0.0, -0.0, 0.0, 0.0, 0.0, 0.0, 1.0],
                [0.0, 0.952114, 0.305743, -0.0, 0.0, -0.305743, 0.952114, 0.4, 1.0, -0.0, -0.0, -0.0, 0.0, 0.0, 0.0, 1.0],
