{
    "animation": [
        {
            "name": "Root",
            "time": [0.0, 0.0167, 0.0333, 0.05, 0.0667, 0.0833, 0.1, 0.1167, 0.1333, 0.15, 0.1667, 0.1833, 0.2, 0.2167, 0.2333, 0.25, 0.2667, 0.2833, 0.3, 0.3167, 0.3333, 0.35, 0.3667, 0.3833, 0.4, 0.4167, 0.4333, 0.45, 0.4667, 0.4833, 0.5, 0.5167, 0.5333, 0.55],
            "transform": [
                [1.0, 0.0, 0.0, -5e-06, 0.0, 0.0, -1.0, 0.000946, 0.0, 1.0, 0.0, 0.605257, 0.0, 0.0, 0.0, 1.0],
                [1.0, 0.0, 0.0, 0.008387, 0.0, 0.0, -1.0, -0.006074, 0.0, 1.0, 0.0, 0.60781, 0.0, 0.0, 0.0, 1.0],
                [1.0, 0.0, 0.0, 0.028399, 0.0, 0.0, -1.0, -0.024465, 0.0, 1.0, 0.0, 0.618091, 0.0, 0.0, 0.0, 1.0],
                [1.0, 0.0, 0.0, 0.052285, 0.0, 0.0, -1.0, -0.050225, 0.0, 1.0, 0.0, 0.640031, 0.0, 0.0, 0.0, 1.0],
                [1.0, 0.0, 0.0, 0.072296, 0.0, 0.0, -1.0, -0.079352, 0.0, 1.0, 0.0, 0.677563, 0.0, 0.0, 0.0, 1.0],
                [1.0, 0.0, 0.0, 0.080689, 0.0, 0.0, -1.0, -0.107842, 0.0, 1.0, 0.0, 0.734619, 0.0, 0.0, 0.0, 1.0],
                [1.0, 0.0, 0.0, 0.080634, 0.0, 0.0, -1.0, -0.132312, 0.0, 1.0, 0.0, 0.812004, 0.0, 0.0, 0.0, 1.0],
                [1.0, 0.0, 0.0, 0.080502, 0.0, 0.0, -1.0, -0.151852, 0.0, 1.0, 0.0, 0.898011, 0.0, 0.0, 0.0, 1.0],
                [1.0, 0.0, 0.0, 0.080346, 0.0, 0.0, -1.0, -0.16617, 0.0, 1.0, 0.0, 0.977809, 0.0, 0.0, 0.0, 1.0],
                [1.0, 0.0, 0.0, 0.080215, 0.0, 0.0, -1.0, -0.174975, 0.0, 1.0, 0.0, 1.036565, 0.0, 0.0, 0.0, 1.0],
                [1.0, 0.0, 0.0, 0.08016, 0.0, 0.0, -1.0, -0.177974, 0.0, 1.0, 0.0, 1.059447, 0.0, 0.0, 0.0, 1.0],
                [1.0, 0.0, 0.0, 0.08016, 0.0, 0.0, -1.0, -0.177974, 0.0, 1.0, 0.0, 1.059447, 0.0, 0.0, 0.0, 1.0],
                [1.0, 0.0, 0.0, 0.08016, 0.0, 0.0, -1.0, -0.177974, 0.0, 1.0, 0.0, 1.059447, 0.0, 0.0, 0.0, 1.0],
                [1.0, 0.0, 0.0, 0.08016, 0.0, 0.0, -1.0, -0.177974, 0.0, 1.0, 0.0, 1.059447, 0.0, 0.0, 0.0, 1.0],
                [1.0, 0.0, 0.0, 0.08016, 0.0, 0.0, -1.0, -0.177974, 0.0, 1.0, 0.0, 1.059447, 0.0, 0.0, 0.0, 1.0],
                [1.0, 0.0, 0.0, 0.08016, 0.0, 0.0, -1.0, -0.177974, 0.0, 1.0, 0.0, 1.059447, 0.0, 0.0, 0.0, 1.0],
                [1.0, 0.0, 0.0, 0.08016, 0.0, 0.0, -1.0, -0.177974, 0.0, 1.0, 0.0, 1.059447, 0.0, 0.0, 0.0, 1.0],
                [1.0, 0.0, 0.0, 0.08016, 0.0, 0.0, -1.0, -0.177974, 0.0, 1.0, 0.0, 1.059447, 0.0, 0.0, 0.0, 1.0],
                [1.0, 0.0, 0.0, 0.08016, 0.0, 0.0, -1.0, -0.177974, 0.0, 1.0, 0.0, 1.059447, 0.0, 0.0, 0.0, 1.0],
                [1.0, 0.0, 0.0, 0.08016, 0.0, 0.0, -1.0, -0.177974, 0.0, 1.0, 0.0, 1.059447, 0.0, 0.0, 0.0, 1.0],
                [1.0, 0.0, 0.0, 0.08016, 0.0, 0.0, -1.0, -0.177974, 0.0, 1.0, 0.0, 1.059447, 0.0, 0.0, 0.0, 1.0],
                [1.0, 0.0, 0.0, 0.08016, 0.0, 0.0, -1.0, 0.242665, 0.0, 1.0, 0.0, 1.059447, 0.0, 0.0, 0.0, 1.0],
                [1.0, 0.0, 0.0, 0.08016, 0.0, 0.0, -1.0, 1.023852, 0.0, 1.0, 0.0, 1.059447, 0.0, 0.0, 0.0, 1.0],
                [1.0, 0.0, 0.0, 0.08016, 0.0, 0.0, -1.0, 1.44449, 0.0, 1.0, 0.0, 1.059447, 0.0, 0.0, 0.0, 1.0],
                [1.0, 0.0, 0.0, 0.08016, 0.0, 0.0, -1.0, 1.44449, 0.0, 1.0, 0.0, 1.059447, 0.0, 0.0, 0.0, 1.0],
                [1.0, 0.0, 0.0, 0.08016, 0.0, 0.0, -1.0, 1.44449, 0.0, 1.0, 0.0, 1.059447, 0.0, 0.0, 0.0, 1.0],
                [1.0, 0.0, 0.0, 0.08016, 0.0, 0.0, -1.0, 1.44449, 0.0, 1.0, 0.0, 1.059447, 0.0, 0.0, 0.0, 1.0],
                [1.0, 0.0, 0.0, 0.08016, 0.0, 0.0, -1.0, 1.44449, 0.0, 1.0, 0.0, 1.059447, 0.0, 0.0, 0.0, 1.0],
                [1.0, 0.0, 0.0, 0.08016, 0.0, 0.0, -1.0, 1.44449, 0.0, 1.0, 0.0, 1.059447, 0.0, 0.0, 0.0, 1.0],
                [1.0, 0.0, 0.0, 0.08016, 0.0, 0.0, -1.0, 1.44449, 0.0, 1.0, 0.0, 1.059447, 0.0, 0.0, 0.0, 1.0],
                [1.0, 0.0, 0.0, 0.08016, 0.0, 0.0, -1.0, 1.44449, 0.0, 1.0, 0.0, 1.059447, 0.0, 0.0, 0.0, 1.0],
                [1.0, 0.0, 0.0, 0.08016, 0.0, 0.0, -1.0, 1.44449, 0.0, 1.0, 0.0, 1.059447, 0.0, 0.0, 0.0, 1.0],
                [1.0, 0.0, 0.0, 0.08016, 0.0, 0.0, -1.0, 1.44449, 0.0, 1.0, 0.0, 1.059447, 0.0, 0.0, 0.0, 1.0],
                [1.0, 0.0, 0.0, 0.08016, 0.0, 0.0, -1.0, 1.44449, 0.0, 1.0, 0.0, 1.059447, 0.0, 0.0, 0.0, 1.0]
            ]
        },
        {
            "name": "Thigh_R",
            "time": [0.0, 0.0167, 0.0333, 0.05, 0.0667, 0.0833, 0.1, 0.1167, 0.1333, 0.15, 0.1667, 0.1833, 0.2, 0.2167, 0.2333, 0.25, 0.2667, 0.2833, 0.3, 0.3167, 0.3333, 0.35, 0.3667, 0.3833, 0.4, 0.4167, 0.4333, 0.45, 0.4667, 0.4833, 0.5, 0.5167, 0.5333, 0.55],
            "transform": [
                [0.787414, 0.268156, -0.555042, 0.124994, 0.527741, -0.758559, 0.382203, -0.002831, -0.318541, -0.593871, -0.738816, -1.2e-05, 0.0, 0.0, 0.0, 1.0],
                [0.74714, 0.32844, -0.577848, 0.129158, 0.566482, -0.769418, 0.29512, -0.00097, -0.347677, -0.547837, -0.760918, 0.014663, 0.0, 0.0, 0.0, 1.0],
                [0.654987, 0.531844, -0.536783, 0.139089, 0.643717, -0.764762, 0.027746, 0.003466, -0.395754, -0.363709, -0.843264, 0.049658, 0.0, 0.0, 0.0, 1.0],
                [0.556412, 0.615072, -0.558653, 0.150942, 0.713952, -0.697852, -0.057239, 0.008761, -0.425063, -0.367003, -0.827424, 0.091426, 0.0, 0.0, 0.0, 1.0],
                [0.482097, 0.703002, -0.52285, 0.160873, 0.761493, -0.631346, -0.146739, 0.013198, -0.433256, -0.327404, -0.8397, 0.12642, 0.0, 0.0, 0.0, 1.0],
                [0.446413, 0.691883, -0.567463, 0.165037, 0.785667, -0.606596, -0.121525, 0.015058, -0.428302, -0.391587, -0.814381, 0.141095, 0.0, 0.0, 0.0, 1.0],
                [0.428909, 0.687547, -0.585932, 0.141098, 0.796506, -0.593833, -0.113765, 0.008056, -0.426164, -0.417904, -0.802335, 0.1409, 0.0, 0.0, 0.0, 1.0],
                [0.422828, 0.83643, -0.348714, 0.083509, 0.785246, -0.53025, -0.319724, -0.008638, -0.452332, -0.138639, -0.881008, 0.139718, 0.0, 0.0, 0.0, 1.0],
                [0.455413, 0.886328, 0.083808, 0.013614, 0.766825, -0.342694, -0.542717, -0.028553, -0.452304, 0.311427, -0.835724, 0.136654, 0.0, 0.0, 0.0, 1.0],
                [0.409786, 0.733718, 0.541972, -0.047247, 0.838488, -0.06903, -0.54053, -0.045221, -0.359184, 0.67594, -0.643501, 0.130812, 0.0, 0.0, 0.0, 1.0],
                [0.321277, 0.542515, 0.776183, -0.077729, 0.911819, 0.044069, -0.408221, -0.05217, -0.255671, 0.838891, -0.480517, 0.121298, 0.0, 0.0, 0.0, 1.0],
                [0.257192, 0.446593, 0.856976, -0.084382, 0.954447, 0.021428, -0.297611, -0.047613, -0.151274, 0.894482, -0.420738, 0.085252, 0.0, 0.0, 0.0, 1.0],
                [0.20036, 0.23338, 0.95152, -0.088417, 0.978889, -0.007629, -0.204251, -0.03684, -0.040409, 0.972357, -0.229981, 0.016145, 0.0, 0.0, 0.0, 1.0],
                [0.111692, -0.178727, 0.977539, -0.090489, 0.991328, -0.048498, -0.122135, -0.024004, 0.069238, 0.982704, 0.17176, -0.06243, 0.0, 0.0, 0.0, 1.0],
                [0.009726, -0.610966, 0.791597, -0.091253, 0.990969, -0.099989, -0.089348, -0.013258, 0.13374, 0.785319, 0.604475, -0.126877, 0.0, 0.0, 0.0, 1.0],
                [-0.055098, -0.852851, 0.51924, -0.091362, 0.988246, -0.120846, -0.093624, -0.008753, 0.142595, 0.507979, 0.849485, -0.153603, 0.0, 0.0, 0.0, 1.0],
                [-0.064664, -0.896098, 0.439123, -0.075231, 0.98896, -0.11634, -0.091776, -0.010497, 0.133327, 0.428341, 0.893727, -0.153603, 0.0, 0.0, 0.0, 1.0],
                [-0.045759, -0.888992, 0.455633, -0.036765, 0.988233, -0.106923, -0.109374, -0.014656, 0.14595, 0.445267, 0.883423, -0.153603, 0.0, 0.0, 0.0, 1.0],
                [-0.037045, -0.977141, 0.209344, 0.009147, 0.982008, -0.074413, -0.173561, -0.01962, 0.185172, 0.199148, 0.962316, -0.153603, 0.0, 0.0, 0.0, 1.0],
                [-0.070755, -0.90497, -0.419554, 0.047613, 0.98283, 0.008608, -0.184312, -0.02378, 0.170408, -0.425392, 0.888822, -0.153603, 0.0, 0.0, 0.0, 1.0],
                [-0.105401, -0.045826, -0.993373, 0.063744, 0.988505, 0.104054, -0.109684, -0.025524, 0.10839, -0.993517, 0.034332, -0.153603, 0.0, 0.0, 0.0, 1.0],
                [-0.11509, -0.036894, -0.99267, 0.063744, 0.989533, 0.083324, -0.117823, -0.025524, 0.08706, -0.995841, 0.026918, -0.153603, 0.0, 0.0, 0.0, 1.0],
                [-0.110782, -0.040869, -0.993004, 0.063744, 0.989142, 0.09255, -0.11416, -0.025524, 0.096568, -0.99487, 0.030173, -0.153603, 0.0, 0.0, 0.0, 1.0],
                [-0.105401, -0.045826, -0.993373, 0.063744, 0.988505, 0.104054, -0.109684, -0.025524, 0.10839, -0.993517, 0.034332, -0.153603, 0.0, 0.0, 0.0, 1.0],
                [-0.105401, -0.045826, -0.993373, 0.063744, 0.988505, 0.104054, -0.109684, -0.025524, 0.10839, -0.993517, 0.034332, -0.153603, 0.0, 0.0, 0.0, 1.0],
                [-0.105401, -0.045826, -0.993373, 0.063744, 0.988505, 0.104054, -0.109684, -0.025524, 0.10839, -0.993517, 0.034332, -0.153603, 0.0, 0.0, 0.0, 1.0],
                [-0.105401, -0.045826, -0.993373, 0.063744, 0.988505, 0.104054, -0.109684, -0.025524, 0.10839, -0.993517, 0.034332, -0.153603, 0.0, 0.0, 0.0, 1.0],
                [-0.105401, -0.045826, -0.993373, 0.063744, 0.988505, 0.104054, -0.109684, -0.025524, 0.10839, -0.993517, 0.034332, -0.153603, 0.0, 0.0, 0.0, 1.0],
                [-0.105401, -0.045826, -0.993373, 0.063744, 0.988505, 0.104054, -0.109684, -0.025524, 0.10839, -0.993517, 0.034332, -0.153603, 0.0, 0.0, 0.0, 1.0],
                [-0.105401, -0.045826, -0.993373, 0.063744, 0.988505, 0.104054, -0.109684, -0.025524, 0.10839, -0.993517, 0.034332, -0.153603, 0.0, 0.0, 0.0, 1.0],
                [-0.105401, -0.045826, -0.993373, 0.063744, 0.988505, 0.104054, -0.109684, -0.025524, 0.10839, -0.993517, 0.034332, -0.153603, 0.0, 0.0, 0.0, 1.0],
                [-0.105401, -0.045826, -0.993373, 0.063744, 0.988505, 0.104054, -0.109684, -0.025524, 0.10839, -0.993517, 0.034332, -0.153603, 0.0, 0.0, 0.0, 1.0],
                [-0.105401, -0.045826, -0.993373, 0.063744, 0.988505, 0.104054, -0.109684, -0.025524, 0.10839, -0.993517, 0.034332, -0.153603, 0.0, 0.0, 0.0, 1.0],
                [-0.105401, -0.045826, -0.993373, 0.063744, 0.988505, 0.104054, -0.109684, -0.025524, 0.10839, -0.993517, 0.034332, -0.153603, 0.0, 0.0, 0.0, 1.0]
            ]
        },
        {
            "name": "Leg_R",
            "time": [0.0, 0.0167, 0.0333, 0.05, 0.0667, 0.0833, 0.1, 0.1167, 0.1333, 0.15, 0.1667, 0.1833, 0.2, 0.2167, 0.2333, 0.25, 0.2667, 0.2833, 0.3, 0.3167, 0.3333, 0.35, 0.3667, 0.3833, 0.4, 0.4167, 0.4333, 0.45, 0.4667, 0.4833, 0.5, 0.5167, 0.5333, 0.55],
            "transform": [
                [1.0, 1.1e-05, 5e-06, -0.0, -1.2e-05, 0.792359, 0.610055, 0.374726, 3e-06, -0.610056, 0.792359, 0.0, 0.0, 0.0, 0.0, 1.0],
                [1.0, 8e-06, 3e-06, 0.0, -8e-06, 0.874267, 0.485444, 0.374726, 1e-06, -0.485445, 0.874268, 0.0, 0.0, 0.0, 0.0, 1.0],
                [1.0, 0.0, 1e-06, 0.0, 0.0, 0.999999, 0.001461, 0.374726, -1e-06, -0.001461, 0.999999, 0.0, 0.0, 0.0, 0.0, 1.0],
                [1.0, -0.0, 1e-06, 0.0, -0.0, 0.999999, 0.001463, 0.374726, -1e-06, -0.001463, 0.999999, -0.0, 0.0, 0.0, 0.0, 1.0],
                [1.0, -0.0, 1e-06, -0.0, -0.0, 0.999999, 0.001463, 0.374726, -1e-06, -0.001463, 0.999999, 0.0, 0.0, 0.0, 0.0, 1.0],
                [1.0, 1e-05, 3e-06, 0.0, -1e-05, 0.907443, 0.420175, 0.374726, 2e-06, -0.420176, 0.907443, -0.0, 0.0, 0.0, 0.0, 1.0],
                [1.0, 1.6e-05, 1e-05, -0.0, -1.7e-05, 0.485862, 0.874034, 0.374726, 9e-06, -0.874036, 0.485862, 0.0, 0.0, 0.0, 0.0, 1.0],
                [1.0, 1.7e-05, 1.3e-05, -0.0, -1.8e-05, 0.329159, 0.944273, 0.374726, 1.2e-05, -0.944275, 0.32916, -0.0, 0.0, 0.0, 0.0, 1.0],
                [1.0, 1.6e-05, 1e-05, 0.0, -1.7e-05, 0.493522, 0.869732, 0.374726, 9e-06, -0.869734, 0.493522, 0.0, 0.0, 0.0, 0.0, 1.0],
                [1.0, 1.2e-05, 5e-06, 0.0, -1.3e-05, 0.756398, 0.654111, 0.374726, 4e-06, -0.654112, 0.756398, -0.0, 0.0, 0.0, 0.0, 1.0],
                [1.0, 1.4e-05, 6e-06, 0.0, -1.4e-05, 0.768013, 0.640432, 0.374726, 4e-06, -0.640434, 0.768014, 0.0, 0.0, 0.0, 0.0, 1.0],
                [1.0, 2e-05, 1.3e-05, 0.0, -2.1e-05, 0.454638, 0.890675, 0.374726, 1.2e-05, -0.890677, 0.454638, -0.0, 0.0, 0.0, 0.0, 1.0],
                [1.0, 2.1e-05, 1.9e-05, -0.0, -2.1e-05, 0.135627, 0.990759, 0.374726, 1.8e-05, -0.990761, 0.135628, -0.0, 0.0, 0.0, 0.0, 1.0],
                [1.0, 2.1e-05, 2.1e-05, 0.0, -2.1e-05, 0.044634, 0.999002, 0.374726, 2e-05, -0.999005, 0.044634, 0.0, 0.0, 0.0, 0.0, 1.0],
                [1.0, 2.2e-05, 1.9e-05, -0.0, -2.3e-05, 0.188934, 0.981988, 0.374726, 1.8e-05, -0.981991, 0.188934, 0.0, 0.0, 0.0, 0.0, 1.0],
                [1.0, 2e-05, 1.5e-05, -0.0, -2e-05, 0.341465, 0.939893, 0.374726, 1.4e-05, -0.939895, 0.341466, -0.0, 0.0, 0.0, 0.0, 1.0],
                [1.0, 2.2e-05, 2e-05, -0.0, -2.3e-05, 0.158972, 0.987282, 0.374726, 1.9e-05, -0.987284, 0.158972, 0.0, 0.0, 0.0, 0.0, 1.0],
                [1.0, 2e-05, 2.7e-05, 0.0, -2.1e-05, -0.267341, 0.963601, 0.374726, 2.7e-05, -0.963603, -0.267341, -0.0, 0.0, 0.0, 0.0, 1.0],
                [1.0, 1.7e-05, 3.2e-05, -0.0, -1.8e-05, -0.531741, 0.846906, 0.374726, 3.2e-05, -0.846908, -0.531741, -0.0, 0.0, 0.0, 0.0, 1.0],
                [1.0, 2e-05, 2.7e-05, -0.0, -2e-05, -0.274516, 0.961581, 0.374726, 2.6e-05, -0.961583, -0.274517, 0.0, 0.0, 0.0, 0.0, 1.0],
                [1.0, 0.0, 1e-06, -0.0, -0.0, 0.999999, 0.001461, 0.374726, -1e-06, -0.001461, 0.999999, 0.0, 0.0, 0.0, 0.0, 1.0],
                [1.0, 0.0, 1e-06, 0.0, -0.0, 0.999999, 0.001475, 0.374726, -1e-06, -0.001475, 0.999999, -0.0, 0.0, 0.0, 0.0, 1.0],
                [1.0, 0.0, 1e-06, 0.0, -0.0, 0.999999, 0.001469, 0.374726, -1e-06, -0.001469, 0.999999, 0.0, 0.0, 0.0, 0.0, 1.0],
                [1.0, 0.0, 1e-06, -0.0, -0.0, 0.999999, 0.001461, 0.374726, -1e-06, -0.001461, 0.999999, -0.0, 0.0, 0.0, 0.0, 1.0],
                [1.0, 0.0, 1e-06, -0.0, -0.0, 0.999999, 0.001461, 0.374726, -1e-06, -0.001461, 0.999999, 0.0, 0.0, 0.0, 0.0, 1.0],
                [1.0, 0.0, 1e-06, -0.0, -0.0, 0.999999, 0.001461, 0.374726, -1e-06, -0.001461, 0.999999, -0.0, 0.0, 0.0, 0.0, 1.0],
                [1.0, 0.0, 1e-06, -0.0, -0.0, 0.999999, 0.001461, 0.374726, -1e-06, -0.001461, 0.999999, 0.0, 0.0, 0.0, 0.0, 1.0],
                [1.0, 0.0, 1e-06, -0.0, -0.0, 0.999999, 0.001461, 0.374726, -1e-06, -0.001461, 0.999999, 0.0, 0.0, 0.0, 0.0, 1.0],
                [1.0, 0.0, 1e-06, -0.0, -0.0, 0.999999, 0.001461, 0.374726, -1e-06, -0.001461, 0.999999, -0.0, 0.0, 0.0, 0.0, 1.0],
                [1.0, 0.0, 1e-06, -0.0, -0.0, 0.999999, 0.001461, 0.374726, -1e-06, -0.001461, 0.999999, 0.0, 0.0, 0.0, 0.0, 1.0],
                [1.0, 0.0, 1e-06, -0.0, -0.0, 0.999998, 0.001461, 0.374726, -1e-06, -0.001461, 0.999999, 0.0, 0.0, 0.0, 0.0, 1.0],
                [1.0, 0.0, 1e-06, -0.0, -0.0, 0.999999, 0.001461, 0.374726, -1e-06, -0.001461, 0.999999, 0.0, 0.0, 0.0, 0.0, 1.0],
                [1.0, 0.0, 1e-06, -0.0, -0.0, 0.999999, 0.001461, 0.374726, -1e-06, -0.001461, 0.999999, 0.0, 0.0, 0.0, 0.0, 1.0],
                [1.0, 0.0, 1e-06, -0.0, -0.0, 0.999999, 0.001461, 0.374726, -1e-06, -0.001461, 0.999999, -0.0, 0.0, 0.0, 0.0, 1.0]
            ]
        },
        {
            "name": "Knee_R",
            "time": [0.0, 0.55],
            "transform": [
                [1.0, 0.0, -0.0, -0.0, -0.0, 0.00567, -0.999984, 0.387457, -0.0, 0.999984, 0.00567, -7.2e-05, 0.0, 0.0, 0.0, 1.0],
                [1.0, 0.0, -0.0, -0.0, -0.0, 0.00567, -0.999984, 0.374726, -0.0, 0.999984, 0.00567, 0.0, 0.0, 0.0, 0.0, 1.0]
            ]
        },
        {
            "name": "Thigh_L",
            "time": [0.0, 0.0167, 0.0333, 0.05, 0.0667, 0.0833, 0.1, 0.1167, 0.1333, 0.15, 0.1667, 0.1833, 0.2, 0.2167, 0.2333, 0.25, 0.2667, 0.2833, 0.3, 0.3167, 0.3333, 0.35, 0.3667, 0.3833, 0.4, 0.4167, 0.4333, 0.45, 0.4667, 0.4833, 0.5, 0.5167, 0.5333, 0.55],
            "transform": [
                [1.0, -1.5e-05, 6e-06, -0.125006, -1.4e-05, -0.651714, 0.758465, -0.002831, -7e-06, -0.758466, -0.651714, -1.2e-05, 0.0, 0.0, 0.0, 1.0],
                [0.999762, -0.015766, 0.01511, -0.122932, -0.021626, -0.618863, 0.785202, -0.009554, -0.003029, -0.785342, -0.619056, -0.000473, 0.0, 0.0, 0.0, 1.0],
                [0.997315, -0.047133, 0.056044, -0.117728, -0.072786, -0.554007, 0.829325, -0.025579, -0.00804, -0.831178, -0.55595, -0.002875, 0.0, 0.0, 0.0, 1.0],
                [0.991165, -0.076233, 0.108542, -0.110925, -0.132385, -0.517974, 0.845091, -0.044688, -0.008202, -0.851994, -0.523489, -0.008742, 0.0, 0.0, 0.0, 1.0],
                [0.982864, -0.096974, 0.156764, -0.104052, -0.18406, -0.56256, 0.806008, -0.060665, 0.010028, -0.82105, -0.570769, -0.0196, 0.0, 0.0, 0.0, 1.0],
                [0.972469, -0.10903, 0.205951, -0.098638, -0.22113, -0.710588, 0.667958, -0.067292, 0.073519, -0.695111, -0.715134, -0.036975, 0.0, 0.0, 0.0, 1.0],
                [0.889346, -0.163021, 0.427187, -0.095439, -0.307215, -0.90502, 0.294211, -0.0645, 0.33865, -0.392894, -0.854957, -0.061341, 0.0, 0.0, 0.0, 1.0],
                [0.445705, -0.161134, 0.880558, -0.092115, -0.396341, -0.917521, 0.032715, -0.057671, 0.802658, -0.363583, -0.472808, -0.088872, 0.0, 0.0, 0.0, 1.0],
                [-0.104913, -0.168806, 0.98005, -0.085553, -0.320255, -0.927256, -0.193995, -0.04877, 0.941504, -0.334219, 0.043221, -0.114634, 0.0, 0.0, 0.0, 1.0],
                [-0.404416, -0.191091, 0.894389, -0.072639, -0.207648, -0.933206, -0.293276, -0.039759, 0.890691, -0.304324, 0.337723, -0.133696, 0.0, 0.0, 0.0, 1.0],
                [-0.586375, 0.0121, 0.809949, -0.050259, -0.086489, -0.995108, -0.047749, -0.032602, 0.805409, -0.098051, 0.584553, -0.141124, 0.0, 0.0, 0.0, 1.0],
                [-0.768612, 0.113233, 0.629615, -0.017032, 0.054108, -0.969177, 0.240354, -0.028132, 0.637424, 0.218806, 0.738793, -0.129658, 0.0, 0.0, 0.0, 1.0],
                [-0.966043, 0.075454, 0.247121, 0.02149, 0.086313, -0.807232, 0.58389, -0.025549, 0.24354, 0.585392, 0.773308, -0.100036, 0.0, 0.0, 0.0, 1.0],
                [-0.934409, -0.152971, -0.321684, 0.058023, -0.140916, -0.670669, 0.728249, -0.024368, -0.327144, 0.725813, 0.605123, -0.059331, 0.0, 0.0, 0.0, 1.0],
                [-0.698522, -0.216306, -0.682114, 0.085285, -0.364748, -0.712471, 0.599454, -0.024101, -0.615651, 0.667532, 0.418779, -0.014615, 0.0, 0.0, 0.0, 1.0],
                [-0.604435, -0.18411, -0.775088, 0.095991, -0.410226, -0.762094, 0.500928, -0.024263, -0.682915, 0.62074, 0.385109, 0.027042, 0.0, 0.0, 0.0, 1.0],
                [-0.635003, -0.236092, -0.735549, 0.078026, -0.344882, -0.76536, 0.543398, -0.027539, -0.691251, 0.598737, 0.404581, 0.0599, 0.0, 0.0, 0.0, 1.0],
                [-0.685858, -0.34604, -0.6402, 0.035187, -0.231045, -0.730662, 0.642458, -0.035042, -0.690085, 0.58855, 0.421179, 0.083633, 0.0, 0.0, 0.0, 1.0],
                [-0.709255, -0.470062, -0.525357, -0.015943, -0.078652, -0.687819, 0.721609, -0.043926, -0.700551, 0.553125, 0.450868, 0.099288, 0.0, 0.0, 0.0, 1.0],
                [-0.610744, -0.62114, -0.491099, -0.058783, 0.071998, -0.661202, 0.746745, -0.051344, -0.788548, 0.420712, 0.448546, 0.107913, 0.0, 0.0, 0.0, 1.0],
                [-0.031381, -0.792241, -0.609402, -0.076747, 0.156201, -0.606099, 0.779902, -0.054449, -0.987227, -0.070715, 0.142769, 0.110555, 0.0, 0.0, 0.0, 1.0],
                [0.378311, -0.732011, -0.566606, -0.076747, 0.149066, -0.555934, 0.817752, -0.054449, -0.913598, -0.393826, -0.101197, 0.110555, 0.0, 0.0, 0.0, 1.0],
                [0.185455, -0.776485, -0.602228, -0.076747, 0.155905, -0.581847, 0.798216, -0.054449, -0.970206, -0.241923, 0.013151, 0.110556, 0.0, 0.0, 0.0, 1.0],
                [-0.031381, -0.792241, -0.609402, -0.076747, 0.156201, -0.606099, 0.779902, -0.054449, -0.987227, -0.070716, 0.142769, 0.110556, 0.0, 0.0, 0.0, 1.0],
                [-0.031381, -0.792241, -0.609402, -0.076747, 0.156202, -0.606099, 0.779901, -0.054449, -0.987227, -0.070716, 0.14277, 0.110556, 0.0, 0.0, 0.0, 1.0],
                [-0.031382, -0.792241, -0.609402, -0.076747, 0.156201, -0.606099, 0.779902, -0.054449, -0.987227, -0.070715, 0.142769, 0.110556, 0.0, 0.0, 0.0, 1.0],
                [-0.031382, -0.792241, -0.609402, -0.076747, 0.156201, -0.606099, 0.779902, -0.054449, -0.987227, -0.070715, 0.142769, 0.110556, 0.0, 0.0, 0.0, 1.0],
                [-0.031382, -0.792241, -0.609402, -0.076747, 0.156201, -0.606099, 0.779902, -0.054449, -0.987227, -0.070715, 0.142769, 0.110556, 0.0, 0.0, 0.0, 1.0],
                [-0.031382, -0.792241, -0.609402, -0.076747, 0.156201, -0.606099, 0.779902, -0.054449, -0.987227, -0.070715, 0.142769, 0.110556, 0.0, 0.0, 0.0, 1.0],
                [-0.031382, -0.792241, -0.609402, -0.076747, 0.156201, -0.606099, 0.779902, -0.054449, -0.987227, -0.070715, 0.142769, 0.110556, 0.0, 0.0, 0.0, 1.0],
                [-0.031382, -0.792241, -0.609402, -0.076747, 0.156201, -0.606099, 0.779902, -0.054449, -0.987227, -0.070715, 0.142769, 0.110556, 0.0, 0.0, 0.0, 1.0],
                [-0.031382, -0.792241, -0.609402, -0.076747, 0.156201, -0.606099, 0.779902, -0.054449, -0.987227, -0.070715, 0.142769, 0.110556, 0.0, 0.0, 0.0, 1.0],
                [-0.031382, -0.792241, -0.609402, -0.076747, 0.156201, -0.606099, 0.779902, -0.054449, -0.987227, -0.070715, 0.142769, 0.110556, 0.0, 0.0, 0.0, 1.0],
                [-0.031382, -0.792241, -0.609402, -0.076747, 0.156201, -0.606099, 0.779902, -0.054449, -0.987227, -0.070715, 0.142769, 0.110556, 0.0, 0.0, 0.0, 1.0]
            ]
        },
        {
            "name": "Leg_L",
            "time": [0.0, 0.0167, 0.0333, 0.05, 0.0667, 0.0833, 0.1, 0.1167, 0.1333, 0.15, 0.1667, 0.1833, 0.2, 0.2167, 0.2333, 0.25, 0.2667, 0.2833, 0.3, 0.3167, 0.3333, 0.35, 0.3667, 0.3833, 0.4, 0.4167, 0.4333, 0.45, 0.4667, 0.4833, 0.5, 0.5167, 0.5333, 0.55],
            "transform": [
                [1.0, 2.1e-05, 2.1e-05, -0.0, -2.2e-05, 0.041748, 0.999128, 0.374726, 2e-05, -0.999129, 0.041748, 0.0, 0.0, 0.0, 0.0, 1.0],
                [1.0, 2.1e-05, 2e-05, 0.0, -2.1e-05, 0.048418, 0.998827, 0.374726, 2e-05, -0.998827, 0.048419, 0.0, 0.0, 0.0, 0.0, 1.0],
                [1.0, 2.2e-05, 2e-05, -0.0, -2.2e-05, 0.102631, 0.994719, 0.374726, 1.9e-05, -0.99472, 0.102631, -0.0, 0.0, 0.0, 0.0, 1.0],
                [1.0, 2.1e-05, 1.7e-05, 0.0, -2.2e-05, 0.246523, 0.969137, 0.374726, 1.6e-05, -0.969137, 0.246523, 0.0, 0.0, 0.0, 0.0, 1.0],
                [1.0, 1.7e-05, 1.1e-05, -0.0, -1.8e-05, 0.484157, 0.874981, 0.374726, 1e-05, -0.874982, 0.484157, 0.0, 0.0, 0.0, 0.0, 1.0],
                [1.0, 1.1e-05, 5e-06, -0.0, -1.2e-05, 0.784677, 0.619904, 0.374726, 3e-06, -0.619905, 0.784677, 0.0, 0.0, 0.0, 0.0, 1.0],
                [1.0, 0.0, 1e-06, -0.0, -0.0, 0.999999, 0.001461, 0.374726, -1e-06, -0.001461, 0.999999, 0.0, 0.0, 0.0, 0.0, 1.0],
                [1.0, -0.0, 1e-06, -0.0, -0.0, 0.999998, 0.001463, 0.374726, -1e-06, -0.001463, 0.999999, -0.0, 0.0, 0.0, 0.0, 1.0],
                [1.0, 0.0, 1e-06, 0.0, -0.0, 0.999999, 0.001463, 0.374726, -1e-06, -0.001463, 0.999999, 0.0, 0.0, 0.0, 0.0, 1.0],
                [1.0, 0.0, 1e-06, -0.0, 0.0, 0.999999, 0.001461, 0.374726, -1e-06, -0.001461, 0.999999, -0.0, 0.0, 0.0, 0.0, 1.0],
                [1.0, 1.2e-05, 5e-06, -0.0, -1.3e-05, 0.811698, 0.584077, 0.374726, 3e-06, -0.584077, 0.811697, -0.0, 0.0, 0.0, 0.0, 1.0],
                [1.0, 2.1e-05, 1.4e-05, 0.0, -2.1e-05, 0.455052, 0.890464, 0.374726, 1.3e-05, -0.890465, 0.455052, 0.0, 0.0, 0.0, 0.0, 1.0],
                [1.0, 2.1e-05, 1.8e-05, 0.0, -2.1e-05, 0.166238, 0.986085, 0.374726, 1.7e-05, -0.986086, 0.166238, 0.0, 0.0, 0.0, 0.0, 1.0],
                [1.0, 2e-05, 1.9e-05, -0.0, -2e-05, 0.076437, 0.997074, 0.374726, 1.8e-05, -0.997075, 0.076437, -0.0, 0.0, 0.0, 0.0, 1.0],
                [1.0, 1.6e-05, 1.4e-05, -0.0, -1.6e-05, 0.147999, 0.988987, 0.374726, 1.3e-05, -0.988988, 0.147999, -0.0, 0.0, 0.0, 0.0, 1.0],
                [1.0, 2.8e-05, 2.4e-05, -0.0, -2.9e-05, 0.190919, 0.981605, 0.374726, 2.3e-05, -0.981606, 0.190919, 0.0, 0.0, 0.0, 0.0, 1.0],
                [1.0, 2.1e-05, 1.9e-05, -0.0, -2.2e-05, 0.12282, 0.992428, 0.374726, 1.8e-05, -0.992429, 0.12282, 0.0, 0.0, 0.0, 0.0, 1.0],
                [1.0, 2.1e-05, 2.1e-05, -0.0, -2.2e-05, 0.034141, 0.999417, 0.374726, 2e-05, -0.999417, 0.034141, 0.0, 0.0, 0.0, 0.0, 1.0],
                [1.0, 2e-05, 2.1e-05, 0.0, -2e-05, -0.018085, 0.999836, 0.374726, 2e-05, -0.999837, -0.018084, 0.0, 0.0, 0.0, 0.0, 1.0],
                [1.0, 2e-05, 2.1e-05, -0.0, -2.1e-05, -0.017559, 0.999845, 0.374726, 2e-05, -0.999846, -0.017559, -0.0, 0.0, 0.0, 0.0, 1.0],
                [1.0, 2.1e-05, 2.1e-05, -0.0, -2.2e-05, 0.016518, 0.999863, 0.374726, 2.1e-05, -0.999863, 0.016518, -0.0, 0.0, 0.0, 0.0, 1.0],
                [1.0, 2.1e-05, 2.1e-05, -0.0, -2.2e-05, 0.041107, 0.999154, 0.374726, 2e-05, -0.999155, 0.041107, -0.0, 0.0, 0.0, 0.0, 1.0],
                [1.0, 2.4e-05, 2.4e-05, 0.0, -2.4e-05, 0.027708, 0.999616, 0.374726, 2.3e-05, -0.999617, 0.027708, 0.0, 0.0, 0.0, 0.0, 1.0],
                [1.0, 2.1e-05, 2.1e-05, -0.0, -2.2e-05, 0.016518, 0.999863, 0.374726, 2.1e-05, -0.999864, 0.016518, -0.0, 0.0, 0.0, 0.0, 1.0],
                [1.0, 2e-05, 2.1e-05, 0.0, -2.1e-05, 0.016518, 0.999863, 0.374726, 2e-05, -0.999864, 0.016519, -0.0, 0.0, 0.0, 0.0, 1.0],
                [1.0, 2.2e-05, 2.2e-05, 0.0, -2.2e-05, 0.016518, 0.999863, 0.374726, 2.1e-05, -0.999864, 0.016518, -0.0, 0.0, 0.0, 0.0, 1.0],
                [1.0, 2.2e-05, 2.2e-05, 0.0, -2.2e-05, 0.016518, 0.999863, 0.374726, 2.1e-05, -0.999864, 0.016518, -0.0, 0.0, 0.0, 0.0, 1.0],
                [1.0, 2.2e-05, 2.2e-05, 0.0, -2.2e-05, 0.016518, 0.999863, 0.374726, 2.1e-05, -0.999864, 0.016518, -0.0, 0.0, 0.0, 0.0, 1.0],
                [1.0, 2.2e-05, 2.2e-05, 0.0, -2.2e-05, 0.016518, 0.999863, 0.374726, 2.1e-05, -0.999864, 0.016518, -0.0, 0.0, 0.0, 0.0, 1.0],
                [1.0, 2.2e-05, 2.2e-05, 0.0, -2.2e-05, 0.016518, 0.999863, 0.374726, 2.1e-05, -0.999864, 0.016518, -0.0, 0.0, 0.0, 0.0, 1.0],
                [1.0, 2.2e-05, 2.2e-05, 0.0, -2.2e-05, 0.016518, 0.999863, 0.374726, 2.1e-05, -0.999864, 0.016518, -0.0, 0.0, 0.0, 0.0, 1.0],
                [1.0, 2.2e-05, 2.2e-05, 0.0, -2.2e-05, 0.016518, 0.999863, 0.374726, 2.1e-05, -0.999864, 0.016518, -0.0, 0.0, 0.0, 0.0, 1.0],
                [1.0, 2.2e-05, 2.2e-05, 0.0, -2.2e-05, 0.016518, 0.999863, 0.374726, 2.1e-05, -0.999864, 0.016518, -0.0, 0.0, 0.0, 0.0, 1.0],
                [1.0, 2.2e-05, 2.2e-05, 0.0, -2.2e-05, 0.016518, 0.999863, 0.374726, 2.1e-05, -0.999864, 0.016518, -0.0, 0.0, 0.0, 0.0, 1.0]
            ]
        },
        {
            "name": "Knee_L",
            "time": [0.0, 0.55],
            "transform": [
                [1.0, 0.0, -0.0, 0.0, -0.0, 0.00567, -0.999984, 0.479147, -0.0, 0.999984, 0.00567, -0.000592, 0.0, 0.0, 0.0, 1.0],
                [1.0, 0.0, -0.0, 0.0, -0.0, 0.00567, -0.999984, 0.481799, -0.0, 0.999984, 0.00567, -0.000607, 0.0, 0.0, 0.0, 1.0]
            ]
        },
        {
            "name": "Torso",
            "time": [0.0, 0.0167, 0.0333, 0.05, 0.0667, 0.0833, 0.1, 0.1167, 0.1333, 0.15, 0.1667, 0.1833, 0.2, 0.2167, 0.2333, 0.25, 0.2667, 0.2833, 0.3, 0.3167, 0.3333, 0.35, 0.3667, 0.3833, 0.4, 0.4167, 0.4333, 0.45, 0.4667, 0.4833, 0.5, 0.5167, 0.5333, 0.55],
            "transform": [
                [1.0, 0.0, 0.0, 0.0, 0.0, 0.923185, 0.384356, 0.05, 0.0, -0.384356, 0.923185, 0.0, 0.0, 0.0, 0.0, 1.0],
                [0.999241, -0.019317, -0.033823, 0.0, 0.030782, 0.923703, 0.38187, 0.05, 0.023866, -0.382621, 0.923597, 0.0, 0.0, 0.0, 0.0, 1.0],
                [0.989598, -0.062762, -0.129446, 0.0, 0.106947, 0.922781, 0.370187, 0.05, 0.096217, -0.38018, 0.919894, 0.0, 0.0, 0.0, 0.0, 1.0],
                [0.954974, -0.108112, -0.276291, 0.0, 0.202555, 0.918021, 0.340894, 0.05, 0.216786, -0.381509, 0.898585, 0.0, 0.0, 0.0, 0.0, 1.0],
                [0.878601, -0.13244, -0.458824, 0.0, 0.288865, 0.912467, 0.289762, 0.05, 0.380286, -0.387123, 0.839951, 0.0, 0.0, 0.0, 0.0, 1.0],
                [0.747225, -0.114671, -0.654604, 0.0, 0.336669, 0.914569, 0.224095, 0.05, 0.572983, -0.387834, 0.721994, 0.0, 0.0, 0.0, 0.0, 1.0],
                [0.551364, -0.05955, -0.832137, 0.0, 0.339251, 0.92726, 0.158426, 0.05, 0.762172, -0.369653, 0.53146, 0.0, 0.0, 0.0, 0.0, 1.0],
                [0.304135, 0.004886, -0.952616, 0.0, 0.313666, 0.943712, 0.104982, 0.05, 0.899508, -0.330732, 0.285483, 0.0, 0.0, 0.0, 0.0, 1.0],
                [0.036575, 0.065419, -0.997187, 0.0, 0.273861, 0.958998, 0.072959, 0.05, 0.961074, -0.275759, 0.01716, 0.0, 0.0, 0.0, 0.0, 1.0],
                [-0.22719, 0.117489, -0.966737, 0.0, 0.234559, 0.970073, 0.062772, 0.05, 0.945181, -0.212496, -0.247949, 0.0, 0.0, 0.0, 0.0, 1.0],
                [-0.478813, 0.163723, -0.862516, 0.0, 0.20794, 0.975651, 0.069763, 0.05, 0.852936, -0.145948, -0.501199, 0.0, 0.0, 0.0, 0.0, 1.0],
                [-0.733394, 0.204704, -0.648251, 0.0, 0.199368, 0.976422, 0.08278, 0.05, 0.649912, -0.06853, -0.756913, 0.0, 0.0, 0.0, 0.0, 1.0],
                [-0.933547, 0.221539, -0.2818, 0.0, 0.204055, 0.974782, 0.090338, 0.05, 0.294707, 0.026832, -0.955211, 0.0, 0.0, 0.0, 0.0, 1.0],
                [-0.965278, 0.196097, 0.172584, 0.0, 0.213297, 0.973075, 0.087342, 0.05, -0.15081, 0.121121, -0.981115, 0.0, 0.0, 0.0, 0.0, 1.0],
                [-0.812766, 0.13544, 0.566628, 0.0, 0.216045, 0.973324, 0.077241, 0.05, -0.54105, 0.185196, -0.820346, 0.0, 0.0, 0.0, 0.0, 1.0],
                [-0.580395, 0.06566, 0.811684, 0.0, 0.20794, 0.975651, 0.069763, 0.05, -0.787339, 0.209272, -0.579917, 0.0, 0.0, 0.0, 0.0, 1.0],
                [-0.329315, 0.000685, 0.94422, 0.0, 0.199702, 0.977429, 0.06894, 0.05, -0.92286, 0.211265, -0.322019, 0.0, 0.0, 0.0, 0.0, 1.0],
                [-0.050556, -0.061334, 0.996836, 0.0, 0.198603, 0.977561, 0.070221, 0.05, -0.978775, 0.201525, -0.037241, 0.0, 0.0, 0.0, 0.0, 1.0],
                [0.21677, -0.11517, 0.969405, 0.0, 0.2017, 0.976874, 0.070955, 0.05, -0.955158, 0.180149, 0.234987, 0.0, 0.0, 0.0, 0.0, 1.0],
                [0.413678, -0.151997, 0.897646, 0.0, 0.205879, 0.976042, 0.070393, 0.05, -0.88684, 0.155686, 0.43506, 0.0, 0.0, 0.0, 0.0, 1.0],
                [0.488813, -0.165428, 0.85656, 0.0, 0.20794, 0.975651, 0.069763, 0.05, -0.847244, 0.144012, 0.51131, 0.0, 0.0, 0.0, 0.0, 1.0],
                [0.488813, -0.165428, 0.85656, 0.0, 0.20794, 0.975651, 0.069763, 0.05, -0.847244, 0.144012, 0.51131, 0.0, 0.0, 0.0, 0.0, 1.0],
                [0.488814, -0.165428, 0.85656, 0.0, 0.20794, 0.975651, 0.069763, 0.05, -0.847244, 0.144012, 0.51131, 0.0, 0.0, 0.0, 0.0, 1.0],
                [0.488814, -0.165428, 0.85656, 0.0, 0.20794, 0.975651, 0.069763, 0.05, -0.847244, 0.144012, 0.51131, 0.0, 0.0, 0.0, 0.0, 1.0],
                [0.488814, -0.165428, 0.85656, 0.0, 0.20794, 0.975651, 0.069763, 0.05, -0.847244, 0.144012, 0.51131, 0.0, 0.0, 0.0, 0.0, 1.0],
                [0.488814, -0.165428, 0.85656, 0.0, 0.20794, 0.975651, 0.069763, 0.05, -0.847244, 0.144012, 0.51131, 0.0, 0.0, 0.0, 0.0, 1.0],
                [0.488814, -0.165428, 0.85656, 0.0, 0.20794, 0.975651, 0.069763, 0.05, -0.847244, 0.144012, 0.51131, 0.0, 0.0, 0.0, 0.0, 1.0],
                [0.488814, -0.165428, 0.85656, 0.0, 0.20794, 0.975651, 0.069763, 0.05, -0.847244, 0.144012, 0.51131, 0.0, 0.0, 0.0, 0.0, 1.0],
                [0.488814, -0.165428, 0.85656, 0.0, 0.20794, 0.975651, 0.069763, 0.05, -0.847244, 0.144012, 0.51131, 0.0, 0.0, 0.0, 0.0, 1.0],
                [0.488814, -0.165428, 0.85656, 0.0, 0.20794, 0.975651, 0.069763, 0.05, -0.847244, 0.144012, 0.51131, 0.0, 0.0, 0.0, 0.0, 1.0],
                [0.488814, -0.165428, 0.85656, 0.0, 0.20794, 0.975651, 0.069763, 0.05, -0.847244, 0.144012, 0.51131, 0.0, 0.0, 0.0, 0.0, 1.0],
                [0.488814, -0.165428, 0.85656, 0.0, 0.20794, 0.975651, 0.069763, 0.05, -0.847244, 0.144012, 0.51131, 0.0, 0.0, 0.0, 0.0, 1.0],
                [0.488814, -0.165428, 0.85656, 0.0, 0.20794, 0.975651, 0.069763, 0.05, -0.847244, 0.144012, 0.51131, 0.0, 0.0, 0.0, 0.0, 1.0],
                [0.488814, -0.165428, 0.85656, 0.0, 0.20794, 0.975651, 0.069763, 0.05, -0.847244, 0.144012, 0.51131, 0.0, 0.0, 0.0, 0.0, 1.0]
            ]
        },
        {
            "name": "Chest",
            "time": [0.0, 0.0167, 0.0333, 0.05, 0.0667, 0.0833, 0.1, 0.1167, 0.1333, 0.15, 0.1667, 0.1833, 0.2, 0.2167, 0.2333, 0.25, 0.2667, 0.2833, 0.3, 0.3167, 0.3333, 0.35, 0.3667, 0.3833, 0.4, 0.4167, 0.4333, 0.45, 0.4667, 0.4833, 0.5, 0.5167, 0.5333, 0.55],
            "transform": [
                [0.993818, 0.0, -0.111022, 0.0, 0.045039, 0.914017, 0.403168, 0.3, 0.101476, -0.405675, 0.908367, 0.0, 0.0, 0.0, 0.0, 1.0],
                [0.990491, 0.00695, -0.137398, 0.0, 0.048475, 0.917042, 0.395834, 0.3, 0.128751, -0.39873, 0.907985, 0.0, 0.0, 0.0, 0.0, 1.0],
                [0.979184, 0.02276, -0.201695, -0.0, 0.055858, 0.925108, 0.375574, 0.3, 0.195137, -0.379022, 0.904579, -0.0, 0.0, 0.0, 0.0, 1.0],
                [0.9588, 0.039603, -0.281307, -0.0, 0.062597, 0.936443, 0.345189, 0.3, 0.277098, -0.348577, 0.895383, 0.0, 0.0, 0.0, 0.0, 1.0],
                [0.933858, 0.050745, -0.354027, -0.0, 0.065289, 0.949061, 0.308254, 0.3, 0.351635, -0.31098, 0.882975, 0.0, 0.0, 0.0, 0.0, 1.0],
                [0.915247, 0.051841, -0.399543, 0.0, 0.06287, 0.961162, 0.268729, 0.3, 0.397957, -0.271073, 0.876442, -0.0, 0.0, 0.0, 0.0, 1.0],
                [0.904716, 0.044038, -0.423732, 0.0, 0.059582, 0.971787, 0.228211, 0.3, 0.421827, -0.231713, 0.876568, 0.0, 0.0, 0.0, 0.0, 1.0],
                [0.895018, 0.030696, -0.444973, 0.0, 0.05892, 0.98075, 0.186167, 0.3, 0.442122, -0.192841, 0.87598, -0.0, 0.0, 0.0, 0.0, 1.0],
                [0.88621, 0.012761, -0.463109, 0.0, 0.060587, 0.987843, 0.143161, 0.3, 0.459305, -0.154929, 0.874663, 0.0, 0.0, 0.0, 0.0, 1.0],
                [0.878287, -0.008797, -0.478053, 0.0, 0.064277, 0.992927, 0.09982, 0.3, 0.473793, -0.118399, 0.87264, 0.0, 0.0, 0.0, 0.0, 1.0],
                [0.871203, -0.032994, -0.489813, -0.0, 0.069668, 0.99595, 0.056827, 0.3, 0.485954, -0.083632, 0.869974, 0.0, 0.0, 0.0, 0.0, 1.0],
                [0.864892, -0.058853, -0.498496, -0.0, 0.076421, 0.996965, 0.014889, 0.3, 0.496107, -0.050973, 0.866764, 0.0, 0.0, 0.0, 0.0, 1.0],
                [0.859284, -0.085413, -0.504318, 0.0, 0.084181, 0.99613, -0.025276, 0.3, 0.504525, -0.020735, 0.863149, 0.0, 0.0, 0.0, 0.0, 1.0],
                [0.85432, -0.11175, -0.507591, -0.0, 0.092575, 0.993713, -0.062962, 0.3, 0.511436, 0.0068, 0.859295, 0.0, 0.0, 0.0, 0.0, 1.0],
                [0.849963, -0.136986, -0.508723, -0.0, 0.101216, 0.990076, -0.097493, 0.3, 0.517029, 0.031375, 0.855393, -0.0, 0.0, 0.0, 0.0, 1.0],
                [0.846194, -0.160296, -0.508194, -0.0, 0.109704, 0.985658, -0.128231, 0.3, 0.52146, 0.052758, 0.851643, 0.0, 0.0, 0.0, 0.0, 1.0],
                [0.843024, -0.180912, -0.506538, 0.0, 0.117629, 0.980952, -0.154582, 0.3, 0.524856, 0.070733, 0.848247, 0.0, 0.0, 0.0, 0.0, 1.0],
                [0.840483, -0.198114, -0.50432, 0.0, 0.12457, 0.976478, -0.17599, 0.3, 0.527324, 0.085094, 0.845392, -0.0, 0.0, 0.0, 0.0, 1.0],
                [0.838615, -0.211223, -0.502105, 0.0, 0.130094, 0.972748, -0.191928, 0.3, 0.528962, 0.095633, 0.84324, 0.0, 0.0, 0.0, 0.0, 1.0],
                [0.837469, -0.219577, -0.500432, -0.0, 0.133753, 0.970234, -0.20188, 0.3, 0.529864, 0.102134, 0.84191, 0.0, 0.0, 0.0, 0.0, 1.0],
                [0.837082, -0.222513, -0.499781, 0.0, 0.135081, 0.969328, -0.205319, 0.3, 0.530138, 0.104358, 0.841465, 0.0, 0.0, 0.0, 0.0, 1.0],
                [0.837082, -0.222513, -0.499781, 0.0, 0.135081, 0.969328, -0.205319, 0.3, 0.530138, 0.104358, 0.841465, 0.0, 0.0, 0.0, 0.0, 1.0],
                [0.837082, -0.222513, -0.499781, -0.0, 0.135081, 0.969328, -0.205319, 0.3, 0.530138, 0.104358, 0.841465, 0.0, 0.0, 0.0, 0.0, 1.0],
                [0.837082, -0.222513, -0.499781, 0.0, 0.135081, 0.969328, -0.205319, 0.3, 0.530138, 0.104358, 0.841465, -0.0, 0.0, 0.0, 0.0, 1.0],
                [0.837082, -0.222513, -0.499781, 0.0, 0.135081, 0.969328, -0.205319, 0.3, 0.530138, 0.104358, 0.841465, -0.0, 0.0, 0.0, 0.0, 1.0],
                [0.837082, -0.222513, -0.499781, 0.0, 0.135081, 0.969328, -0.205319, 0.3, 0.530138, 0.104358, 0.841465, -0.0, 0.0, 0.0, 0.0, 1.0],
                [0.837082, -0.222513, -0.499781, 0.0, 0.135081, 0.969328, -0.205319, 0.3, 0.530138, 0.104358, 0.841465, -0.0, 0.0, 0.0, 0.0, 1.0],
                [0.837082, -0.222513, -0.499781, 0.0, 0.135081, 0.969328, -0.205319, 0.3, 0.530138, 0.104358, 0.841465, -0.0, 0.0, 0.0, 0.0, 1.0],
                [0.837082, -0.222513, -0.499781, 0.0, 0.135081, 0.969328, -0.205319, 0.3, 0.530138, 0.104358, 0.841465, -0.0, 0.0, 0.0, 0.0, 1.0],
                [0.837082, -0.222513, -0.499781, 0.0, 0.135081, 0.969328, -0.205319, 0.3, 0.530138, 0.104358, 0.841465, -0.0, 0.0, 0.0, 0.0, 1.0],
                [0.837082, -0.222513, -0.499781, 0.0, 0.135081, 0.969328, -0.205319, 0.3, 0.530138, 0.104358, 0.841465, -0.0, 0.0, 0.0, 0.0, 1.0],
                [0.837082, -0.222513, -0.499781, 0.0, 0.135081, 0.969328, -0.205319, 0.3, 0.530138, 0.104358, 0.841465, -0.0, 0.0, 0.0, 0.0, 1.0],
                [0.837082, -0.222513, -0.499781, 0.0, 0.135081, 0.969328, -0.205319, 0.3, 0.530138, 0.104358, 0.841465, -0.0, 0.0, 0.0, 0.0, 1.0],
                [0.837082, -0.222513, -0.499781, 0.0, 0.135081, 0.969328, -0.205319, 0.3, 0.530138, 0.104358, 0.841465, -0.0, 0.0, 0.0, 0.0, 1.0]
            ]
        },
        {
            "name": "Head",
            "time": [0.0, 0.0167, 0.0333, 0.05, 0.0667, 0.0833, 0.1, 0.1167, 0.1333, 0.15, 0.1667, 0.1833, 0.2, 0.2167, 0.2333, 0.25, 0.2667, 0.2833, 0.3, 0.3167, 0.3333, 0.35, 0.3667, 0.3833, 0.4, 0.4167, 0.4333, 0.45, 0.4667, 0.4833, 0.5, 0.5167, 0.5333, 0.55],
            "transform": [
                [1.0, -0.0, 0.0, 0.0, 0.0, 1.0, 0.0, 0.4, 0.0, -0.0, 1.0, -0.0, 0.0, 0.0, 0.0, 1.0],
                [1.0, -0.0, -0.0, -0.0, -0.0, 1.0, -0.0, 0.4, 0.0, -0.0, 1.0, 0.0, 0.0, 0.0, 0.0, 1.0],
                [1.0, -0.0, 0.0, -0.0, -0.0, 1.0, 0.0, 0.4, 0.0, 0.0, 1.0, 0.0, 0.0, 0.0, 0.0, 1.0],
                [1.0, 0.0, 0.0, 0.0, -0.0, 1.0, -0.0, 0.4, 0.0, 0.0, 1.0, 0.0, 0.0, 0.0, 0.0, 1.0],
                [1.0, 0.0, 0.0, 0.0, -0.0, 1.0, -0.0, 0.4, 0.0, 0.0, 1.0, 0.0, 0.0, 0.0, 0.0, 1.0],
                [1.0, -0.0, 0.0, -0.0, -0.0, 1.0, -0.0, 0.4, -0.0, 0.0, 1.0, 0.0, 0.0, 0.0, 0.0, 1.0],
                [1.0, -0.0, 0.0, -0.0, 0.0, 1.0, -0.0, 0.4, 0.0, 0.0, 1.0, -0.0, 0.0, 0.0, 0.0, 1.0],
                [1.0, -0.0, 0.0, -0.0, 0.0, 1.0, -0.0, 0.4, 0.0, 0.0, 1.0, 0.0, 0.0, 0.0, 0.0, 1.0],
                [1.0, 0.0, -0.0, 0.0, -0.0, 1.0, -0.0, 0.4, -0.0, -0.0, 1.0, -0.0, 0.0, 0.0, 0.0, 1.0],
                [1.0, -0.0, 0.0, 0.0, 0.0, 1.0, 0.0, 0.4, 0.0, -0.0, 1.0, -0.0, 0.0, 0.0, 0.0, 1.0],
                [1.0, -0.0, -0.0, 0.0, 0.0, 1.0, 0.0, 0.4, 0.0, -0.0, 1.0, -0.0, 0.0, 0.0, 0.0, 1.0],
                [1.0, 0.0, -0.0, -0.0, -0.0, 1.0, 0.0, 0.4, -0.0, 0.0, 1.0, -0.0, 0.0, 0.0, 0.0, 1.0],
                [1.0, 0.0, 0.0, 0.0, 0.0, 1.0, 0.0, 0.4, -0.0, -0.0, 1.0, 0.0, 0.0, 0.0, 0.0, 1.0],
                [1.0, 0.0, -0.0, -0.0, -0.0, 1.0, 0.0, 0.4, -0.0, 0.0, 1.0, 0.0, 0.0, 0.0, 0.0, 1.0],
                [1.0, 0.0, 0.0, -0.0, 0.0, 1.0, 0.0, 0.4, 0.0, -0.0, 1.0, -0.0, 0.0, 0.0, 0.0, 1.0],
                [1.0, 0.0, 0.0, 0.0, 0.0, 1.0, 0.0, 0.4, -0.0, -0.0, 1.0, -0.0, 0.0, 0.0, 0.0, 1.0],
                [1.0, 0.0, 0.0, 0.0, -0.0, 1.0, 0.0, 0.4, 0.0, -0.0, 1.0, -0.0, 0.0, 0.0, 0.0, 1.0],
                [1.0, 0.0, 0.0, 0.0, 0.0, 1.0, -0.0, 0.4, -0.0, -0.0, 1.0, 0.0, 0.0, 0.0, 0.0, 1.0],
                [1.0, 0.0, 0.0, 0.0, -0.0, 1.0, 0.0, 0.4, -0.0, -0.0, 1.0, -0.0, 0.0, 0.0, 0.0, 1.0],
                [1.0, -0.0, 0.0, -0.0, -0.0, 1.0, 0.0, 0.4, 0.0, 0.0, 1.0, 0.0, 0.0, 0.0, 0.0, 1.0],
                [1.0, -0.0, 0.0, -0.0, -0.0, 1.0, 0.0, 0.4, 0.0, 0.0, 1.0, 0.0, 0.0, 0.0, 0.0, 1.0],
