{
    "animation": [
        {
            "name": "Root",
            "time": [0.0, 0.0167, 0.0333, 0.05, 0.0667, 0.0833, 0.1, 0.1167, 0.1333, 0.15, 0.1667, 0.1833, 0.2, 0.2167, 0.2333, 0.25, 0.2667, 0.2833, 0.3, 0.3167, 0.3333, 0.35, 0.3667, 0.3833, 0.4, 0.4167, 0.4333, 0.45, 0.4667, 0.4833, 0.5, 0.5167, 0.5333, 0.55, 0.5667, 0.5833, 0.6, 0.6167, 0.6333, 0.65, 0.6667, 0.6833, 0.7, 0.7167, 0.7333, 0.75],
            "transform": [
                [1.0, 0.0, 0.0, -5e-06, 0.0, 0.0, -1.0, 0.000946, 0.0, 1.0, 0.0, 0.64822, 0.0, 0.0, 0.0, 1.0],
                [1.0, 0.0, 0.0, -5e-06, 0.0, 0.0, -1.0, 0.086802, 0.0, 1.0, 0.0, 0.64822, 0.0, 0.0, 0.0, 1.0],
                [1.0, 0.0, 0.0, -5e-06, 0.0, 0.0, -1.0, 0.295364, 0.0, 1.0, 0.0, 0.64822, 0.0, 0.0, 0.0, 1.0],
                [1.0, 0.0, 0.0, -5e-06, 0.0, 0.0, -1.0, 0.553129, 0.0, 1.0, 0.0, 0.64822, 0.0, 0.0, 0.0, 1.0],
                [1.0, 0.0, 0.0, -5e-06, 0.0, 0.0, -1.0, 0.78659, 0.0, 1.0, 0.0, 0.64822, 0.0, 0.0, 0.0, 1.0],
                [1.0, 0.0, 0.0, -5e-06, 0.0, 0.0, -1.0, 0.939284, 0.0, 1.0, 0.0, 0.651803, 0.0, 0.0, 0.0, 1.0],
                [1.0, 0.0, 0.0, -5e-06, 0.0, 0.0, -1.0, 1.022912, 0.0, 1.0, 0.0, 0.669536, 0.0, 0.0, 0.0, 1.0],
                [1.0, 0.0, 0.0, -5e-06, 0.0, 0.0, -1.0, 1.066215, 0.0, 1.0, 0.0, 0.711897, 0.0, 0.0, 0.0, 1.0],
                [1.0, 0.0, 0.0, -5e-06, 0.0, 0.0, -1.0, 1.097935, 0.0, 1.0, 0.0, 0.789361, 0.0, 0.0, 0.0, 1.0],
                [1.0, 0.0, 0.0, -5e-06, 0.0, 0.0, -1.0, 1.141336, 0.0, 1.0, 0.0, 0.906307, 0.0, 0.0, 0.0, 1.0],
                [1.0, 0.0, 0.0, -5e-06, 0.0, 0.0, -1.0, 1.197763, 0.0, 1.0, 0.0, 1.042721, 0.0, 0.0, 0.0, 1.0],
                [1.0, 0.0, 0.0, -5e-06, 0.0, 0.0, -1.0, 1.263085, 0.0, 1.0, 0.0, 1.17249, 0.0, 0.0, 0.0, 1.0],
                [1.0, 0.0, 0.0, -5e-06, 0.0, 0.0, -1.0, 1.333168, 0.0, 1.0, 0.0, 1.2695, 0.0, 0.0, 0.0, 1.0],
                [1.0, 0.0, 0.0, -5e-06, 0.0, 0.0, -1.0, 1.40388, 0.0, 1.0, 0.0, 1.30764, 0.0, 0.0, 0.0, 1.0],
                [1.0, 0.0, 0.0, -5e-06, 0.0, 0.0, -1.0, 1.472933, 0.0, 1.0, 0.0, 1.305117, 0.0, 0.0, 0.0, 1.0],
                [1.0, 0.0, 0.0, -5e-06, 0.0, 0.0, -1.0, 1.545404, 0.0, 1.0, 0.0, 1.300431, 0.0, 0.0, 0.0, 1.0],
                [1.0, 0.0, 0.0, -5e-06, 0.0, 0.0, -1.0, 1.628219, 0.0, 1.0, 0.0, 1.297908, 0.0, 0.0, 0.0, 1.0],
                [1.0, 0.0, 0.0, -5e-06, 0.0, 0.0, -1.0, 1.721882, 0.0, 1.0, 0.0, 1.298106, 0.0, 0.0, 0.0, 1.0],
                [1.0, 0.0, 0.0, -5e-06, 0.0, 0.0, -1.0, 1.801235, 0.0, 1.0, 0.0, 1.298472, 0.0, 0.0, 0.0, 1.0],
                [1.0, 0.0, 0.0, -5e-06, 0.0, 0.0, -1.0, 1.834702, 0.0, 1.0, 0.0, 1.29867, 0.0, 0.0, 0.0, 1.0],
                [1.0, 0.0, 0.0, -5e-06, 0.0, 0.0, -1.0, 1.834702, 0.0, 1.0, 0.0, 1.29867, 0.0, 0.0, 0.0, 1.0],
                [1.0, 0.0, 0.0, -5e-06, 0.0, 0.0, -1.0, 1.834702, 0.0, 1.0, 0.0, 1.29867, 0.0, 0.0, 0.0, 1.0],
                [1.0, 0.0, 0.0, -5e-06, 0.0, 0.0, -1.0, 1.961547, 0.0, 1.0, 0.0, 1.29867, 0.0, 0.0, 0.0, 1.0],
                [1.0, 0.0, 0.0, -5e-06, 0.0, 0.0, -1.0, 2.301799, 0.0, 1.0, 0.0, 1.29867, 0.0, 0.0, 0.0, 1.0],
                [1.0, 0.0, 0.0, -5e-06, 0.0, 0.0, -1.0, 2.795033, 0.0, 1.0, 0.0, 1.29867, 0.0, 0.0, 0.0, 1.0],
                [1.0, 0.0, 0.0, -5e-06, 0.0, 0.0, -1.0, 3.380827, 0.0, 1.0, 0.0, 1.29867, 0.0, 0.0, 0.0, 1.0],
                [1.0, 0.0, 0.0, -5e-06, 0.0, 0.0, -1.0, 3.998757, 0.0, 1.0, 0.0, 1.29867, 0.0, 0.0, 0.0, 1.0],
                [1.0, 0.0, 0.0, -5e-06, 0.0, 0.0, -1.0, 4.588399, 0.0, 1.0, 0.0, 1.29867, 0.0, 0.0, 0.0, 1.0],
                [1.0, 0.0, 0.0, -5e-06, 0.0, 0.0, -1.0, 5.08933, 0.0, 1.0, 0.0, 1.29867, 0.0, 0.0, 0.0, 1.0],
                [1.0, 0.0, 0.0, -5e-06, 0.0, 0.0, -1.0, 5.457048, 0.0, 1.0, 0.0, 1.297465, 0.0, 0.0, 0.0, 1.0],
                [1.0, 0.0, 0.0, -5e-06, 0.0, 0.0, -1.0, 5.710746, 0.0, 1.0, 0.0, 1.289027, 0.0, 0.0, 0.0, 1.0],
                [1.0, 0.0, 0.0, -5e-06, 0.0, 0.0, -1.0, 5.885536, 0.0, 1.0, 0.0, 1.266126, 0.0, 0.0, 0.0, 1.0],
                [1.0, 0.0, 0.0, -5e-06, 0.0, 0.0, -1.0, 6.016533, 0.0, 1.0, 0.0, 1.221528, 0.0, 0.0, 0.0, 1.0],
                [1.0, 0.0, 0.0, -5e-06, 0.0, 0.0, -1.0, 6.138852, 0.0, 1.0, 0.0, 1.148001, 0.0, 0.0, 0.0, 1.0],
                [1.0, 0.0, 0.0, -5e-06, 0.0, 0.0, -1.0, 6.279568, 0.0, 1.0, 0.0, 1.038281, 0.0, 0.0, 0.0, 1.0],
                [1.0, 0.0, 0.0, -5e-06, 0.0, 0.0, -1.0, 6.433611, 0.0, 1.0, 0.0, 0.914418, 0.0, 0.0, 0.0, 1.0],
                [1.0, 0.0, 0.0, -5e-06, 0.0, 0.0, -1.0, 6.587873, 0.0, 1.0, 0.0, 0.813155, 0.0, 0.0, 0.0, 1.0],
                [1.0, 0.0, 0.0, -5e-06, 0.0, 0.0, -1.0, 6.729246, 0.0, 1.0, 0.0, 0.771236, 0.0, 0.0, 0.0, 1.0],
                [1.0, 0.0, 0.0, -5e-06, 0.0, 0.0, -1.0, 6.844861, 0.0, 1.0, 0.0, 0.771236, 0.0, 0.0, 0.0, 1.0],
                [1.0, 0.0, 0.0, -5e-06, 0.0, 0.0, -1.0, 6.922796, 0.0, 1.0, 0.0, 0.771236, 0.0, 0.0, 0.0, 1.0],
                [1.0, 0.0, 0.0, -5e-06, 0.0, 0.0, -1.0, 6.951371, 0.0, 1.0, 0.0, 0.771236, 0.0, 0.0, 0.0, 1.0],
                [1.0, 0.0, 0.0, -5e-06, 0.0, 0.0, -1.0, 6.951371, 0.0, 1.0, 0.0, 0.771236, 0.0, 0.0, 0.0, 1.0],
                [1.0, 0.0, 0.0, -5e-06, 0.0, 0.0, -1.0, 6.951371, 0.0, 1.0, 0.0, 0.771236, 0.0, 0.0, 0.0, 1.0],
                [1.0, 0.0, 0.0, -5e-06, 0.0, 0.0, -1.0, 6.951371, 0.0, 1.0, 0.0, 0.771236, 0.0, 0.0, 0.0, 1.0],
                [1.0, 0.0, 0.0, -5e-06, 0.0, 0.0, -1.0, 6.951371, 0.0, 1.0, 0.0, 0.771236, 0.0, 0.0, 0.0, 1.0],
                [1.0, 0.0, 0.0, -5e-06, 0.0, 0.0, -1.0, 6.951371, 0.0, 1.0, 0.0, 0.771236, 0.0, 0.0, 0.0, 1.0]
            ]
        },
        {
            "name": "Thigh_R",
            "time": [0.0, 0.0167, 0.0333, 0.05, 0.0667, 0.0833, 0.1, 0.1167, 0.1333, 0.15, 0.1667, 0.1833, 0.2, 0.2167, 0.2333, 0.25, 0.2667, 0.2833, 0.3, 0.3167, 0.3333, 0.35, 0.3667, 0.3833, 0.4, 0.4167, 0.4333, 0.45, 0.4667, 0.4833, 0.5, 0.5167, 0.5333, 0.55, 0.5667, 0.5833, 0.6, 0.6167, 0.6333, 0.65, 0.6667, 0.6833, 0.7, 0.7167, 0.7333, 0.75],
            "transform": [
                [0.996343, 0.035045, -0.07792, 0.124994, 0.081281, -0.669834, 0.73805, -0.002831, -0.026328, -0.741685, -0.670232, -1.2e-05, 0.0, 0.0, 0.0, 1.0],
                [0.996735, 0.037584, -0.071464, 0.125556, 0.07668, -0.717858, 0.691955, -0.003014, -0.025295, -0.695176, -0.718395, 0.000174, 0.0, 0.0, 0.0, 1.0],
                [0.997502, 0.047808, -0.052001, 0.127162, 0.066658, -0.880673, 0.469013, -0.003538, -0.023373, -0.471308, -0.881659, 0.000722, 0.0, 0.0, 0.0, 1.0],
                [0.998216, 0.054715, -0.023897, 0.129688, 0.055545, -0.997824, 0.035559, -0.004363, -0.021899, -0.036822, -0.999082, 0.001617, 0.0, 0.0, 0.0, 1.0],
                [0.998722, 0.050532, -0.001052, 0.133011, 0.045712, -0.91195, -0.407749, -0.005448, -0.021564, 0.40718, -0.913093, 0.002847, 0.0, 0.0, 0.0, 1.0],
                [0.998915, 0.045317, -0.010745, 0.137009, 0.040374, -0.957587, -0.285305, -0.006754, -0.023219, 0.284561, -0.958377, 0.004396, 0.0, 0.0, 0.0, 1.0],
                [0.998816, 0.036016, -0.0327, 0.14156, 0.040449, -0.988315, 0.146966, -0.008241, -0.027025, -0.148115, -0.988601, 0.006251, 0.0, 0.0, 0.0, 1.0],
                [0.998379, 0.016527, -0.054459, 0.14654, 0.046353, -0.791334, 0.609625, -0.009869, -0.03302, -0.611162, -0.790817, 0.008398, 0.0, 0.0, 0.0, 1.0],
                [0.997474, -0.017248, -0.0689, 0.151827, 0.057937, -0.363549, 0.929772, -0.011599, -0.041085, -0.931417, -0.361631, 0.010821, 0.0, 0.0, 0.0, 1.0],
                [0.995015, -0.044406, -0.08929, 0.157297, 0.089197, -0.00408, 0.996006, -0.013389, -0.044593, -0.999007, -9.9e-05, 0.013509, 0.0, 0.0, 0.0, 1.0],
                [0.989479, -0.056252, -0.133291, 0.16283, 0.140348, 0.149577, 0.978739, -0.015201, -0.035119, -0.98715, 0.155898, 0.016445, 0.0, 0.0, 0.0, 1.0],
                [0.984295, -0.036381, -0.172739, 0.168301, 0.176495, 0.183644, 0.967018, -0.016994, -0.003458, -0.982321, 0.187181, 0.019616, 0.0, 0.0, 0.0, 1.0],
                [0.983472, 0.029121, -0.178702, 0.173587, 0.170644, 0.180844, 0.968595, -0.018728, 0.060523, -0.983082, 0.172885, 0.023009, 0.0, 0.0, 0.0, 1.0],
                [0.98139, 0.145562, -0.125241, 0.178567, 0.094711, 0.200444, 0.975117, -0.020365, 0.167044, -0.968833, 0.182927, 0.026608, 0.0, 0.0, 0.0, 1.0],
                [0.949921, 0.312021, -0.017111, 0.183118, -0.062507, 0.243379, 0.967915, -0.021863, 0.306174, -0.918375, 0.250694, 0.0304, 0.0, 0.0, 0.0, 1.0],
                [0.862709, 0.495848, 0.099344, 0.187116, -0.2422, 0.232684, 0.941912, -0.023182, 0.443929, -0.836657, 0.320832, 0.034371, 0.0, 0.0, 0.0, 1.0],
                [0.771126, 0.61855, 0.150867, 0.19044, -0.310353, 0.158284, 0.937351, -0.024284, 0.555918, -0.769639, 0.314026, 0.038506, 0.0, 0.0, 0.0, 1.0],
                [0.753633, 0.656339, -0.035474, 0.192965, -0.041776, 0.101691, 0.993939, -0.025128, 0.655967, -0.747584, 0.104057, 0.042791, 0.0, 0.0, 0.0, 1.0],
                [0.63287, 0.755357, -0.170039, 0.194571, 0.261403, -0.001731, 0.965228, -0.025674, 0.728796, -0.655313, -0.198547, 0.047213, 0.0, 0.0, 0.0, 1.0],
                [0.449055, 0.893458, 0.009201, 0.195133, 0.220192, -0.120638, 0.967968, -0.025882, 0.865947, -0.432646, -0.250905, 0.051758, 0.0, 0.0, 0.0, 1.0],
                [0.0661, 0.945754, 0.318091, 0.1619, -0.078107, -0.312906, 0.946567, -0.018207, 0.994751, -0.087414, 0.053187, 0.056054, 0.0, 0.0, 0.0, 1.0],
                [-0.180628, 0.861911, 0.473798, 0.128258, -0.36133, -0.506188, 0.78308, -0.009701, 0.914775, -0.029751, 0.402866, 0.058054, 0.0, 0.0, 0.0, 1.0],
                [-0.209804, 0.796405, 0.567206, 0.127508, -0.53888, -0.578242, 0.612573, -0.008192, 0.815838, -0.177135, 0.550483, 0.05692, 0.0, 0.0, 0.0, 1.0],
                [-0.2709, 0.765337, 0.583844, 0.126883, -0.632314, -0.598798, 0.491549, -0.006921, 0.725804, -0.236013, 0.646147, 0.053766, 0.0, 0.0, 0.0, 1.0],
                [-0.348733, 0.786454, 0.509781, 0.126371, -0.678672, -0.587031, 0.441361, -0.005868, 0.646367, -0.192056, 0.738461, 0.048997, 0.0, 0.0, 0.0, 1.0],
                [-0.424027, 0.824309, 0.375123, 0.125961, -0.69539, -0.5617, 0.44825, -0.005013, 0.580202, -0.070787, 0.811391, 0.043016, 0.0, 0.0, 0.0, 1.0],
                [-0.481435, 0.847856, 0.222179, 0.125642, -0.692937, -0.523409, 0.495864, -0.004335, 0.536711, 0.08477, 0.839497, 0.036228, 0.0, 0.0, 0.0, 1.0],
                [-0.508553, 0.855913, 0.093755, 0.125402, -0.674805, -0.463823, 0.574026, -0.003813, 0.534801, 0.228656, 0.813452, 0.029035, 0.0, 0.0, 0.0, 1.0],
                [-0.483434, 0.874612, 0.036703, 0.12523, -0.629142, -0.376295, 0.680135, -0.003428, 0.608664, 0.305709, 0.732168, 0.021842, 0.0, 0.0, 0.0, 1.0],
                [-0.386393, 0.920853, 0.052269, 0.125115, -0.540437, -0.271964, 0.796219, -0.003158, 0.747415, 0.279405, 0.602747, 0.015051, 0.0, 0.0, 0.0, 1.0],
                [-0.190667, 0.977169, 0.093755, 0.125045, -0.389467, -0.162969, 0.906508, -0.002984, 0.901089, 0.136327, 0.411648, 0.009066, 0.0, 0.0, 0.0, 1.0],
                [0.154358, 0.98317, 0.097738, 0.125009, -0.126137, -0.078504, 0.988902, -0.002885, 0.97993, -0.164974, 0.111897, 0.004292, 0.0, 0.0, 0.0, 1.0],
                [0.533378, 0.845397, -0.028511, 0.124996, 0.195419, -0.090359, 0.976549, -0.002841, 0.822994, -0.526442, -0.213401, 0.001132, 0.0, 0.0, 0.0, 1.0],
                [0.739517, 0.63637, -0.219427, 0.124994, 0.411664, -0.169644, 0.895407, -0.002831, 0.532585, -0.7525, -0.387425, -1.2e-05, 0.0, 0.0, 0.0, 1.0],
                [0.826454, 0.489547, -0.27806, 0.124994, 0.444246, -0.26364, 0.856236, -0.002831, 0.345859, -0.831168, -0.435365, -1.2e-05, 0.0, 0.0, 0.0, 1.0],
                [0.900265, 0.397263, -0.178063, 0.124994, 0.34272, -0.394512, 0.852587, -0.002831, 0.268452, -0.82858, -0.491315, -1.2e-05, 0.0, 0.0, 0.0, 1.0],
                [0.945039, 0.326927, 0.004559, 0.124994, 0.194561, -0.573511, 0.795759, -0.002831, 0.262769, -0.751136, -0.605597, -1.2e-05, 0.0, 0.0, 0.0, 1.0],
                [0.937114, 0.259478, 0.233429, 0.124994, 0.060373, -0.779235, 0.623819, -0.002831, 0.343763, -0.570497, -0.745896, -1.2e-05, 0.0, 0.0, 0.0, 1.0],
                [0.913224, 0.155492, 0.376621, 0.124994, 0.001905, -0.925942, 0.377663, -0.002831, 0.407452, -0.344174, -0.845888, -1.2e-05, 0.0, 0.0, 0.0, 1.0],
                [0.907807, 0.067772, 0.413875, 0.124994, -0.012763, -0.981937, 0.188785, -0.002831, 0.419193, -0.176663, -0.890543, -1.2e-05, 0.0, 0.0, 0.0, 1.0],
                [0.908116, 0.039748, 0.416828, 0.124994, -0.014709, -0.991843, 0.126625, -0.002831, 0.41846, -0.121122, -0.900123, -1.2e-05, 0.0, 0.0, 0.0, 1.0],
                [0.908116, 0.039748, 0.416828, 0.124994, -0.014709, -0.991843, 0.126625, -0.002831, 0.41846, -0.121122, -0.900123, -1.2e-05, 0.0, 0.0, 0.0, 1.0],
                [0.908116, 0.039748, 0.416828, 0.124994, -0.014709, -0.991843, 0.126625, -0.002831, 0.41846, -0.121122, -0.900123, -1.2e-05, 0.0, 0.0, 0.0, 1.0],
                [0.908116, 0.039748, 0.416828, 0.124994, -0.014709, -0.991843, 0.126625, -0.002831, 0.41846, -0.121122, -0.900123, -1.2e-05, 0.0, 0.0, 0.0, 1.0],
                [0.908116, 0.039748, 0.416828, 0.124994, -0.014709, -0.991843, 0.126625, -0.002831, 0.41846, -0.121122, -0.900123, -1.2e-05, 0.0, 0.0, 0.0, 1.0],
                [0.908116, 0.039748, 0.416828, 0.124994, -0.014709, -0.991843, 0.126625, -0.002831, 0.41846, -0.121122, -0.900123, -1.2e-05, 0.0, 0.0, 0.0, 1.0]
            ]
        },
        {
            "name": "Leg_R",
            "time": [0.0, 0.0167, 0.0333, 0.05, 0.0667, 0.0833, 0.1, 0.1167, 0.1333, 0.15, 0.1667, 0.1833, 0.2, 0.2167, 0.2333, 0.25, 0.2667, 0.2833, 0.3, 0.3167, 0.3333, 0.35, 0.3667, 0.3833, 0.4, 0.4167, 0.4333, 0.45, 0.4667, 0.4833, 0.5, 0.5167, 0.5333, 0.55, 0.5667, 0.5833, 0.6, 0.6167, 0.6333, 0.65, 0.6667, 0.6833, 0.7, 0.7167, 0.7333, 0.75],
            "transform": [
                [1.0, 1.8e-05, 1.1e-05, -0.0, -1.9e-05, 0.526219, 0.850348, 0.374726, 1e-05, -0.85035, 0.526219, 0.0, 0.0, 0.0, 0.0, 1.0],
                [1.0, 1.9e-05, 1.3e-05, 0.0, -2e-05, 0.424851, 0.905263, 0.374726, 1.2e-05, -0.905264, 0.424851, 0.0, 0.0, 0.0, 0.0, 1.0],
                [1.0, 1.9e-05, 1.4e-05, -0.0, -2e-05, 0.376221, 0.926529, 0.374726, 1.3e-05, -0.926531, 0.376221, -0.0, 0.0, 0.0, 0.0, 1.0],
                [1.0, 1.7e-05, 9e-06, 0.0, -1.7e-05, 0.616014, 0.787734, 0.374726, 8e-06, -0.787736, 0.616014, -0.0, 0.0, 0.0, 0.0, 1.0],
                [1.0, 7e-06, 2e-06, -0.0, -8e-06, 0.939922, 0.341388, 0.374726, 1e-06, -0.341389, 0.939922, 0.0, 0.0, 0.0, 0.0, 1.0],
                [1.0, 1.2e-05, 5e-06, -0.0, -1.3e-05, 0.790292, 0.612729, 0.374726, 4e-06, -0.61273, 0.790292, -0.0, 0.0, 0.0, 0.0, 1.0],
                [1.0, 2e-05, 1.7e-05, -0.0, -2.1e-05, 0.210651, 0.97756, 0.374726, 1.6e-05, -0.977562, 0.210651, 0.0, 0.0, 0.0, 0.0, 1.0],
                [1.0, 2e-05, 2.8e-05, -0.0, -2e-05, -0.335629, 0.941993, 0.374726, 2.8e-05, -0.941995, -0.335629, 0.0, 0.0, 0.0, 0.0, 1.0],
                [1.0, 1.7e-05, 3.4e-05, -0.0, -1.7e-05, -0.601803, 0.798643, 0.374726, 3.4e-05, -0.798646, -0.601803, -0.0, 0.0, 0.0, 0.0, 1.0],
                [1.0, 1.5e-05, 3.4e-05, 0.0, -1.6e-05, -0.653379, 0.75703, 0.374726, 3.4e-05, -0.757032, -0.653379, 0.0, 0.0, 0.0, 0.0, 1.0],
                [1.0, 1.6e-05, 3.6e-05, -0.0, -1.7e-05, -0.644763, 0.764381, 0.374726, 3.5e-05, -0.764383, -0.644763, 0.0, 0.0, 0.0, 0.0, 1.0],
                [1.0, 1.6e-05, 3.5e-05, 0.0, -1.7e-05, -0.632848, 0.774275, 0.374726, 3.5e-05, -0.774277, -0.632848, 0.0, 0.0, 0.0, 0.0, 1.0],
                [1.0, 1.6e-05, 3.5e-05, 0.0, -1.7e-05, -0.622823, 0.782361, 0.374726, 3.5e-05, -0.782364, -0.622823, 0.0, 0.0, 0.0, 0.0, 1.0],
                [1.0, 1.7e-05, 3.6e-05, 0.0, -1.8e-05, -0.60909, 0.7931, 0.374726, 3.5e-05, -0.793102, -0.60909, -0.0, 0.0, 0.0, 0.0, 1.0],
                [1.0, 1.6e-05, 3.2e-05, 0.0, -1.7e-05, -0.582407, 0.812896, 0.374726, 3.2e-05, -0.812898, -0.582407, 0.0, 0.0, 0.0, 0.0, 1.0],
                [1.0, 1.8e-05, 3.6e-05, 0.0, -1.9e-05, -0.565128, 0.825002, 0.374726, 3.5e-05, -0.825004, -0.565128, 0.0, 0.0, 0.0, 0.0, 1.0],
                [1.0, 1.8e-05, 3.8e-05, -0.0, -1.9e-05, -0.603642, 0.797255, 0.374726, 3.7e-05, -0.797256, -0.603642, 0.0, 0.0, 0.0, 0.0, 1.0],
                [1.0, 1.6e-05, 3.5e-05, -0.0, -1.7e-05, -0.620509, 0.784198, 0.374726, 3.4e-05, -0.7842, -0.620509, -0.0, 0.0, 0.0, 0.0, 1.0],
                [1.0, 1.7e-05, 2.8e-05, -0.0, -1.7e-05, -0.449842, 0.893107, 0.374726, 2.7e-05, -0.893109, -0.449842, 0.0, 0.0, 0.0, 0.0, 1.0],
                [1.0, 2.1e-05, 2.7e-05, -0.0, -2.2e-05, -0.178716, 0.9839, 0.374726, 2.6e-05, -0.983901, -0.178716, 0.0, 0.0, 0.0, 0.0, 1.0],
                [1.0, 2.2e-05, 1.9e-05, 0.0, -2.3e-05, 0.161678, 0.986842, 0.374726, 1.8e-05, -0.986844, 0.161678, 0.0, 0.0, 0.0, 0.0, 1.0],
                [1.0, 1.9e-05, 1.2e-05, -0.0, -1.9e-05, 0.467241, 0.884129, 0.374726, 1.1e-05, -0.884131, 0.467241, 0.0, 0.0, 0.0, 0.0, 1.0],
                [1.0, 1.8e-05, 1e-05, 0.0, -1.9e-05, 0.622028, 0.782993, 0.374726, 8e-06, -0.782995, 0.622028, -0.0, 0.0, 0.0, 0.0, 1.0],
                [1.0, 1.9e-05, 9e-06, -0.0, -2e-05, 0.673566, 0.739127, 0.374726, 8e-06, -0.739127, 0.673566, 0.0, 0.0, 0.0, 0.0, 1.0],
                [1.0, 2.1e-05, 1.1e-05, 0.0, -2.2e-05, 0.600173, 0.79987, 0.374726, 1e-05, -0.799871, 0.600173, -0.0, 0.0, 0.0, 0.0, 1.0],
                [1.0, 2.1e-05, 1.4e-05, 0.0, -2.2e-05, 0.441658, 0.897183, 0.374726, 1.3e-05, -0.897185, 0.441658, -0.0, 0.0, 0.0, 0.0, 1.0],
                [1.0, 2e-05, 1.6e-05, 0.0, -2.1e-05, 0.258823, 0.965924, 0.374726, 1.5e-05, -0.965925, 0.258823, 0.0, 0.0, 0.0, 0.0, 1.0],
                [1.0, 2.6e-05, 2.4e-05, -0.0, -2.7e-05, 0.105965, 0.994369, 0.374726, 2.3e-05, -0.994371, 0.105965, -0.0, 0.0, 0.0, 0.0, 1.0],
                [1.0, 2e-05, 2e-05, -0.0, -2e-05, 0.018186, 0.999834, 0.374726, 1.9e-05, -0.999836, 0.018186, -0.0, 0.0, 0.0, 0.0, 1.0],
                [1.0, 2.4e-05, 2.5e-05, 0.0, -2.4e-05, -0.015656, 0.999876, 0.374726, 2.4e-05, -0.999878, -0.015656, 0.0, 0.0, 0.0, 0.0, 1.0],
                [1.0, 1.9e-05, 2e-05, -1e-06, -2e-05, -0.029735, 0.999557, 0.374726, 2e-05, -0.999559, -0.029735, 0.0, 0.0, 0.0, 0.0, 1.0],
                [1.0, 2.1e-05, 2.2e-05, 0.0, -2.1e-05, -0.031518, 0.999502, 0.374726, 2.1e-05, -0.999504, -0.031518, -0.0, 0.0, 0.0, 0.0, 1.0],
                [1.0, 1.5e-05, 1.6e-05, -0.0, -1.6e-05, -0.02304, 0.999733, 0.374726, 1.5e-05, -0.999735, -0.02304, 0.0, 0.0, 0.0, 0.0, 1.0],
                [1.0, 2.1e-05, 2.2e-05, -1e-06, -2.2e-05, -0.00241, 0.999996, 0.374726, 2.1e-05, -0.999998, -0.002409, 0.0, 0.0, 0.0, 0.0, 1.0],
                [1.0, 2.3e-05, 2.2e-05, 0.0, -2.4e-05, 0.058541, 0.998284, 0.374727, 2.2e-05, -0.998286, 0.058541, -0.0, 0.0, 0.0, 0.0, 1.0],
                [1.0, 1.8e-05, 1.6e-05, 0.0, -1.9e-05, 0.195673, 0.980668, 0.374726, 1.5e-05, -0.98067, 0.195673, -0.0, 0.0, 0.0, 0.0, 1.0],
                [1.0, 1.6e-05, 1.1e-05, -0.0, -1.6e-05, 0.416479, 0.909144, 0.374727, 1e-05, -0.909146, 0.416479, -0.0, 0.0, 0.0, 0.0, 1.0],
                [1.0, 1.4e-05, 7e-06, 0.0, -1.4e-05, 0.684932, 0.728606, 0.374726, 6e-06, -0.728607, 0.684933, -0.0, 0.0, 0.0, 0.0, 1.0],
                [1.0, 9e-06, 3e-06, 0.0, -9e-06, 0.878449, 0.477836, 0.374726, 2e-06, -0.477837, 0.878449, -0.0, 0.0, 0.0, 0.0, 1.0],
                [1.0, 6e-06, 2e-06, -0.0, -6e-06, 0.955698, 0.294349, 0.374726, 0.0, -0.294349, 0.955698, -0.0, 0.0, 0.0, 0.0, 1.0],
                [1.0, 5e-06, 1e-06, 0.0, -5e-06, 0.968457, 0.249179, 0.374726, -0.0, -0.24918, 0.968457, -0.0, 0.0, 0.0, 0.0, 1.0],
                [1.0, 5e-06, 1e-06, 0.0, -5e-06, 0.968457, 0.249179, 0.374726, -0.0, -0.24918, 0.968457, -0.0, 0.0, 0.0, 0.0, 1.0],
                [1.0, 5e-06, 1e-06, 0.0, -5e-06, 0.968457, 0.249179, 0.374726, -0.0, -0.24918, 0.968457, -0.0, 0.0, 0.0, 0.0, 1.0],
                [1.0, 5e-06, 1e-06, 0.0, -5e-06, 0.968457, 0.249179, 0.374726, -0.0, -0.24918, 0.968457, -0.0, 0.0, 0.0, 0.0, 1.0],
                [1.0, 5e-06, 1e-06, 0.0, -5e-06, 0.968457, 0.249179, 0.374726, -0.0, -0.24918, 0.968457, -0.0, 0.0, 0.0, 0.0, 1.0],
                [1.0, 5e-06, 1e-06, 0.0, -5e-06, 0.968457, 0.249179, 0.374726, -0.0, -0.24918, 0.968457, -0.0, 0.0, 0.0, 0.0, 1.0]
            ]
        },
        {
            "name": "Knee_R",
            "time": [0.0, 0.75],
            "transform": [
                [1.0, 0.0, -0.0, 0.0, -0.0, 0.00567, -0.999984, 0.425326, -0.0, 0.999984, 0.00567, -0.000287, 0.0, 0.0, 0.0, 1.0],
                [1.0, 0.0, -0.0, 0.0, -0.0, 0.00567, -0.999984, 0.374726, -0.0, 0.999984, 0.00567, 0.0, 0.0, 0.0, 0.0, 1.0]
            ]
        },
        {
            "name": "Thigh_L",
            "time": [0.0, 0.0167, 0.0333, 0.05, 0.0667, 0.0833, 0.1, 0.1167, 0.1333, 0.15, 0.1667, 0.1833, 0.2, 0.2167, 0.2333, 0.25, 0.2667, 0.2833, 0.3, 0.3167, 0.3333, 0.35, 0.3667, 0.3833, 0.4, 0.4167, 0.4333, 0.45, 0.4667, 0.4833, 0.5, 0.5167, 0.5333, 0.55, 0.5667, 0.5833, 0.6, 0.6167, 0.6333, 0.65, 0.6667, 0.6833, 0.7, 0.7167, 0.7333, 0.75],
            "transform": [
                [1.0, -0.0, -0.0, -0.125006, -0.0, -0.830745, -0.556654, -0.002831, 0.0, 0.556654, -0.830745, -1.2e-05, 0.0, 0.0, 0.0, 1.0],
                [1.0, -1e-05, 2e-06, -0.125006, -1e-05, -0.998509, 0.054604, -0.002831, 2e-06, -0.054604, -0.998508, -3.2e-05, 0.0, 0.0, 0.0, 1.0],
                [1.0, -1.5e-05, 6e-06, -0.125006, -1.4e-05, -0.617408, 0.786644, -0.002831, -8e-06, -0.786644, -0.617408, -0.000177, 0.0, 0.0, 0.0, 1.0],
                [1.0, -1.4e-05, 6e-06, -0.125006, -8e-06, -0.189851, 0.981813, -0.002831, -1.2e-05, -0.981814, -0.189851, -0.000569, 0.0, 0.0, 0.0, 1.0],
                [1.0, -1.4e-05, 6e-06, -0.125006, -7e-06, -0.090105, 0.995933, -0.002831, -1.4e-05, -0.995933, -0.090105, -0.001333, 0.0, 0.0, 0.0, 1.0],
                [1.0, -1.6e-05, 7e-06, -0.125006, -1.2e-05, -0.320399, 0.947283, -0.002831, -1.3e-05, -0.947283, -0.320399, -0.002592, 0.0, 0.0, 0.0, 1.0],
                [1.0, -1.4e-05, 5e-06, -0.125006, -1.3e-05, -0.701694, 0.712479, -0.002831, -6e-06, -0.71248, -0.701694, -0.004471, 0.0, 0.0, 0.0, 1.0],
                [1.0, -7e-06, 1e-06, -0.125006, -7e-06, -0.964522, 0.264004, -0.002831, -1e-06, -0.264004, -0.964522, -0.007092, 0.0, 0.0, 0.0, 1.0],
                [1.0, -0.0, -0.0, -0.125006, -0.0, -0.991782, -0.127947, -0.002831, 0.0, 0.127947, -0.991781, -0.010581, 0.0, 0.0, 0.0, 1.0],
                [1.0, -0.0, -0.0, -0.125006, -0.0, -0.992584, -0.121565, -0.002831, 0.0, 0.121565, -0.992583, -0.01506, 0.0, 0.0, 0.0, 1.0],
                [1.0, -2e-06, 0.0, -0.125006, -2e-06, -0.999014, 0.044407, -0.002831, 0.0, -0.044407, -0.999014, -0.020654, 0.0, 0.0, 0.0, 1.0],
                [1.0, -1.3e-05, 4e-06, -0.125006, -1.2e-05, -0.73082, 0.682572, -0.002831, -5e-06, -0.682572, -0.730819, -0.027487, 0.0, 0.0, 0.0, 1.0],
                [1.0, -1.6e-05, 8e-06, -0.125006, -1.3e-05, -0.358384, 0.933575, -0.002831, -1.2e-05, -0.933575, -0.358384, -0.035682, 0.0, 0.0, 0.0, 1.0],
                [1.0, -1.7e-05, 9e-06, -0.125006, -1.1e-05, -0.141117, 0.989993, -0.002831, -1.5e-05, -0.989994, -0.141117, -0.045363, 0.0, 0.0, 0.0, 1.0],
                [1.0, -1.7e-05, 9e-06, -0.125006, -1.1e-05, -0.136822, 0.990596, -0.002831, -1.5e-05, -0.990597, -0.136822, -0.056654, 0.0, 0.0, 0.0, 1.0],
                [1.0, -1.7e-05, 9e-06, -0.125006, -1.2e-05, -0.168286, 0.985739, -0.002831, -1.5e-05, -0.985739, -0.168286, -0.069679, 0.0, 0.0, 0.0, 1.0],
                [1.0, -1.7e-05, 9e-06, -0.125006, -1.2e-05, -0.19177, 0.98144, -0.002831, -1.5e-05, -0.981441, -0.19177, -0.084563, 0.0, 0.0, 0.0, 1.0],
                [1.0, -1.7e-05, 9e-06, -0.125006, -1.2e-05, -0.159918, 0.987131, -0.002831, -1.5e-05, -0.987131, -0.159918, -0.101427, 0.0, 0.0, 0.0, 1.0],
                [1.0, -1.6e-05, 8e-06, -0.125006, -9e-06, -0.087126, 0.996197, -0.002831, -1.5e-05, -0.996198, -0.087126, -0.120397, 0.0, 0.0, 0.0, 1.0],
                [1.0, -1.4e-05, 6e-06, -0.125006, -6e-06, -0.052039, 0.998646, -0.002831, -1.4e-05, -0.998646, -0.052039, -0.141597, 0.0, 0.0, 0.0, 1.0],
                [0.997665, 0.049485, -0.047081, -0.079284, 0.026747, 0.351196, 0.93592, -0.002831, 0.062849, -0.934994, 0.349052, -0.166094, 0.0, 0.0, 0.0, 1.0],
                [0.992206, 0.121611, 0.027182, -0.033561, -0.031777, 0.036008, 0.998846, -0.002831, 0.120492, -0.991925, 0.039591, -0.179414, 0.0, 0.0, 0.0, 1.0],
                [0.992043, 0.122197, 0.030315, -0.035361, -0.033933, 0.027634, 0.999042, -0.002831, 0.121242, -0.992122, 0.03156, -0.175884, 0.0, 0.0, 0.0, 1.0],
                [0.991408, 0.129973, 0.014717, -0.040335, -0.017833, 0.022842, 0.99958, -0.002831, 0.129582, -0.991255, 0.024964, -0.166125, 0.0, 0.0, 0.0, 1.0],
                [0.989677, 0.142725, -0.012991, -0.04785, 0.010627, 0.017308, 0.999794, -0.002831, 0.14292, -0.989612, 0.015613, -0.151382, 0.0, 0.0, 0.0, 1.0],
                [0.985595, 0.16041, -0.053577, -0.057269, 0.052953, 0.008171, 0.998564, -0.002831, 0.160617, -0.987018, -0.000441, -0.132902, 0.0, 0.0, 0.0, 1.0],
                [0.977252, 0.183552, -0.10624, -0.067959, 0.109546, -0.007936, 0.993951, -0.002831, 0.181598, -0.982979, -0.027863, -0.111931, 0.0, 0.0, 0.0, 1.0],
                [0.963504, 0.212387, -0.162945, -0.079284, 0.174263, -0.035576, 0.984057, -0.002831, 0.203203, -0.976539, -0.071289, -0.089713, 0.0, 0.0, 0.0, 1.0],
                [0.947156, 0.245487, -0.206473, -0.090608, 0.232112, -0.080231, 0.969375, -0.002831, 0.221403, -0.966075, -0.132972, -0.067495, 0.0, 0.0, 0.0, 1.0],
                [0.952262, 0.255901, -0.166467, -0.101298, 0.209965, -0.153165, 0.965637, -0.002831, 0.22161, -0.954493, -0.199584, -0.046524, 0.0, 0.0, 0.0, 1.0],
                [0.973206, 0.224905, -0.047841, -0.110718, 0.106539, -0.256676, 0.960608, -0.002831, 0.203766, -0.939966, -0.27376, -0.028043, 0.0, 0.0, 0.0, 1.0],
                [0.983248, 0.167882, 0.07098, -0.118232, -0.003013, -0.374401, 0.927262, -0.002831, 0.182245, -0.911944, -0.367623, -0.013301, 0.0, 0.0, 0.0, 1.0],
                [0.983087, 0.126004, 0.132905, -0.123207, -0.074305, -0.388865, 0.918294, -0.002831, 0.16739, -0.912639, -0.372925, -0.003542, 0.0, 0.0, 0.0, 1.0],
                [0.982303, 0.085505, 0.16664, -0.125006, -0.08946, -0.567471, 0.81852, -0.002831, 0.164551, -0.818942, -0.549779, -1.2e-05, 0.0, 0.0, 0.0, 1.0],
                [0.982821, 0.084698, 0.163981, -0.125006, -0.077135, -0.618672, 0.781855, -0.002831, 0.167672, -0.781072, -0.60151, -1.2e-05, 0.0, 0.0, 0.0, 1.0],
                [0.983148, 0.084981, 0.161861, -0.125006, -0.066136, -0.660088, 0.748272, -0.002831, 0.170431, -0.746367, -0.643344, -1.2e-05, 0.0, 0.0, 0.0, 1.0],
                [0.983409, 0.102905, 0.149391, -0.125006, -0.048337, -0.645108, 0.762562, -0.002831, 0.174844, -0.757131, -0.629431, -1.2e-05, 0.0, 0.0, 0.0, 1.0],
                [0.983112, 0.112887, 0.14404, -0.125006, -0.018752, -0.720801, 0.692889, -0.002831, 0.182043, -0.683888, -0.706511, -1.2e-05, 0.0, 0.0, 0.0, 1.0],
                [0.983017, 0.084818, 0.162737, -0.125006, -0.015278, -0.845882, 0.533153, -0.002831, 0.182877, -0.526584, -0.83022, -1.2e-05, 0.0, 0.0, 0.0, 1.0],
                [0.983422, 0.011777, 0.180951, -0.125006, -0.044493, -0.951713, 0.303752, -0.002831, 0.175791, -0.306767, -0.93541, -1.2e-05, 0.0, 0.0, 0.0, 1.0],
                [0.983196, -0.040241, 0.17806, -0.125006, -0.064, -0.989477, 0.12977, -0.002831, 0.170965, -0.138985, -0.975425, -1.2e-05, 0.0, 0.0, 0.0, 1.0],
                [0.983196, -0.040241, 0.17806, -0.125006, -0.063999, -0.989477, 0.12977, -0.002831, 0.170965, -0.138985, -0.975425, -1.2e-05, 0.0, 0.0, 0.0, 1.0],
                [0.983196, -0.040241, 0.17806, -0.125006, -0.064, -0.989477, 0.12977, -0.002831, 0.170965, -0.138985, -0.975425, -1.2e-05, 0.0, 0.0, 0.0, 1.0],
                [0.983196, -0.040241, 0.17806, -0.125006, -0.064, -0.989477, 0.12977, -0.002831, 0.170965, -0.138985, -0.975425, -1.2e-05, 0.0, 0.0, 0.0, 1.0],
                [0.983196, -0.040241, 0.17806, -0.125006, -0.063999, -0.989477, 0.12977, -0.002831, 0.170965, -0.138985, -0.975425, -1.2e-05, 0.0, 0.0, 0.0, 1.0],
                [0.983196, -0.040241, 0.17806, -0.125006, -0.063999, -0.989477, 0.12977, -0.002831, 0.170965, -0.138985, -0.975425, -1.2e-05, 0.0, 0.0, 0.0, 1.0]
            ]
        },
        {
            "name": "Leg_L",
            "time": [0.0, 0.0167, 0.0333, 0.05, 0.0667, 0.0833, 0.1, 0.1167, 0.1333, 0.15, 0.1667, 0.1833, 0.2, 0.2167, 0.2333, 0.25, 0.2667, 0.2833, 0.3, 0.3167, 0.3333, 0.35, 0.3667, 0.3833, 0.4, 0.4167, 0.4333, 0.45, 0.4667, 0.4833, 0.5, 0.5167, 0.5333, 0.55, 0.5667, 0.5833, 0.6, 0.6167, 0.6333, 0.65, 0.6667, 0.6833, 0.7, 0.7167, 0.7333, 0.75],
            "transform": [
                [1.0, 0.0, 1e-06, -0.0, -0.0, 0.999999, 0.001462, 0.374726, -1e-06, -0.001462, 0.999999, 0.0, 0.0, 0.0, 0.0, 1.0],
                [1.0, 1.7e-05, 9e-06, 0.0, -1.8e-05, 0.583082, 0.812413, 0.374726, 8e-06, -0.812414, 0.583082, -0.0, 0.0, 0.0, 0.0, 1.0],
                [1.0, 2.1e-05, 2.2e-05, -0.0, -2.2e-05, 0.004784, 0.999988, 0.374726, 2.1e-05, -0.999989, 0.004784, -0.0, 0.0, 0.0, 0.0, 1.0],
                [1.0, 2.1e-05, 1.9e-05, 0.0, -2.1e-05, 0.147178, 0.989109, 0.374726, 1.8e-05, -0.98911, 0.147178, -0.0, 0.0, 0.0, 0.0, 1.0],
                [1.0, 2.1e-05, 2e-05, 0.0, -2.2e-05, 0.068992, 0.997617, 0.374726, 1.9e-05, -0.997617, 0.068993, -0.0, 0.0, 0.0, 0.0, 1.0],
                [1.0, 2.1e-05, 2.5e-05, 0.0, -2.1e-05, -0.136257, 0.990673, 0.374726, 2.4e-05, -0.990674, -0.136257, 0.0, 0.0, 0.0, 0.0, 1.0],
                [1.0, 2.1e-05, 1.8e-05, -0.0, -2.1e-05, 0.159343, 0.987223, 0.374726, 1.8e-05, -0.987224, 0.159343, 0.0, 0.0, 0.0, 0.0, 1.0],
                [1.0, 1.3e-05, 5e-06, 0.0, -1.3e-05, 0.783287, 0.621659, 0.374726, 4e-06, -0.62166, 0.783287, -0.0, 0.0, 0.0, 0.0, 1.0],
                [1.0, 0.0, 1e-06, 0.0, -0.0, 0.999999, 0.001467, 0.374726, -1e-06, -0.001467, 0.999999, -0.0, 0.0, 0.0, 0.0, 1.0],
                [1.0, 0.0, 1e-06, 0.0, -0.0, 0.999999, 0.001468, 0.374726, -1e-06, -0.001468, 0.999999, -0.0, 0.0, 0.0, 0.0, 1.0],
                [1.0, 4e-06, 1e-06, 0.0, -4e-06, 0.982122, 0.188246, 0.374726, -0.0, -0.188247, 0.982122, -0.0, 0.0, 0.0, 0.0, 1.0],
                [1.0, 2e-05, 1.6e-05, -0.0, -2.1e-05, 0.265984, 0.963977, 0.374726, 1.5e-05, -0.963978, 0.265984, 0.0, 0.0, 0.0, 0.0, 1.0],
                [1.0, 2.1e-05, 2.5e-05, -0.0, -2.1e-05, -0.179992, 0.983667, 0.374726, 2.5e-05, -0.983669, -0.179992, -0.0, 0.0, 0.0, 0.0, 1.0],
                [1.0, 2e-05, 2.8e-05, 0.0, -2.1e-05, -0.284914, 0.958553, 0.374726, 2.7e-05, -0.958554, -0.284914, 0.0, 0.0, 0.0, 0.0, 1.0],
                [1.0, 2e-05, 2.8e-05, 0.0, -2.1e-05, -0.279109, 0.960259, 0.374726, 2.7e-05, -0.96026, -0.279109, 0.0, 0.0, 0.0, 0.0, 1.0],
                [1.0, 2e-05, 2.8e-05, -0.0, -2.1e-05, -0.31683, 0.948482, 0.374726, 2.8e-05, -0.948483, -0.31683, 0.0, 0.0, 0.0, 0.0, 1.0],
                [1.0, 2e-05, 2.9e-05, 0.0, -2e-05, -0.339224, 0.940705, 0.374726, 2.8e-05, -0.940706, -0.339224, -0.0, 0.0, 0.0, 0.0, 1.0],
                [1.0, 2e-05, 2.8e-05, -0.0, -2.1e-05, -0.306843, 0.951759, 0.374726, 2.8e-05, -0.95176, -0.306844, -0.0, 0.0, 0.0, 0.0, 1.0],
                [1.0, 2.1e-05, 2.6e-05, 0.0, -2.1e-05, -0.182592, 0.983188, 0.374726, 2.5e-05, -0.983189, -0.182592, 0.0, 0.0, 0.0, 0.0, 1.0],
                [1.0, 2.1e-05, 1.9e-05, -0.0, -2.2e-05, 0.118464, 0.992958, 0.374726, 1.8e-05, -0.992959, 0.118464, 0.0, 0.0, 0.0, 0.0, 1.0],
                [1.0, 2e-05, 1.7e-05, -0.0, -2.1e-05, 0.215236, 0.976561, 0.374726, 1.6e-05, -0.976563, 0.215236, -0.0, 0.0, 0.0, 0.0, 1.0],
                [1.0, 0.0, 1e-06, -0.0, -0.0, 0.999999, 0.001463, 0.374726, -1e-06, -0.001463, 0.999999, -0.0, 0.0, 0.0, 0.0, 1.0],
                [1.0, 0.0, 1e-06, 0.0, -0.0, 0.999999, 0.001478, 0.374726, -1e-06, -0.001478, 0.999999, 0.0, 0.0, 0.0, 0.0, 1.0],
                [1.0, 0.0, 1e-06, -0.0, 0.0, 0.999998, 0.001483, 0.374726, -1e-06, -0.001483, 0.999999, 0.0, 0.0, 0.0, 0.0, 1.0],
                [1.0, 0.0, 1e-06, 0.0, 0.0, 0.999998, 0.001484, 0.374726, -1e-06, -0.001484, 0.999999, 0.0, 0.0, 0.0, 0.0, 1.0],
                [1.0, 0.0, 1e-06, -0.0, 0.0, 0.999999, 0.001484, 0.374726, -1e-06, -0.001484, 0.999999, -0.0, 0.0, 0.0, 0.0, 1.0],
                [1.0, 0.0, 1e-06, -0.0, 0.0, 0.999999, 0.001482, 0.374726, -1e-06, -0.001482, 0.999998, 0.0, 0.0, 0.0, 0.0, 1.0],
                [1.0, 0.0, 1e-06, 0.0, -0.0, 0.999998, 0.001478, 0.374725, -1e-06, -0.001478, 0.999999, 0.0, 0.0, 0.0, 0.0, 1.0],
                [1.0, -0.0, 1e-06, -0.0, -0.0, 0.999999, 0.001473, 0.374727, -1e-06, -0.001473, 0.999999, -0.0, 0.0, 0.0, 0.0, 1.0],
                [1.0, 0.0, 1e-06, -0.0, 0.0, 0.999999, 0.001468, 0.374727, -1e-06, -0.001468, 0.999999, 0.0, 0.0, 0.0, 0.0, 1.0],
                [1.0, 0.0, 1e-06, -0.0, -0.0, 0.999999, 0.001463, 0.374726, -1e-06, -0.001463, 0.999999, 0.0, 0.0, 0.0, 0.0, 1.0],
                [1.0, 0.0, 1e-06, 0.0, -0.0, 0.999999, 0.00146, 0.374726, -1e-06, -0.00146, 0.999999, 0.0, 0.0, 0.0, 0.0, 1.0],
                [1.0, 4e-06, 1e-06, -0.0, -4e-06, 0.977406, 0.211371, 0.374726, -0.0, -0.211372, 0.977406, 0.0, 0.0, 0.0, 0.0, 1.0],
                [1.000001, 0.0, 1e-06, 0.0, -0.0, 0.999999, 0.00146, 0.374726, -1e-06, -0.00146, 0.999999, -0.0, 0.0, 0.0, 0.0, 1.0],
                [1.0, 0.0, 1e-06, 0.0, -0.0, 0.999999, 0.001461, 0.374726, -1e-06, -0.001461, 0.999999, -1e-06, 0.0, 0.0, 0.0, 1.0],
                [1.0, 0.0, 1e-06, -0.0, -0.0, 0.999999, 0.00146, 0.374727, -1e-06, -0.00146, 0.999999, -0.0, 0.0, 0.0, 0.0, 1.0],
                [1.0, 4e-06, 1e-06, 0.0, -4e-06, 0.976669, 0.214749, 0.374725, -0.0, -0.214749, 0.976669, 0.0, 0.0, 0.0, 0.0, 1.0],
                [1.0, 7e-06, 2e-06, -0.0, -7e-06, 0.942864, 0.333179, 0.374726, 1e-06, -0.333179, 0.942864, 0.0, 0.0, 0.0, 0.0, 1.0],
                [1.0, 8e-06, 2e-06, 0.0, -8e-06, 0.912082, 0.410007, 0.374726, 1e-06, -0.410007, 0.912082, -1e-06, 0.0, 0.0, 0.0, 1.0],
                [1.0, 8e-06, 2e-06, -0.0, -8e-06, 0.926342, 0.376683, 0.374726, 1e-06, -0.376683, 0.926342, -1e-06, 0.0, 0.0, 0.0, 1.0],
                [1.0, 5e-06, 1e-06, -0.0, -5e-06, 0.971755, 0.235989, 0.374726, -0.0, -0.23599, 0.971755, 1e-06, 0.0, 0.0, 0.0, 1.0],
                [0.999999, 5e-06, 1e-06, -0.0, -5e-06, 0.971755, 0.23599, 0.374726, -0.0, -0.23599, 0.971755, 1e-06, 0.0, 0.0, 0.0, 1.0],
                [1.0, 5e-06, 1e-06, 0.0, -5e-06, 0.971755, 0.23599, 0.374726, -0.0, -0.23599, 0.971755, 1e-06, 0.0, 0.0, 0.0, 1.0],
                [0.999999, 5e-06, 1e-06, 0.0, -5e-06, 0.971755, 0.23599, 0.374726, -0.0, -0.23599, 0.971755, 1e-06, 0.0, 0.0, 0.0, 1.0],
                [1.0, 5e-06, 1e-06, -0.0, -5e-06, 0.971755, 0.23599, 0.374726, -0.0, -0.23599, 0.971755, 1e-06, 0.0, 0.0, 0.0, 1.0],
                [0.999999, 5e-06, 1e-06, -0.0, -5e-06, 0.971755, 0.23599, 0.374726, -0.0, -0.23599, 0.971755, 1e-06, 0.0, 0.0, 0.0, 1.0]
            ]
        },
        {
            "name": "Knee_L",
            "time": [0.0, 0.75],
            "transform": [
                [1.0, 0.0, -0.0, -0.0, -0.0, 0.00567, -0.999984, 0.374726, -0.0, 0.999984, 0.00567, 0.0, 0.0, 0.0, 0.0, 1.0],
                [1.0, 0.0, -0.0, 0.0, -0.0, 0.00567, -0.999984, 0.374726, -0.0, 0.999984, 0.00567, 1e-06, 0.0, 0.0, 0.0, 1.0]
            ]
        },
        {
            "name": "Torso",
            "time": [0.0, 0.0167, 0.0333, 0.05, 0.0667, 0.0833, 0.1, 0.1167, 0.1333, 0.15, 0.1667, 0.1833, 0.2, 0.2167, 0.2333, 0.25, 0.2667, 0.2833, 0.3, 0.3167, 0.3333, 0.35, 0.3667, 0.3833, 0.4, 0.4167, 0.4333, 0.45, 0.4667, 0.4833, 0.5, 0.5167, 0.5333, 0.55, 0.5667, 0.5833, 0.6, 0.6167, 0.6333, 0.65, 0.6667, 0.6833, 0.7, 0.7167, 0.7333, 0.75],
            "transform": [
                [1.0, 0.0, 0.0, 0.0, 0.0, 1.0, 0.0, 0.05, 0.0, 0.0, 1.0, 0.0, 0.0, 0.0, 0.0, 1.0],
                [1.0, 0.0, -0.000149, 0.0, 0.0, 1.0, 0.0, 0.05, 0.000149, 0.0, 1.0, 0.0, 0.0, 0.0, 0.0, 1.0],
                [0.999999, 0.0, -0.001189, 0.0, 0.0, 1.0, 0.0, 0.05, 0.001189, 0.0, 0.999999, 0.0, 0.0, 0.0, 0.0, 1.0],
                [0.999992, 0.0, -0.004014, 0.0, 0.0, 1.0, 0.0, 0.05, 0.004014, 0.0, 0.999992, 0.0, 0.0, 0.0, 0.0, 1.0],
                [0.999955, 0.0, -0.009518, 0.0, 0.0, 1.0, 0.0, 0.05, 0.009518, 0.0, 0.999955, 0.0, 0.0, 0.0, 0.0, 1.0],
                [0.999827, 0.0, -0.018603, 0.0, 0.0, 1.0, 0.0, 0.05, 0.018603, 0.0, 0.999827, 0.0, 0.0, 0.0, 0.0, 1.0],
                [0.999482, 0.0, -0.032174, 0.0, 0.0, 1.0, 0.0, 0.05, 0.032174, 0.0, 0.999482, 0.0, 0.0, 0.0, 0.0, 1.0],
                [0.998691, 0.0, -0.051146, 0.0, 0.0, 1.0, 0.0, 0.05, 0.051146, 0.0, 0.998691, 0.0, 0.0, 0.0, 0.0, 1.0],
                [0.997075, 0.0, -0.076435, 0.0, 0.0, 1.0, 0.0, 0.05, 0.076435, 0.0, 0.997075, 0.0, 0.0, 0.0, 0.0, 1.0],
                [0.994048, 0.0, -0.108941, 0.0, 0.0, 1.0, 0.0, 0.05, 0.108941, 0.0, 0.994048, 0.0, 0.0, 0.0, 0.0, 1.0],
                [0.988759, 0.0, -0.149516, 0.0, 0.0, 1.0, 0.0, 0.05, 0.149516, 0.0, 0.988759, 0.0, 0.0, 0.0, 0.0, 1.0],
                [0.980019, 0.0, -0.198903, 0.0, 0.0, 1.0, 0.0, 0.05, 0.198903, 0.0, 0.980019, 0.0, 0.0, 0.0, 0.0, 1.0],
                [0.966242, 0.0, -0.257637, 0.0, 0.0, 1.0, 0.0, 0.05, 0.257637, 0.0, 0.966242, 0.0, 0.0, 0.0, 0.0, 1.0],
                [0.945405, 0.0, -0.325898, 0.0, 0.0, 1.0, 0.0, 0.05, 0.325898, 0.0, 0.945405, 0.0, 0.0, 0.0, 0.0, 1.0],
                [0.915062, 0.0, -0.403313, 0.0, 0.0, 1.0, 0.0, 0.05, 0.403313, 0.0, 0.915062, 0.0, 0.0, 0.0, 0.0, 1.0],
                [0.872448, 0.0, -0.488708, 0.0, 0.0, 1.0, 0.0, 0.05, 0.488708, 0.0, 0.872448, 0.0, 0.0, 0.0, 0.0, 1.0],
                [0.814714, 0.0, -0.579862, 0.0, 0.0, 1.0, 0.0, 0.05, 0.579862, 0.0, 0.814714, 0.0, 0.0, 0.0, 0.0, 1.0],
                [0.716741, 0.0, -0.697339, 0.0, 0.0, 1.0, 0.0, 0.05, 0.697339, 0.0, 0.716741, 0.0, 0.0, 0.0, 0.0, 1.0],
                [0.578534, 0.0, -0.815659, 0.0, 0.0, 1.0, 0.0, 0.05, 0.815659, 0.0, 0.578534, 0.0, 0.0, 0.0, 0.0, 1.0],
                [0.463267, 0.0, -0.886219, 0.0, 0.0, 1.0, 0.0, 0.05, 0.886219, 0.0, 0.463267, 0.0, 0.0, 0.0, 0.0, 1.0],
                [0.418537, -0.048358, -0.906911, 0.0, -0.026313, 0.997517, -0.065333, 0.05, 0.907818, 0.051208, 0.416225, 0.0, 0.0, 0.0, 0.0, 1.0],
                [0.413698, -0.096775, -0.905256, 0.0, -0.052937, 0.990095, -0.130036, 0.05, 0.908874, 0.101718, 0.404478, 0.0, 0.0, 0.0, 0.0, 1.0],
                [0.432998, -0.094097, -0.89647, 0.0, -0.050687, 0.990421, -0.12844, 0.05, 0.899969, 0.101054, 0.42408, 0.0, 0.0, 0.0, 0.0, 1.0],
                [0.485909, -0.086691, -0.869699, 0.0, -0.044582, 0.991315, -0.123722, 0.05, 0.872871, 0.098891, 0.477824, 0.0, 0.0, 0.0, 0.0, 1.0],
                [0.563967, -0.075574, -0.822332, 0.0, -0.035767, 0.992634, -0.115755, 0.05, 0.825023, 0.094694, 0.557109, 0.0, 0.0, 0.0, 0.0, 1.0],
                [0.656938, -0.061983, -0.751392, 0.0, -0.025618, 0.994204, -0.10441, 0.05, 0.753509, 0.08784, 0.651543, 0.0, 0.0, 0.0, 0.0, 1.0],
                [0.753034, -0.047408, -0.656271, 0.0, -0.015654, 0.995828, -0.0899, 0.05, 0.657795, 0.077971, 0.74915, 0.0, 0.0, 0.0, 0.0, 1.0],
                [0.840496, -0.033444, -0.540784, 0.0, -0.007285, 0.997305, -0.073, 0.05, 0.541768, 0.065296, 0.837988, 0.0, 0.0, 0.0, 0.0, 1.0],
                [0.91021, -0.021465, -0.41359, 0.0, -0.001463, 0.998483, -0.05504, 0.05, 0.414144, 0.050703, 0.908798, 0.0, 0.0, 0.0, 0.0, 1.0],
                [0.957975, -0.012294, -0.286588, 0.0, 0.001563, 0.99929, -0.037643, 0.05, 0.286848, 0.035613, 0.957314, 0.0, 0.0, 0.0, 0.0, 1.0],
                [0.985047, -0.006071, -0.17218, 0.0, 0.002253, 0.999748, -0.022363, 0.05, 0.172272, 0.021641, 0.984812, 0.0, 0.0, 0.0, 0.0, 1.0],
