{
    "animation": [
        {
            "name": "Root",
            "time": [0.0, 0.0167, 0.0333, 0.05, 0.0667, 0.0833, 0.1, 0.1167, 0.1333, 0.15, 0.1667, 0.1833, 0.2, 0.2167, 0.2333, 0.25, 0.2667, 0.2833, 0.3, 0.3167, 0.3333, 0.35, 0.3667, 0.3833, 0.4, 0.4167, 0.4333, 0.45],
            "transform": [
                [1.0, 0.0, 0.0, -5e-06, 0.0, 0.0, -1.0, 0.000946, 0.0, 1.0, 0.0, 0.763972, 0.0, 0.0, 0.0, 1.0],
                [1.0, 0.0, 0.0, -5e-06, 0.0, 0.0, -1.0, 0.033965, 0.0, 1.0, 0.0, 0.763972, 0.0, 0.0, 0.0, 1.0],
                [1.0, 0.0, 0.0, -5e-06, 0.0, 0.0, -1.0, 0.121635, 0.0, 1.0, 0.0, 0.763972, 0.0, 0.0, 0.0, 1.0],
                [1.0, 0.0, 0.0, -5e-06, 0.0, 0.0, -1.0, 0.246878, 0.0, 1.0, 0.0, 0.763972, 0.0, 0.0, 0.0, 1.0],
                [1.0, 0.0, 0.0, -5e-06, 0.0, 0.0, -1.0, 0.392616, 0.0, 1.0, 0.0, 0.763972, 0.0, 0.0, 0.0, 1.0],
                [1.0, 0.0, 0.0, -5e-06, 0.0, 0.0, -1.0, 0.541769, 0.0, 1.0, 0.0, 0.763972, 0.0, 0.0, 0.0, 1.0],
                [1.0, 0.0, 0.0, -5e-06, 0.0, 0.0, -1.0, 0.677259, 0.0, 1.0, 0.0, 0.763972, 0.0, 0.0, 0.0, 1.0],
                [1.0, 0.0, 0.0, -5e-06, 0.0, 0.0, -1.0, 0.782008, 0.0, 1.0, 0.0, 0.763972, 0.0, 0.0, 0.0, 1.0],
                [1.0, 0.0, 0.0, -5e-06, 0.0, 0.0, -1.0, 0.844614, 0.0, 1.0, 0.0, 0.763972, 0.0, 0.0, 0.0, 1.0],
                [1.0, 0.0, 0.0, -5e-06, 0.0, 0.0, -1.0, 0.876388, 0.0, 1.0, 0.0, 0.763972, 0.0, 0.0, 0.0, 1.0],
                [1.0, 0.0, 0.0, -5e-06, 0.0, 0.0, -1.0, 0.894316, 0.0, 1.0, 0.0, 0.763972, 0.0, 0.0, 0.0, 1.0],
                [1.0, 0.0, 0.0, -5e-06, 0.0, 0.0, -1.0, 0.915387, 0.0, 1.0, 0.0, 0.763972, 0.0, 0.0, 0.0, 1.0],
                [1.0, 0.0, 0.0, -5e-06, 0.0, 0.0, -1.0, 0.956587, 0.0, 1.0, 0.0, 0.763972, 0.0, 0.0, 0.0, 1.0],
                [1.0, 0.0, 0.0, -5e-06, 0.0, 0.0, -1.0, 1.034905, 0.0, 1.0, 0.0, 0.763972, 0.0, 0.0, 0.0, 1.0],
                [1.0, 0.0, 0.0, -5e-06, 0.0, 0.0, -1.0, 1.167327, 0.0, 1.0, 0.0, 0.763972, 0.0, 0.0, 0.0, 1.0],
                [1.0, 0.0, 0.0, -5e-06, 0.0, 0.0, -1.0, 1.386917, 0.0, 1.0, 0.0, 0.763972, 0.0, 0.0, 0.0, 1.0],
                [1.0, 0.0, 0.0, -5e-06, 0.0, 0.0, -1.0, 1.655339, 0.0, 1.0, 0.0, 0.763972, 0.0, 0.0, 0.0, 1.0],
                [1.0, 0.0, 0.0, -5e-06, 0.0, 0.0, -1.0, 1.882475, 0.0, 1.0, 0.0, 0.763972, 0.0, 0.0, 0.0, 1.0],
                [1.0, 0.0, 0.0, -5e-06, 0.0, 0.0, -1.0, 1.978213, 0.0, 1.0, 0.0, 0.763972, 0.0, 0.0, 0.0, 1.0],
                [1.0, 0.0, 0.0, -5e-06, 0.0, 0.0, -1.0, 1.978213, 0.0, 1.0, 0.0, 0.763972, 0.0, 0.0, 0.0, 1.0],
                [1.0, 0.0, 0.0, -5e-06, 0.0, 0.0, -1.0, 1.978213, 0.0, 1.0, 0.0, 0.763972, 0.0, 0.0, 0.0, 1.0],
                [1.0, 0.0, 0.0, -5e-06, 0.0, 0.0, -1.0, 1.978213, 0.0, 1.0, 0.0, 0.763972, 0.0, 0.0, 0.0, 1.0],
                [1.0, 0.0, 0.0, -5e-06, 0.0, 0.0, -1.0, 1.978213, 0.0, 1.0, 0.0, 0.763972, 0.0, 0.0, 0.0, 1.0],
                [1.0, 0.0, 0.0, -5e-06, 0.0, 0.0, -1.0, 1.978213, 0.0, 1.0, 0.0, 0.763972, 0.0, 0.0, 0.0, 1.0],
                [1.0, 0.0, 0.0, -5e-06, 0.0, 0.0, -1.0, 1.978213, 0.0, 1.0, 0.0, 0.763972, 0.0, 0.0, 0.0, 1.0],
                [1.0, 0.0, 0.0, -5e-06, 0.0, 0.0, -1.0, 1.978213, 0.0, 1.0, 0.0, 0.763972, 0.0, 0.0, 0.0, 1.0],
                [1.0, 0.0, 0.0, -5e-06, 0.0, 0.0, -1.0, 1.978213, 0.0, 1.0, 0.0, 0.763972, 0.0, 0.0, 0.0, 1.0],
                [1.0, 0.0, 0.0, -5e-06, 0.0, 0.0, -1.0, 1.978213, 0.0, 1.0, 0.0, 0.763972, 0.0, 0.0, 0.0, 1.0]
            ]
        },
        {
            "name": "Thigh_R",
            "time": [0.0, 0.0167, 0.0333, 0.05, 0.0667, 0.0833, 0.1, 0.1167, 0.1333, 0.15, 0.1667, 0.1833, 0.2, 0.2167, 0.2333, 0.25, 0.2667, 0.2833, 0.3, 0.3167, 0.3333, 0.35, 0.3667, 0.3833, 0.4, 0.4167, 0.4333, 0.45],
            "transform": [
                [1.0, -4e-06, 0.0, 0.124994, -4e-06, -0.76853, 0.639815, -0.002831, -2e-06, -0.639815, -0.768529, -1.2e-05, 0.0, 0.0, 0.0, 1.0],
                [1.0, -5e-06, 1e-06, 0.124994, -5e-06, -0.748288, 0.663375, -0.002831, -3e-06, -0.663375, -0.748288, -1.2e-05, 0.0, 0.0, 0.0, 1.0],
                [1.0, -8e-06, 1e-06, 0.124994, -7e-06, -0.736135, 0.676836, -0.002831, -4e-06, -0.676836, -0.736134, -1.2e-05, 0.0, 0.0, 0.0, 1.0],
                [1.0, -9e-06, 2e-06, 0.124994, -8e-06, -0.770003, 0.638041, -0.002831, -4e-06, -0.638041, -0.770002, -1.2e-05, 0.0, 0.0, 0.0, 1.0],
                [1.0, -1e-05, 2e-06, 0.124994, -1e-05, -0.845702, 0.533657, -0.002831, -3e-06, -0.533656, -0.845702, -1.2e-05, 0.0, 0.0, 0.0, 1.0],
                [1.0, -1e-05, 2e-06, 0.124994, -1e-05, -0.931052, 0.364889, -0.002831, -1e-06, -0.364889, -0.931051, -1.2e-05, 0.0, 0.0, 0.0, 1.0],
                [1.0, -8e-06, 2e-06, 0.124994, -8e-06, -0.98782, 0.155602, -0.002831, 0.0, -0.155602, -0.98782, -1.2e-05, 0.0, 0.0, 0.0, 1.0],
                [1.0, -6e-06, 1e-06, 0.124994, -6e-06, -0.99877, -0.049591, -0.002831, 1e-06, 0.049591, -0.99877, -1.2e-05, 0.0, 0.0, 0.0, 1.0],
                [1.0, -7e-06, 1e-06, 0.124994, -7e-06, -0.994398, -0.105702, -0.002831, 2e-06, 0.105702, -0.994398, -1.2e-05, 0.0, 0.0, 0.0, 1.0],
                [1.0, -1e-05, 2e-06, 0.124994, -1e-05, -0.999745, -0.022604, -0.002831, 3e-06, 0.022604, -0.999745, -1.2e-05, 0.0, 0.0, 0.0, 1.0],
                [1.0, -1.3e-05, 4e-06, 0.124994, -1.3e-05, -0.998531, 0.054192, -0.002831, 4e-06, -0.054192, -0.998531, -1.2e-05, 0.0, 0.0, 0.0, 1.0],
                [1.0, -1.5e-05, 6e-06, 0.124994, -1.5e-05, -0.998122, 0.061265, -0.002831, 5e-06, -0.061265, -0.998122, -1.2e-05, 0.0, 0.0, 0.0, 1.0],
                [1.0, -1.6e-05, 7e-06, 0.124994, -1.6e-05, -0.999355, -0.035906, -0.002831, 8e-06, 0.035907, -0.999355, -1.2e-05, 0.0, 0.0, 0.0, 1.0],
                [1.0, -1.6e-05, 7e-06, 0.124994, -1.4e-05, -0.972056, -0.234751, -0.002831, 1e-05, 0.234751, -0.972056, -1.2e-05, 0.0, 0.0, 0.0, 1.0],
                [1.0, -1.3e-05, 4e-06, 0.124994, -9e-06, -0.864728, -0.502242, -0.002831, 1e-05, 0.502242, -0.864727, -1.2e-05, 0.0, 0.0, 0.0, 1.0],
                [1.0, -9e-06, 2e-06, 0.124994, -6e-06, -0.742267, -0.670105, -0.002831, 7e-06, 0.670105, -0.742267, -1.2e-05, 0.0, 0.0, 0.0, 1.0],
                [1.0, -7e-06, 1e-06, 0.124994, -4e-06, -0.737098, -0.675786, -0.002831, 5e-06, 0.675786, -0.737098, -1.2e-05, 0.0, 0.0, 0.0, 1.0],
                [1.0, -5e-06, 1e-06, 0.124994, -4e-06, -0.777594, -0.628767, -0.002831, 4e-06, 0.628767, -0.777593, -1.2e-05, 0.0, 0.0, 0.0, 1.0],
                [1.0, -5e-06, 0.0, 0.124994, -4e-06, -0.797266, -0.603629, -0.002831, 3e-06, 0.603629, -0.797265, -1.2e-05, 0.0, 0.0, 0.0, 1.0],
                [1.0, -5e-06, 0.0, 0.124994, -4e-06, -0.797266, -0.603629, -0.002831, 3e-06, 0.603629, -0.797265, -1.2e-05, 0.0, 0.0, 0.0, 1.0],
                [1.0, -5e-06, 0.0, 0.124994, -4e-06, -0.797266, -0.603629, -0.002831, 3e-06, 0.60363, -0.797265, -1.2e-05, 0.0, 0.0, 0.0, 1.0],
                [1.0, -5e-06, 0.0, 0.124994, -4e-06, -0.797266, -0.603629, -0.002831, 3e-06, 0.603629, -0.797265, -1.2e-05, 0.0, 0.0, 0.0, 1.0],
                [1.0, -5e-06, 0.0, 0.124994, -4e-06, -0.797266, -0.603629, -0.002831, 3e-06, 0.60363, -0.797265, -1.2e-05, 0.0, 0.0, 0.0, 1.0],
                [1.0, -5e-06, 0.0, 0.124994, -4e-06, -0.797266, -0.603629, -0.002831, 3e-06, 0.603629, -0.797265, -1.2e-05, 0.0, 0.0, 0.0, 1.0],
                [1.0, -5e-06, 0.0, 0.124994, -4e-06, -0.797266, -0.603629, -0.002831, 3e-06, 0.60363, -0.797265, -1.2e-05, 0.0, 0.0, 0.0, 1.0],
                [1.0, -5e-06, 0.0, 0.124994, -4e-06, -0.797266, -0.603629, -0.002831, 3e-06, 0.603629, -0.797265, -1.2e-05, 0.0, 0.0, 0.0, 1.0],
                [1.0, -5e-06, 0.0, 0.124994, -4e-06, -0.797266, -0.603629, -0.002831, 3e-06, 0.60363, -0.797265, -1.2e-05, 0.0, 0.0, 0.0, 1.0],
                [1.0, -5e-06, 0.0, 0.124994, -4e-06, -0.797266, -0.603629, -0.002831, 3e-06, 0.603629, -0.797265, -1.2e-05, 0.0, 0.0, 0.0, 1.0]
            ]
        },
        {
            "name": "Leg_R",
            "time": [0.0, 0.0167, 0.0333, 0.05, 0.0667, 0.0833, 0.1, 0.1167, 0.1333, 0.15, 0.1667, 0.1833, 0.2, 0.2167, 0.2333, 0.25, 0.2667, 0.2833, 0.3, 0.3167, 0.3333, 0.35, 0.3667, 0.3833, 0.4, 0.4167, 0.4333, 0.45],
            "transform": [
                [1.0, 8e-06, 2e-06, 0.0, -8e-06, 0.925388, 0.37902, 0.374726, 1e-06, -0.37902, 0.925388, 0.0, 0.0, 0.0, 0.0, 1.0],
                [1.0, 1e-05, 3e-06, 0.0, -1.1e-05, 0.870743, 0.491738, 0.374726, 2e-06, -0.491738, 0.870743, 0.0, 0.0, 0.0, 0.0, 1.0],
                [1.0, 1.4e-05, 6e-06, -0.0, -1.4e-05, 0.747388, 0.664387, 0.374726, 5e-06, -0.664387, 0.747389, 0.0, 0.0, 0.0, 0.0, 1.0],
                [1.0, 1.6e-05, 9e-06, -0.0, -1.7e-05, 0.62621, 0.779654, 0.374726, 7e-06, -0.779654, 0.626211, -0.0, 0.0, 0.0, 0.0, 1.0],
                [1.0, 1.7e-05, 1e-05, -0.0, -1.8e-05, 0.566342, 0.82417, 0.374726, 9e-06, -0.82417, 0.566342, -0.0, 0.0, 0.0, 0.0, 1.0],
                [1.0, 1.7e-05, 9e-06, -0.0, -1.7e-05, 0.5948, 0.803874, 0.374726, 8e-06, -0.803874, 0.5948, -0.0, 0.0, 0.0, 0.0, 1.0],
                [1.0, 1.5e-05, 7e-06, 0.0, -1.6e-05, 0.697261, 0.716817, 0.374726, 6e-06, -0.716818, 0.697261, -0.0, 0.0, 0.0, 0.0, 1.0],
                [1.0, 1.2e-05, 4e-06, 0.0, -1.2e-05, 0.822436, 0.568857, 0.374726, 3e-06, -0.568857, 0.822436, 0.0, 0.0, 0.0, 0.0, 1.0],
                [1.0, 1.3e-05, 5e-06, 0.0, -1.3e-05, 0.800109, 0.599855, 0.374726, 4e-06, -0.599855, 0.800109, -0.0, 0.0, 0.0, 0.0, 1.0],
                [1.0, 1.7e-05, 1e-05, -0.0, -1.8e-05, 0.576976, 0.816761, 0.374726, 8e-06, -0.816761, 0.576976, -0.0, 0.0, 0.0, 0.0, 1.0],
                [1.0, 2e-05, 1.6e-05, 0.0, -2.1e-05, 0.277512, 0.960722, 0.374726, 1.5e-05, -0.960722, 0.277512, 0.0, 0.0, 0.0, 0.0, 1.0],
                [1.0, 2.1e-05, 2.1e-05, 0.0, -2.2e-05, 0.017322, 0.99985, 0.374726, 2.1e-05, -0.99985, 0.017322, -0.0, 0.0, 0.0, 0.0, 1.0],
                [1.0, 2.1e-05, 2.4e-05, 0.0, -2.2e-05, -0.117497, 0.993073, 0.374726, 2.4e-05, -0.993073, -0.117497, 0.0, 0.0, 0.0, 0.0, 1.0],
                [1.0, 2.1e-05, 2.3e-05, -0.0, -2.2e-05, -0.06177, 0.99809, 0.374726, 2.2e-05, -0.99809, -0.06177, -0.0, 0.0, 0.0, 0.0, 1.0],
                [1.0, 2e-05, 1.6e-05, -0.0, -2.1e-05, 0.267661, 0.963513, 0.374726, 1.5e-05, -0.963513, 0.267661, 0.0, 0.0, 0.0, 0.0, 1.0],
                [1.0, 1.6e-05, 8e-06, 0.0, -1.7e-05, 0.646907, 0.762569, 0.374726, 7e-06, -0.762568, 0.646907, -0.0, 0.0, 0.0, 0.0, 1.0],
                [1.0, 1.2e-05, 5e-06, 0.0, -1.3e-05, 0.805174, 0.593038, 0.374726, 3e-06, -0.593038, 0.805174, -0.0, 0.0, 0.0, 0.0, 1.0],
                [1.0, 1e-05, 3e-06, 0.0, -1.1e-05, 0.872196, 0.489156, 0.374726, 2e-06, -0.489157, 0.872196, 0.0, 0.0, 0.0, 0.0, 1.0],
                [1.0, 9e-06, 3e-06, -0.0, -1e-05, 0.897959, 0.440079, 0.374726, 1e-06, -0.440079, 0.897959, 0.0, 0.0, 0.0, 0.0, 1.0],
                [1.0, 9e-06, 3e-06, -0.0, -1e-05, 0.897959, 0.440079, 0.374726, 1e-06, -0.44008, 0.897959, -0.0, 0.0, 0.0, 0.0, 1.0],
                [1.0, 9e-06, 3e-06, 0.0, -1e-05, 0.897959, 0.440079, 0.374726, 1e-06, -0.440079, 0.897959, -0.0, 0.0, 0.0, 0.0, 1.0],
                [1.0, 9e-06, 3e-06, -0.0, -1e-05, 0.897959, 0.440079, 0.374726, 1e-06, -0.44008, 0.897959, -0.0, 0.0, 0.0, 0.0, 1.0],
                [1.0, 9e-06, 3e-06, 0.0, -1e-05, 0.897959, 0.440079, 0.374726, 1e-06, -0.440079, 0.897959, -0.0, 0.0, 0.0, 0.0, 1.0],
                [1.0, 9e-06, 3e-06, -0.0, -1e-05, 0.897959, 0.440079, 0.374726, 1e-06, -0.44008, 0.897959, -0.0, 0.0, 0.0, 0.0, 1.0],
                [1.0, 9e-06, 3e-06, 0.0, -1e-05, 0.897959, 0.440079, 0.374726, 1e-06, -0.440079, 0.897959, -0.0, 0.0, 0.0, 0.0, 1.0],
                [1.0, 9e-06, 3e-06, -0.0, -1e-05, 0.897959, 0.440079, 0.374726, 1e-06, -0.44008, 0.897959, -0.0, 0.0, 0.0, 0.0, 1.0],
                [1.0, 9e-06, 3e-06, 0.0, -1e-05, 0.897959, 0.440079, 0.374726, 1e-06, -0.440079, 0.897959, -0.0, 0.0, 0.0, 0.0, 1.0],
                [1.0, 9e-06, 3e-06, -0.0, -1e-05, 0.897959, 0.440079, 0.374726, 1e-06, -0.44008, 0.897959, -0.0, 0.0, 0.0, 0.0, 1.0]
            ]
        },
        {
            "name": "Knee_R",
            "time": [0.0, 0.45],
            "transform": [
                [1.0, 0.0, -0.0, -0.0, -0.0, 0.00567, -0.999984, 0.374726, -0.0, 0.999984, 0.00567, 0.0, 0.0, 0.0, 0.0, 1.0],
                [1.0, 0.0, -0.0, -0.0, -0.0, 0.00567, -0.999984, 0.374726, -0.0, 0.999984, 0.00567, -0.0, 0.0, 0.0, 0.0, 1.0]
            ]
        },
        {
            "name": "Thigh_L",
            "time": [0.0, 0.0167, 0.0333, 0.05, 0.0667, 0.0833, 0.1, 0.1167, 0.1333, 0.15, 0.1667, 0.1833, 0.2, 0.2167, 0.2333, 0.25, 0.2667, 0.2833, 0.3, 0.3167, 0.3333, 0.35, 0.3667, 0.3833, 0.4, 0.4167, 0.4333, 0.45],
            "transform": [
                [1.0, -1.1e-05, 3e-06, -0.125006, -1.1e-05, -0.998033, 0.062694, -0.002831, 3e-06, -0.062693, -0.998033, -1.2e-05, 0.0, 0.0, 0.0, 1.0],
                [1.0, -0.000977, -2.7e-05, -0.124521, -0.000966, -0.992297, 0.123883, -0.004056, -0.000148, -0.123883, -0.992297, -0.000617, 0.0, 0.0, 0.0, 1.0],
                [0.999993, -0.003673, 0.000467, -0.123165, -0.003657, -0.960151, 0.279458, -0.007487, -0.000578, -0.279458, -0.960158, -0.002313, 0.0, 0.0, 0.0, 1.0],
                [0.999969, -0.007467, 0.002683, -0.121081, -0.007833, -0.875153, 0.483784, -0.012756, -0.001264, -0.48379, -0.875183, -0.004916, 0.0, 0.0, 0.0, 1.0],
                [0.99991, -0.011105, 0.007488, -0.118416, -0.013211, -0.725489, 0.688108, -0.019496, -0.002209, -0.688145, -0.72557, -0.008246, 0.0, 0.0, 0.0, 1.0],
                [0.999806, -0.013285, 0.014573, -0.115314, -0.019416, -0.534142, 0.845172, -0.027338, -0.003445, -0.845291, -0.534296, -0.012121, 0.0, 0.0, 0.0, 1.0],
                [0.999651, -0.014011, 0.022386, -0.111922, -0.02592, -0.358328, 0.933236, -0.035916, -0.005054, -0.933491, -0.358566, -0.016359, 0.0, 0.0, 0.0, 1.0],
                [0.999462, -0.014853, 0.02924, -0.108385, -0.032004, -0.246851, 0.968525, -0.044861, -0.007168, -0.96894, -0.247193, -0.020779, 0.0, 0.0, 0.0, 1.0],
                [0.999269, -0.017276, 0.034105, -0.104847, -0.036932, -0.205589, 0.977941, -0.053806, -0.009883, -0.978486, -0.206077, -0.025199, 0.0, 0.0, 0.0, 1.0],
                [0.999106, -0.021453, 0.036437, -0.101455, -0.040177, -0.213094, 0.976205, -0.062384, -0.013178, -0.976797, -0.213765, -0.029437, 0.0, 0.0, 0.0, 1.0],
                [0.998994, -0.026844, 0.035927, -0.098354, -0.041551, -0.252564, 0.966688, -0.070226, -0.016876, -0.967208, -0.253425, -0.033312, 0.0, 0.0, 0.0, 1.0],
                [0.998935, -0.032615, 0.032633, -0.095688, -0.041262, -0.315073, 0.94817, -0.076966, -0.020643, -0.948507, -0.316083, -0.036642, 0.0, 0.0, 0.0, 1.0],
                [0.99892, -0.037937, 0.026807, -0.093605, -0.039723, -0.398423, 0.916342, -0.082235, -0.024082, -0.916417, -0.3995, -0.039246, 0.0, 0.0, 0.0, 1.0],
                [0.998944, -0.042084, 0.018457, -0.092248, -0.037309, -0.508238, 0.860408, -0.085666, -0.026829, -0.860188, -0.509271, -0.040941, 0.0, 0.0, 0.0, 1.0],
                [0.999005, -0.044275, 0.00545, -0.091763, -0.034238, -0.682677, 0.729918, -0.086892, -0.028596, -0.729378, -0.683513, -0.041546, 0.0, 0.0, 0.0, 1.0],
                [0.999031, -0.043865, -0.003569, -0.091763, -0.033104, -0.80242, 0.595842, -0.086892, -0.029, -0.595146, -0.803094, -0.041546, 0.0, 0.0, 0.0, 1.0],
                [0.999, -0.044117, -0.007206, -0.091763, -0.034412, -0.861869, 0.505963, -0.086892, -0.028532, -0.505209, -0.862525, -0.041546, 0.0, 0.0, 0.0, 1.0],
                [0.99896, -0.044804, -0.008466, -0.091763, -0.036021, -0.889293, 0.455919, -0.086892, -0.027955, -0.45514, -0.889981, -0.041546, 0.0, 0.0, 0.0, 1.0],
                [0.99894, -0.045212, -0.008613, -0.091763, -0.036763, -0.896419, 0.441682, -0.086892, -0.02769, -0.440897, -0.897131, -0.041546, 0.0, 0.0, 0.0, 1.0],
                [0.99894, -0.045212, -0.008613, -0.091763, -0.036763, -0.896419, 0.441682, -0.086892, -0.02769, -0.440897, -0.89713, -0.041546, 0.0, 0.0, 0.0, 1.0],
                [0.99894, -0.045212, -0.008613, -0.091763, -0.036763, -0.896419, 0.441681, -0.086892, -0.02769, -0.440897, -0.897131, -0.041546, 0.0, 0.0, 0.0, 1.0],
                [0.99894, -0.045212, -0.008613, -0.091763, -0.036763, -0.896419, 0.441682, -0.086892, -0.02769, -0.440897, -0.897131, -0.041546, 0.0, 0.0, 0.0, 1.0],
                [0.99894, -0.045212, -0.008613, -0.091763, -0.036763, -0.896419, 0.441682, -0.086892, -0.02769, -0.440897, -0.89713, -0.041546, 0.0, 0.0, 0.0, 1.0],
                [0.99894, -0.045212, -0.008613, -0.091763, -0.036763, -0.896419, 0.441681, -0.086892, -0.02769, -0.440897, -0.897131, -0.041546, 0.0, 0.0, 0.0, 1.0],
                [0.99894, -0.045212, -0.008613, -0.091763, -0.036763, -0.896419, 0.441682, -0.086892, -0.02769, -0.440897, -0.897131, -0.041546, 0.0, 0.0, 0.0, 1.0],
                [0.99894, -0.045212, -0.008613, -0.091763, -0.036763, -0.896419, 0.441682, -0.086892, -0.02769, -0.440897, -0.89713, -0.041546, 0.0, 0.0, 0.0, 1.0],
                [0.99894, -0.045212, -0.008613, -0.091763, -0.036763, -0.896419, 0.441681, -0.086892, -0.02769, -0.440897, -0.897131, -0.041546, 0.0, 0.0, 0.0, 1.0],
                [0.99894, -0.045212, -0.008613, -0.091763, -0.036763, -0.896419, 0.441682, -0.086892, -0.02769, -0.440897, -0.897131, -0.041546, 0.0, 0.0, 0.0, 1.0]
            ]
        },
        {
            "name": "Leg_L",
            "time": [0.0, 0.0167, 0.0333, 0.05, 0.0667, 0.0833, 0.1, 0.1167, 0.1333, 0.15, 0.1667, 0.1833, 0.2, 0.2167, 0.2333, 0.25, 0.2667, 0.2833, 0.3, 0.3167, 0.3333, 0.35, 0.3667, 0.3833, 0.4, 0.4167, 0.4333, 0.45],
            "transform": [
                [1.0, 1.9e-05, 1.3e-05, -0.0, -2e-05, 0.432416, 0.901674, 0.374726, 1.2e-05, -0.901674, 0.432416, -0.0, 0.0, 0.0, 0.0, 1.0],
                [1.0, 1.9e-05, 1.4e-05, -0.0, -2e-05, 0.36982, 0.929103, 0.374726, 1.3e-05, -0.929103, 0.36982, 0.0, 0.0, 0.0, 0.0, 1.0],
                [1.0, 2e-05, 1.7e-05, 0.0, -2.1e-05, 0.219132, 0.975695, 0.374726, 1.6e-05, -0.975696, 0.219132, -0.0, 0.0, 0.0, 0.0, 1.0],
                [1.0, 2.1e-05, 2.1e-05, -0.0, -2.2e-05, 0.046407, 0.998922, 0.374726, 2e-05, -0.998923, 0.046407, -0.0, 0.0, 0.0, 0.0, 1.0],
                [1.0, 2.1e-05, 2.4e-05, -0.0, -2.2e-05, -0.08644, 0.996257, 0.374726, 2.3e-05, -0.996257, -0.08644, -0.0, 0.0, 0.0, 0.0, 1.0],
                [1.0, 2.1e-05, 2.5e-05, 0.0, -2.2e-05, -0.138409, 0.990375, 0.374726, 2.4e-05, -0.990375, -0.138409, 0.0, 0.0, 0.0, 0.0, 1.0],
                [1.0, 2.1e-05, 2.4e-05, -0.0, -2.2e-05, -0.097366, 0.995248, 0.374726, 2.3e-05, -0.995249, -0.097366, 0.0, 0.0, 0.0, 0.0, 1.0],
                [1.0, 2.1e-05, 2.1e-05, -0.0, -2.2e-05, 0.018104, 0.999836, 0.374726, 2.1e-05, -0.999836, 0.018105, -0.0, 0.0, 0.0, 0.0, 1.0],
                [1.0, 2.1e-05, 1.8e-05, -0.0, -2.2e-05, 0.1676, 0.985855, 0.374726, 1.7e-05, -0.985855, 0.1676, 0.0, 0.0, 0.0, 0.0, 1.0],
                [1.0, 2e-05, 1.5e-05, 0.0, -2.1e-05, 0.320363, 0.947294, 0.374726, 1.4e-05, -0.947295, 0.320363, -0.0, 0.0, 0.0, 0.0, 1.0],
                [1.0, 1.9e-05, 1.2e-05, 0.0, -1.9e-05, 0.462792, 0.886467, 0.374726, 1.1e-05, -0.886467, 0.462792, 0.0, 0.0, 0.0, 0.0, 1.0],
                [1.0, 1.7e-05, 9e-06, -0.0, -1.8e-05, 0.591983, 0.805951, 0.374726, 8e-06, -0.80595, 0.591983, 0.0, 0.0, 0.0, 0.0, 1.0],
                [1.0, 1.5e-05, 7e-06, 0.0, -1.5e-05, 0.71291, 0.701256, 0.374726, 6e-06, -0.701256, 0.71291, -0.0, 0.0, 0.0, 0.0, 1.0],
                [1.0, 1.2e-05, 4e-06, -0.0, -1.2e-05, 0.836253, 0.548343, 0.374726, 3e-06, -0.548344, 0.836253, -0.0, 0.0, 0.0, 0.0, 1.0],
                [1.0, 4e-06, 1e-06, 0.0, -5e-06, 0.976512, 0.215461, 0.374726, -0.0, -0.215461, 0.976512, 0.0, 0.0, 0.0, 0.0, 1.0],
                [1.0, 0.0, 1e-06, 0.0, -0.0, 0.999999, 0.001461, 0.374726, -1e-06, -0.00146, 0.999999, 0.0, 0.0, 0.0, 0.0, 1.0],
                [1.0, 0.0, 1e-06, 0.0, -0.0, 0.999999, 0.00146, 0.374726, -1e-06, -0.00146, 0.999999, -0.0, 0.0, 0.0, 0.0, 1.0],
                [1.0, 2e-06, 1e-06, 0.0, -2e-06, 0.996068, 0.088585, 0.374726, -1e-06, -0.088585, 0.996068, -0.0, 0.0, 0.0, 0.0, 1.0],
                [1.0, 3e-06, 1e-06, 0.0, -3e-06, 0.989305, 0.145859, 0.374726, -0.0, -0.145859, 0.989306, 0.0, 0.0, 0.0, 0.0, 1.0],
                [1.0, 3e-06, 1e-06, 0.0, -3e-06, 0.989305, 0.145859, 0.374726, -0.0, -0.145859, 0.989305, 0.0, 0.0, 0.0, 0.0, 1.0],
                [1.0, 3e-06, 1e-06, 0.0, -3e-06, 0.989305, 0.145858, 0.374726, -0.0, -0.145858, 0.989306, -0.0, 0.0, 0.0, 0.0, 1.0],
                [1.0, 3e-06, 1e-06, -0.0, -3e-06, 0.989305, 0.145859, 0.374726, -0.0, -0.145859, 0.989306, 0.0, 0.0, 0.0, 0.0, 1.0],
                [1.0, 3e-06, 1e-06, 0.0, -3e-06, 0.989305, 0.145859, 0.374726, -0.0, -0.145859, 0.989305, 0.0, 0.0, 0.0, 0.0, 1.0],
                [1.0, 3e-06, 1e-06, 0.0, -3e-06, 0.989305, 0.145858, 0.374726, -0.0, -0.145858, 0.989306, -0.0, 0.0, 0.0, 0.0, 1.0],
                [1.0, 3e-06, 1e-06, -0.0, -3e-06, 0.989305, 0.145859, 0.374726, -0.0, -0.145859, 0.989306, 0.0, 0.0, 0.0, 0.0, 1.0],
                [1.0, 3e-06, 1e-06, 0.0, -3e-06, 0.989305, 0.145859, 0.374726, -0.0, -0.145859, 0.989305, 0.0, 0.0, 0.0, 0.0, 1.0],
                [1.0, 3e-06, 1e-06, 0.0, -3e-06, 0.989305, 0.145858, 0.374726, -0.0, -0.145858, 0.989306, -0.0, 0.0, 0.0, 0.0, 1.0],
                [1.0, 3e-06, 1e-06, -0.0, -3e-06, 0.989305, 0.145859, 0.374726, -0.0, -0.145859, 0.989306, 0.0, 0.0, 0.0, 0.0, 1.0]
            ]
        },
        {
            "name": "Knee_L",
            "time": [0.0, 0.45],
            "transform": [
                [1.0, 0.0, -0.0, 0.0, -0.0, 0.00567, -0.999984, 0.436563, -0.0, 0.999984, 0.00567, -0.000351, 0.0, 0.0, 0.0, 1.0],
                [1.0, 0.0, -0.0, -0.0, -0.0, 0.00567, -0.999984, 0.374726, -0.0, 0.999984, 0.00567, 0.0, 0.0, 0.0, 0.0, 1.0]
            ]
        },
        {
            "name": "Torso",
            "time": [0.0, 0.0167, 0.0333, 0.05, 0.0667, 0.0833, 0.1, 0.1167, 0.1333, 0.15, 0.1667, 0.1833, 0.2, 0.2167, 0.2333, 0.25, 0.2667, 0.2833, 0.3, 0.3167, 0.3333, 0.35, 0.3667, 0.3833, 0.4, 0.4167, 0.4333, 0.45],
            "transform": [
                [1.0, 0.0, 0.0, 0.0, 0.0, 0.946969, 0.321325, 0.05, 0.0, -0.321325, 0.946969, 0.0, 0.0, 0.0, 0.0, 1.0],
                [0.999997, 0.000821, -0.00242, 0.0, 0.0, 0.946969, 0.321325, 0.05, 0.002556, -0.321324, 0.946966, 0.0, 0.0, 0.0, 0.0, 1.0],
                [0.999953, 0.003121, -0.009197, 0.0, 0.0, 0.946969, 0.321325, 0.05, 0.009712, -0.32131, 0.946924, 0.0, 0.0, 0.0, 0.0, 1.0],
                [0.999786, 0.006653, -0.019608, 0.0, 0.0, 0.946969, 0.321325, 0.05, 0.020706, -0.321256, 0.946766, 0.0, 0.0, 0.0, 0.0, 1.0],
                [0.999395, 0.011172, -0.032926, 0.0, 0.0, 0.946969, 0.321325, 0.05, 0.03477, -0.321131, 0.946396, 0.0, 0.0, 0.0, 0.0, 1.0],
                [0.998692, 0.01643, -0.048421, 0.0, -0.0, 0.946969, 0.321325, 0.05, 0.051133, -0.320905, 0.94573, 0.0, 0.0, 0.0, 0.0, 1.0],
                [0.997615, 0.022178, -0.065359, 0.0, 0.0, 0.946969, 0.321325, 0.05, 0.069019, -0.320559, 0.944711, 0.0, 0.0, 0.0, 0.0, 1.0],
                [0.996151, 0.028165, -0.083003, 0.0, 0.0, 0.946969, 0.321325, 0.05, 0.087651, -0.320089, 0.943324, 0.0, 0.0, 0.0, 0.0, 1.0],
                [0.994339, 0.034142, -0.100618, 0.0, -0.0, 0.946969, 0.321325, 0.05, 0.106253, -0.319506, 0.941608, 0.0, 0.0, 0.0, 0.0, 1.0],
                [0.992276, 0.039861, -0.117474, 0.0, -0.0, 0.946969, 0.321325, 0.05, 0.124053, -0.318843, 0.939654, 0.0, 0.0, 0.0, 0.0, 1.0],
                [0.990111, 0.045078, -0.132847, 0.0, -0.0, 0.946969, 0.321325, 0.05, 0.140287, -0.318148, 0.937604, 0.0, 0.0, 0.0, 0.0, 1.0],
                [0.988039, 0.049549, -0.146025, 0.0, 0.0, 0.946969, 0.321325, 0.05, 0.154202, -0.317482, 0.935642, 0.0, 0.0, 0.0, 0.0, 1.0],
                [0.986284, 0.053037, -0.156303, 0.0, -0.0, 0.946969, 0.321325, 0.05, 0.165056, -0.316918, 0.93398, 0.0, 0.0, 0.0, 0.0, 1.0],
                [0.985078, 0.055304, -0.162984, 0.0, 0.0, 0.946969, 0.321325, 0.05, 0.172111, -0.31653, 0.932838, 0.0, 0.0, 0.0, 0.0, 1.0],
                [0.984635, 0.056112, -0.165367, 0.0, 0.0, 0.946969, 0.321325, 0.05, 0.174628, -0.316388, 0.932418, 0.0, 0.0, 0.0, 0.0, 1.0],
                [0.984635, 0.056112, -0.165367, 0.0, 0.0, 0.946969, 0.321325, 0.05, 0.174628, -0.316388, 0.932418, 0.0, 0.0, 0.0, 0.0, 1.0],
                [0.984635, 0.056112, -0.165367, 0.0, 0.0, 0.946969, 0.321325, 0.05, 0.174628, -0.316388, 0.932418, 0.0, 0.0, 0.0, 0.0, 1.0],
                [0.984635, 0.056112, -0.165367, 0.0, 0.0, 0.946969, 0.321325, 0.05, 0.174628, -0.316388, 0.932418, 0.0, 0.0, 0.0, 0.0, 1.0],
                [0.984635, 0.056112, -0.165367, 0.0, -0.0, 0.946969, 0.321325, 0.05, 0.174628, -0.316388, 0.932418, 0.0, 0.0, 0.0, 0.0, 1.0],
                [0.984635, 0.056112, -0.165367, 0.0, 0.0, 0.946969, 0.321325, 0.05, 0.174628, -0.316388, 0.932418, 0.0, 0.0, 0.0, 0.0, 1.0],
                [0.984635, 0.056112, -0.165367, 0.0, -0.0, 0.946969, 0.321325, 0.05, 0.174628, -0.316388, 0.932418, 0.0, 0.0, 0.0, 0.0, 1.0],
                [0.984635, 0.056112, -0.165367, 0.0, 0.0, 0.946969, 0.321325, 0.05, 0.174628, -0.316388, 0.932418, 0.0, 0.0, 0.0, 0.0, 1.0],
                [0.984635, 0.056112, -0.165367, 0.0, 0.0, 0.946969, 0.321325, 0.05, 0.174628, -0.316388, 0.932418, 0.0, 0.0, 0.0, 0.0, 1.0],
                [0.984635, 0.056112, -0.165367, 0.0, -0.0, 0.946969, 0.321325, 0.05, 0.174628, -0.316388, 0.932418, 0.0, 0.0, 0.0, 0.0, 1.0],
                [0.984635, 0.056112, -0.165367, 0.0, 0.0, 0.946969, 0.321325, 0.05, 0.174628, -0.316388, 0.932418, 0.0, 0.0, 0.0, 0.0, 1.0],
                [0.984635, 0.056112, -0.165367, 0.0, -0.0, 0.946969, 0.321325, 0.05, 0.174628, -0.316388, 0.932418, 0.0, 0.0, 0.0, 0.0, 1.0],
                [0.984635, 0.056112, -0.165367, 0.0, 0.0, 0.946969, 0.321325, 0.05, 0.174628, -0.316388, 0.932418, 0.0, 0.0, 0.0, 0.0, 1.0],
                [0.984635, 0.056112, -0.165367, 0.0, 0.0, 0.946969, 0.321325, 0.05, 0.174628, -0.316388, 0.932418, 0.0, 0.0, 0.0, 0.0, 1.0]
            ]
        },
        {
            "name": "Chest",
            "time": [0.0, 0.0167, 0.0333, 0.05, 0.0667, 0.0833, 0.1, 0.1167, 0.1333, 0.15, 0.1667, 0.1833, 0.2, 0.2167, 0.2333, 0.25, 0.2667, 0.2833, 0.3, 0.3167, 0.3333, 0.35, 0.3667, 0.3833, 0.4, 0.4167, 0.4333, 0.45],
            "transform": [
                [0.997372, 0.044785, -0.056943, 0.0, -0.036479, 0.989572, 0.139343, 0.3, 0.06259, -0.1369, 0.988606, 0.0, 0.0, 0.0, 0.0, 1.0],
                [0.997273, 0.044921, -0.058562, 0.0, -0.036381, 0.989551, 0.139518, 0.3, 0.064217, -0.137007, 0.988486, -0.0, 0.0, 0.0, 0.0, 1.0],
                [0.996949, 0.045432, -0.063476, -0.0, -0.036156, 0.989446, 0.14032, 0.3, 0.069181, -0.137597, 0.988069, -0.0, 0.0, 0.0, 0.0, 1.0],
                [0.996338, 0.046476, -0.071768, -0.0, -0.035902, 0.989192, 0.142165, 0.3, 0.0776, -0.139068, 0.987238, -0.0, 0.0, 0.0, 0.0, 1.0],
                [0.995339, 0.048225, -0.083519, 0.0, -0.035698, 0.988718, 0.14547, 0.3, 0.089592, -0.14181, 0.985831, 0.0, 0.0, 0.0, 0.0, 1.0],
                [0.993806, 0.050875, -0.098801, -0.0, -0.035598, 0.987945, 0.150652, 0.3, 0.105274, -0.146202, 0.983637, 0.0, 0.0, 0.0, 0.0, 1.0],
                [0.991547, 0.054653, -0.117674, 0.0, -0.035623, 0.986775, 0.158133, 0.3, 0.12476, -0.152605, 0.980381, -0.0, 0.0, 0.0, 0.0, 1.0],
                [0.988318, 0.059821, -0.140177, -0.0, -0.03575, 0.985081, 0.168336, 0.3, 0.148156, -0.161358, 0.975712, -0.0, 0.0, 0.0, 0.0, 1.0],
                [0.983815, 0.066687, -0.166315, 0.0, -0.035899, 0.982702, 0.181679, 0.3, 0.175554, -0.172768, 0.969191, 0.0, 0.0, 0.0, 0.0, 1.0],
                [0.977676, 0.07561, -0.196044, 0.0, -0.035927, 0.979427, 0.198574, 0.3, 0.207025, -0.187097, 0.960279, 0.0, 0.0, 0.0, 0.0, 1.0],
                [0.969473, 0.087, -0.229245, -0.0, -0.035613, 0.974983, 0.219408, 0.3, 0.242599, -0.204546, 0.948318, -0.0, 0.0, 0.0, 0.0, 1.0],
                [0.958716, 0.101324, -0.2657, 0.0, -0.034643, 0.969022, 0.244532, 0.3, 0.282247, -0.225232, 0.932527, -0.0, 0.0, 0.0, 0.0, 1.0],
                [0.944859, 0.119094, -0.305054, 0.0, -0.032607, 0.961112, 0.274227, 0.3, 0.325849, -0.249159, 0.911999, 0.0, 0.0, 0.0, 0.0, 1.0],
                [0.927312, 0.140854, -0.346775, -0.0, -0.028982, 0.950728, 0.308669, 0.3, 0.373166, -0.276183, 0.885704, 0.0, 0.0, 0.0, 0.0, 1.0],
                [0.905465, 0.167159, -0.390116, -0.0, -0.023142, 0.937251, 0.347886, 0.3, 0.423789, -0.305971, 0.852517, 0.0, 0.0, 0.0, 0.0, 1.0],
                [0.878528, 0.198766, -0.434374, -0.0, -0.01436, 0.919898, 0.391895, 0.3, 0.477475, -0.338054, 0.81101, 0.0, 0.0, 0.0, 0.0, 1.0],
                [0.846761, 0.234922, -0.477293, 0.0, -0.002171, 0.898728, 0.4385, 0.3, 0.53197, -0.370268, 0.761518, 0.0, 0.0, 0.0, 0.0, 1.0],
                [0.811755, 0.273472, -0.516011, 0.0, 0.013176, 0.874781, 0.484339, 0.3, 0.58385, -0.399963, 0.706505, 0.0, 0.0, 0.0, 0.0, 1.0],
                [0.775892, 0.311759, -0.54845, -0.0, 0.030635, 0.849716, 0.526349, 0.3, 0.630121, -0.425192, 0.649738, -0.0, 0.0, 0.0, 0.0, 1.0],
                [0.742179, 0.346801, -0.573498, 0.0, 0.048417, 0.825729, 0.561986, 0.3, 0.668451, -0.444861, 0.596047, 0.0, 0.0, 0.0, 0.0, 1.0],
                [0.713973, 0.375506, -0.590964, -0.0, 0.064199, 0.80536, 0.589299, 0.3, 0.697224, -0.458683, 0.550898, -0.0, 0.0, 0.0, 0.0, 1.0],
                [0.694701, 0.394842, -0.60124, 0.0, 0.07542, 0.791278, 0.606787, 0.3, 0.715334, -0.466881, 0.519923, 0.0, 0.0, 0.0, 0.0, 1.0],
                [0.687613, 0.401911, -0.604695, -0.0, 0.079633, 0.786056, 0.613005, 0.3, 0.721697, -0.469663, 0.508497, -0.0, 0.0, 0.0, 0.0, 1.0],
                [0.687613, 0.401911, -0.604695, -0.0, 0.079633, 0.786056, 0.613005, 0.3, 0.721698, -0.469663, 0.508497, -0.0, 0.0, 0.0, 0.0, 1.0],
                [0.687613, 0.401911, -0.604695, 0.0, 0.079633, 0.786056, 0.613005, 0.3, 0.721697, -0.469663, 0.508497, 0.0, 0.0, 0.0, 0.0, 1.0],
                [0.687613, 0.401911, -0.604695, -0.0, 0.079633, 0.786056, 0.613005, 0.3, 0.721697, -0.469663, 0.508497, -0.0, 0.0, 0.0, 0.0, 1.0],
                [0.687613, 0.401911, -0.604695, 0.0, 0.079633, 0.786056, 0.613005, 0.3, 0.721697, -0.469663, 0.508497, 0.0, 0.0, 0.0, 0.0, 1.0],
                [0.687613, 0.401911, -0.604695, -0.0, 0.079633, 0.786056, 0.613005, 0.3, 0.721697, -0.469663, 0.508497, -0.0, 0.0, 0.0, 0.0, 1.0]
            ]
        },
        {
            "name": "Head",
            "time": [0.0, 0.0167, 0.0333, 0.05, 0.0667, 0.0833, 0.1, 0.1167, 0.1333, 0.15, 0.1667, 0.1833, 0.2, 0.2167, 0.2333, 0.25, 0.2667, 0.2833, 0.3, 0.3167, 0.3333, 0.35, 0.3667, 0.3833, 0.4, 0.4167, 0.4333, 0.45],
            "transform": [
                [1.0, 0.0, 0.0, -0.0, -0.0, 1.0, -0.0, 0.4, -0.0, 0.0, 1.0, 0.0, 0.0, 0.0, 0.0, 1.0],
                [0.999999, 0.001085, 0.000837, -0.0, -0.001069, 0.999821, -0.018863, 0.4, -0.000857, 0.018862, 0.999822, 0.0, 0.0, 0.0, 0.0, 1.0],
                [0.999988, 0.003961, 0.002904, 0.0, -0.003756, 0.997707, -0.067584, 0.4, -0.003165, 0.067572, 0.997709, -0.0, 0.0, 0.0, 0.0, 1.0],
                [0.999952, 0.008061, 0.005505, -0.0, -0.00725, 0.990939, -0.134115, 0.4, -0.006537, 0.134069, 0.990951, 0.0, 0.0, 0.0, 0.0, 1.0],
                [0.999887, 0.012721, 0.008024, 0.0, -0.010796, 0.978491, -0.206008, 0.4, -0.010472, 0.205898, 0.978517, -0.0, 0.0, 0.0, 0.0, 1.0],
                [0.999803, 0.017144, 0.010028, 0.0, -0.013786, 0.96249, -0.270965, 0.4, -0.014297, 0.270774, 0.962537, 0.0, 0.0, 0.0, 0.0, 1.0],
                [0.999727, 0.020448, 0.011301, -0.0, -0.015802, 0.948096, -0.317593, 0.4, -0.017209, 0.317328, 0.94816, -0.0, 0.0, 0.0, 0.0, 1.0],
                [0.999695, 0.021742, 0.01175, 0.0, -0.016543, 0.941919, -0.335433, 0.4, -0.01836, 0.335137, 0.94199, 0.0, 0.0, 0.0, 0.0, 1.0],
                [0.999695, 0.021742, 0.01175, -0.0, -0.016543, 0.941919, -0.335434, 0.4, -0.018361, 0.335137, 0.941991, 0.0, 0.0, 0.0, 0.0, 1.0],
                [0.999695, 0.021742, 0.01175, -0.0, -0.016543, 0.941919, -0.335433, 0.4, -0.01836, 0.335137, 0.941991, -0.0, 0.0, 0.0, 0.0, 1.0],
                [0.999695, 0.021742, 0.01175, 0.0, -0.016543, 0.941919, -0.335433, 0.4, -0.01836, 0.335137, 0.94199, -0.0, 0.0, 0.0, 0.0, 1.0],
                [0.999695, 0.021742, 0.01175, 0.0, -0.016543, 0.941919, -0.335434, 0.4, -0.01836, 0.335137, 0.941991, 0.0, 0.0, 0.0, 0.0, 1.0],
                [0.999695, 0.021742, 0.01175, -0.0, -0.016543, 0.941919, -0.335434, 0.4, -0.01836, 0.335137, 0.941991, -0.0, 0.0, 0.0, 0.0, 1.0],
                [0.999695, 0.021742, 0.01175, -0.0, -0.016543, 0.941918, -0.335433, 0.4, -0.01836, 0.335137, 0.941991, 0.0, 0.0, 0.0, 0.0, 1.0],
                [0.999695, 0.021742, 0.01175, -0.0, -0.016543, 0.941918, -0.335434, 0.4, -0.01836, 0.335137, 0.94199, 0.0, 0.0, 0.0, 0.0, 1.0],
                [0.999695, 0.021742, 0.01175, -0.0, -0.016543, 0.941919, -0.335434, 0.4, -0.01836, 0.335137, 0.941991, -0.0, 0.0, 0.0, 0.0, 1.0],
                [0.999695, 0.021742, 0.01175, 0.0, -0.016543, 0.941919, -0.335434, 0.4, -0.018361, 0.335137, 0.941991, 0.0, 0.0, 0.0, 0.0, 1.0],
                [0.999695, 0.021742, 0.01175, -0.0, -0.016543, 0.941919, -0.335433, 0.4, -0.018361, 0.335137, 0.941991, 0.0, 0.0, 0.0, 0.0, 1.0],
                [0.999695, 0.021742, 0.01175, -0.0, -0.016543, 0.941919, -0.335434, 0.4, -0.01836, 0.335137, 0.94199, 0.0, 0.0, 0.0, 0.0, 1.0],
                [0.999695, 0.021742, 0.01175, -0.0, -0.016543, 0.941918, -0.335434, 0.4, -0.01836, 0.335137, 0.941991, 0.0, 0.0, 0.0, 0.0, 1.0],
                [0.999695, 0.021742, 0.01175, 0.0, -0.016543, 0.941919, -0.335434, 0.4, -0.01836, 0.335137, 0.94199, -0.0, 0.0, 0.0, 0.0, 1.0],
                [0.999695, 0.021742, 0.01175, 0.0, -0.016543, 0.941919, -0.335434, 0.4, -0.01836, 0.335137, 0.941991, -0.0, 0.0, 0.0, 0.0, 1.0],
                [0.999695, 0.021742, 0.01175, 0.0, -0.016543, 0.941919, -0.335434, 0.4, -0.01836, 0.335137, 0.94199, 0.0, 0.0, 0.0, 0.0, 1.0],
                [0.999694, 0.021742, 0.01175, 0.0, -0.016543, 0.941919, -0.335434, 0.4, -0.01836, 0.335137, 0.941991, 0.0, 0.0, 0.0, 0.0, 1.0],
                [0.999695, 0.021742, 0.01175, 0.0, -0.016543, 0.941919, -0.335434, 0.4, -0.01836, 0.335137, 0.94199, 0.0, 0.0, 0.0, 0.0, 1.0],
                [0.999695, 0.021742, 0.01175, 0.0, -0.016543, 0.941919, -0.335434, 0.4, -0.01836, 0.335137, 0.941991, 0.0, 0.0, 0.0, 0.0, 1.0],
                [0.999695, 0.021742, 0.01175, 0.0, -0.016543, 0.941918, -0.335434, 0.4, -0.01836, 0.335137, 0.94199, -0.0, 0.0, 0.0, 0.0, 1.0],
                [0.999695, 0.021742, 0.01175, 0.0, -0.016543, 0.941919, -0.335434, 0.4, -0.01836, 0.335137, 0.941991, 0.0, 0.0, 0.0, 0.0, 1.0]
            ]
        },
        {
            "name": "Shoulder_R",
            "time": [0.0, 0.0167, 0.0333, 0.05, 0.0667, 0.0833, 0.1, 0.1167, 0.1333, 0.15, 0.1667, 0.1833, 0.2, 0.2167, 0.2333, 0.25, 0.2667, 0.2833, 0.3, 0.3167, 0.3333, 0.35, 0.3667, 0.3833, 0.4, 0.4167, 0.4333, 0.45],
            "transform": [
                [0.0, 0.952114, 0.305743, -0.0, -0.0, -0.305743, 0.952114, 0.4, 1.0, -0.0, -0.0, -0.061333, 0.0, 0.0, 0.0, 1.0],
                [0.0, 0.952114, 0.305743, 0.0, -0.0, -0.305743, 0.952114, 0.4, 1.0, -0.0, -0.0, -0.061333, 0.0, 0.0, 0.0, 1.0],
                [0.0, 0.952114, 0.305743, 0.0, -0.0, -0.305743, 0.952114, 0.4, 1.0, -0.0, 0.0, -0.061333, 0.0, 0.0, 0.0, 1.0],
                [0.0, 0.952114, 0.305743, -0.0, 0.0, -0.305743, 0.952114, 0.4, 1.0, 0.0, -0.0, -0.061333, 0.0, 0.0, 0.0, 1.0],
                [0.0, 0.952114, 0.305743, -0.0, 0.0, -0.305743, 0.952114, 0.4, 1.0, 0.0, -0.0, -0.061333, 0.0, 0.0, 0.0, 1.0],
                [0.0, 0.952114, 0.305743, 0.0, -0.0, -0.305743, 0.952114, 0.4, 1.0, -0.0, 0.0, -0.061333, 0.0, 0.0, 0.0, 1.0],
                [0.0, 0.952114, 0.305743, -0.0, -0.0, -0.305743, 0.952114, 0.4, 1.0, 0.0, 0.0, -0.061333, 0.0, 0.0, 0.0, 1.0],
                [0.0, 0.952114, 0.305743, 0.0, 0.0, -0.305743, 0.952114, 0.4, 1.0, 0.0, 0.0, -0.061333, 0.0, 0.0, 0.0, 1.0],
                [0.0, 0.952114, 0.305743, 0.0, 0.0, -0.305743, 0.952114, 0.4, 1.0, 0.0, -0.0, -0.061333, 0.0, 0.0, 0.0, 1.0],
                [0.0, 0.952114, 0.305743, -0.0, 0.0, -0.305743, 0.952114, 0.4, 1.0, -0.0, -0.0, -0.061333, 0.0, 0.0, 0.0, 1.0],
                [0.0, 0.952114, 0.305743, 0.0, -0.0, -0.305743, 0.952114, 0.4, 1.0, -0.0, -0.0, -0.061333, 0.0, 0.0, 0.0, 1.0],
                [0.0, 0.952114, 0.305743, 0.0, -0.0, -0.305743, 0.952114, 0.4, 1.0, 0.0, -0.0, -0.061333, 0.0, 0.0, 0.0, 1.0],
                [0.0, 0.952114, 0.305743, -0.0, 0.0, -0.305743, 0.952114, 0.4, 1.0, -0.0, -0.0, -0.061333, 0.0, 0.0, 0.0, 1.0],
                [0.0, 0.952114, 0.305743, -0.0, 0.0, -0.305743, 0.952114, 0.4, 1.0, -0.0, 0.0, -0.061333, 0.0, 0.0, 0.0, 1.0],
                [0.0, 0.952114, 0.305743, 0.0, -0.0, -0.305743, 0.952114, 0.399999, 1.0, -0.0, 0.0, -0.061332, 0.0, 0.0, 0.0, 1.0],
                [0.0, 0.952114, 0.305743, 0.0, 0.0, -0.305743, 0.952114, 0.4, 1.0, 0.0, -0.0, -0.061333, 0.0, 0.0, 0.0, 1.0],
                [0.0, 0.952114, 0.305743, 0.0, 0.0, -0.305743, 0.952114, 0.4, 1.0, -0.0, -0.0, -0.061333, 0.0, 0.0, 0.0, 1.0],
                [0.0, 0.952114, 0.305743, 0.0, -0.0, -0.305743, 0.952114, 0.4, 1.0, -0.0, -0.0, -0.061333, 0.0, 0.0, 0.0, 1.0],
                [0.0, 0.952114, 0.305743, -0.0, 0.0, -0.305743, 0.952114, 0.4, 1.0, 0.0, -0.0, -0.061333, 0.0, 0.0, 0.0, 1.0],
                [0.0, 0.952114, 0.305743, 0.0, 0.0, -0.305743, 0.952114, 0.4, 1.0, 0.0, 0.0, -0.061333, 0.0, 0.0, 0.0, 1.0],
                [0.0, 0.952114, 0.305743, 0.0, 0.0, -0.305743, 0.952114, 0.4, 1.0, 0.0, -0.0, -0.061333, 0.0, 0.0, 0.0, 1.0],
                [0.0, 0.952114, 0.305743, 0.0, 0.0, -0.305743, 0.952114, 0.4, 1.0, -0.0, -0.0, -0.061333, 0.0, 0.0, 0.0, 1.0],
                [0.0, 0.952114, 0.305743, 0.0, 0.0, -0.305743, 0.952114, 0.4, 1.0, 0.0, -0.0, -0.061333, 0.0, 0.0, 0.0, 1.0],
                [0.0, 0.952114, 0.305743, 0.0, 0.0, -0.305743, 0.952114, 0.4, 1.0, 0.0, -0.0, -0.061333, 0.0, 0.0, 0.0, 1.0],
                [0.0, 0.952114, 0.305743, -0.0, 0.0, -0.305743, 0.952114, 0.4, 1.0, 0.0, -0.0, -0.061333, 0.0, 0.0, 0.0, 1.0],
                [0.0, 0.952114, 0.305743, 0.0, 0.0, -0.305743, 0.952114, 0.4, 1.0, 0.0, -0.0, -0.061333, 0.0, 0.0, 0.0, 1.0],
                [0.0, 0.952114, 0.305743, -0.0, 0.0, -0.305743, 0.952114, 0.4, 1.0, 0.0, -0.0, -0.061333, 0.0, 0.0, 0.0, 1.0],
                [0.0, 0.952114, 0.305743, -0.0, 0.0, -0.305743, 0.952114, 0.4, 1.0, -0.0, -0.0, -0.061333, 0.0, 0.0, 0.0, 1.0]
            ]
        },
        {
            "name": "Arm_R",
            "time": [0.0, 0.0167, 0.0333, 0.05, 0.0667, 0.0833, 0.1, 0.1167, 0.1333, 0.15, 0.1667, 0.1833, 0.2, 0.2167, 0.2333, 0.25, 0.2667, 0.2833, 0.3, 0.3167, 0.3333, 0.35, 0.3667, 0.3833, 0.4, 0.4167, 0.4333, 0.45],
            "transform": [
                [-0.592622, -0.659164, -0.462928, -0.0, 0.690344, -0.11954, -0.713537, 0.39386, 0.415, -0.742437, 0.525892, 0.0, 0.0, 0.0, 0.0, 1.0],
                [-0.589373, -0.677459, -0.440103, 0.0, 0.687934, -0.135256, -0.713059, 0.39386, 0.423541, -0.723019, 0.545762, 0.0, 0.0, 0.0, 0.0, 1.0],
                [-0.583311, -0.719271, -0.377357, -0.0, 0.680346, -0.178869, -0.710729, 0.39386, 0.443709, -0.67131, 0.593689, -0.0, 0.0, 0.0, 0.0, 1.0],
                [-0.579841, -0.764711, -0.281074, 0.0, 0.667148, -0.247634, -0.702561, 0.39386, 0.467652, -0.594891, 0.653763, 0.0, 0.0, 0.0, 0.0, 1.0],
                [-0.583961, -0.79597, -0.159442, -0.0, 0.648141, -0.338904, -0.681952, 0.39386, 0.488777, -0.501574, 0.713807, 0.0, 0.0, 0.0, 0.0, 1.0],
                [-0.600086, -0.799401, -0.029251, 0.0, 0.622945, -0.444062, -0.64401, 0.39386, 0.501833, -0.404683, 0.764458, 0.0, 0.0, 0.0, 0.0, 1.0],
