{
    "animation": [
        {
            "name": "Root",
            "time": [0.0, 0.0167, 0.0333, 0.05, 0.0667, 0.0833, 0.1, 0.1167, 0.1333, 0.15, 0.1667, 0.1833, 0.2, 0.2167, 0.2333, 0.25, 0.2667, 0.2833, 0.3, 0.3167, 0.3333, 0.35, 0.3667, 0.3833, 0.4, 0.4167, 0.4333, 0.45, 0.4667, 0.4833, 0.5, 0.5167, 0.5333, 0.55, 0.5667, 0.5833],
            "transform": [
                [1.0, 0.0, 0.0, -5e-06, 0.0, 0.0, -1.0, 0.000946, 0.0, 1.0, 0.0, 0.763972, 0.0, 0.0, 0.0, 1.0],
                [1.0, 0.0, 0.0, -5e-06, 0.0, 0.0, -1.0, 0.012616, 0.0, 1.0, 0.0, 0.762726, 0.0, 0.0, 0.0, 1.0],
                [1.0, 0.0, 0.0, -5e-06, 0.0, 0.0, -1.0, 0.043318, 0.0, 1.0, 0.0, 0.759757, 0.0, 0.0, 0.0, 1.0],
                [1.0, 0.0, 0.0, -5e-06, 0.0, 0.0, -1.0, 0.086596, 0.0, 1.0, 0.0, 0.756213, 0.0, 0.0, 0.0, 1.0],
                [1.0, 0.0, 0.0, -5e-06, 0.0, 0.0, -1.0, 0.135993, 0.0, 1.0, 0.0, 0.753244, 0.0, 0.0, 0.0, 1.0],
                [1.0, 0.0, 0.0, -5e-06, 0.0, 0.0, -1.0, 0.185051, 0.0, 1.0, 0.0, 0.751998, 0.0, 0.0, 0.0, 1.0],
                [1.0, 0.0, 0.0, -5e-06, 0.0, 0.0, -1.0, 0.22912, 0.0, 1.0, 0.0, 0.751998, 0.0, 0.0, 0.0, 1.0],
                [1.0, 0.0, 0.0, -5e-06, 0.0, 0.0, -1.0, 0.270782, 0.0, 1.0, 0.0, 0.751998, 0.0, 0.0, 0.0, 1.0],
                [1.0, 0.0, 0.0, -5e-06, 0.0, 0.0, -1.0, 0.314427, 0.0, 1.0, 0.0, 0.751998, 0.0, 0.0, 0.0, 1.0],
                [1.0, 0.0, 0.0, -5e-06, 0.0, 0.0, -1.0, 0.364443, 0.0, 1.0, 0.0, 0.751998, 0.0, 0.0, 0.0, 1.0],
                [1.0, 0.0, 0.0, -5e-06, 0.0, 0.0, -1.0, 0.425219, 0.0, 1.0, 0.0, 0.751998, 0.0, 0.0, 0.0, 1.0],
                [1.0, 0.0, 0.0, -5e-06, 0.0, 0.0, -1.0, 0.499683, 0.0, 1.0, 0.0, 0.751998, 0.0, 0.0, 0.0, 1.0],
                [1.0, 0.0, 0.0, -5e-06, 0.0, 0.0, -1.0, 0.584915, 0.0, 1.0, 0.0, 0.751998, 0.0, 0.0, 0.0, 1.0],
                [1.0, 0.0, 0.0, -5e-06, 0.0, 0.0, -1.0, 0.676533, 0.0, 1.0, 0.0, 0.751998, 0.0, 0.0, 0.0, 1.0],
                [1.0, 0.0, 0.0, -5e-06, 0.0, 0.0, -1.0, 0.770153, 0.0, 1.0, 0.0, 0.751998, 0.0, 0.0, 0.0, 1.0],
                [1.0, 0.0, 0.0, -5e-06, 0.0, 0.0, -1.0, 0.861393, 0.0, 1.0, 0.0, 0.751998, 0.0, 0.0, 0.0, 1.0],
                [1.0, 0.0, 0.0, -5e-06, 0.0, 0.0, -1.0, 0.945871, 0.0, 1.0, 0.0, 0.751998, 0.0, 0.0, 0.0, 1.0],
                [1.0, 0.0, 0.0, -5e-06, 0.0, 0.0, -1.0, 1.019205, 0.0, 1.0, 0.0, 0.751998, 0.0, 0.0, 0.0, 1.0],
                [1.0, 0.0, 0.0, -5e-06, 0.0, 0.0, -1.0, 1.077012, 0.0, 1.0, 0.0, 0.751998, 0.0, 0.0, 0.0, 1.0],
                [1.0, 0.0, 0.0, -5e-06, 0.0, 0.0, -1.0, 1.11491, 0.0, 1.0, 0.0, 0.751998, 0.0, 0.0, 0.0, 1.0],
                [1.0, 0.0, 0.0, -5e-06, 0.0, 0.0, -1.0, 1.128517, 0.0, 1.0, 0.0, 0.751998, 0.0, 0.0, 0.0, 1.0],
                [1.0, 0.0, 0.0, -5e-06, 0.0, 0.0, -1.0, 1.128517, 0.0, 1.0, 0.0, 0.751998, 0.0, 0.0, 0.0, 1.0],
                [1.0, 0.0, 0.0, -5e-06, 0.0, 0.0, -1.0, 1.128517, 0.0, 1.0, 0.0, 0.751998, 0.0, 0.0, 0.0, 1.0],
                [1.0, 0.0, 0.0, -5e-06, 0.0, 0.0, -1.0, 1.128517, 0.0, 1.0, 0.0, 0.751998, 0.0, 0.0, 0.0, 1.0],
                [1.0, 0.0, 0.0, -5e-06, 0.0, 0.0, -1.0, 1.128517, 0.0, 1.0, 0.0, 0.751998, 0.0, 0.0, 0.0, 1.0],
                [1.0, 0.0, 0.0, -5e-06, 0.0, 0.0, -1.0, 1.128517, 0.0, 1.0, 0.0, 0.751998, 0.0, 0.0, 0.0, 1.0],
                [1.0, 0.0, 0.0, -5e-06, 0.0, 0.0, -1.0, 1.128517, 0.0, 1.0, 0.0, 0.751998, 0.0, 0.0, 0.0, 1.0],
                [1.0, 0.0, 0.0, -5e-06, 0.0, 0.0, -1.0, 1.128517, 0.0, 1.0, 0.0, 0.751998, 0.0, 0.0, 0.0, 1.0],
                [1.0, 0.0, 0.0, -5e-06, 0.0, 0.0, -1.0, 1.128517, 0.0, 1.0, 0.0, 0.751998, 0.0, 0.0, 0.0, 1.0],
                [1.0, 0.0, 0.0, -5e-06, 0.0, 0.0, -1.0, 1.128517, 0.0, 1.0, 0.0, 0.751998, 0.0, 0.0, 0.0, 1.0],
                [1.0, 0.0, 0.0, -5e-06, 0.0, 0.0, -1.0, 1.128517, 0.0, 1.0, 0.0, 0.751998, 0.0, 0.0, 0.0, 1.0],
                [1.0, 0.0, 0.0, -5e-06, 0.0, 0.0, -1.0, 1.128517, 0.0, 1.0, 0.0, 0.751998, 0.0, 0.0, 0.0, 1.0],
                [1.0, 0.0, 0.0, -5e-06, 0.0, 0.0, -1.0, 1.128517, 0.0, 1.0, 0.0, 0.751998, 0.0, 0.0, 0.0, 1.0],
                [1.0, 0.0, 0.0, -5e-06, 0.0, 0.0, -1.0, 1.128517, 0.0, 1.0, 0.0, 0.751998, 0.0, 0.0, 0.0, 1.0],
                [1.0, 0.0, 0.0, -5e-06, 0.0, 0.0, -1.0, 1.128517, 0.0, 1.0, 0.0, 0.751998, 0.0, 0.0, 0.0, 1.0],
                [1.0, 0.0, 0.0, -5e-06, 0.0, 0.0, -1.0, 1.128517, 0.0, 1.0, 0.0, 0.751998, 0.0, 0.0, 0.0, 1.0]
            ]
        },
        {
            "name": "Thigh_R",
            "time": [0.0, 0.0167, 0.0333, 0.05, 0.0667, 0.0833, 0.1, 0.1167, 0.1333, 0.15, 0.1667, 0.1833, 0.2, 0.2167, 0.2333, 0.25, 0.2667, 0.2833, 0.3, 0.3167, 0.3333, 0.35, 0.3667, 0.3833, 0.4, 0.4167, 0.4333, 0.45, 0.4667, 0.4833, 0.5, 0.5167, 0.5333, 0.55, 0.5667, 0.5833],
            "transform": [
                [0.999939, -0.002875, 0.010656, 0.124994, -0.009972, -0.649033, 0.760695, -0.002831, 0.004729, -0.760755, -0.649022, -1.2e-05, 0.0, 0.0, 0.0, 1.0],
                [0.999939, -0.002862, 0.01068, 0.124994, -0.009991, -0.647649, 0.761874, -0.002831, 0.004736, -0.761934, -0.647638, 0.000349, 0.0, 0.0, 0.0, 1.0],
                [0.999938, -0.002891, 0.010754, 0.124994, -0.010065, -0.647897, 0.761662, -0.002831, 0.004765, -0.761723, -0.647886, 0.001382, 0.0, 0.0, 0.0, 1.0],
                [0.999936, -0.003106, 0.01087, 0.124994, -0.010221, -0.659256, 0.751849, -0.002831, 0.004831, -0.751912, -0.659246, 0.003012, 0.0, 0.0, 0.0, 1.0],
                [0.999933, -0.003625, 0.01102, 0.124994, -0.010493, -0.687804, 0.725822, -0.002831, 0.004949, -0.725888, -0.687795, 0.005166, 0.0, 0.0, 0.0, 1.0],
                [0.999927, -0.004474, 0.01122, 0.124994, -0.01093, -0.730454, 0.682875, -0.002831, 0.005141, -0.682948, -0.73045, 0.007767, 0.0, 0.0, 0.0, 1.0],
                [0.99992, -0.006103, 0.011038, 0.124994, -0.011419, -0.809598, 0.586874, -0.002831, 0.005355, -0.586954, -0.809603, 0.010741, 0.0, 0.0, 0.0, 1.0],
                [0.999916, -0.006821, 0.011024, 0.124994, -0.011746, -0.836575, 0.547727, -0.002831, 0.005487, -0.54781, -0.836585, 0.014014, 0.0, 0.0, 0.0, 1.0],
                [0.999915, -0.006782, 0.011136, 0.124994, -0.011822, -0.831762, 0.555007, -0.002831, 0.005499, -0.555091, -0.831772, 0.017512, 0.0, 0.0, 0.0, 1.0],
                [0.999919, -0.006867, 0.010765, 0.124994, -0.011587, -0.842222, 0.539007, -0.002831, 0.005365, -0.539088, -0.842233, 0.021158, 0.0, 0.0, 0.0, 1.0],
                [0.999926, -0.00489, 0.011119, 0.124994, -0.011033, -0.748552, 0.662985, -0.002831, 0.005081, -0.663058, -0.748551, 0.024879, 0.0, 0.0, 0.0, 1.0],
                [0.999936, -0.003912, 0.010636, 0.124994, -0.010303, -0.704712, 0.709419, -0.002831, 0.00472, -0.709483, -0.704707, 0.028601, 0.0, 0.0, 0.0, 1.0],
                [0.999945, -0.003787, 0.00981, 0.124994, -0.009569, -0.714583, 0.699486, -0.002831, 0.004362, -0.699541, -0.714579, 0.032247, 0.0, 0.0, 0.0, 1.0],
                [0.999952, -0.004182, 0.008814, 0.124994, -0.008884, -0.76367, 0.645547, -0.002831, 0.004032, -0.645594, -0.76367, 0.035744, 0.0, 0.0, 0.0, 1.0],
                [0.999959, -0.004871, 0.007669, 0.124994, -0.008278, -0.836211, 0.548346, -0.002831, 0.003742, -0.548387, -0.836217, 0.039018, 0.0, 0.0, 0.0, 1.0],
                [0.999964, -0.00563, 0.006385, 0.124994, -0.007762, -0.911067, 0.412186, -0.002831, 0.003497, -0.412221, -0.911077, 0.041992, 0.0, 0.0, 0.0, 1.0],
                [0.999968, -0.006285, 0.005021, 0.124994, -0.007337, -0.968455, 0.24908, -0.002831, 0.003297, -0.249109, -0.96847, 0.044593, 0.0, 0.0, 0.0, 1.0],
                [0.999971, -0.006741, 0.003672, 0.124994, -0.007004, -0.996992, 0.077189, -0.002831, 0.003141, -0.077213, -0.99701, 0.046747, 0.0, 0.0, 0.0, 1.0],
                [0.999973, -0.006988, 0.002458, 0.124994, -0.006761, -0.996548, -0.082748, -0.002831, 0.003027, 0.082729, -0.996568, 0.048377, 0.0, 0.0, 0.0, 1.0],
                [0.999974, -0.007078, 0.001532, 0.124994, -0.00661, -0.97853, -0.205998, -0.002831, 0.002957, 0.205983, -0.978552, 0.04941, 0.0, 0.0, 0.0, 1.0],
                [0.999974, -0.007091, 0.001151, 0.124994, -0.006558, -0.966495, -0.256603, -0.002831, 0.002932, 0.256589, -0.966516, 0.049771, 0.0, 0.0, 0.0, 1.0],
                [0.999974, -0.007091, 0.001151, 0.124994, -0.006558, -0.966495, -0.256603, -0.002831, 0.002932, 0.256589, -0.966516, 0.049771, 0.0, 0.0, 0.0, 1.0],
                [0.999974, -0.007091, 0.001151, 0.124994, -0.006558, -0.966495, -0.256603, -0.002831, 0.002932, 0.256589, -0.966516, 0.049771, 0.0, 0.0, 0.0, 1.0],
                [0.999974, -0.007091, 0.001151, 0.124994, -0.006558, -0.966495, -0.256603, -0.002831, 0.002932, 0.256589, -0.966516, 0.049771, 0.0, 0.0, 0.0, 1.0],
                [0.999974, -0.007091, 0.001151, 0.124994, -0.006558, -0.966495, -0.256603, -0.002831, 0.002932, 0.256589, -0.966516, 0.049771, 0.0, 0.0, 0.0, 1.0],
                [0.999974, -0.007091, 0.001151, 0.124994, -0.006558, -0.966495, -0.256603, -0.002831, 0.002932, 0.256589, -0.966516, 0.049771, 0.0, 0.0, 0.0, 1.0],
                [0.999974, -0.007091, 0.001151, 0.124994, -0.006558, -0.966495, -0.256603, -0.002831, 0.002932, 0.256589, -0.966516, 0.049771, 0.0, 0.0, 0.0, 1.0],
                [0.999974, -0.007091, 0.001151, 0.124994, -0.006558, -0.966495, -0.256603, -0.002831, 0.002932, 0.256589, -0.966516, 0.049771, 0.0, 0.0, 0.0, 1.0],
                [0.999974, -0.007091, 0.001151, 0.124994, -0.006558, -0.966495, -0.256603, -0.002831, 0.002932, 0.256589, -0.966516, 0.049771, 0.0, 0.0, 0.0, 1.0],
                [0.999974, -0.007091, 0.001151, 0.124994, -0.006558, -0.966495, -0.256603, -0.002831, 0.002932, 0.256589, -0.966516, 0.049771, 0.0, 0.0, 0.0, 1.0],
                [0.999974, -0.007091, 0.001151, 0.124994, -0.006558, -0.966495, -0.256603, -0.002831, 0.002932, 0.256589, -0.966516, 0.049771, 0.0, 0.0, 0.0, 1.0],
                [0.999974, -0.007091, 0.001151, 0.124994, -0.006558, -0.966495, -0.256603, -0.002831, 0.002932, 0.256589, -0.966516, 0.049771, 0.0, 0.0, 0.0, 1.0],
                [0.999974, -0.007091, 0.001151, 0.124994, -0.006558, -0.966495, -0.256603, -0.002831, 0.002932, 0.256589, -0.966516, 0.049771, 0.0, 0.0, 0.0, 1.0],
                [0.999974, -0.007091, 0.001151, 0.124994, -0.006558, -0.966495, -0.256603, -0.002831, 0.002932, 0.256589, -0.966516, 0.049771, 0.0, 0.0, 0.0, 1.0],
                [0.999974, -0.007091, 0.001151, 0.124994, -0.006558, -0.966495, -0.256603, -0.002831, 0.002932, 0.256589, -0.966516, 0.049771, 0.0, 0.0, 0.0, 1.0],
                [0.999974, -0.007091, 0.001151, 0.124994, -0.006558, -0.966495, -0.256603, -0.002831, 0.002932, 0.256589, -0.966516, 0.049771, 0.0, 0.0, 0.0, 1.0]
            ]
        },
        {
            "name": "Leg_R",
            "time": [0.0, 0.0167, 0.0333, 0.05, 0.0667, 0.0833, 0.1, 0.1167, 0.1333, 0.15, 0.1667, 0.1833, 0.2, 0.2167, 0.2333, 0.25, 0.2667, 0.2833, 0.3, 0.3167, 0.3333, 0.35, 0.3667, 0.3833, 0.4, 0.4167, 0.4333, 0.45, 0.4667, 0.4833, 0.5, 0.5167, 0.5333, 0.55, 0.5667, 0.5833],
            "transform": [
                [1.0, 2e-05, 1.6e-05, 0.0, -2.1e-05, 0.255265, 0.96687, 0.374726, 1.5e-05, -0.966871, 0.255265, 0.0, 0.0, 0.0, 0.0, 1.0],
                [1.0, 2e-05, 1.6e-05, -0.0, -2.1e-05, 0.293703, 0.955897, 0.374726, 1.5e-05, -0.955897, 0.293703, 0.0, 0.0, 0.0, 0.0, 1.0],
                [1.0, 1.9e-05, 1.3e-05, 0.0, -2e-05, 0.396171, 0.918176, 0.374726, 1.2e-05, -0.918177, 0.396171, 0.0, 0.0, 0.0, 0.0, 1.0],
                [1.0, 1.8e-05, 1e-05, -0.0, -1.8e-05, 0.545776, 0.837931, 0.374726, 9e-06, -0.837931, 0.545777, -0.0, 0.0, 0.0, 0.0, 1.0],
                [1.0, 1.5e-05, 7e-06, -0.0, -1.5e-05, 0.717035, 0.697037, 0.374726, 5e-06, -0.697037, 0.717035, 0.0, 0.0, 0.0, 0.0, 1.0],
                [1.0, 1e-05, 3e-06, -0.0, -1.1e-05, 0.869691, 0.493596, 0.374726, 2e-06, -0.493595, 0.869691, -0.0, 0.0, 0.0, 0.0, 1.0],
                [1.0, 3e-06, 1e-06, -0.0, -3e-06, 0.987055, 0.160381, 0.374726, -0.0, -0.160381, 0.987055, -0.0, 0.0, 0.0, 0.0, 1.0],
                [1.0, 0.0, 1e-06, 0.0, -0.0, 0.999999, 0.001461, 0.374726, -1e-06, -0.001461, 0.999999, 0.0, 0.0, 0.0, 0.0, 1.0],
                [1.0, 0.0, 1e-06, 0.0, -0.0, 0.999999, 0.001461, 0.374726, -1e-06, -0.001461, 0.999999, -0.0, 0.0, 0.0, 0.0, 1.0],
                [1.0, 0.0, 1e-06, -0.0, -0.0, 0.999999, 0.00146, 0.374726, -1e-06, -0.00146, 0.999999, -0.0, 0.0, 0.0, 0.0, 1.0],
                [1.0, 9e-06, 3e-06, 0.0, -9e-06, 0.912536, 0.408996, 0.374726, 1e-06, -0.408996, 0.912536, -0.0, 0.0, 0.0, 0.0, 1.0],
                [1.0, 1.4e-05, 6e-06, 0.0, -1.4e-05, 0.747008, 0.664814, 0.374726, 5e-06, -0.664815, 0.747008, -0.0, 0.0, 0.0, 0.0, 1.0],
                [1.0, 1.7e-05, 9e-06, -0.0, -1.7e-05, 0.599459, 0.800406, 0.374726, 8e-06, -0.800406, 0.599459, -0.0, 0.0, 0.0, 0.0, 1.0],
                [1.0, 1.8e-05, 1.1e-05, 0.0, -1.9e-05, 0.495683, 0.868503, 0.374726, 1e-05, -0.868504, 0.495683, 0.0, 0.0, 0.0, 0.0, 1.0],
                [1.0, 1.9e-05, 1.2e-05, -0.0, -1.9e-05, 0.451394, 0.892325, 0.374726, 1.1e-05, -0.892325, 0.451394, 0.0, 0.0, 0.0, 0.0, 1.0],
                [1.0, 1.8e-05, 1.2e-05, -0.0, -1.9e-05, 0.469847, 0.882748, 0.374726, 1.1e-05, -0.882748, 0.469847, -0.0, 0.0, 0.0, 0.0, 1.0],
                [1.0, 1.8e-05, 1e-05, -0.0, -1.8e-05, 0.542386, 0.840129, 0.374726, 9e-06, -0.840129, 0.542386, -0.0, 0.0, 0.0, 0.0, 1.0],
                [1.0, 1.6e-05, 8e-06, 0.0, -1.7e-05, 0.649255, 0.760571, 0.374726, 7e-06, -0.760571, 0.649255, -0.0, 0.0, 0.0, 0.0, 1.0],
                [1.0, 1.4e-05, 6e-06, 0.0, -1.4e-05, 0.762629, 0.646836, 0.374726, 4e-06, -0.646836, 0.762629, 0.0, 0.0, 0.0, 0.0, 1.0],
                [1.0, 1.1e-05, 4e-06, -0.0, -1.1e-05, 0.850917, 0.5253, 0.374726, 2e-06, -0.5253, 0.850917, 0.0, 0.0, 0.0, 0.0, 1.0],
                [1.0, 1e-05, 3e-06, 0.0, -1e-05, 0.885402, 0.464826, 0.374726, 2e-06, -0.464826, 0.885402, -0.0, 0.0, 0.0, 0.0, 1.0],
                [1.0, 1e-05, 3e-06, -0.0, -1e-05, 0.885402, 0.464826, 0.374726, 2e-06, -0.464826, 0.885402, 0.0, 0.0, 0.0, 0.0, 1.0],
                [1.0, 1e-05, 3e-06, -0.0, -1e-05, 0.885402, 0.464826, 0.374726, 2e-06, -0.464826, 0.885402, 0.0, 0.0, 0.0, 0.0, 1.0],
                [1.0, 1e-05, 3e-06, -0.0, -1e-05, 0.885402, 0.464826, 0.374726, 2e-06, -0.464826, 0.885402, 0.0, 0.0, 0.0, 0.0, 1.0],
                [1.0, 1e-05, 3e-06, -0.0, -1e-05, 0.885402, 0.464826, 0.374726, 2e-06, -0.464826, 0.885402, 0.0, 0.0, 0.0, 0.0, 1.0],
                [1.0, 1e-05, 3e-06, -0.0, -1e-05, 0.885402, 0.464826, 0.374726, 2e-06, -0.464826, 0.885402, 0.0, 0.0, 0.0, 0.0, 1.0],
                [1.0, 1e-05, 3e-06, -0.0, -1e-05, 0.885402, 0.464826, 0.374726, 2e-06, -0.464826, 0.885402, 0.0, 0.0, 0.0, 0.0, 1.0],
                [1.0, 1e-05, 3e-06, -0.0, -1e-05, 0.885402, 0.464826, 0.374726, 2e-06, -0.464826, 0.885402, 0.0, 0.0, 0.0, 0.0, 1.0],
                [1.0, 1e-05, 3e-06, -0.0, -1e-05, 0.885402, 0.464826, 0.374726, 2e-06, -0.464826, 0.885402, 0.0, 0.0, 0.0, 0.0, 1.0],
                [1.0, 1e-05, 3e-06, -0.0, -1e-05, 0.885402, 0.464826, 0.374726, 2e-06, -0.464826, 0.885402, 0.0, 0.0, 0.0, 0.0, 1.0],
                [1.0, 1e-05, 3e-06, -0.0, -1e-05, 0.885402, 0.464826, 0.374726, 2e-06, -0.464826, 0.885402, 0.0, 0.0, 0.0, 0.0, 1.0],
                [1.0, 1e-05, 3e-06, -0.0, -1e-05, 0.885402, 0.464826, 0.374726, 2e-06, -0.464826, 0.885402, 0.0, 0.0, 0.0, 0.0, 1.0],
                [1.0, 1e-05, 3e-06, -0.0, -1e-05, 0.885402, 0.464826, 0.374726, 2e-06, -0.464826, 0.885402, 0.0, 0.0, 0.0, 0.0, 1.0],
                [1.0, 1e-05, 3e-06, -0.0, -1e-05, 0.885402, 0.464826, 0.374726, 2e-06, -0.464826, 0.885402, 0.0, 0.0, 0.0, 0.0, 1.0],
                [1.0, 1e-05, 3e-06, -0.0, -1e-05, 0.885402, 0.464826, 0.374726, 2e-06, -0.464826, 0.885402, 0.0, 0.0, 0.0, 0.0, 1.0],
                [1.0, 1e-05, 3e-06, -0.0, -1e-05, 0.885402, 0.464826, 0.374726, 2e-06, -0.464826, 0.885402, 0.0, 0.0, 0.0, 0.0, 1.0]
            ]
        },
        {
            "name": "Knee_R",
            "time": [0.0, 0.5833],
            "transform": [
                [1.0, 0.0, -0.0, 0.0, -0.0, 0.00567, -0.999984, 0.45642, -0.0, 0.999984, 0.00567, -0.000463, 0.0, 0.0, 0.0, 1.0],
                [1.0, 0.0, -0.0, -0.0, -0.0, 0.00567, -0.999984, 0.374726, -0.0, 0.999984, 0.00567, -0.0, 0.0, 0.0, 0.0, 1.0]
            ]
        },
        {
            "name": "Thigh_L",
            "time": [0.0, 0.0167, 0.0333, 0.05, 0.0667, 0.0833, 0.1, 0.1167, 0.1333, 0.15, 0.1667, 0.1833, 0.2, 0.2167, 0.2333, 0.25, 0.2667, 0.2833, 0.3, 0.3167, 0.3333, 0.35, 0.3667, 0.3833, 0.4, 0.4167, 0.4333, 0.45, 0.4667, 0.4833, 0.5, 0.5167, 0.5333, 0.55, 0.5667, 0.5833],
            "transform": [
                [0.999978, -0.003539, 0.005551, -0.125006, -0.00418, -0.992758, 0.120064, -0.002831, 0.005085, -0.120085, -0.992751, -1.2e-05, 0.0, 0.0, 0.0, 1.0],
                [1.0, -0.000374, 0.000568, -0.125006, -0.000438, -0.99323, 0.116166, -0.002831, 0.000521, -0.116166, -0.99323, 0.0017, 0.0, 0.0, 0.0, 1.0],
                [0.999905, 0.007827, -0.011356, -0.125006, 0.008937, -0.994818, 0.101281, -0.002831, -0.010505, -0.101373, -0.994793, 0.006348, 0.0, 0.0, 0.0, 1.0],
                [0.999484, 0.019393, -0.025625, -0.125006, 0.021177, -0.997232, 0.071273, -0.002831, -0.024172, -0.071779, -0.997128, 0.013197, 0.0, 0.0, 0.0, 1.0],
                [0.998713, 0.032787, -0.038704, -0.125006, 0.033852, -0.999057, 0.027197, -0.002831, -0.037776, -0.028472, -0.998881, 0.021514, 0.0, 0.0, 0.0, 1.0],
                [0.99775, 0.04596, -0.048806, -0.125006, 0.044914, -0.998742, -0.02231, -0.002831, -0.04977, 0.020068, -0.998559, 0.030565, 0.0, 0.0, 0.0, 1.0],
                [0.996818, 0.056525, -0.056207, -0.125006, 0.053024, -0.996671, -0.061937, -0.002831, -0.059521, 0.05876, -0.996496, 0.039615, 0.0, 0.0, 0.0, 1.0],
                [0.996036, 0.064141, -0.061633, -0.125006, 0.058578, -0.994381, -0.088185, -0.002831, -0.066943, 0.084225, -0.994196, 0.047932, 0.0, 0.0, 0.0, 1.0],
                [0.995485, 0.069436, -0.064712, -0.125006, 0.06243, -0.99255, -0.104633, -0.002831, -0.071495, 0.10012, -0.992404, 0.054781, 0.0, 0.0, 0.0, 1.0],
                [0.995221, 0.073146, -0.064687, -0.125006, 0.065461, -0.991341, -0.113839, -0.002831, -0.072453, 0.109061, -0.991391, 0.059429, 0.0, 0.0, 0.0, 1.0],
                [0.995253, 0.07584, -0.06099, -0.125006, 0.068262, -0.99067, -0.117959, -0.002831, -0.069367, 0.113236, -0.991144, 0.061141, 0.0, 0.0, 0.0, 1.0],
                [0.995248, 0.076802, -0.059858, -0.125006, 0.072876, -0.995206, -0.065236, -0.002831, -0.064582, 0.060564, -0.996073, 0.059805, 0.0, 0.0, 0.0, 1.0],
                [0.994945, 0.075483, -0.066227, -0.125006, 0.080196, -0.994201, 0.071657, -0.002831, -0.060434, -0.076606, -0.995228, 0.056178, 0.0, 0.0, 0.0, 1.0],
                [0.994408, 0.071505, -0.077713, -0.125006, 0.088963, -0.963731, 0.251614, -0.002831, -0.056902, -0.257121, -0.964703, 0.050833, 0.0, 0.0, 0.0, 1.0],
                [0.993697, 0.064363, -0.091783, -0.125006, 0.098265, -0.894152, 0.436849, -0.002831, -0.053951, -0.443114, -0.89484, 0.044343, 0.0, 0.0, 0.0, 1.0],
                [0.992874, 0.05502, -0.105707, -0.125006, 0.107444, -0.796987, 0.594363, -0.002831, -0.051545, -0.601485, -0.797219, 0.03728, 0.0, 0.0, 0.0, 1.0],
                [0.992006, 0.046419, -0.117346, -0.125006, 0.116014, -0.701354, 0.70331, -0.002831, -0.049654, -0.711301, -0.701132, 0.030217, 0.0, 0.0, 0.0, 1.0],
                [0.991158, 0.042001, -0.125861, -0.125006, 0.123596, -0.63729, 0.760649, -0.002831, -0.048262, -0.769479, -0.636846, 0.023727, 0.0, 0.0, 0.0, 1.0],
                [0.9904, 0.043616, -0.131167, -0.125006, 0.12986, -0.618753, 0.774778, -0.002831, -0.047367, -0.784374, -0.618477, 0.018381, 0.0, 0.0, 0.0, 1.0],
                [0.989802, 0.050385, -0.133245, -0.125006, 0.13448, -0.639024, 0.757341, -0.002831, -0.046988, -0.767536, -0.639282, 0.014755, 0.0, 0.0, 0.0, 1.0],
                [0.989437, 0.057322, -0.133151, -0.125006, 0.137076, -0.668835, 0.730665, -0.002831, -0.047172, -0.741198, -0.669627, 0.013418, 0.0, 0.0, 0.0, 1.0],
                [0.990025, 0.058878, -0.127997, -0.125006, 0.133222, -0.68684, 0.714496, -0.002831, -0.045845, -0.724421, -0.687832, 0.013418, 0.0, 0.0, 0.0, 1.0],
                [0.991904, 0.055788, -0.114083, -0.125006, 0.120082, -0.704346, 0.699627, -0.002831, -0.041323, -0.707662, -0.705342, 0.013418, 0.0, 0.0, 0.0, 1.0],
                [0.99443, 0.048405, -0.093629, -0.125006, 0.099665, -0.720883, 0.685854, -0.002831, -0.034297, -0.691365, -0.721691, 0.013418, 0.0, 0.0, 0.0, 1.0],
                [0.996922, 0.037484, -0.068855, -0.125006, 0.07413, -0.736513, 0.67235, -0.002831, -0.02551, -0.675385, -0.737024, 0.013418, 0.0, 0.0, 0.0, 1.0],
                [0.998826, 0.024045, -0.042053, -0.125006, 0.045806, -0.751287, 0.658385, -0.002831, -0.015763, -0.659538, -0.751506, 0.013418, 0.0, 0.0, 0.0, 1.0],
                [0.999836, 0.009333, -0.015549, -0.125006, 0.017148, -0.765588, 0.643103, -0.002831, -0.005902, -0.643264, -0.765622, 0.013418, 0.0, 0.0, 0.0, 1.0],
                [0.999951, -0.005278, 0.008346, -0.125006, -0.009337, -0.780311, 0.625323, -0.002831, 0.003212, -0.62537, -0.780322, 0.013418, 0.0, 0.0, 0.0, 1.0],
                [0.999456, -0.018732, 0.027131, -0.125006, -0.031175, -0.8047, 0.592864, -0.002831, 0.010727, -0.593387, -0.804846, 0.013418, 0.0, 0.0, 0.0, 1.0],
                [0.998817, -0.027622, 0.040013, -0.125006, -0.045976, -0.804319, 0.592417, -0.002831, 0.01582, -0.593556, -0.804637, 0.013418, 0.0, 0.0, 0.0, 1.0],
                [0.99852, -0.030896, 0.044749, -0.125006, -0.051419, -0.804211, 0.592116, -0.002831, 0.017693, -0.593541, -0.804609, 0.013418, 0.0, 0.0, 0.0, 1.0],
                [0.99852, -0.030896, 0.044749, -0.125006, -0.051419, -0.804211, 0.592116, -0.002831, 0.017693, -0.593541, -0.804609, 0.013418, 0.0, 0.0, 0.0, 1.0],
                [0.99852, -0.030896, 0.044749, -0.125006, -0.051419, -0.804211, 0.592116, -0.002831, 0.017693, -0.593541, -0.804609, 0.013418, 0.0, 0.0, 0.0, 1.0],
                [0.99852, -0.030896, 0.044749, -0.125006, -0.051419, -0.804211, 0.592116, -0.002831, 0.017693, -0.593541, -0.804609, 0.013418, 0.0, 0.0, 0.0, 1.0],
                [0.99852, -0.030896, 0.044749, -0.125006, -0.051419, -0.804211, 0.592116, -0.002831, 0.017693, -0.593541, -0.804609, 0.013418, 0.0, 0.0, 0.0, 1.0],
                [0.99852, -0.030896, 0.044749, -0.125006, -0.051419, -0.804211, 0.592116, -0.002831, 0.017693, -0.593541, -0.804609, 0.013418, 0.0, 0.0, 0.0, 1.0]
            ]
        },
        {
            "name": "Leg_L",
            "time": [0.0, 0.0167, 0.0333, 0.05, 0.0667, 0.0833, 0.1, 0.1167, 0.1333, 0.15, 0.1667, 0.1833, 0.2, 0.2167, 0.2333, 0.25, 0.2667, 0.2833, 0.3, 0.3167, 0.3333, 0.35, 0.3667, 0.3833, 0.4, 0.4167, 0.4333, 0.45, 0.4667, 0.4833, 0.5, 0.5167, 0.5333, 0.55, 0.5667, 0.5833],
            "transform": [
                [1.0, 1e-05, 3e-06, 0.0, -1e-05, 0.892124, 0.45179, 0.374726, 2e-06, -0.451791, 0.892124, -0.0, 0.0, 0.0, 0.0, 1.0],
                [1.0, 1e-05, 3e-06, -0.0, -1e-05, 0.882873, 0.469611, 0.374726, 2e-06, -0.469611, 0.882873, -0.0, 0.0, 0.0, 0.0, 1.0],
                [1.0, 1.1e-05, 4e-06, -0.0, -1.1e-05, 0.861255, 0.508172, 0.374726, 2e-06, -0.508173, 0.861256, -0.0, 0.0, 0.0, 0.0, 1.0],
                [1.0, 1.2e-05, 4e-06, 0.0, -1.2e-05, 0.837146, 0.54698, 0.374726, 3e-06, -0.54698, 0.837146, -0.0, 0.0, 0.0, 0.0, 1.0],
                [1.0, 1.2e-05, 5e-06, -0.0, -1.3e-05, 0.818101, 0.575074, 0.374726, 3e-06, -0.575074, 0.818101, -0.0, 0.0, 0.0, 0.0, 1.0],
                [1.0, 1.2e-05, 5e-06, -0.0, -1.3e-05, 0.804721, 0.593653, 0.374726, 4e-06, -0.593653, 0.804721, 0.0, 0.0, 0.0, 0.0, 1.0],
                [1.0, 1.3e-05, 5e-06, 0.0, -1.4e-05, 0.786921, 0.617053, 0.374726, 4e-06, -0.617054, 0.786921, -0.0, 0.0, 0.0, 0.0, 1.0],
                [1.0, 1.3e-05, 6e-06, -0.0, -1.4e-05, 0.761973, 0.647608, 0.374726, 4e-06, -0.647609, 0.761973, 0.0, 0.0, 0.0, 0.0, 1.0],
                [1.0, 1.4e-05, 6e-06, 0.0, -1.5e-05, 0.736209, 0.676754, 0.374726, 5e-06, -0.676754, 0.736209, -0.0, 0.0, 0.0, 0.0, 1.0],
                [1.0, 1.4e-05, 7e-06, -0.0, -1.5e-05, 0.71636, 0.69773, 0.374726, 5e-06, -0.697731, 0.71636, -0.0, 0.0, 0.0, 0.0, 1.0],
                [1.0, 1.5e-05, 7e-06, 0.0, -1.5e-05, 0.709519, 0.704686, 0.374726, 6e-06, -0.704687, 0.709519, 0.0, 0.0, 0.0, 0.0, 1.0],
                [1.0, 1.5e-05, 7e-06, -0.0, -1.6e-05, 0.667032, 0.745029, 0.374726, 6e-06, -0.745029, 0.667032, -0.0, 0.0, 0.0, 0.0, 1.0],
                [1.0, 1.7e-05, 1e-05, 0.0, -1.7e-05, 0.560132, 0.828403, 0.374726, 9e-06, -0.828403, 0.560132, -0.0, 0.0, 0.0, 0.0, 1.0],
                [1.0, 1.9e-05, 1.3e-05, 0.0, -2e-05, 0.43608, 0.899908, 0.374726, 1.2e-05, -0.899908, 0.43608, -0.0, 0.0, 0.0, 0.0, 1.0],
                [1.0, 2e-05, 1.5e-05, 0.0, -2e-05, 0.341962, 0.939714, 0.374726, 1.4e-05, -0.939714, 0.341962, 0.0, 0.0, 0.0, 0.0, 1.0],
                [1.0, 2e-05, 1.5e-05, 0.0, -2.1e-05, 0.312059, 0.950063, 0.374726, 1.4e-05, -0.950063, 0.312059, 0.0, 0.0, 0.0, 0.0, 1.0],
                [1.0, 2e-05, 1.4e-05, -0.0, -2e-05, 0.360667, 0.932695, 0.374726, 1.3e-05, -0.932695, 0.360667, -0.0, 0.0, 0.0, 0.0, 1.0],
                [1.0, 1.8e-05, 1.1e-05, -0.0, -1.9e-05, 0.47885, 0.877897, 0.374726, 1e-05, -0.877897, 0.47885, 0.0, 0.0, 0.0, 0.0, 1.0],
                [1.0, 1.6e-05, 8e-06, -0.0, -1.7e-05, 0.635564, 0.772048, 0.374726, 7e-06, -0.772048, 0.635565, -0.0, 0.0, 0.0, 0.0, 1.0],
                [1.0, 1.3e-05, 5e-06, 0.0, -1.4e-05, 0.783907, 0.620878, 0.374726, 4e-06, -0.620878, 0.783908, -0.0, 0.0, 0.0, 0.0, 1.0],
                [1.0, 1.1e-05, 4e-06, 0.0, -1.1e-05, 0.871266, 0.490811, 0.374726, 2e-06, -0.490812, 0.871266, 0.0, 0.0, 0.0, 0.0, 1.0],
                [1.0, 9e-06, 3e-06, -0.0, -9e-06, 0.90759, 0.419856, 0.374726, 1e-06, -0.419856, 0.90759, -0.0, 0.0, 0.0, 0.0, 1.0],
                [1.0, 7e-06, 2e-06, -0.0, -7e-06, 0.9357, 0.352796, 0.374726, 1e-06, -0.352797, 0.9357, 0.0, 0.0, 0.0, 0.0, 1.0],
                [1.0, 6e-06, 2e-06, 0.0, -6e-06, 0.956678, 0.291148, 0.374726, 0.0, -0.291148, 0.956678, 0.0, 0.0, 0.0, 0.0, 1.0],
                [1.0, 5e-06, 1e-06, 0.0, -5e-06, 0.972077, 0.234661, 0.374726, -0.0, -0.234661, 0.972077, -0.0, 0.0, 0.0, 0.0, 1.0],
                [1.0, 4e-06, 1e-06, -0.0, -4e-06, 0.98316, 0.182748, 0.374726, -0.0, -0.182748, 0.98316, -0.0, 0.0, 0.0, 0.0, 1.0],
                [1.0, 3e-06, 1e-06, -0.0, -3e-06, 0.991032, 0.133627, 0.374726, -1e-06, -0.133627, 0.991032, -0.0, 0.0, 0.0, 0.0, 1.0],
                [1.0, 2e-06, 1e-06, 0.0, -2e-06, 0.996486, 0.083753, 0.374726, -1e-06, -0.083754, 0.996487, 0.0, 0.0, 0.0, 0.0, 1.0],
                [1.0, 0.0, 1e-06, 0.0, -0.0, 0.999999, 0.001459, 0.374726, -1e-06, -0.00146, 0.999999, 0.0, 0.0, 0.0, 0.0, 1.0],
                [1.0, 0.0, 1e-06, -0.0, -0.0, 0.999999, 0.00146, 0.374726, -1e-06, -0.00146, 0.999999, 0.0, 0.0, 0.0, 0.0, 1.0],
                [1.0, 0.0, 1e-06, -0.0, -0.0, 0.999999, 0.00146, 0.374726, -1e-06, -0.00146, 0.999999, 0.0, 0.0, 0.0, 0.0, 1.0],
                [1.0, 0.0, 1e-06, -0.0, -0.0, 0.999999, 0.00146, 0.374726, -1e-06, -0.00146, 0.999999, 0.0, 0.0, 0.0, 0.0, 1.0],
                [1.0, 0.0, 1e-06, -0.0, -0.0, 0.999999, 0.00146, 0.374726, -1e-06, -0.00146, 0.999999, 0.0, 0.0, 0.0, 0.0, 1.0],
                [1.0, 0.0, 1e-06, -0.0, -0.0, 0.999999, 0.00146, 0.374726, -1e-06, -0.00146, 0.999999, 0.0, 0.0, 0.0, 0.0, 1.0],
                [1.0, 0.0, 1e-06, -0.0, -0.0, 0.999999, 0.00146, 0.374726, -1e-06, -0.00146, 0.999999, 0.0, 0.0, 0.0, 0.0, 1.0],
                [1.0, 0.0, 1e-06, -0.0, -0.0, 0.999999, 0.00146, 0.374726, -1e-06, -0.00146, 0.999999, 0.0, 0.0, 0.0, 0.0, 1.0]
            ]
        },
        {
            "name": "Knee_L",
            "time": [0.0, 0.5833],
            "transform": [
                [1.0, 0.0, -0.0, -0.0, -0.0, 0.00567, -0.999984, 0.374726, -0.0, 0.999984, 0.00567, -0.0, 0.0, 0.0, 0.0, 1.0],
                [1.0, 0.0, -0.0, -0.0, -0.0, 0.00567, -0.999984, 0.374726, -0.0, 0.999984, 0.00567, -0.0, 0.0, 0.0, 0.0, 1.0]
            ]
        },
        {
            "name": "Torso",
            "time": [0.0, 0.0167, 0.0333, 0.05, 0.0667, 0.0833, 0.1, 0.1167, 0.1333, 0.15, 0.1667, 0.1833, 0.2, 0.2167, 0.2333, 0.25, 0.2667, 0.2833, 0.3, 0.3167, 0.3333, 0.35, 0.3667, 0.3833, 0.4, 0.4167, 0.4333, 0.45, 0.4667, 0.4833, 0.5, 0.5167, 0.5333, 0.55, 0.5667, 0.5833],
            "transform": [
                [1.0, 0.0, 0.0, 0.0, 0.0, 1.0, 0.0, 0.05, 0.0, 0.0, 1.0, 0.0, 0.0, 0.0, 0.0, 1.0],
                [0.999928, 0.0, 0.011984, 0.0, 0.0, 1.0, 0.0, 0.05, -0.011984, 0.0, 0.999928, 0.0, 0.0, 0.0, 0.0, 1.0],
                [0.999006, 0.0, 0.044571, 0.0, 0.0, 1.0, 0.0, 0.05, -0.044571, 0.0, 0.999006, 0.0, 0.0, 0.0, 0.0, 1.0],
                [0.995698, 0.0, 0.092657, 0.0, 0.0, 1.0, 0.0, 0.05, -0.092657, 0.0, 0.995698, 0.0, 0.0, 0.0, 0.0, 1.0],
                [0.988544, 0.0, 0.150933, 0.0, 0.0, 1.0, 0.0, 0.05, -0.150933, 0.0, 0.988544, 0.0, 0.0, 0.0, 0.0, 1.0],
                [0.976861, 0.0, 0.213873, 0.0, 0.0, 1.0, 0.0, 0.05, -0.213873, 0.0, 0.976861, 0.0, 0.0, 0.0, 0.0, 1.0],
                [0.961176, 0.0, 0.275936, 0.0, 0.0, 1.0, 0.0, 0.05, -0.275936, 0.0, 0.961176, 0.0, 0.0, 0.0, 0.0, 1.0],
                [0.943325, 0.0, 0.33187, 0.0, 0.0, 1.0, 0.0, 0.05, -0.33187, 0.0, 0.943325, 0.0, 0.0, 0.0, 0.0, 1.0],
                [0.926238, 0.0, 0.37694, 0.0, 0.0, 1.0, 0.0, 0.05, -0.37694, 0.0, 0.926238, 0.0, 0.0, 0.0, 0.0, 1.0],
                [0.913459, 0.0, 0.40693, 0.0, 0.0, 1.0, 0.0, 0.05, -0.40693, 0.0, 0.913459, 0.0, 0.0, 0.0, 0.0, 1.0],
                [0.908517, 0.0, 0.417848, 0.0, 0.0, 1.0, 0.0, 0.05, -0.417848, 0.0, 0.908517, 0.0, 0.0, 0.0, 0.0, 1.0],
                [0.912607, 0.0, 0.408839, 0.0, 0.0, 1.0, 0.0, 0.05, -0.408839, 0.0, 0.912607, 0.0, 0.0, 0.0, 0.0, 1.0],
                [0.923591, 0.0, 0.383378, 0.0, 0.0, 1.0, 0.0, 0.05, -0.383378, 0.0, 0.923591, 0.0, 0.0, 0.0, 0.0, 1.0],
                [0.939104, 0.0, 0.343633, 0.0, 0.0, 1.0, 0.0, 0.05, -0.343633, 0.0, 0.939104, 0.0, 0.0, 0.0, 0.0, 1.0],
                [0.956485, 0.0, 0.291781, 0.0, 0.0, 1.0, 0.0, 0.05, -0.291781, 0.0, 0.956485, 0.0, 0.0, 0.0, 0.0, 1.0],
                [0.97313, 0.0, 0.230256, 0.0, 0.0, 1.0, 0.0, 0.05, -0.230256, 0.0, 0.97313, 0.0, 0.0, 0.0, 0.0, 1.0],
                [0.986812, 0.0, 0.161872, 0.0, 0.0, 1.0, 0.0, 0.05, -0.161872, 0.0, 0.986812, 0.0, 0.0, 0.0, 0.0, 1.0],
                [0.995959, 0.0, 0.089804, 0.0, 0.0, 1.0, 0.0, 0.05, -0.089804, 0.0, 0.995959, 0.0, 0.0, 0.0, 0.0, 1.0],
                [0.999848, 0.0, 0.017447, 0.0, 0.0, 1.0, 0.0, 0.05, -0.017447, 0.0, 0.999848, 0.0, 0.0, 0.0, 0.0, 1.0],
                [0.998657, 0.0, -0.051801, 0.0, 0.0, 1.0, 0.0, 0.05, 0.051801, 0.0, 0.998657, 0.0, 0.0, 0.0, 0.0, 1.0],
                [0.993397, 0.0, -0.114732, 0.0, 0.0, 1.0, 0.0, 0.05, 0.114732, 0.0, 0.993397, 0.0, 0.0, 0.0, 0.0, 1.0],
                [0.985618, 0.0, -0.16899, 0.0, 0.0, 1.0, 0.0, 0.05, 0.16899, 0.0, 0.985618, 0.0, 0.0, 0.0, 0.0, 1.0],
                [0.976681, 0.0, -0.214698, 0.0, 0.0, 1.0, 0.0, 0.05, 0.214698, 0.0, 0.976681, 0.0, 0.0, 0.0, 0.0, 1.0],
                [0.967567, 0.0, -0.252613, 0.0, 0.0, 1.0, 0.0, 0.05, 0.252613, 0.0, 0.967567, 0.0, 0.0, 0.0, 0.0, 1.0],
                [0.958978, 0.0, -0.28348, 0.0, 0.0, 1.0, 0.0, 0.05, 0.28348, 0.0, 0.958978, 0.0, 0.0, 0.0, 0.0, 1.0],
                [0.951385, 0.0, -0.308003, 0.0, 0.0, 1.0, 0.0, 0.05, 0.308003, 0.0, 0.951385, 0.0, 0.0, 0.0, 0.0, 1.0],
                [0.945083, 0.0, -0.32683, 0.0, 0.0, 1.0, 0.0, 0.05, 0.32683, 0.0, 0.945083, 0.0, 0.0, 0.0, 0.0, 1.0],
                [0.940223, 0.0, -0.34056, 0.0, 0.0, 1.0, 0.0, 0.05, 0.34056, 0.0, 0.940223, 0.0, 0.0, 0.0, 0.0, 1.0],
                [0.936846, 0.0, -0.349743, 0.0, 0.0, 1.0, 0.0, 0.05, 0.349743, 0.0, 0.936846, 0.0, 0.0, 0.0, 0.0, 1.0],
                [0.934907, 0.0, -0.354893, 0.0, 0.0, 1.0, 0.0, 0.05, 0.354893, 0.0, 0.934907, 0.0, 0.0, 0.0, 0.0, 1.0],
                [0.934294, 0.0, -0.356503, 0.0, 0.0, 1.0, 0.0, 0.05, 0.356503, 0.0, 0.934294, 0.0, 0.0, 0.0, 0.0, 1.0],
                [0.934294, 0.0, -0.356503, 0.0, 0.0, 1.0, 0.0, 0.05, 0.356503, 0.0, 0.934294, 0.0, 0.0, 0.0, 0.0, 1.0],
                [0.934294, 0.0, -0.356503, 0.0, 0.0, 1.0, 0.0, 0.05, 0.356503, 0.0, 0.934294, 0.0, 0.0, 0.0, 0.0, 1.0],
                [0.934294, 0.0, -0.356503, 0.0, 0.0, 1.0, 0.0, 0.05, 0.356503, 0.0, 0.934294, 0.0, 0.0, 0.0, 0.0, 1.0],
                [0.934294, 0.0, -0.356503, 0.0, 0.0, 1.0, 0.0, 0.05, 0.356503, 0.0, 0.934294, 0.0, 0.0, 0.0, 0.0, 1.0],
                [0.934294, 0.0, -0.356503, 0.0, 0.0, 1.0, 0.0, 0.05, 0.356503, 0.0, 0.934294, 0.0, 0.0, 0.0, 0.0, 1.0]
            ]
        },
        {
            "name": "Chest",
            "time": [0.0, 0.0167, 0.0333, 0.05, 0.0667, 0.0833, 0.1, 0.1167, 0.1333, 0.15, 0.1667, 0.1833, 0.2, 0.2167, 0.2333, 0.25, 0.2667, 0.2833, 0.3, 0.3167, 0.3333, 0.35, 0.3667, 0.3833, 0.4, 0.4167, 0.4333, 0.45, 0.4667, 0.4833, 0.5, 0.5167, 0.5333, 0.55, 0.5667, 0.5833],
            "transform": [
                [0.975007, 0.0, 0.222175, 0.0, 0.0, 1.0, 0.0, 0.3, -0.222175, 0.0, 0.975007, 0.0, 0.0, 0.0, 0.0, 1.0],
                [0.955953, 0.0, 0.29352, -0.0, 0.0, 1.0, 0.0, 0.3, -0.29352, 0.0, 0.955953, -0.0, 0.0, 0.0, 0.0, 1.0],
                [0.888431, 0.0, 0.459009, 0.0, 0.0, 1.0, 0.0, 0.3, -0.459009, 0.0, 0.888431, -0.0, 0.0, 0.0, 0.0, 1.0],
                [0.769637, 0.0, 0.638482, -0.0, 0.0, 1.0, 0.0, 0.3, -0.638482, 0.0, 0.769637, -0.0, 0.0, 0.0, 0.0, 1.0],
                [0.643681, 0.0, 0.765294, 0.0, 0.0, 1.0, 0.0, 0.3, -0.765294, 0.0, 0.643681, 0.0, 0.0, 0.0, 0.0, 1.0],
                [0.585452, 0.0, 0.810707, 0.0, 0.0, 1.0, 0.0, 0.3, -0.810707, 0.0, 0.585452, -0.0, 0.0, 0.0, 0.0, 1.0],
                [0.605824, 0.0, 0.795598, 0.0, 0.0, 1.0, 0.0, 0.3, -0.795598, 0.0, 0.605824, -0.0, 0.0, 0.0, 0.0, 1.0],
                [0.658446, 0.0, 0.752628, 0.0, 0.0, 1.0, 0.0, 0.3, -0.752628, 0.0, 0.658446, -0.0, 0.0, 0.0, 0.0, 1.0],
                [0.729546, 0.0, 0.683931, 0.0, 0.0, 1.0, 0.0, 0.3, -0.683931, 0.0, 0.729546, -0.0, 0.0, 0.0, 0.0, 1.0],
                [0.806302, 0.0, 0.591504, -0.0, 0.0, 1.0, 0.0, 0.3, -0.591504, 0.0, 0.806302, 0.0, 0.0, 0.0, 0.0, 1.0],
                [0.878494, 0.0, 0.477754, 0.0, 0.0, 1.0, 0.0, 0.3, -0.477754, 0.0, 0.878494, 0.0, 0.0, 0.0, 0.0, 1.0],
                [0.939916, 0.0, 0.341405, 0.0, 0.0, 1.0, 0.0, 0.3, -0.341405, 0.0, 0.939916, -0.0, 0.0, 0.0, 0.0, 1.0],
                [0.983018, 0.0, 0.183508, -0.0, 0.0, 1.0, 0.0, 0.3, -0.183508, 0.0, 0.983018, 0.0, 0.0, 0.0, 0.0, 1.0],
                [0.999913, 0.0, 0.013198, 0.0, 0.0, 1.0, 0.0, 0.3, -0.013198, 0.0, 0.999913, 0.0, 0.0, 0.0, 0.0, 1.0],
                [0.987588, 0.0, -0.157069, -0.0, 0.0, 1.0, 0.0, 0.3, 0.157069, 0.0, 0.987588, 0.0, 0.0, 0.0, 0.0, 1.0],
                [0.949291, 0.0, -0.314399, -0.0, 0.0, 1.0, 0.0, 0.3, 0.314399, 0.0, 0.949291, 0.0, 0.0, 0.0, 0.0, 1.0],
                [0.893724, 0.0, -0.448617, 0.0, 0.0, 1.0, 0.0, 0.3, 0.448617, 0.0, 0.893724, -0.0, 0.0, 0.0, 0.0, 1.0],
                [0.832528, 0.0, -0.553982, -0.0, 0.0, 1.0, 0.0, 0.3, 0.553982, 0.0, 0.832528, -0.0, 0.0, 0.0, 0.0, 1.0],
                [0.777531, 0.0, -0.628844, 0.0, 0.0, 1.0, 0.0, 0.3, 0.628844, 0.0, 0.777531, 0.0, 0.0, 0.0, 0.0, 1.0],
                [0.738952, 0.0, -0.673758, -0.0, 0.0, 1.0, 0.0, 0.3, 0.673758, 0.0, 0.738952, 0.0, 0.0, 0.0, 0.0, 1.0],
                [0.724729, 0.0, -0.689034, 0.0, 0.0, 1.0, 0.0, 0.3, 0.689034, 0.0, 0.724729, 0.0, 0.0, 0.0, 0.0, 1.0],
                [0.724729, 0.0, -0.689034, -0.0, 0.0, 1.0, 0.0, 0.3, 0.689034, 0.0, 0.724729, -0.0, 0.0, 0.0, 0.0, 1.0],
                [0.724729, 0.0, -0.689034, 0.0, 0.0, 1.0, 0.0, 0.3, 0.689034, 0.0, 0.724729, 0.0, 0.0, 0.0, 0.0, 1.0],
                [0.724729, 0.0, -0.689034, -0.0, 0.0, 1.0, 0.0, 0.3, 0.689034, 0.0, 0.724729, -0.0, 0.0, 0.0, 0.0, 1.0],
                [0.724729, 0.0, -0.689034, -0.0, 0.0, 1.0, 0.0, 0.3, 0.689034, 0.0, 0.724729, -0.0, 0.0, 0.0, 0.0, 1.0],
                [0.724729, 0.0, -0.689034, 0.0, 0.0, 1.0, 0.0, 0.3, 0.689034, 0.0, 0.724729, -0.0, 0.0, 0.0, 0.0, 1.0],
                [0.724729, 0.0, -0.689034, 0.0, 0.0, 1.0, 0.0, 0.3, 0.689034, 0.0, 0.724729, -0.0, 0.0, 0.0, 0.0, 1.0],
                [0.724729, 0.0, -0.689034, 0.0, 0.0, 1.0, 0.0, 0.3, 0.689034, 0.0, 0.724729, 0.0, 0.0, 0.0, 0.0, 1.0],
                [0.724729, 0.0, -0.689034, 0.0, 0.0, 1.0, 0.0, 0.3, 0.689034, 0.0, 0.724729, 0.0, 0.0, 0.0, 0.0, 1.0],
                [0.724729, 0.0, -0.689034, -0.0, 0.0, 1.0, 0.0, 0.3, 0.689034, 0.0, 0.724729, -0.0, 0.0, 0.0, 0.0, 1.0],
                [0.724729, 0.0, -0.689034, -0.0, 0.0, 1.0, 0.0, 0.3, 0.689034, 0.0, 0.724729, -0.0, 0.0, 0.0, 0.0, 1.0],
                [0.724729, 0.0, -0.689034, -0.0, 0.0, 1.0, 0.0, 0.3, 0.689034, 0.0, 0.724729, -0.0, 0.0, 0.0, 0.0, 1.0],
                [0.724729, 0.0, -0.689034, -0.0, 0.0, 1.0, 0.0, 0.3, 0.689034, 0.0, 0.724729, -0.0, 0.0, 0.0, 0.0, 1.0],
                [0.724729, 0.0, -0.689034, -0.0, 0.0, 1.0, 0.0, 0.3, 0.689034, 0.0, 0.724729, -0.0, 0.0, 0.0, 0.0, 1.0],
                [0.724729, 0.0, -0.689034, -0.0, 0.0, 1.0, 0.0, 0.3, 0.689034, 0.0, 0.724729, -0.0, 0.0, 0.0, 0.0, 1.0],
                [0.724729, 0.0, -0.689034, -0.0, 0.0, 1.0, 0.0, 0.3, 0.689034, 0.0, 0.724729, -0.0, 0.0, 0.0, 0.0, 1.0]
            ]
        },
        {
            "name": "Head",
            "time": [0.0, 0.0167, 0.0333, 0.05, 0.0667, 0.0833, 0.1, 0.1167, 0.1333, 0.15, 0.1667, 0.1833, 0.2, 0.2167, 0.2333, 0.25, 0.2667, 0.2833, 0.3, 0.3167, 0.3333, 0.35, 0.3667, 0.3833, 0.4, 0.4167, 0.4333, 0.45, 0.4667, 0.4833, 0.5, 0.5167, 0.5333, 0.55, 0.5667, 0.5833],
            "transform": [
                [1.0, 0.0, 0.0, 0.0, 0.0, 1.0, 0.0, 0.4, -0.0, 0.0, 1.0, 0.0, 0.0, 0.0, 0.0, 1.0],
                [0.999929, 0.0, -0.011966, -0.0, 0.0, 1.0, 0.0, 0.4, 0.011966, 0.0, 0.999928, 0.0, 0.0, 0.0, 0.0, 1.0],
                [0.999011, 0.0, -0.044464, -0.0, 0.0, 1.0, 0.0, 0.4, 0.044464, 0.0, 0.999011, 0.0, 0.0, 0.0, 0.0, 1.0],
                [0.995729, 0.0, -0.092328, -0.0, 0.0, 1.0, 0.0, 0.4, 0.092328, 0.0, 0.995729, 0.0, 0.0, 0.0, 0.0, 1.0],
                [0.988654, 0.0, -0.150212, 0.0, 0.0, 1.0, 0.0, 0.4, 0.150212, 0.0, 0.988654, 0.0, 0.0, 0.0, 0.0, 1.0],
                [0.977133, 0.0, -0.21263, -0.0, 0.0, 1.0, 0.0, 0.4, 0.21263, 0.0, 0.977133, -0.0, 0.0, 0.0, 0.0, 1.0],
                [0.961684, 0.0, -0.274161, -0.0, 0.0, 1.0, 0.0, 0.4, 0.274161, 0.0, 0.961684, -0.0, 0.0, 0.0, 0.0, 1.0],
                [0.944075, 0.0, -0.329731, -0.0, 0.0, 1.0, 0.0, 0.4, 0.329731, 0.0, 0.944075, -0.0, 0.0, 0.0, 0.0, 1.0],
                [0.927106, 0.0, -0.374799, 0.0, 0.0, 1.0, 0.0, 0.4, 0.374799, 0.0, 0.927106, -0.0, 0.0, 0.0, 0.0, 1.0],
                [0.914178, 0.0, -0.405313, 0.0, 0.0, 1.0, 0.0, 0.4, 0.405313, 0.0, 0.914178, -0.0, 0.0, 0.0, 0.0, 1.0],
                [0.908734, 0.0, -0.417376, -0.0, 0.0, 1.0, 0.0, 0.4, 0.417376, 0.0, 0.908734, -0.0, 0.0, 0.0, 0.0, 1.0],
                [0.919812, 0.0, -0.392361, 0.0, 0.0, 1.0, 0.0, 0.4, 0.392361, 0.0, 0.919812, -0.0, 0.0, 0.0, 0.0, 1.0],
                [0.947676, 0.0, -0.319234, -0.0, 0.0, 1.0, 0.0, 0.4, 0.319234, 0.0, 0.947676, 0.0, 0.0, 0.0, 0.0, 1.0],
                [0.978812, 0.0, -0.204762, 0.0, 0.0, 1.0, 0.0, 0.4, 0.204762, 0.0, 0.978812, 0.0, 0.0, 0.0, 0.0, 1.0],
                [0.998269, 0.0, -0.058821, 0.0, 0.0, 1.0, 0.0, 0.4, 0.058821, 0.0, 0.998269, 0.0, 0.0, 0.0, 0.0, 1.0],
                [0.994662, 0.0, 0.103191, -0.0, 0.0, 1.0, 0.0, 0.4, -0.103191, 0.0, 0.994662, -0.0, 0.0, 0.0, 0.0, 1.0],
                [0.965026, 0.0, 0.262155, -0.0, 0.0, 1.0, 0.0, 0.4, -0.262155, 0.0, 0.965026, 0.0, 0.0, 0.0, 0.0, 1.0],
