{
    "animation": [
        {
            "name": "Root",
            "time": [0.0, 0.0167, 0.0333, 0.05, 0.0667, 0.0833, 0.1, 0.1167, 0.1333, 0.15, 0.1667, 0.1833, 0.2, 0.2167, 0.2333, 0.25, 0.2667, 0.2833, 0.3, 0.3167, 0.3333, 0.35, 0.3667, 0.3833, 0.4, 0.4167, 0.4333, 0.45, 0.4667, 0.4833, 0.5, 0.5167, 0.5333, 0.55, 0.5667, 0.5833],
            "transform": [
                [1.0, 0.0, 0.0, -5e-06, 0.0, 0.0, -1.0, -0.062267, 0.0, 1.0, 0.0, 0.181256, 0.0, 0.0, 0.0, 1.0],
                [1.0, 0.0, 0.0, -5e-06, 0.0, 0.0, -1.0, -0.060875, 0.0, 1.0, 0.0, 0.197789, 0.0, 0.0, 0.0, 1.0],
                [1.0, 0.0, 0.0, -5e-06, 0.0, 0.0, -1.0, -0.05693, 0.0, 1.0, 0.0, 0.243243, 0.0, 0.0, 0.0, 1.0],
                [1.0, 0.0, 0.0, -5e-06, 0.0, 0.0, -1.0, -0.050779, 0.0, 1.0, 0.0, 0.311402, 0.0, 0.0, 0.0, 1.0],
                [1.0, 0.0, 0.0, -5e-06, 0.0, 0.0, -1.0, -0.042768, 0.0, 1.0, 0.0, 0.396048, 0.0, 0.0, 0.0, 1.0],
                [1.0, 0.0, 0.0, -5e-06, 0.0, 0.0, -1.0, -0.033243, 0.0, 1.0, 0.0, 0.490966, 0.0, 0.0, 0.0, 1.0],
                [1.0, 0.0, 0.0, -5e-06, 0.0, 0.0, -1.0, -0.022552, 0.0, 1.0, 0.0, 0.589939, 0.0, 0.0, 0.0, 1.0],
                [1.0, 0.0, 0.0, -5e-06, 0.0, 0.0, -1.0, -0.01104, 0.0, 1.0, 0.0, 0.686751, 0.0, 0.0, 0.0, 1.0],
                [1.0, 0.0, 0.0, -5e-06, 0.0, 0.0, -1.0, 0.000946, 0.0, 1.0, 0.0, 0.775184, 0.0, 0.0, 0.0, 1.0],
                [1.0, 0.0, 0.0, -5e-06, 0.0, 0.0, -1.0, 0.013766, 0.0, 1.0, 0.0, 0.851893, 0.0, 0.0, 0.0, 1.0],
                [1.0, 0.0, 0.0, -5e-06, 0.0, 0.0, -1.0, 0.0306, 0.0, 1.0, 0.0, 0.925009, 0.0, 0.0, 0.0, 1.0],
                [1.0, 0.0, 0.0, -5e-06, 0.0, 0.0, -1.0, 0.055337, 0.0, 1.0, 0.0, 1.005534, 0.0, 0.0, 0.0, 1.0],
                [1.0, 0.0, 0.0, -5e-06, 0.0, 0.0, -1.0, 0.091865, 0.0, 1.0, 0.0, 1.10447, 0.0, 0.0, 0.0, 1.0],
                [1.0, 0.0, 0.0, -5e-06, 0.0, 0.0, -1.0, 0.14407, 0.0, 1.0, 0.0, 1.23282, 0.0, 0.0, 0.0, 1.0],
                [1.0, 0.0, 0.0, -5e-06, 0.0, 0.0, -1.0, 0.215841, 0.0, 1.0, 0.0, 1.401585, 0.0, 0.0, 0.0, 1.0],
                [0.997275, 0.0, -0.073778, -0.024451, -0.073778, 0.0, -0.997275, 0.309263, 0.0, 1.0, 0.0, 1.613938, 0.0, 0.0, 0.0, 1.0],
                [0.963827, 0.0, -0.266527, -0.082746, -0.266527, 0.0, -0.963827, 0.419218, 0.0, 1.0, 0.0, 1.84173, 0.0, 0.0, 0.0, 1.0],
                [0.851744, 0.0, -0.523959, -0.152323, -0.523959, 0.0, -0.851744, 0.538785, 0.0, 1.0, 0.0, 2.048983, 0.0, 0.0, 0.0, 1.0],
                [0.632281, 0.0, -0.774739, -0.210618, -0.774739, 0.0, -0.632281, 0.661045, 0.0, 1.0, 0.0, 2.199718, 0.0, 0.0, 0.0, 1.0],
                [0.314189, 0.0, -0.949361, -0.235064, -0.949361, 0.0, -0.314189, 0.779078, 0.0, 1.0, 0.0, 2.257959, 0.0, 0.0, 0.0, 1.0],
                [-0.067157, 0.0, -0.997742, -0.219174, -0.997742, 0.0, 0.067157, 0.885678, 0.0, 1.0, 0.0, 2.257959, 0.0, 0.0, 0.0, 1.0],
                [-0.42326, 0.0, -0.906008, -0.184217, -0.906008, 0.0, 0.42326, 0.972503, 0.0, 1.0, 0.0, 2.257959, 0.0, 0.0, 0.0, 1.0],
                [-0.656054, 0.0, -0.754714, -0.149259, -0.754714, 0.0, 0.656054, 1.030925, 0.0, 1.0, 0.0, 2.257959, 0.0, 0.0, 0.0, 1.0],
                [-0.734729, 0.0, -0.678362, -0.133369, -0.678362, 0.0, 0.734729, 1.052316, 0.0, 1.0, 0.0, 2.257959, 0.0, 0.0, 0.0, 1.0],
                [-0.734728, 0.0, -0.678362, -0.133369, -0.678362, 0.0, 0.734728, 1.052316, 0.0, 1.0, 0.0, 2.257959, 0.0, 0.0, 0.0, 1.0],
                [-0.734728, 0.0, -0.678362, -0.133369, -0.678362, 0.0, 0.734728, 1.052316, 0.0, 1.0, 0.0, 2.257959, 0.0, 0.0, 0.0, 1.0],
                [-0.734728, 0.0, -0.678362, -0.133369, -0.678362, 0.0, 0.734728, 1.052316, 0.0, 1.0, 0.0, 2.257959, 0.0, 0.0, 0.0, 1.0],
                [-0.734728, 0.0, -0.678362, -0.133369, -0.678362, 0.0, 0.734728, 1.052316, 0.0, 1.0, 0.0, 2.257959, 0.0, 0.0, 0.0, 1.0],
                [-0.734728, 0.0, -0.678362, -0.133369, -0.678362, 0.0, 0.734728, 1.052316, 0.0, 1.0, 0.0, 2.257959, 0.0, 0.0, 0.0, 1.0],
                [-0.734728, 0.0, -0.678362, -0.133369, -0.678362, 0.0, 0.734728, 1.052316, 0.0, 1.0, 0.0, 2.257959, 0.0, 0.0, 0.0, 1.0],
                [-0.734728, 0.0, -0.678362, -0.133369, -0.678362, 0.0, 0.734728, 1.052316, 0.0, 1.0, 0.0, 2.257959, 0.0, 0.0, 0.0, 1.0],
                [-0.734728, 0.0, -0.678362, -0.133369, -0.678362, 0.0, 0.734728, 1.052316, 0.0, 1.0, 0.0, 2.257959, 0.0, 0.0, 0.0, 1.0],
                [-0.734728, 0.0, -0.678362, -0.133369, -0.678362, 0.0, 0.734728, 1.052316, 0.0, 1.0, 0.0, 2.257959, 0.0, 0.0, 0.0, 1.0],
                [-0.734728, 0.0, -0.678362, -0.133369, -0.678362, 0.0, 0.734728, 1.052316, 0.0, 1.0, 0.0, 2.257959, 0.0, 0.0, 0.0, 1.0],
                [-0.734728, 0.0, -0.678362, -0.133369, -0.678362, 0.0, 0.734728, 1.052316, 0.0, 1.0, 0.0, 2.257959, 0.0, 0.0, 0.0, 1.0],
                [-0.734728, 0.0, -0.678362, -0.133369, -0.678362, 0.0, 0.734728, 1.052316, 0.0, 1.0, 0.0, 2.257959, 0.0, 0.0, 0.0, 1.0]
            ]
        },
        {
            "name": "Thigh_R",
            "time": [0.0, 0.0167, 0.0333, 0.05, 0.0667, 0.0833, 0.1, 0.1167, 0.1333, 0.15, 0.1667, 0.1833, 0.2, 0.2167, 0.2333, 0.25, 0.2667, 0.2833, 0.3, 0.3167, 0.3333, 0.35, 0.3667, 0.3833, 0.4, 0.4167, 0.4333, 0.45, 0.4667, 0.4833, 0.5, 0.5167, 0.5333, 0.55, 0.5667, 0.5833],
            "transform": [
                [0.998811, -0.004634, 0.04852, 0.124994, -0.044955, -0.47226, 0.880313, -0.002831, 0.018835, -0.881448, -0.471906, -1.2e-05, 0.0, 0.0, 0.0, 1.0],
                [0.99884, -0.005228, 0.047872, 0.124994, -0.044406, -0.484592, 0.873613, -0.002831, 0.018631, -0.874725, -0.484262, -1.2e-05, 0.0, 0.0, 0.0, 1.0],
                [0.998914, -0.006784, 0.046102, 0.124994, -0.042947, -0.51793, 0.854345, -0.002831, 0.018082, -0.855396, -0.517659, -1.2e-05, 0.0, 0.0, 0.0, 1.0],
                [0.999014, -0.008947, 0.043492, 0.124994, -0.040897, -0.566882, 0.822784, -0.002831, 0.017293, -0.823751, -0.566689, -1.2e-05, 0.0, 0.0, 0.0, 1.0],
                [0.999122, -0.01138, 0.040318, 0.124994, -0.038563, -0.625889, 0.778959, -0.002831, 0.01637, -0.77983, -0.625778, -1.2e-05, 0.0, 0.0, 0.0, 1.0],
                [0.999227, -0.01381, 0.036819, 0.124994, -0.036185, -0.689488, 0.723393, -0.002831, 0.015396, -0.724166, -0.689454, -1.2e-05, 0.0, 0.0, 0.0, 1.0],
                [0.99932, -0.016013, 0.033213, 0.124994, -0.033931, -0.751888, 0.658418, -0.002831, 0.014429, -0.659097, -0.751919, -1.2e-05, 0.0, 0.0, 0.0, 1.0],
                [0.9994, -0.017796, 0.029729, 0.124994, -0.031908, -0.807164, 0.589465, -0.002831, 0.013505, -0.590059, -0.807247, -1.2e-05, 0.0, 0.0, 0.0, 1.0],
                [0.999464, -0.018995, 0.026641, 0.124994, -0.030176, -0.849847, 0.526165, -0.002831, 0.012646, -0.526687, -0.849965, -1.2e-05, 0.0, 0.0, 0.0, 1.0],
                [0.999518, -0.019622, 0.024049, 0.124994, -0.028717, -0.878624, 0.476651, -0.002831, 0.011777, -0.477112, -0.878764, -1.2e-05, 0.0, 0.0, 0.0, 1.0],
                [0.999562, -0.020057, 0.021739, 0.124994, -0.027481, -0.901573, 0.431754, -0.002831, 0.010939, -0.432162, -0.90173, -1.2e-05, 0.0, 0.0, 0.0, 1.0],
                [0.999598, -0.020623, 0.019457, 0.124994, -0.026431, -0.926171, 0.376178, -0.002831, 0.010263, -0.376541, -0.926343, -1.2e-05, 0.0, 0.0, 0.0, 1.0],
                [0.999627, -0.021424, 0.016945, 0.124994, -0.02549, -0.954601, 0.296797, -0.002831, 0.009817, -0.297118, -0.95479, -1.2e-05, 0.0, 0.0, 0.0, 1.0],
                [0.999652, -0.022397, 0.013947, 0.124994, -0.024555, -0.98313, 0.181254, -0.002831, 0.009652, -0.181533, -0.983338, -1.2e-05, 0.0, 0.0, 0.0, 1.0],
                [0.999676, -0.023364, 0.010127, 0.124994, -0.023484, -0.999653, 0.011993, -0.002831, 0.009843, -0.012227, -0.999877, -1.2e-05, 0.0, 0.0, 0.0, 1.0],
                [0.999038, -0.030304, 0.031684, 0.124994, -0.025074, -0.987739, -0.15409, -0.002831, 0.035965, 0.153148, -0.987549, -1.2e-05, 0.0, 0.0, 0.0, 1.0],
                [0.994684, -0.03518, 0.096781, 0.124994, -0.013033, -0.975285, -0.220568, -0.002831, 0.102148, 0.218134, -0.970559, -1.2e-05, 0.0, 0.0, 0.0, 1.0],
                [0.988047, -0.028135, 0.151565, 0.124994, 0.002106, -0.980649, -0.195766, -0.002831, 0.154139, 0.193745, -0.968867, -1.2e-05, 0.0, 0.0, 0.0, 1.0],
                [0.992407, -0.016071, 0.121939, 0.124994, -0.001522, -0.992956, -0.11848, -0.002831, 0.122984, 0.117395, -0.98544, -1.2e-05, 0.0, 0.0, 0.0, 1.0],
                [0.999676, -0.023364, 0.010127, 0.124994, -0.023485, -0.999653, 0.011993, -0.002831, 0.009843, -0.012227, -0.999877, -1.2e-05, 0.0, 0.0, 0.0, 1.0],
                [0.995879, -0.062019, -0.066168, 0.124994, -0.05486, -0.992957, 0.105018, -0.002831, -0.072215, -0.100955, -0.992266, -1.2e-05, 0.0, 0.0, 0.0, 1.0],
                [0.996802, -0.068656, -0.040906, 0.124994, -0.064767, -0.99385, 0.089824, -0.002831, -0.046822, -0.086887, -0.995117, -1.2e-05, 0.0, 0.0, 0.0, 1.0],
                [0.999145, -0.041335, -0.000663, 0.124994, -0.041282, -0.998449, 0.037363, -0.002831, -0.002206, -0.037304, -0.999301, -1.2e-05, 0.0, 0.0, 0.0, 1.0],
                [0.999676, -0.023363, 0.010127, 0.124994, -0.023484, -0.999653, 0.011994, -0.00283, 0.009843, -0.012228, -0.999877, -1.2e-05, 0.0, 0.0, 0.0, 1.0],
                [0.999676, -0.023363, 0.010127, 0.124994, -0.023484, -0.999653, 0.011994, -0.002831, 0.009843, -0.012228, -0.999877, -1.2e-05, 0.0, 0.0, 0.0, 1.0],
                [0.999676, -0.023363, 0.010127, 0.124994, -0.023484, -0.999653, 0.011994, -0.002831, 0.009843, -0.012228, -0.999877, -1.2e-05, 0.0, 0.0, 0.0, 1.0],
                [0.999676, -0.023363, 0.010127, 0.124994, -0.023484, -0.999653, 0.011994, -0.002831, 0.009843, -0.012228, -0.999877, -1.2e-05, 0.0, 0.0, 0.0, 1.0],
                [0.999676, -0.023363, 0.010127, 0.124994, -0.023484, -0.999653, 0.011994, -0.002831, 0.009843, -0.012228, -0.999877, -1.2e-05, 0.0, 0.0, 0.0, 1.0],
                [0.999676, -0.023363, 0.010127, 0.124994, -0.023484, -0.999653, 0.011994, -0.002831, 0.009843, -0.012228, -0.999877, -1.2e-05, 0.0, 0.0, 0.0, 1.0],
                [0.999676, -0.023363, 0.010127, 0.124994, -0.023484, -0.999653, 0.011994, -0.002831, 0.009843, -0.012228, -0.999877, -1.2e-05, 0.0, 0.0, 0.0, 1.0],
                [0.999676, -0.023363, 0.010127, 0.124994, -0.023484, -0.999653, 0.011994, -0.002831, 0.009843, -0.012228, -0.999877, -1.2e-05, 0.0, 0.0, 0.0, 1.0],
                [0.999676, -0.023363, 0.010127, 0.124994, -0.023484, -0.999653, 0.011994, -0.002831, 0.009843, -0.012228, -0.999877, -1.2e-05, 0.0, 0.0, 0.0, 1.0],
                [0.999676, -0.023363, 0.010127, 0.124994, -0.023484, -0.999653, 0.011994, -0.002831, 0.009843, -0.012228, -0.999877, -1.2e-05, 0.0, 0.0, 0.0, 1.0],
                [0.999676, -0.023363, 0.010127, 0.124994, -0.023484, -0.999653, 0.011994, -0.002831, 0.009843, -0.012228, -0.999877, -1.2e-05, 0.0, 0.0, 0.0, 1.0],
                [0.999676, -0.023363, 0.010127, 0.124994, -0.023484, -0.999653, 0.011994, -0.002831, 0.009843, -0.012228, -0.999877, -1.2e-05, 0.0, 0.0, 0.0, 1.0],
                [0.999676, -0.023363, 0.010127, 0.124994, -0.023484, -0.999653, 0.011994, -0.002831, 0.009843, -0.012228, -0.999877, -1.2e-05, 0.0, 0.0, 0.0, 1.0]
            ]
        },
        {
            "name": "Leg_R",
            "time": [0.0, 0.0167, 0.0333, 0.05, 0.0667, 0.0833, 0.1, 0.1167, 0.1333, 0.15, 0.1667, 0.1833, 0.2, 0.2167, 0.2333, 0.25, 0.2667, 0.2833, 0.3, 0.3167, 0.3333, 0.35, 0.3667, 0.3833, 0.4, 0.4167, 0.4333, 0.45, 0.4667, 0.4833, 0.5, 0.5167, 0.5333, 0.55, 0.5667, 0.5833],
            "transform": [
                [1.0, 1.8e-05, 1.1e-05, -0.0, -1.9e-05, 0.510251, 0.860025, 0.374726, 1e-05, -0.860025, 0.510252, -0.0, 0.0, 0.0, 0.0, 1.0],
                [1.0, 1.8e-05, 1.1e-05, 0.0, -1.8e-05, 0.524534, 0.851389, 0.374726, 1e-05, -0.851389, 0.524534, -0.0, 0.0, 0.0, 0.0, 1.0],
                [1.0, 1.8e-05, 1e-05, 0.0, -1.8e-05, 0.562062, 0.827095, 0.374726, 9e-06, -0.827094, 0.562063, -0.0, 0.0, 0.0, 0.0, 1.0],
                [1.0, 1.6e-05, 9e-06, -0.0, -1.7e-05, 0.615656, 0.788016, 0.374726, 8e-06, -0.788015, 0.615656, 0.0, 0.0, 0.0, 0.0, 1.0],
                [1.0, 1.6e-05, 8e-06, 0.0, -1.6e-05, 0.678144, 0.734929, 0.374726, 6e-06, -0.734929, 0.678144, 0.0, 0.0, 0.0, 0.0, 1.0],
                [1.0, 1.4e-05, 6e-06, 0.0, -1.4e-05, 0.742462, 0.669888, 0.374726, 5e-06, -0.669888, 0.742462, 0.0, 0.0, 0.0, 0.0, 1.0],
                [1.0, 1.2e-05, 5e-06, -0.0, -1.3e-05, 0.800815, 0.598911, 0.374726, 4e-06, -0.598912, 0.800815, -0.0, 0.0, 0.0, 0.0, 1.0],
                [1.0, 1.1e-05, 4e-06, -0.0, -1.1e-05, 0.845129, 0.534561, 0.374726, 3e-06, -0.534562, 0.84513, -0.0, 0.0, 0.0, 0.0, 1.0],
                [1.0, 1e-05, 4e-06, -0.0, -1.1e-05, 0.867364, 0.497674, 0.374726, 2e-06, -0.497674, 0.867365, 0.0, 0.0, 0.0, 0.0, 1.0],
                [1.0, 1e-05, 4e-06, 0.0, -1.1e-05, 0.861866, 0.507135, 0.374726, 2e-06, -0.507135, 0.861866, 0.0, 0.0, 0.0, 0.0, 1.0],
                [1.0, 1.1e-05, 4e-06, -0.0, -1.2e-05, 0.837842, 0.545912, 0.374726, 3e-06, -0.545912, 0.837842, -0.0, 0.0, 0.0, 0.0, 1.0],
                [1.0, 1.2e-05, 5e-06, 0.0, -1.3e-05, 0.811191, 0.584781, 0.374726, 3e-06, -0.584781, 0.811191, -0.0, 0.0, 0.0, 0.0, 1.0],
                [1.0, 1.3e-05, 5e-06, 0.0, -1.3e-05, 0.798359, 0.602181, 0.374726, 4e-06, -0.602181, 0.798359, -0.0, 0.0, 0.0, 0.0, 1.0],
                [1.0, 1.2e-05, 5e-06, -0.0, -1.3e-05, 0.815879, 0.578222, 0.374726, 3e-06, -0.578222, 0.815879, -0.0, 0.0, 0.0, 0.0, 1.0],
                [1.0, 1e-05, 3e-06, 0.0, -1e-05, 0.879518, 0.475866, 0.374726, 2e-06, -0.475865, 0.879518, -0.0, 0.0, 0.0, 0.0, 1.0],
                [1.0, 6e-06, 2e-06, 0.0, -7e-06, 0.95263, 0.304132, 0.374726, 0.0, -0.304132, 0.95263, -0.0, 0.0, 0.0, 0.0, 1.0],
                [1.0, 5e-06, 1e-06, 0.0, -5e-06, 0.97718, 0.212409, 0.374726, -0.0, -0.212409, 0.977181, 0.0, 0.0, 0.0, 0.0, 1.0],
                [1.0, 5e-06, 1e-06, -0.0, -5e-06, 0.968974, 0.24716, 0.374726, -0.0, -0.24716, 0.968974, 0.0, 0.0, 0.0, 0.0, 1.0],
                [1.0, 7e-06, 2e-06, 0.0, -8e-06, 0.938468, 0.345365, 0.374726, 1e-06, -0.345365, 0.938468, -0.0, 0.0, 0.0, 0.0, 1.0],
                [1.0, 1e-05, 3e-06, 0.0, -1e-05, 0.879518, 0.475864, 0.374726, 2e-06, -0.475865, 0.879518, -0.0, 0.0, 0.0, 0.0, 1.0],
                [1.0, 1.1e-05, 4e-06, -0.0, -1.2e-05, 0.840662, 0.541559, 0.374726, 3e-06, -0.54156, 0.840662, -0.0, 0.0, 0.0, 0.0, 1.0],
                [1.0, 1.1e-05, 4e-06, 0.0, -1.2e-05, 0.848384, 0.52938, 0.374726, 3e-06, -0.529381, 0.848384, -0.0, 0.0, 0.0, 0.0, 1.0],
                [1.0, 1e-05, 3e-06, 0.0, -1.1e-05, 0.868988, 0.494832, 0.374726, 2e-06, -0.494832, 0.868989, -0.0, 0.0, 0.0, 0.0, 1.0],
                [1.0, 1e-05, 3e-06, -0.0, -1e-05, 0.879517, 0.475866, 0.374726, 2e-06, -0.475867, 0.879517, -0.0, 0.0, 0.0, 0.0, 1.0],
                [1.0, 1e-05, 3e-06, -0.0, -1e-05, 0.879517, 0.475867, 0.374726, 2e-06, -0.475867, 0.879517, -0.0, 0.0, 0.0, 0.0, 1.0],
                [1.0, 1e-05, 3e-06, -0.0, -1e-05, 0.879517, 0.475867, 0.374726, 2e-06, -0.475867, 0.879517, -0.0, 0.0, 0.0, 0.0, 1.0],
                [1.0, 1e-05, 3e-06, -0.0, -1e-05, 0.879517, 0.475867, 0.374726, 2e-06, -0.475867, 0.879517, -0.0, 0.0, 0.0, 0.0, 1.0],
                [1.0, 1e-05, 3e-06, -0.0, -1e-05, 0.879517, 0.475867, 0.374726, 2e-06, -0.475867, 0.879517, -0.0, 0.0, 0.0, 0.0, 1.0],
                [1.0, 1e-05, 3e-06, -0.0, -1e-05, 0.879517, 0.475867, 0.374726, 2e-06, -0.475867, 0.879517, -0.0, 0.0, 0.0, 0.0, 1.0],
                [1.0, 1e-05, 3e-06, -0.0, -1e-05, 0.879517, 0.475867, 0.374726, 2e-06, -0.475867, 0.879517, -0.0, 0.0, 0.0, 0.0, 1.0],
                [1.0, 1e-05, 3e-06, -0.0, -1e-05, 0.879517, 0.475867, 0.374726, 2e-06, -0.475867, 0.879517, -0.0, 0.0, 0.0, 0.0, 1.0],
                [1.0, 1e-05, 3e-06, -0.0, -1e-05, 0.879517, 0.475867, 0.374726, 2e-06, -0.475867, 0.879517, -0.0, 0.0, 0.0, 0.0, 1.0],
                [1.0, 1e-05, 3e-06, -0.0, -1e-05, 0.879517, 0.475867, 0.374726, 2e-06, -0.475867, 0.879517, -0.0, 0.0, 0.0, 0.0, 1.0],
                [1.0, 1e-05, 3e-06, -0.0, -1e-05, 0.879517, 0.475867, 0.374726, 2e-06, -0.475867, 0.879517, -0.0, 0.0, 0.0, 0.0, 1.0],
                [1.0, 1e-05, 3e-06, -0.0, -1e-05, 0.879517, 0.475867, 0.374726, 2e-06, -0.475867, 0.879517, -0.0, 0.0, 0.0, 0.0, 1.0],
                [1.0, 1e-05, 3e-06, -0.0, -1e-05, 0.879517, 0.475867, 0.374726, 2e-06, -0.475867, 0.879517, -0.0, 0.0, 0.0, 0.0, 1.0]
            ]
        },
        {
            "name": "Knee_R",
            "time": [0.0, 0.5833],
            "transform": [
                [1.0, 0.0, -0.0, 0.0, -0.0, 0.00567, -0.999984, 0.427287, -0.0, 0.999984, 0.00567, -0.000298, 0.0, 0.0, 0.0, 1.0],
                [1.0, 0.0, -0.0, -0.0, -0.0, 0.00567, -0.999984, 0.374726, -0.0, 0.999984, 0.00567, -0.0, 0.0, 0.0, 0.0, 1.0]
            ]
        },
        {
            "name": "Thigh_L",
            "time": [0.0, 0.0167, 0.0333, 0.05, 0.0667, 0.0833, 0.1, 0.1167, 0.1333, 0.15, 0.1667, 0.1833, 0.2, 0.2167, 0.2333, 0.25, 0.2667, 0.2833, 0.3, 0.3167, 0.3333, 0.35, 0.3667, 0.3833, 0.4, 0.4167, 0.4333, 0.45, 0.4667, 0.4833, 0.5, 0.5167, 0.5333, 0.55, 0.5667, 0.5833],
            "transform": [
                [1.0, -9e-06, 2e-06, -0.125006, -9e-06, -0.987188, -0.159562, -0.002831, 4e-06, 0.159562, -0.987188, -1.2e-05, 0.0, 0.0, 0.0, 1.0],
                [1.0, -9e-06, 2e-06, -0.125006, -9e-06, -0.98546, -0.169911, -0.002831, 4e-06, 0.169911, -0.985459, -1.2e-05, 0.0, 0.0, 0.0, 1.0],
                [1.0, -8e-06, 2e-06, -0.125006, -8e-06, -0.980576, -0.196142, -0.002831, 3e-06, 0.196142, -0.980576, -1.2e-05, 0.0, 0.0, 0.0, 1.0],
                [1.0, -7e-06, 1e-06, -0.125006, -6e-06, -0.97233, -0.233612, -0.002831, 3e-06, 0.233612, -0.97233, -1.2e-05, 0.0, 0.0, 0.0, 1.0],
                [1.0, -5e-06, 1e-06, -0.125006, -5e-06, -0.960877, -0.276976, -0.002831, 2e-06, 0.276976, -0.960877, -1.2e-05, 0.0, 0.0, 0.0, 1.0],
                [1.0, -3e-06, 0.0, -0.125006, -3e-06, -0.951081, -0.308943, -0.002831, 1e-06, 0.308943, -0.951081, -1.2e-05, 0.0, 0.0, 0.0, 1.0],
                [1.0, -3e-06, 0.0, -0.125006, -3e-06, -0.964136, -0.26541, -0.002831, 1e-06, 0.26541, -0.964136, -1.2e-05, 0.0, 0.0, 0.0, 1.0],
                [1.0, -5e-06, 1e-06, -0.125006, -5e-06, -0.994481, -0.104925, -0.002831, 1e-06, 0.104925, -0.99448, -1.2e-05, 0.0, 0.0, 0.0, 1.0],
                [1.0, -8e-06, 2e-06, -0.125006, -8e-06, -0.992849, 0.119382, -0.002831, 1e-06, -0.119381, -0.992849, -1.2e-05, 0.0, 0.0, 0.0, 1.0],
                [1.0, -1.1e-05, 3e-06, -0.125006, -1.2e-05, -0.92752, 0.373774, -0.002831, -1e-06, -0.373774, -0.92752, -1.2e-05, 0.0, 0.0, 0.0, 1.0],
                [1.0, -1.4e-05, 5e-06, -0.125006, -1.4e-05, -0.786628, 0.617427, -0.002831, -4e-06, -0.617427, -0.786628, -1.2e-05, 0.0, 0.0, 0.0, 1.0],
                [1.0, -1.5e-05, 7e-06, -0.125006, -1.4e-05, -0.577527, 0.816372, -0.002831, -9e-06, -0.816372, -0.577527, -1.2e-05, 0.0, 0.0, 0.0, 1.0],
                [1.0, -1.6e-05, 8e-06, -0.125006, -1.3e-05, -0.331706, 0.943383, -0.002831, -1.3e-05, -0.943383, -0.331706, -1.2e-05, 0.0, 0.0, 0.0, 1.0],
                [1.0, -1.6e-05, 9e-06, -0.125006, -1e-05, -0.106794, 0.994282, -0.002831, -1.5e-05, -0.994282, -0.106794, -1.2e-05, 0.0, 0.0, 0.0, 1.0],
                [1.0, -1.6e-05, 8e-06, -0.125006, -7e-06, 0.043872, 0.999037, -0.002831, -1.7e-05, -0.999038, 0.043871, -1.2e-05, 0.0, 0.0, 0.0, 1.0],
                [0.996046, 0.074829, 0.047891, -0.125006, -0.055569, 0.104142, 0.993009, -0.002831, 0.069318, -0.991744, 0.107888, -1.2e-05, 0.0, 0.0, 0.0, 1.0],
                [0.912078, 0.326205, 0.248404, -0.125006, -0.28514, 0.069283, 0.955979, -0.002831, 0.294634, -0.942757, 0.156205, -1.2e-05, 0.0, 0.0, 0.0, 1.0],
                [0.822236, 0.445485, 0.35422, -0.125006, -0.397018, 0.003001, 0.917806, -0.002831, 0.407805, -0.895285, 0.179333, -1.2e-05, 0.0, 0.0, 0.0, 1.0],
                [0.905929, 0.326682, 0.26939, -0.125006, -0.290689, 0.01723, 0.956663, -0.002831, 0.307883, -0.944977, 0.110573, -1.2e-05, 0.0, 0.0, 0.0, 1.0],
                [1.0, -1.6e-05, 8e-06, -0.125006, -8e-06, 0.04387, 0.999038, -0.002831, -1.7e-05, -0.999037, 0.04387, -1.2e-05, 0.0, 0.0, 0.0, 1.0],
                [0.945005, -0.247643, -0.213631, -0.125006, 0.22002, -0.001919, 0.975494, -0.002831, -0.241985, -0.968849, 0.052672, -1.2e-05, 0.0, 0.0, 0.0, 1.0],
                [0.966139, -0.184656, -0.180217, -0.125006, 0.184772, 0.00762, 0.982752, -0.002831, -0.180098, -0.982774, 0.041481, -1.2e-05, 0.0, 0.0, 0.0, 1.0],
                [0.9978, -0.041491, -0.051706, -0.125006, 0.053273, 0.037582, 0.997873, -0.002831, -0.03946, -0.998432, 0.039709, -1.2e-05, 0.0, 0.0, 0.0, 1.0],
                [1.0, -1.8e-05, 9e-06, -0.125006, -8e-06, 0.043871, 0.999037, -0.00283, -1.8e-05, -0.999037, 0.04387, -1.2e-05, 0.0, 0.0, 0.0, 1.0],
                [1.0, -1.6e-05, 8e-06, -0.125006, -7e-06, 0.04387, 0.999037, -0.002831, -1.6e-05, -0.999037, 0.04387, -1.2e-05, 0.0, 0.0, 0.0, 1.0],
                [1.0, -1.6e-05, 8e-06, -0.125006, -7e-06, 0.04387, 0.999037, -0.002831, -1.6e-05, -0.999037, 0.04387, -1.2e-05, 0.0, 0.0, 0.0, 1.0],
                [1.0, -1.6e-05, 8e-06, -0.125006, -7e-06, 0.04387, 0.999037, -0.002831, -1.6e-05, -0.999037, 0.04387, -1.2e-05, 0.0, 0.0, 0.0, 1.0],
                [1.0, -1.6e-05, 8e-06, -0.125006, -7e-06, 0.04387, 0.999037, -0.002831, -1.6e-05, -0.999037, 0.04387, -1.2e-05, 0.0, 0.0, 0.0, 1.0],
                [1.0, -1.6e-05, 8e-06, -0.125006, -7e-06, 0.04387, 0.999037, -0.002831, -1.6e-05, -0.999037, 0.04387, -1.2e-05, 0.0, 0.0, 0.0, 1.0],
                [1.0, -1.6e-05, 8e-06, -0.125006, -7e-06, 0.04387, 0.999037, -0.002831, -1.6e-05, -0.999037, 0.04387, -1.2e-05, 0.0, 0.0, 0.0, 1.0],
                [1.0, -1.6e-05, 8e-06, -0.125006, -7e-06, 0.04387, 0.999037, -0.002831, -1.6e-05, -0.999037, 0.04387, -1.2e-05, 0.0, 0.0, 0.0, 1.0],
                [1.0, -1.6e-05, 8e-06, -0.125006, -7e-06, 0.04387, 0.999037, -0.002831, -1.6e-05, -0.999037, 0.04387, -1.2e-05, 0.0, 0.0, 0.0, 1.0],
                [1.0, -1.6e-05, 8e-06, -0.125006, -7e-06, 0.04387, 0.999037, -0.002831, -1.6e-05, -0.999037, 0.04387, -1.2e-05, 0.0, 0.0, 0.0, 1.0],
                [1.0, -1.6e-05, 8e-06, -0.125006, -7e-06, 0.04387, 0.999037, -0.002831, -1.6e-05, -0.999037, 0.04387, -1.2e-05, 0.0, 0.0, 0.0, 1.0],
                [1.0, -1.6e-05, 8e-06, -0.125006, -7e-06, 0.04387, 0.999037, -0.002831, -1.6e-05, -0.999037, 0.04387, -1.2e-05, 0.0, 0.0, 0.0, 1.0],
                [1.0, -1.6e-05, 8e-06, -0.125006, -7e-06, 0.04387, 0.999037, -0.002831, -1.6e-05, -0.999037, 0.04387, -1.2e-05, 0.0, 0.0, 0.0, 1.0]
            ]
        },
        {
            "name": "Leg_L",
            "time": [0.0, 0.0167, 0.0333, 0.05, 0.0667, 0.0833, 0.1, 0.1167, 0.1333, 0.15, 0.1667, 0.1833, 0.2, 0.2167, 0.2333, 0.25, 0.2667, 0.2833, 0.3, 0.3167, 0.3333, 0.35, 0.3667, 0.3833, 0.4, 0.4167, 0.4333, 0.45, 0.4667, 0.4833, 0.5, 0.5167, 0.5333, 0.55, 0.5667, 0.5833],
            "transform": [
                [1.0, 1.7e-05, 9e-06, 0.0, -1.7e-05, 0.605237, 0.796045, 0.374726, 8e-06, -0.796045, 0.605237, 0.0, 0.0, 0.0, 0.0, 1.0],
                [1.0, 1.6e-05, 8e-06, 0.0, -1.7e-05, 0.634504, 0.77292, 0.374726, 7e-06, -0.77292, 0.634504, -0.0, 0.0, 0.0, 0.0, 1.0],
                [1.0, 1.5e-05, 7e-06, -0.0, -1.5e-05, 0.70704, 0.707173, 0.374726, 6e-06, -0.707173, 0.707041, 0.0, 0.0, 0.0, 0.0, 1.0],
                [1.0, 1.3e-05, 5e-06, -0.0, -1.3e-05, 0.800472, 0.599369, 0.374726, 4e-06, -0.59937, 0.800472, 0.0, 0.0, 0.0, 0.0, 1.0],
                [1.0, 1e-05, 3e-06, 0.0, -1e-05, 0.891179, 0.453652, 0.374726, 2e-06, -0.453652, 0.891179, -0.0, 0.0, 0.0, 0.0, 1.0],
                [1.0, 6e-06, 2e-06, 0.0, -7e-06, 0.952818, 0.303542, 0.374726, 0.0, -0.303542, 0.952818, -0.0, 0.0, 0.0, 0.0, 1.0],
                [1.0, 6e-06, 2e-06, 0.0, -6e-06, 0.958352, 0.285588, 0.374726, 0.0, -0.285588, 0.958353, -0.0, 0.0, 0.0, 0.0, 1.0],
                [1.0, 1e-05, 3e-06, 0.0, -1e-05, 0.883269, 0.468866, 0.374726, 2e-06, -0.468867, 0.883269, -0.0, 0.0, 0.0, 0.0, 1.0],
                [1.0, 1.5e-05, 7e-06, 0.0, -1.5e-05, 0.711619, 0.702565, 0.374726, 6e-06, -0.702566, 0.711619, -0.0, 0.0, 0.0, 0.0, 1.0],
                [1.0, 1.9e-05, 1.2e-05, 0.0, -1.9e-05, 0.455458, 0.890256, 0.374726, 1.1e-05, -0.890257, 0.455459, 0.0, 0.0, 0.0, 0.0, 1.0],
                [1.0, 2.1e-05, 1.8e-05, 0.0, -2.1e-05, 0.182966, 0.983119, 0.374726, 1.7e-05, -0.983119, 0.182966, 0.0, 0.0, 0.0, 0.0, 1.0],
                [1.0, 2.1e-05, 2.3e-05, -0.0, -2.2e-05, -0.041147, 0.999153, 0.374726, 2.2e-05, -0.999153, -0.041147, -0.0, 0.0, 0.0, 0.0, 1.0],
                [1.0, 2.1e-05, 2.5e-05, 0.0, -2.1e-05, -0.18024, 0.983622, 0.374726, 2.5e-05, -0.983623, -0.18024, -0.0, 0.0, 0.0, 0.0, 1.0],
                [1.0, 2e-05, 2.6e-05, -0.0, -2.1e-05, -0.227859, 0.973693, 0.374726, 2.6e-05, -0.973694, -0.227859, 0.0, 0.0, 0.0, 0.0, 1.0],
                [1.0, 2.1e-05, 2.6e-05, -0.0, -2.1e-05, -0.203703, 0.979032, 0.374726, 2.5e-05, -0.979033, -0.203703, -0.0, 0.0, 0.0, 0.0, 1.0],
                [1.0, 2.2e-05, 2.6e-05, 0.0, -2.2e-05, -0.165589, 0.986195, 0.374726, 2.6e-05, -0.986195, -0.165589, 0.0, 0.0, 0.0, 0.0, 1.0],
                [1.0, 2.3e-05, 2.7e-05, -0.0, -2.3e-05, -0.15244, 0.988313, 0.374726, 2.6e-05, -0.988313, -0.15244, 0.0, 0.0, 0.0, 0.0, 1.0],
                [1.0, 2.4e-05, 2.8e-05, -0.0, -2.4e-05, -0.147983, 0.98899, 0.374726, 2.8e-05, -0.98899, -0.147983, -0.0, 0.0, 0.0, 0.0, 1.0],
                [1.0, 2.1e-05, 2.5e-05, 0.0, -2.2e-05, -0.155403, 0.987851, 0.374726, 2.4e-05, -0.987851, -0.155403, 0.0, 0.0, 0.0, 0.0, 1.0],
                [1.0, 2.1e-05, 2.6e-05, -0.0, -2.1e-05, -0.203701, 0.979033, 0.374726, 2.5e-05, -0.979033, -0.203701, 0.0, 0.0, 0.0, 0.0, 1.0],
                [1.0, 2.2e-05, 3e-05, -0.0, -2.3e-05, -0.260506, 0.965472, 0.374726, 2.9e-05, -0.965472, -0.260506, 0.0, 0.0, 0.0, 0.0, 1.0],
                [1.0, 1.9e-05, 2.5e-05, -0.0, -1.9e-05, -0.260354, 0.965513, 0.374726, 2.4e-05, -0.965514, -0.260354, -0.0, 0.0, 0.0, 0.0, 1.0],
                [1.0, 1.6e-05, 2.1e-05, -0.0, -1.7e-05, -0.224968, 0.974366, 0.374726, 2.1e-05, -0.974366, -0.224968, -0.0, 0.0, 0.0, 0.0, 1.0],
                [1.0, 2.3e-05, 2.9e-05, -0.0, -2.3e-05, -0.203702, 0.979033, 0.374726, 2.8e-05, -0.979033, -0.203702, -0.0, 0.0, 0.0, 0.0, 1.0],
                [1.0, 2e-05, 2.5e-05, 0.0, -2.1e-05, -0.203701, 0.979033, 0.374726, 2.5e-05, -0.979033, -0.203701, 0.0, 0.0, 0.0, 0.0, 1.0],
                [1.0, 2e-05, 2.5e-05, 0.0, -2.1e-05, -0.203701, 0.979033, 0.374726, 2.5e-05, -0.979033, -0.203701, 0.0, 0.0, 0.0, 0.0, 1.0],
                [1.0, 2e-05, 2.5e-05, 0.0, -2.1e-05, -0.203701, 0.979033, 0.374726, 2.5e-05, -0.979033, -0.203701, 0.0, 0.0, 0.0, 0.0, 1.0],
                [1.0, 2e-05, 2.5e-05, 0.0, -2.1e-05, -0.203701, 0.979033, 0.374726, 2.5e-05, -0.979033, -0.203701, 0.0, 0.0, 0.0, 0.0, 1.0],
                [1.0, 2e-05, 2.5e-05, 0.0, -2.1e-05, -0.203701, 0.979033, 0.374726, 2.5e-05, -0.979033, -0.203701, 0.0, 0.0, 0.0, 0.0, 1.0],
                [1.0, 2e-05, 2.5e-05, 0.0, -2.1e-05, -0.203701, 0.979033, 0.374726, 2.5e-05, -0.979033, -0.203701, 0.0, 0.0, 0.0, 0.0, 1.0],
                [1.0, 2e-05, 2.5e-05, 0.0, -2.1e-05, -0.203701, 0.979033, 0.374726, 2.5e-05, -0.979033, -0.203701, 0.0, 0.0, 0.0, 0.0, 1.0],
                [1.0, 2e-05, 2.5e-05, 0.0, -2.1e-05, -0.203701, 0.979033, 0.374726, 2.5e-05, -0.979033, -0.203701, 0.0, 0.0, 0.0, 0.0, 1.0],
                [1.0, 2e-05, 2.5e-05, 0.0, -2.1e-05, -0.203701, 0.979033, 0.374726, 2.5e-05, -0.979033, -0.203701, 0.0, 0.0, 0.0, 0.0, 1.0],
                [1.0, 2e-05, 2.5e-05, 0.0, -2.1e-05, -0.203701, 0.979033, 0.374726, 2.5e-05, -0.979033, -0.203701, 0.0, 0.0, 0.0, 0.0, 1.0],
                [1.0, 2e-05, 2.5e-05, 0.0, -2.1e-05, -0.203701, 0.979033, 0.374726, 2.5e-05, -0.979033, -0.203701, 0.0, 0.0, 0.0, 0.0, 1.0],
                [1.0, 2e-05, 2.5e-05, 0.0, -2.1e-05, -0.203701, 0.979033, 0.374726, 2.5e-05, -0.979033, -0.203701, 0.0, 0.0, 0.0, 0.0, 1.0]
            ]
        },
        {
            "name": "Knee_L",
            "time": [0.0, 0.5833],
            "transform": [
                [1.0, 0.0, -0.0, 0.0, -0.0, 0.00567, -0.999984, 0.415251, -0.0, 0.999984, 0.00567, -0.00023, 0.0, 0.0, 0.0, 1.0],
                [1.0, 0.0, -0.0, 0.0, -0.0, 0.00567, -0.999984, 0.484724, -0.0, 0.999984, 0.00567, -0.000624, 0.0, 0.0, 0.0, 1.0]
            ]
        },
        {
            "name": "Torso",
            "time": [0.0, 0.0167, 0.0333, 0.05, 0.0667, 0.0833, 0.1, 0.1167, 0.1333, 0.15, 0.1667, 0.1833, 0.2, 0.2167, 0.2333, 0.25, 0.2667, 0.2833, 0.3, 0.3167, 0.3333, 0.35, 0.3667, 0.3833, 0.4, 0.4167, 0.4333, 0.45, 0.4667, 0.4833, 0.5, 0.5167, 0.5333, 0.55, 0.5667, 0.5833],
            "transform": [
                [1.0, 0.0, 0.0, 0.0, 0.0, 1.0, 0.0, 0.05, 0.0, 0.0, 1.0, 0.0, 0.0, 0.0, 0.0, 1.0],
                [1.0, 0.0, 0.0, 0.0, 0.0, 1.0, 0.0, 0.05, 0.0, 0.0, 1.0, 0.0, 0.0, 0.0, 0.0, 1.0],
                [1.0, 0.0, 0.0, 0.0, 0.0, 1.0, 0.0, 0.05, 0.0, 0.0, 1.0, 0.0, 0.0, 0.0, 0.0, 1.0],
                [1.0, 0.0, 0.0, 0.0, 0.0, 1.0, 0.0, 0.05, 0.0, 0.0, 1.0, 0.0, 0.0, 0.0, 0.0, 1.0],
                [1.0, 0.0, 0.0, 0.0, 0.0, 1.0, 0.0, 0.05, 0.0, 0.0, 1.0, 0.0, 0.0, 0.0, 0.0, 1.0],
                [1.0, 0.0, 0.0, 0.0, 0.0, 1.0, 0.0, 0.05, 0.0, 0.0, 1.0, 0.0, 0.0, 0.0, 0.0, 1.0],
                [1.0, 0.0, 0.0, 0.0, 0.0, 1.0, 0.0, 0.05, 0.0, 0.0, 1.0, 0.0, 0.0, 0.0, 0.0, 1.0],
                [1.0, 0.0, 0.0, 0.0, 0.0, 1.0, 0.0, 0.05, 0.0, 0.0, 1.0, 0.0, 0.0, 0.0, 0.0, 1.0],
                [1.0, 0.0, 0.0, 0.0, 0.0, 1.0, 0.0, 0.05, 0.0, 0.0, 1.0, 0.0, 0.0, 0.0, 0.0, 1.0],
                [1.0, 0.0, 0.0, 0.0, 0.0, 1.0, 0.0, 0.05, 0.0, 0.0, 1.0, 0.0, 0.0, 0.0, 0.0, 1.0],
                [1.0, 0.0, 0.0, 0.0, 0.0, 1.0, 0.0, 0.05, 0.0, 0.0, 1.0, 0.0, 0.0, 0.0, 0.0, 1.0],
                [1.0, 0.0, 0.0, 0.0, 0.0, 1.0, 0.0, 0.05, 0.0, 0.0, 1.0, 0.0, 0.0, 0.0, 0.0, 1.0],
                [1.0, 0.0, 0.0, 0.0, 0.0, 1.0, 0.0, 0.05, 0.0, 0.0, 1.0, 0.0, 0.0, 0.0, 0.0, 1.0],
                [1.0, 0.0, 0.0, 0.0, 0.0, 1.0, 0.0, 0.05, 0.0, 0.0, 1.0, 0.0, 0.0, 0.0, 0.0, 1.0],
                [1.0, 0.0, 0.0, 0.0, 0.0, 1.0, 0.0, 0.05, 0.0, 0.0, 1.0, 0.0, 0.0, 0.0, 0.0, 1.0],
                [1.0, 0.0, 0.0, 0.0, 0.0, 1.0, 0.0, 0.05, 0.0, 0.0, 1.0, -0.0, 0.0, 0.0, 0.0, 1.0],
                [1.0, 0.0, 0.0, -0.0, 0.0, 1.0, 0.0, 0.05, 0.0, 0.0, 1.0, 0.0, 0.0, 0.0, 0.0, 1.0],
                [1.0, 0.0, 0.0, 0.0, 0.0, 1.0, 0.0, 0.05, 0.0, 0.0, 1.0, 0.0, 0.0, 0.0, 0.0, 1.0],
                [1.0, 0.0, -0.0, -0.0, 0.0, 1.0, 0.0, 0.05, 0.0, 0.0, 1.0, 0.0, 0.0, 0.0, 0.0, 1.0],
                [1.0, 0.0, 0.0, -0.0, 0.0, 1.0, 0.0, 0.05, 0.0, 0.0, 1.0, 0.0, 0.0, 0.0, 0.0, 1.0],
                [1.0, 0.0, 0.0, -0.0, 0.0, 1.0, 0.0, 0.05, 0.0, 0.0, 1.0, -0.0, 0.0, 0.0, 0.0, 1.0],
                [1.0, 0.0, -0.0, 0.0, 0.0, 1.0, 0.0, 0.05, 0.0, 0.0, 1.0, -0.0, 0.0, 0.0, 0.0, 1.0],
                [1.0, 0.0, 0.0, -0.0, 0.0, 1.0, 0.0, 0.05, -0.0, 0.0, 1.0, -0.0, 0.0, 0.0, 0.0, 1.0],
                [1.0, 0.0, 0.0, 0.0, 0.0, 1.0, 0.0, 0.05, -0.0, 0.0, 1.0, 0.0, 0.0, 0.0, 0.0, 1.0],
                [1.0, 0.0, 0.0, -0.0, 0.0, 1.0, 0.0, 0.05, 0.0, 0.0, 1.0, 0.0, 0.0, 0.0, 0.0, 1.0],
                [1.0, 0.0, 0.0, -0.0, 0.0, 1.0, 0.0, 0.05, 0.0, 0.0, 1.0, 0.0, 0.0, 0.0, 0.0, 1.0],
                [1.0, 0.0, 0.0, -0.0, 0.0, 1.0, 0.0, 0.05, 0.0, 0.0, 1.0, 0.0, 0.0, 0.0, 0.0, 1.0],
                [1.0, 0.0, 0.0, -0.0, 0.0, 1.0, 0.0, 0.05, 0.0, 0.0, 1.0, 0.0, 0.0, 0.0, 0.0, 1.0],
                [1.0, 0.0, 0.0, -0.0, 0.0, 1.0, 0.0, 0.05, 0.0, 0.0, 1.0, 0.0, 0.0, 0.0, 0.0, 1.0],
                [1.0, 0.0, 0.0, -0.0, 0.0, 1.0, 0.0, 0.05, 0.0, 0.0, 1.0, 0.0, 0.0, 0.0, 0.0, 1.0],
                [1.0, 0.0, 0.0, -0.0, 0.0, 1.0, 0.0, 0.05, 0.0, 0.0, 1.0, 0.0, 0.0, 0.0, 0.0, 1.0],
                [1.0, 0.0, 0.0, -0.0, 0.0, 1.0, 0.0, 0.05, 0.0, 0.0, 1.0, 0.0, 0.0, 0.0, 0.0, 1.0],
                [1.0, 0.0, 0.0, -0.0, 0.0, 1.0, 0.0, 0.05, 0.0, 0.0, 1.0, 0.0, 0.0, 0.0, 0.0, 1.0],
                [1.0, 0.0, 0.0, -0.0, 0.0, 1.0, 0.0, 0.05, 0.0, 0.0, 1.0, 0.0, 0.0, 0.0, 0.0, 1.0],
                [1.0, 0.0, 0.0, -0.0, 0.0, 1.0, 0.0, 0.05, 0.0, 0.0, 1.0, 0.0, 0.0, 0.0, 0.0, 1.0],
                [1.0, 0.0, 0.0, -0.0, 0.0, 1.0, 0.0, 0.05, 0.0, 0.0, 1.0, 0.0, 0.0, 0.0, 0.0, 1.0]
            ]
        },
        {
            "name": "Chest",
            "time": [0.0, 0.0167, 0.0333, 0.05, 0.0667, 0.0833, 0.1, 0.1167, 0.1333, 0.15, 0.1667, 0.1833, 0.2, 0.2167, 0.2333, 0.25, 0.2667, 0.2833, 0.3, 0.3167, 0.3333, 0.35, 0.3667, 0.3833, 0.4, 0.4167, 0.4333, 0.45, 0.4667, 0.4833, 0.5, 0.5167, 0.5333, 0.55, 0.5667, 0.5833],
            "transform": [
                [0.985512, -0.070545, -0.154236, 0.0, 0.097453, 0.979816, 0.174535, 0.3, 0.138811, -0.187038, 0.972496, 0.0, 0.0, 0.0, 0.0, 1.0],
                [0.985635, -0.068739, -0.154271, 0.0, 0.095626, 0.980043, 0.174273, 0.3, 0.139213, -0.186522, 0.972538, 0.0, 0.0, 0.0, 0.0, 1.0],
                [0.985859, -0.06335, -0.155139, 0.0, 0.090079, 0.980998, 0.171841, 0.3, 0.141304, -0.183386, 0.972832, 0.0, 0.0, 0.0, 0.0, 1.0],
                [0.985933, -0.054436, -0.158026, 0.0, 0.080687, 0.983024, 0.164782, 0.3, 0.146373, -0.175214, 0.973589, 0.0, 0.0, 0.0, 0.0, 1.0],
                [0.985528, -0.042106, -0.164202, 0.0, 0.067239, 0.986298, 0.150648, 0.3, 0.155609, -0.159509, 0.974855, 0.0, 0.0, 0.0, 0.0, 1.0],
                [0.9842, -0.026598, -0.175051, 0.0, 0.049365, 0.990671, 0.127017, 0.3, 0.17004, -0.133651, 0.976332, 0.0, 0.0, 0.0, 0.0, 1.0],
                [0.981343, -0.008411, -0.192082, 0.0, 0.026447, 0.995451, 0.091528, 0.3, 0.190439, -0.0949, 0.977101, 0.0, 0.0, 0.0, 0.0, 1.0],
                [0.976128, 0.011524, -0.21689, 0.0, -0.002461, 0.999114, 0.042008, 0.3, 0.217182, -0.040471, 0.975292, 0.0, 0.0, 0.0, 0.0, 1.0],
                [0.967467, 0.031602, -0.251014, 0.0, -0.038663, 0.998982, -0.023246, 0.3, 0.250024, 0.032195, 0.967704, 0.0, 0.0, 0.0, 0.0, 1.0],
                [0.95095, 0.048399, -0.305536, 0.0, -0.084181, 0.990898, -0.10504, 0.3, 0.297671, 0.125608, 0.946369, 0.0, 0.0, 0.0, 0.0, 1.0],
                [0.922953, 0.056185, -0.38079, 0.0, -0.139148, 0.971087, -0.193981, 0.3, 0.358881, 0.232022, 0.904085, 0.0, 0.0, 0.0, 0.0, 1.0],
                [0.885831, 0.052155, -0.461068, 0.0, -0.19912, 0.940247, -0.276202, 0.3, 0.419112, 0.336476, 0.843285, 0.0, 0.0, 0.0, 0.0, 1.0],
                [0.846263, 0.038895, -0.531343, 0.0, -0.255513, 0.904777, -0.340722, 0.3, 0.467495, 0.424105, 0.775618, 0.0, 0.0, 0.0, 0.0, 1.0],
                [0.814388, 0.023997, -0.579824, 0.0, -0.297379, 0.875246, -0.381457, 0.3, 0.498335, 0.483082, 0.719927, 0.0, 0.0, 0.0, 0.0, 1.0],
                [0.801425, 0.017105, -0.59785, 0.0, -0.313628, 0.863156, -0.395727, 0.3, 0.509269, 0.504648, 0.69712, 0.0, 0.0, 0.0, 0.0, 1.0],
                [0.801425, 0.017105, -0.59785, 0.0, -0.313628, 0.863156, -0.395727, 0.3, 0.509269, 0.504648, 0.69712, -0.0, 0.0, 0.0, 0.0, 1.0],
                [0.801425, 0.017105, -0.59785, -0.0, -0.313628, 0.863156, -0.395727, 0.3, 0.509269, 0.504648, 0.69712, 0.0, 0.0, 0.0, 0.0, 1.0],
                [0.801425, 0.017105, -0.59785, 0.0, -0.313628, 0.863156, -0.395727, 0.3, 0.509269, 0.504648, 0.69712, -0.0, 0.0, 0.0, 0.0, 1.0],
                [0.801425, 0.017105, -0.59785, -0.0, -0.313628, 0.863156, -0.395727, 0.3, 0.509269, 0.504648, 0.69712, 0.0, 0.0, 0.0, 0.0, 1.0],
                [0.801425, 0.017105, -0.59785, 0.0, -0.313628, 0.863156, -0.395727, 0.3, 0.509269, 0.504648, 0.69712, 0.0, 0.0, 0.0, 0.0, 1.0],
                [0.801425, 0.017105, -0.59785, 0.0, -0.313628, 0.863156, -0.395727, 0.3, 0.509269, 0.504648, 0.697119, -0.0, 0.0, 0.0, 0.0, 1.0],
                [0.801426, 0.017105, -0.59785, 0.0, -0.313628, 0.863156, -0.395727, 0.3, 0.509269, 0.504648, 0.69712, -0.0, 0.0, 0.0, 0.0, 1.0],
                [0.801425, 0.017105, -0.59785, -0.0, -0.313628, 0.863156, -0.395727, 0.3, 0.509269, 0.504648, 0.69712, 0.0, 0.0, 0.0, 0.0, 1.0],
                [0.801425, 0.017105, -0.59785, 0.0, -0.313628, 0.863156, -0.395727, 0.3, 0.509269, 0.504648, 0.69712, -0.0, 0.0, 0.0, 0.0, 1.0],
                [0.801425, 0.017105, -0.59785, 0.0, -0.313628, 0.863156, -0.395727, 0.3, 0.509269, 0.504648, 0.69712, 0.0, 0.0, 0.0, 0.0, 1.0],
                [0.801425, 0.017105, -0.59785, 0.0, -0.313628, 0.863156, -0.395727, 0.3, 0.509269, 0.504648, 0.69712, 0.0, 0.0, 0.0, 0.0, 1.0],
                [0.801425, 0.017105, -0.59785, 0.0, -0.313628, 0.863156, -0.395727, 0.3, 0.509269, 0.504648, 0.69712, 0.0, 0.0, 0.0, 0.0, 1.0],
                [0.801425, 0.017105, -0.59785, 0.0, -0.313628, 0.863156, -0.395727, 0.3, 0.509269, 0.504648, 0.69712, 0.0, 0.0, 0.0, 0.0, 1.0],
                [0.801425, 0.017105, -0.59785, 0.0, -0.313628, 0.863156, -0.395727, 0.3, 0.509269, 0.504648, 0.69712, 0.0, 0.0, 0.0, 0.0, 1.0],
                [0.801425, 0.017105, -0.59785, 0.0, -0.313628, 0.863156, -0.395727, 0.3, 0.509269, 0.504648, 0.69712, 0.0, 0.0, 0.0, 0.0, 1.0],
                [0.801425, 0.017105, -0.59785, 0.0, -0.313628, 0.863156, -0.395727, 0.3, 0.509269, 0.504648, 0.69712, 0.0, 0.0, 0.0, 0.0, 1.0],
                [0.801425, 0.017105, -0.59785, 0.0, -0.313628, 0.863156, -0.395727, 0.3, 0.509269, 0.504648, 0.69712, 0.0, 0.0, 0.0, 0.0, 1.0],
                [0.801425, 0.017105, -0.59785, 0.0, -0.313628, 0.863156, -0.395727, 0.3, 0.509269, 0.504648, 0.69712, 0.0, 0.0, 0.0, 0.0, 1.0],
                [0.801425, 0.017105, -0.59785, 0.0, -0.313628, 0.863156, -0.395727, 0.3, 0.509269, 0.504648, 0.69712, 0.0, 0.0, 0.0, 0.0, 1.0],
                [0.801425, 0.017105, -0.59785, 0.0, -0.313628, 0.863156, -0.395727, 0.3, 0.509269, 0.504648, 0.69712, 0.0, 0.0, 0.0, 0.0, 1.0],
                [0.801425, 0.017105, -0.59785, 0.0, -0.313628, 0.863156, -0.395727, 0.3, 0.509269, 0.504648, 0.69712, 0.0, 0.0, 0.0, 0.0, 1.0]
            ]
        },
        {
            "name": "Head",
            "time": [0.0, 0.0167, 0.0333, 0.05, 0.0667, 0.0833, 0.1, 0.1167, 0.1333, 0.15, 0.1667, 0.1833, 0.2, 0.2167, 0.2333, 0.25, 0.2667, 0.2833, 0.3, 0.3167, 0.3333, 0.35, 0.3667, 0.3833, 0.4, 0.4167, 0.4333, 0.45, 0.4667, 0.4833, 0.5, 0.5167, 0.5333, 0.55, 0.5667, 0.5833],
            "transform": [
                [1.0, 0.0, 0.0, 0.0, 0.0, 1.0, 0.0, 0.4, -0.0, 0.0, 1.0, 0.0, 0.0, 0.0, 0.0, 1.0],
                [1.0, 0.0, 0.0, 0.0, 0.0, 1.0, 0.0, 0.4, -0.0, 0.0, 1.0, -0.0, 0.0, 0.0, 0.0, 1.0],
                [1.0, -0.0, 0.0, -0.0, 0.0, 1.0, -0.0, 0.4, -0.0, 0.0, 1.0, -0.0, 0.0, 0.0, 0.0, 1.0],
                [1.0, 0.0, 0.0, 0.0, 0.0, 1.0, 0.0, 0.4, -0.0, 0.0, 1.0, 0.0, 0.0, 0.0, 0.0, 1.0],
                [1.0, 0.0, -0.0, 0.0, 0.0, 1.0, 0.0, 0.4, -0.0, 0.0, 1.0, 0.0, 0.0, 0.0, 0.0, 1.0],
                [1.0, 0.0, 0.0, 0.0, 0.0, 1.0, -0.0, 0.4, 0.0, 0.0, 1.0, 0.0, 0.0, 0.0, 0.0, 1.0],
                [1.0, 0.0, 0.0, -0.0, -0.0, 1.0, -0.0, 0.4, 0.0, -0.0, 1.0, 0.0, 0.0, 0.0, 0.0, 1.0],
                [1.0, -0.0, 0.0, -0.0, -0.0, 1.0, -0.0, 0.4, 0.0, -0.0, 1.0, -0.0, 0.0, 0.0, 0.0, 1.0],
                [1.0, -0.0, 0.0, -0.0, 0.0, 1.0, 0.0, 0.4, 0.0, 0.0, 1.0, -0.0, 0.0, 0.0, 0.0, 1.0],
                [1.0, 0.0, 0.0, -0.0, 0.0, 1.0, 0.0, 0.4, 0.0, 0.0, 1.0, 0.0, 0.0, 0.0, 0.0, 1.0],
                [1.0, 0.0, 0.0, 0.0, 0.0, 1.0, 0.0, 0.4, -0.0, -0.0, 1.0, -0.0, 0.0, 0.0, 0.0, 1.0],
                [1.0, -0.0, 0.0, -0.0, -0.0, 1.0, 0.0, 0.4, 0.0, 0.0, 1.0, 0.0, 0.0, 0.0, 0.0, 1.0],
                [1.0, 0.0, -0.0, -0.0, 0.0, 1.0, -0.0, 0.4, 0.0, 0.0, 1.0, -0.0, 0.0, 0.0, 0.0, 1.0],
                [1.0, 0.0, 0.0, -0.0, 0.0, 1.0, 0.0, 0.4, -0.0, 0.0, 1.0, -0.0, 0.0, 0.0, 0.0, 1.0],
                [1.0, 0.0, 0.0, -0.0, 0.0, 1.0, 0.0, 0.4, -0.0, 0.0, 1.0, -0.0, 0.0, 0.0, 0.0, 1.0],
                [1.0, -0.0, -0.0, 0.0, 0.0, 1.0, -0.0, 0.4, 0.0, 0.0, 1.0, 0.0, 0.0, 0.0, 0.0, 1.0],
