{
    "animation": [
        {
            "name": "Root",
            "time": [0.0, 0.0167, 0.0333, 0.05, 0.0667, 0.0833, 0.1, 0.1167, 0.1333, 0.15, 0.1667, 0.1833, 0.2, 0.2167, 0.2333, 0.25, 0.2667, 0.2833, 0.3, 0.3167, 0.3333, 0.35, 0.3667, 0.3833, 0.4, 0.4167, 0.4333, 0.45, 0.4667, 0.4833, 0.5],
            "transform": [
                [1.0, 0.0, 0.0, -5e-06, 0.0, 0.0, -1.0, 0.000946, 0.0, 1.0, 0.0, 0.763972, 0.0, 0.0, 0.0, 1.0],
                [1.0, 0.0, 0.0, -5e-06, 0.0, 0.0, -1.0, 0.019749, 0.0, 1.0, 0.0, 0.757563, 0.0, 0.0, 0.0, 1.0],
                [1.0, 0.0, 0.0, -5e-06, 0.0, 0.0, -1.0, 0.072284, 0.0, 1.0, 0.0, 0.742282, 0.0, 0.0, 0.0, 1.0],
                [1.0, 0.0, 0.0, -5e-06, 0.0, 0.0, -1.0, 0.152745, 0.0, 1.0, 0.0, 0.724043, 0.0, 0.0, 0.0, 1.0],
                [1.0, 0.0, 0.0, -5e-06, 0.0, 0.0, -1.0, 0.255322, 0.0, 1.0, 0.0, 0.708762, 0.0, 0.0, 0.0, 1.0],
                [1.0, 0.0, 0.0, -5e-06, 0.0, 0.0, -1.0, 0.374209, 0.0, 1.0, 0.0, 0.702353, 0.0, 0.0, 0.0, 1.0],
                [1.0, 0.0, 0.0, -5e-06, 0.0, 0.0, -1.0, 0.503434, 0.0, 1.0, 0.0, 0.702353, 0.0, 0.0, 0.0, 1.0],
                [1.0, 0.0, 0.0, -5e-06, 0.0, 0.0, -1.0, 0.636372, 0.0, 1.0, 0.0, 0.702353, 0.0, 0.0, 0.0, 1.0],
                [1.0, 0.0, 0.0, -5e-06, 0.0, 0.0, -1.0, 0.766236, 0.0, 1.0, 0.0, 0.702353, 0.0, 0.0, 0.0, 1.0],
                [1.0, 0.0, 0.0, -5e-06, 0.0, 0.0, -1.0, 0.886238, 0.0, 1.0, 0.0, 0.702353, 0.0, 0.0, 0.0, 1.0],
                [1.0, 0.0, 0.0, -5e-06, 0.0, 0.0, -1.0, 0.989591, 0.0, 1.0, 0.0, 0.702353, 0.0, 0.0, 0.0, 1.0],
                [1.0, 0.0, 0.0, -5e-06, 0.0, 0.0, -1.0, 1.070963, 0.0, 1.0, 0.0, 0.702353, 0.0, 0.0, 0.0, 1.0],
                [1.0, 0.0, 0.0, -5e-06, 0.0, 0.0, -1.0, 1.130852, 0.0, 1.0, 0.0, 0.702353, 0.0, 0.0, 0.0, 1.0],
                [1.0, 0.0, 0.0, -5e-06, 0.0, 0.0, -1.0, 1.171211, 0.0, 1.0, 0.0, 0.702353, 0.0, 0.0, 0.0, 1.0],
                [1.0, 0.0, 0.0, -5e-06, 0.0, 0.0, -1.0, 1.193994, 0.0, 1.0, 0.0, 0.702353, 0.0, 0.0, 0.0, 1.0],
                [1.0, 0.0, 0.0, -5e-06, 0.0, 0.0, -1.0, 1.201154, 0.0, 1.0, 0.0, 0.702353, 0.0, 0.0, 0.0, 1.0],
                [1.0, 0.0, 0.0, -5e-06, 0.0, 0.0, -1.0, 1.201154, 0.0, 1.0, 0.0, 0.702353, 0.0, 0.0, 0.0, 1.0],
                [1.0, 0.0, 0.0, -5e-06, 0.0, 0.0, -1.0, 1.201154, 0.0, 1.0, 0.0, 0.702353, 0.0, 0.0, 0.0, 1.0],
                [1.0, 0.0, 0.0, -5e-06, 0.0, 0.0, -1.0, 1.201154, 0.0, 1.0, 0.0, 0.702353, 0.0, 0.0, 0.0, 1.0],
                [1.0, 0.0, 0.0, -5e-06, 0.0, 0.0, -1.0, 1.201154, 0.0, 1.0, 0.0, 0.702353, 0.0, 0.0, 0.0, 1.0],
                [1.0, 0.0, 0.0, -5e-06, 0.0, 0.0, -1.0, 1.201154, 0.0, 1.0, 0.0, 0.702353, 0.0, 0.0, 0.0, 1.0],
                [1.0, 0.0, 0.0, -5e-06, 0.0, 0.0, -1.0, 1.201154, 0.0, 1.0, 0.0, 0.702353, 0.0, 0.0, 0.0, 1.0],
                [1.0, 0.0, 0.0, -5e-06, 0.0, 0.0, -1.0, 1.201154, 0.0, 1.0, 0.0, 0.702353, 0.0, 0.0, 0.0, 1.0],
                [1.0, 0.0, 0.0, -5e-06, 0.0, 0.0, -1.0, 1.201154, 0.0, 1.0, 0.0, 0.702353, 0.0, 0.0, 0.0, 1.0],
                [1.0, 0.0, 0.0, -5e-06, 0.0, 0.0, -1.0, 1.201154, 0.0, 1.0, 0.0, 0.702353, 0.0, 0.0, 0.0, 1.0],
                [1.0, 0.0, 0.0, -5e-06, 0.0, 0.0, -1.0, 1.201154, 0.0, 1.0, 0.0, 0.702353, 0.0, 0.0, 0.0, 1.0],
                [1.0, 0.0, 0.0, -5e-06, 0.0, 0.0, -1.0, 1.201154, 0.0, 1.0, 0.0, 0.702353, 0.0, 0.0, 0.0, 1.0],
                [1.0, 0.0, 0.0, -5e-06, 0.0, 0.0, -1.0, 1.201154, 0.0, 1.0, 0.0, 0.702353, 0.0, 0.0, 0.0, 1.0],
                [1.0, 0.0, 0.0, -5e-06, 0.0, 0.0, -1.0, 1.201154, 0.0, 1.0, 0.0, 0.702353, 0.0, 0.0, 0.0, 1.0],
                [1.0, 0.0, 0.0, -5e-06, 0.0, 0.0, -1.0, 1.201154, 0.0, 1.0, 0.0, 0.702353, 0.0, 0.0, 0.0, 1.0],
                [1.0, 0.0, 0.0, -5e-06, 0.0, 0.0, -1.0, 1.201154, 0.0, 1.0, 0.0, 0.702353, 0.0, 0.0, 0.0, 1.0]
            ]
        },
        {
            "name": "Thigh_R",
            "time": [0.0, 0.0167, 0.0333, 0.05, 0.0667, 0.0833, 0.1, 0.1167, 0.1333, 0.15, 0.1667, 0.1833, 0.2, 0.2167, 0.2333, 0.25, 0.2667, 0.2833, 0.3, 0.3167, 0.3333, 0.35, 0.3667, 0.3833, 0.4, 0.4167, 0.4333, 0.45, 0.4667, 0.4833, 0.5],
            "transform": [
                [0.999939, -0.002875, 0.010656, 0.124994, -0.009972, -0.649033, 0.760695, -0.002831, 0.004729, -0.760755, -0.649022, -1.2e-05, 0.0, 0.0, 0.0, 1.0],
                [0.999932, -0.002364, 0.011383, 0.124994, -0.010504, -0.603266, 0.797471, -0.002831, 0.004982, -0.797537, -0.60325, -1.2e-05, 0.0, 0.0, 0.0, 1.0],
                [0.999913, -0.001889, 0.013034, 0.124994, -0.011898, -0.55389, 0.832505, -0.002831, 0.005646, -0.832588, -0.553864, -1.2e-05, 0.0, 0.0, 0.0, 1.0],
                [0.999885, -0.003982, 0.014649, 0.124994, -0.013711, -0.650984, 0.758968, -0.002831, 0.006514, -0.759081, -0.650964, -1.2e-05, 0.0, 0.0, 0.0, 1.0],
                [0.999867, -0.006616, 0.014883, 0.124994, -0.014709, -0.759173, 0.650723, -0.002831, 0.006994, -0.650856, -0.759169, -1.2e-05, 0.0, 0.0, 0.0, 1.0],
                [0.999892, -0.006741, 0.013059, 0.124994, -0.013272, -0.79575, 0.605481, -0.002831, 0.00631, -0.605588, -0.795753, -1.2e-05, 0.0, 0.0, 0.0, 1.0],
                [0.999927, -0.003985, 0.011405, 0.124994, -0.010913, -0.702915, 0.711191, -0.002831, 0.005182, -0.711263, -0.702907, -1.2e-05, 0.0, 0.0, 0.0, 1.0],
                [0.999948, -0.003993, 0.009386, 0.124994, -0.009215, -0.748115, 0.663507, -0.002831, 0.004373, -0.663558, -0.748112, -1.2e-05, 0.0, 0.0, 0.0, 1.0],
                [0.999961, -0.005038, 0.007311, 0.124994, -0.008021, -0.865645, 0.500594, -0.002831, 0.003806, -0.500633, -0.865652, -1.2e-05, 0.0, 0.0, 0.0, 1.0],
                [0.999968, -0.006094, 0.005147, 0.124994, -0.007206, -0.966843, 0.255273, -0.002831, 0.003421, -0.255301, -0.966856, -1.2e-05, 0.0, 0.0, 0.0, 1.0],
                [0.999973, -0.006727, 0.003096, 0.124994, -0.006688, -0.999903, -0.012263, -0.002831, 0.003178, 0.012243, -0.99992, -1.2e-05, 0.0, 0.0, 0.0, 1.0],
                [0.999975, -0.006979, 0.001447, 0.124994, -0.006437, -0.97148, -0.237035, -0.002831, 0.00306, 0.23702, -0.9715, -1.2e-05, 0.0, 0.0, 0.0, 1.0],
                [0.999975, -0.007056, 0.000299, 0.124994, -0.006378, -0.920471, -0.390759, -0.002831, 0.003032, 0.390748, -0.920493, -1.2e-05, 0.0, 0.0, 0.0, 1.0],
                [0.999975, -0.007113, -0.000217, 0.124994, -0.006427, -0.88955, -0.456794, -0.002831, 0.003056, 0.456784, -0.889573, -1.2e-05, 0.0, 0.0, 0.0, 1.0],
                [0.999974, -0.007205, -0.000288, 0.124994, -0.006512, -0.885176, -0.465212, -0.002831, 0.003096, 0.465202, -0.885199, -1.2e-05, 0.0, 0.0, 0.0, 1.0],
                [0.999974, -0.007257, -0.000255, 0.124994, -0.006558, -0.887409, -0.460937, -0.002831, 0.003118, 0.460926, -0.887433, -1.2e-05, 0.0, 0.0, 0.0, 1.0],
                [0.999974, -0.007257, -0.000255, 0.124994, -0.006558, -0.887409, -0.460936, -0.002831, 0.003118, 0.460926, -0.887433, -1.2e-05, 0.0, 0.0, 0.0, 1.0],
                [0.999974, -0.007257, -0.000255, 0.124994, -0.006558, -0.887409, -0.460936, -0.002831, 0.003118, 0.460926, -0.887433, -1.2e-05, 0.0, 0.0, 0.0, 1.0],
                [0.999974, -0.007257, -0.000255, 0.124994, -0.006558, -0.887409, -0.460936, -0.002831, 0.003118, 0.460926, -0.887433, -1.2e-05, 0.0, 0.0, 0.0, 1.0],
                [0.999974, -0.007257, -0.000255, 0.124994, -0.006558, -0.887409, -0.460936, -0.002831, 0.003118, 0.460926, -0.887433, -1.2e-05, 0.0, 0.0, 0.0, 1.0],
                [0.999974, -0.007257, -0.000255, 0.124994, -0.006558, -0.887409, -0.460936, -0.002831, 0.003118, 0.460926, -0.887433, -1.2e-05, 0.0, 0.0, 0.0, 1.0],
                [0.999974, -0.007257, -0.000255, 0.124994, -0.006558, -0.887409, -0.460936, -0.002831, 0.003118, 0.460926, -0.887433, -1.2e-05, 0.0, 0.0, 0.0, 1.0],
                [0.999974, -0.007257, -0.000255, 0.124994, -0.006558, -0.887409, -0.460936, -0.002831, 0.003118, 0.460926, -0.887433, -1.2e-05, 0.0, 0.0, 0.0, 1.0],
                [0.999974, -0.007257, -0.000255, 0.124994, -0.006558, -0.887409, -0.460936, -0.002831, 0.003118, 0.460926, -0.887433, -1.2e-05, 0.0, 0.0, 0.0, 1.0],
                [0.999974, -0.007257, -0.000255, 0.124994, -0.006558, -0.887409, -0.460936, -0.002831, 0.003118, 0.460926, -0.887433, -1.2e-05, 0.0, 0.0, 0.0, 1.0],
                [0.999974, -0.007257, -0.000255, 0.124994, -0.006558, -0.887409, -0.460936, -0.002831, 0.003118, 0.460926, -0.887433, -1.2e-05, 0.0, 0.0, 0.0, 1.0],
                [0.999974, -0.007257, -0.000255, 0.124994, -0.006558, -0.887409, -0.460936, -0.002831, 0.003118, 0.460926, -0.887433, -1.2e-05, 0.0, 0.0, 0.0, 1.0],
                [0.999974, -0.007257, -0.000255, 0.124994, -0.006558, -0.887409, -0.460936, -0.002831, 0.003118, 0.460926, -0.887433, -1.2e-05, 0.0, 0.0, 0.0, 1.0],
                [0.999974, -0.007257, -0.000255, 0.124994, -0.006558, -0.887409, -0.460936, -0.002831, 0.003118, 0.460926, -0.887433, -1.2e-05, 0.0, 0.0, 0.0, 1.0],
                [0.999974, -0.007257, -0.000255, 0.124994, -0.006558, -0.887409, -0.460936, -0.002831, 0.003118, 0.460926, -0.887433, -1.2e-05, 0.0, 0.0, 0.0, 1.0],
                [0.999974, -0.007257, -0.000255, 0.124994, -0.006558, -0.887409, -0.460936, -0.002831, 0.003118, 0.460926, -0.887433, -1.2e-05, 0.0, 0.0, 0.0, 1.0]
            ]
        },
        {
            "name": "Leg_R",
            "time": [0.0, 0.0167, 0.0333, 0.05, 0.0667, 0.0833, 0.1, 0.1167, 0.1333, 0.15, 0.1667, 0.1833, 0.2, 0.2167, 0.2333, 0.25, 0.2667, 0.2833, 0.3, 0.3167, 0.3333, 0.35, 0.3667, 0.3833, 0.4, 0.4167, 0.4333, 0.45, 0.4667, 0.4833, 0.5],
            "transform": [
                [1.0, 2e-05, 1.6e-05, 0.0, -2.1e-05, 0.255265, 0.96687, 0.374726, 1.5e-05, -0.966871, 0.255265, 0.0, 0.0, 0.0, 0.0, 1.0],
                [1.0, 2e-05, 1.5e-05, -0.0, -2.1e-05, 0.315089, 0.949062, 0.374726, 1.4e-05, -0.949062, 0.315089, -0.0, 0.0, 0.0, 0.0, 1.0],
                [1.0, 1.8e-05, 1e-05, 0.0, -1.8e-05, 0.535555, 0.8445, 0.374726, 9e-06, -0.8445, 0.535555, -0.0, 0.0, 0.0, 0.0, 1.0],
                [1.0, 9e-06, 3e-06, 0.0, -9e-06, 0.901873, 0.432002, 0.374726, 1e-06, -0.432002, 0.901873, 0.0, 0.0, 0.0, 0.0, 1.0],
                [1.0, 0.0, 1e-06, 0.0, -0.0, 0.999999, 0.001463, 0.374726, -1e-06, -0.001463, 0.999999, 0.0, 0.0, 0.0, 0.0, 1.0],
                [1.0, 0.0, 1e-06, 0.0, -0.0, 0.999999, 0.001462, 0.374726, -1e-06, -0.001462, 0.999998, 0.0, 0.0, 0.0, 0.0, 1.0],
                [1.0, 1.2e-05, 5e-06, 0.0, -1.3e-05, 0.809825, 0.586671, 0.374726, 3e-06, -0.586671, 0.809825, 0.0, 0.0, 0.0, 0.0, 1.0],
                [1.0, 1.7e-05, 9e-06, -0.0, -1.7e-05, 0.596178, 0.802852, 0.374726, 8e-06, -0.802852, 0.596179, -0.0, 0.0, 0.0, 0.0, 1.0],
                [1.0, 1.8e-05, 1.1e-05, 0.0, -1.8e-05, 0.535767, 0.844366, 0.374726, 9e-06, -0.844366, 0.535767, 0.0, 0.0, 0.0, 0.0, 1.0],
                [1.0, 1.6e-05, 9e-06, 0.0, -1.7e-05, 0.619841, 0.784727, 0.374726, 7e-06, -0.784727, 0.619842, -0.0, 0.0, 0.0, 0.0, 1.0],
                [1.0, 1.3e-05, 5e-06, 0.0, -1.4e-05, 0.77881, 0.62726, 0.374726, 4e-06, -0.62726, 0.77881, 0.0, 0.0, 0.0, 0.0, 1.0],
                [1.0, 9e-06, 3e-06, 0.0, -9e-06, 0.90306, 0.429514, 0.374726, 1e-06, -0.429514, 0.90306, 0.0, 0.0, 0.0, 0.0, 1.0],
                [1.0, 6e-06, 2e-06, -0.0, -6e-06, 0.957838, 0.287306, 0.374726, 0.0, -0.287307, 0.957839, -0.0, 0.0, 0.0, 0.0, 1.0],
                [1.0, 6e-06, 2e-06, 0.0, -6e-06, 0.962468, 0.271396, 0.374726, 0.0, -0.271396, 0.962468, -0.0, 0.0, 0.0, 0.0, 1.0],
                [1.0, 7e-06, 2e-06, -0.0, -7e-06, 0.942812, 0.333324, 0.374726, 0.0, -0.333325, 0.942812, -0.0, 0.0, 0.0, 0.0, 1.0],
                [1.0, 8e-06, 2e-06, 0.0, -8e-06, 0.928754, 0.370695, 0.374726, 1e-06, -0.370695, 0.928754, 0.0, 0.0, 0.0, 0.0, 1.0],
                [1.0, 8e-06, 2e-06, 0.0, -8e-06, 0.928754, 0.370695, 0.374726, 1e-06, -0.370695, 0.928754, 0.0, 0.0, 0.0, 0.0, 1.0],
                [1.0, 8e-06, 2e-06, 0.0, -8e-06, 0.928754, 0.370695, 0.374726, 1e-06, -0.370695, 0.928754, 0.0, 0.0, 0.0, 0.0, 1.0],
                [1.0, 8e-06, 2e-06, 0.0, -8e-06, 0.928754, 0.370695, 0.374726, 1e-06, -0.370695, 0.928754, 0.0, 0.0, 0.0, 0.0, 1.0],
                [1.0, 8e-06, 2e-06, 0.0, -8e-06, 0.928754, 0.370695, 0.374726, 1e-06, -0.370695, 0.928754, 0.0, 0.0, 0.0, 0.0, 1.0],
                [1.0, 8e-06, 2e-06, 0.0, -8e-06, 0.928754, 0.370695, 0.374726, 1e-06, -0.370695, 0.928754, 0.0, 0.0, 0.0, 0.0, 1.0],
                [1.0, 8e-06, 2e-06, 0.0, -8e-06, 0.928754, 0.370695, 0.374726, 1e-06, -0.370695, 0.928754, 0.0, 0.0, 0.0, 0.0, 1.0],
                [1.0, 8e-06, 2e-06, 0.0, -8e-06, 0.928754, 0.370695, 0.374726, 1e-06, -0.370695, 0.928754, 0.0, 0.0, 0.0, 0.0, 1.0],
                [1.0, 8e-06, 2e-06, 0.0, -8e-06, 0.928754, 0.370695, 0.374726, 1e-06, -0.370695, 0.928754, 0.0, 0.0, 0.0, 0.0, 1.0],
                [1.0, 8e-06, 2e-06, 0.0, -8e-06, 0.928754, 0.370695, 0.374726, 1e-06, -0.370695, 0.928754, 0.0, 0.0, 0.0, 0.0, 1.0],
                [1.0, 8e-06, 2e-06, 0.0, -8e-06, 0.928754, 0.370695, 0.374726, 1e-06, -0.370695, 0.928754, 0.0, 0.0, 0.0, 0.0, 1.0],
                [1.0, 8e-06, 2e-06, 0.0, -8e-06, 0.928754, 0.370695, 0.374726, 1e-06, -0.370695, 0.928754, 0.0, 0.0, 0.0, 0.0, 1.0],
                [1.0, 8e-06, 2e-06, 0.0, -8e-06, 0.928754, 0.370695, 0.374726, 1e-06, -0.370695, 0.928754, 0.0, 0.0, 0.0, 0.0, 1.0],
                [1.0, 8e-06, 2e-06, 0.0, -8e-06, 0.928754, 0.370695, 0.374726, 1e-06, -0.370695, 0.928754, 0.0, 0.0, 0.0, 0.0, 1.0],
                [1.0, 8e-06, 2e-06, 0.0, -8e-06, 0.928754, 0.370695, 0.374726, 1e-06, -0.370695, 0.928754, 0.0, 0.0, 0.0, 0.0, 1.0],
                [1.0, 8e-06, 2e-06, 0.0, -8e-06, 0.928754, 0.370695, 0.374726, 1e-06, -0.370695, 0.928754, 0.0, 0.0, 0.0, 0.0, 1.0]
            ]
        },
        {
            "name": "Knee_R",
            "time": [0.0, 0.5],
            "transform": [
                [1.0, 0.0, -0.0, 0.0, -0.0, 0.00567, -0.999984, 0.45642, -0.0, 0.999984, 0.00567, -0.000463, 0.0, 0.0, 0.0, 1.0],
                [1.0, 0.0, -0.0, 0.0, -0.0, 0.00567, -0.999984, 0.374726, -0.0, 0.999984, 0.00567, 0.0, 0.0, 0.0, 0.0, 1.0]
            ]
        },
        {
            "name": "Thigh_L",
            "time": [0.0, 0.0167, 0.0333, 0.05, 0.0667, 0.0833, 0.1, 0.1167, 0.1333, 0.15, 0.1667, 0.1833, 0.2, 0.2167, 0.2333, 0.25, 0.2667, 0.2833, 0.3, 0.3167, 0.3333, 0.35, 0.3667, 0.3833, 0.4, 0.4167, 0.4333, 0.45, 0.4667, 0.4833, 0.5],
            "transform": [
                [0.999978, -0.003539, 0.005551, -0.125006, -0.00418, -0.992758, 0.120064, -0.002831, 0.005085, -0.120085, -0.992751, -1.2e-05, 0.0, 0.0, 0.0, 1.0],
                [0.999979, -0.003464, 0.005462, -0.125006, -0.004108, -0.992451, 0.122573, -0.002831, 0.004997, -0.122593, -0.992445, -1.2e-05, 0.0, 0.0, 0.0, 1.0],
                [0.999981, -0.00342, 0.005135, -0.125006, -0.003919, -0.994933, 0.100472, -0.002831, 0.004765, -0.10049, -0.994927, -1.2e-05, 0.0, 0.0, 0.0, 1.0],
                [0.999983, -0.003576, 0.004521, -0.125006, -0.003662, -0.999814, 0.018988, -0.002831, 0.004452, -0.019004, -0.99981, -1.2e-05, 0.0, 0.0, 0.0, 1.0],
                [0.999986, -0.003916, 0.003605, -0.125006, -0.00338, -0.990393, -0.138244, -0.002831, 0.004111, 0.13823, -0.990392, -1.2e-05, 0.0, 0.0, 0.0, 1.0],
                [0.999988, -0.00434, 0.002255, -0.125006, -0.003104, -0.919516, -0.393041, -0.002831, 0.003779, 0.393029, -0.919519, -1.2e-05, 0.0, 0.0, 0.0, 1.0],
                [0.999989, -0.00456, 0.001146, -0.125006, -0.002984, -0.803811, -0.594878, -0.002831, 0.003634, 0.594868, -0.803816, -1.2e-05, 0.0, 0.0, 0.0, 1.0],
                [0.999988, -0.004344, 0.002234, -0.125006, -0.003101, -0.917924, -0.396746, -0.002831, 0.003774, 0.396734, -0.917926, -1.2e-05, 0.0, 0.0, 0.0, 1.0],
                [0.999985, -0.003997, 0.003629, -0.125006, -0.003429, -0.989454, -0.144807, -0.002831, 0.004169, 0.144793, -0.989453, -1.2e-05, 0.0, 0.0, 0.0, 1.0],
                [0.99998, -0.003215, 0.00544, -0.125006, -0.004016, -0.987988, 0.154477, -0.002831, 0.004878, -0.154495, -0.987982, -1.2e-05, 0.0, 0.0, 0.0, 1.0],
                [0.999969, -0.001599, 0.007656, -0.125006, -0.004973, -0.885526, 0.464565, -0.002831, 0.006036, -0.464589, -0.885506, -1.2e-05, 0.0, 0.0, 0.0, 1.0],
                [0.999949, 0.000904, 0.010079, -0.125006, -0.006433, -0.712043, 0.702106, -0.002831, 0.007811, -0.702135, -0.712001, -1.2e-05, 0.0, 0.0, 0.0, 1.0],
                [0.999909, 0.003438, 0.013058, -0.125006, -0.00858, -0.584962, 0.811016, -0.002831, 0.010427, -0.811054, -0.584879, -1.2e-05, 0.0, 0.0, 0.0, 1.0],
                [0.999834, 0.004928, 0.01756, -0.125006, -0.011582, -0.572172, 0.820052, -0.002831, 0.014089, -0.820119, -0.57202, -1.2e-05, 0.0, 0.0, 0.0, 1.0],
                [0.999722, 0.004397, 0.023178, -0.125006, -0.014976, -0.640854, 0.767517, -0.002831, 0.018229, -0.767651, -0.64061, -1.2e-05, 0.0, 0.0, 0.0, 1.0],
                [0.999653, 0.003012, 0.026166, -0.125006, -0.016718, -0.695135, 0.718686, -0.002831, 0.020353, -0.718874, -0.694843, -1.2e-05, 0.0, 0.0, 0.0, 1.0],
                [0.999653, 0.003012, 0.026166, -0.125006, -0.016718, -0.695134, 0.718686, -0.002831, 0.020353, -0.718874, -0.694842, -1.2e-05, 0.0, 0.0, 0.0, 1.0],
                [0.999653, 0.003012, 0.026166, -0.125006, -0.016718, -0.695134, 0.718686, -0.002831, 0.020353, -0.718874, -0.694842, -1.2e-05, 0.0, 0.0, 0.0, 1.0],
                [0.999653, 0.003012, 0.026166, -0.125006, -0.016718, -0.695135, 0.718686, -0.002831, 0.020353, -0.718874, -0.694843, -1.2e-05, 0.0, 0.0, 0.0, 1.0],
                [0.999653, 0.003012, 0.026166, -0.125006, -0.016718, -0.695135, 0.718686, -0.002831, 0.020353, -0.718874, -0.694843, -1.2e-05, 0.0, 0.0, 0.0, 1.0],
                [0.999653, 0.003012, 0.026166, -0.125006, -0.016718, -0.695135, 0.718686, -0.002831, 0.020353, -0.718874, -0.694843, -1.2e-05, 0.0, 0.0, 0.0, 1.0],
                [0.999653, 0.003012, 0.026166, -0.125006, -0.016718, -0.695135, 0.718686, -0.002831, 0.020353, -0.718874, -0.694843, -1.2e-05, 0.0, 0.0, 0.0, 1.0],
                [0.999653, 0.003012, 0.026166, -0.125006, -0.016718, -0.695135, 0.718686, -0.002831, 0.020353, -0.718874, -0.694843, -1.2e-05, 0.0, 0.0, 0.0, 1.0],
                [0.999653, 0.003012, 0.026166, -0.125006, -0.016718, -0.695135, 0.718686, -0.002831, 0.020353, -0.718874, -0.694843, -1.2e-05, 0.0, 0.0, 0.0, 1.0],
                [0.999653, 0.003012, 0.026166, -0.125006, -0.016718, -0.695135, 0.718686, -0.002831, 0.020353, -0.718874, -0.694843, -1.2e-05, 0.0, 0.0, 0.0, 1.0],
                [0.999653, 0.003012, 0.026166, -0.125006, -0.016718, -0.695135, 0.718686, -0.002831, 0.020353, -0.718874, -0.694843, -1.2e-05, 0.0, 0.0, 0.0, 1.0],
                [0.999653, 0.003012, 0.026166, -0.125006, -0.016718, -0.695135, 0.718686, -0.002831, 0.020353, -0.718874, -0.694843, -1.2e-05, 0.0, 0.0, 0.0, 1.0],
                [0.999653, 0.003012, 0.026166, -0.125006, -0.016718, -0.695135, 0.718686, -0.002831, 0.020353, -0.718874, -0.694843, -1.2e-05, 0.0, 0.0, 0.0, 1.0],
                [0.999653, 0.003012, 0.026166, -0.125006, -0.016718, -0.695135, 0.718686, -0.002831, 0.020353, -0.718874, -0.694843, -1.2e-05, 0.0, 0.0, 0.0, 1.0],
                [0.999653, 0.003012, 0.026166, -0.125006, -0.016718, -0.695135, 0.718686, -0.002831, 0.020353, -0.718874, -0.694843, -1.2e-05, 0.0, 0.0, 0.0, 1.0],
                [0.999653, 0.003012, 0.026166, -0.125006, -0.016718, -0.695135, 0.718686, -0.002831, 0.020353, -0.718874, -0.694843, -1.2e-05, 0.0, 0.0, 0.0, 1.0]
            ]
        },
        {
            "name": "Leg_L",
            "time": [0.0, 0.0167, 0.0333, 0.05, 0.0667, 0.0833, 0.1, 0.1167, 0.1333, 0.15, 0.1667, 0.1833, 0.2, 0.2167, 0.2333, 0.25, 0.2667, 0.2833, 0.3, 0.3167, 0.3333, 0.35, 0.3667, 0.3833, 0.4, 0.4167, 0.4333, 0.45, 0.4667, 0.4833, 0.5],
            "transform": [
                [1.0, 1e-05, 3e-06, 0.0, -1e-05, 0.892124, 0.45179, 0.374726, 2e-06, -0.451791, 0.892124, -0.0, 0.0, 0.0, 0.0, 1.0],
                [1.0, 1.1e-05, 4e-06, -0.0, -1.1e-05, 0.864392, 0.502819, 0.374726, 2e-06, -0.502819, 0.864392, -0.0, 0.0, 0.0, 0.0, 1.0],
                [1.0, 1.2e-05, 5e-06, 0.0, -1.3e-05, 0.808544, 0.588435, 0.374726, 3e-06, -0.588435, 0.808545, 0.0, 0.0, 0.0, 0.0, 1.0],
                [1.0, 1.3e-05, 5e-06, 0.0, -1.4e-05, 0.773697, 0.633555, 0.374726, 4e-06, -0.633556, 0.773697, 0.0, 0.0, 0.0, 0.0, 1.0],
                [1.0, 1.2e-05, 5e-06, -0.0, -1.3e-05, 0.80495, 0.593343, 0.374726, 4e-06, -0.593343, 0.80495, 0.0, 0.0, 0.0, 0.0, 1.0],
                [1.0, 8e-06, 2e-06, -0.0, -8e-06, 0.930984, 0.365058, 0.374726, 1e-06, -0.365058, 0.930984, 0.0, 0.0, 0.0, 0.0, 1.0],
                [1.0, 2e-06, 1e-06, 0.0, -2e-06, 0.996894, 0.078747, 0.374726, -1e-06, -0.078748, 0.996894, -0.0, 0.0, 0.0, 0.0, 1.0],
                [1.0, 1.1e-05, 4e-06, -0.0, -1.2e-05, 0.842731, 0.538335, 0.374726, 3e-06, -0.538335, 0.842731, -0.0, 0.0, 0.0, 0.0, 1.0],
                [1.0, 1.8e-05, 1e-05, 0.0, -1.8e-05, 0.541996, 0.840381, 0.374726, 9e-06, -0.840382, 0.541996, -0.0, 0.0, 0.0, 0.0, 1.0],
                [1.0, 2.1e-05, 1.7e-05, -0.0, -2.1e-05, 0.213624, 0.976916, 0.374726, 1.6e-05, -0.976916, 0.213624, 0.0, 0.0, 0.0, 0.0, 1.0],
                [1.0, 2.1e-05, 2.2e-05, -0.0, -2.2e-05, -0.023761, 0.999717, 0.374726, 2.2e-05, -0.999718, -0.023761, 0.0, 0.0, 0.0, 0.0, 1.0],
                [1.0, 2.1e-05, 2.3e-05, -0.0, -2.2e-05, -0.06716, 0.997742, 0.374726, 2.2e-05, -0.997742, -0.06716, -0.0, 0.0, 0.0, 0.0, 1.0],
                [1.0, 2.1e-05, 2e-05, 0.0, -2.2e-05, 0.099782, 0.995009, 0.374726, 1.9e-05, -0.995009, 0.099782, 0.0, 0.0, 0.0, 0.0, 1.0],
                [1.0, 1.9e-05, 1.3e-05, -0.0, -2e-05, 0.398933, 0.91698, 0.374726, 1.2e-05, -0.91698, 0.398933, -0.0, 0.0, 0.0, 0.0, 1.0],
                [1.0, 1.5e-05, 7e-06, -0.0, -1.5e-05, 0.695326, 0.718694, 0.374726, 6e-06, -0.718695, 0.695326, -0.0, 0.0, 0.0, 0.0, 1.0],
                [1.0, 1.2e-05, 4e-06, -0.0, -1.2e-05, 0.827166, 0.561958, 0.374726, 3e-06, -0.561958, 0.827166, -0.0, 0.0, 0.0, 0.0, 1.0],
                [1.0, 1.2e-05, 4e-06, 0.0, -1.2e-05, 0.827165, 0.561959, 0.374726, 3e-06, -0.561959, 0.827166, -0.0, 0.0, 0.0, 0.0, 1.0],
                [1.0, 1.2e-05, 4e-06, 0.0, -1.2e-05, 0.827165, 0.561959, 0.374726, 3e-06, -0.561959, 0.827166, -0.0, 0.0, 0.0, 0.0, 1.0],
                [1.0, 1.2e-05, 4e-06, 0.0, -1.2e-05, 0.827166, 0.561958, 0.374726, 3e-06, -0.561958, 0.827166, -0.0, 0.0, 0.0, 0.0, 1.0],
                [1.0, 1.2e-05, 4e-06, 0.0, -1.2e-05, 0.827166, 0.561958, 0.374726, 3e-06, -0.561958, 0.827166, -0.0, 0.0, 0.0, 0.0, 1.0],
                [1.0, 1.2e-05, 4e-06, 0.0, -1.2e-05, 0.827166, 0.561958, 0.374726, 3e-06, -0.561958, 0.827166, 0.0, 0.0, 0.0, 0.0, 1.0],
                [1.0, 1.2e-05, 4e-06, 0.0, -1.2e-05, 0.827166, 0.561958, 0.374726, 3e-06, -0.561958, 0.827166, -0.0, 0.0, 0.0, 0.0, 1.0],
                [1.0, 1.2e-05, 4e-06, -0.0, -1.2e-05, 0.827166, 0.561958, 0.374726, 3e-06, -0.561958, 0.827166, 0.0, 0.0, 0.0, 0.0, 1.0],
                [1.0, 1.2e-05, 4e-06, -0.0, -1.2e-05, 0.827166, 0.561958, 0.374726, 3e-06, -0.561958, 0.827166, -0.0, 0.0, 0.0, 0.0, 1.0],
                [1.0, 1.2e-05, 4e-06, 0.0, -1.2e-05, 0.827166, 0.561958, 0.374726, 3e-06, -0.561958, 0.827166, 0.0, 0.0, 0.0, 0.0, 1.0],
                [1.0, 1.2e-05, 4e-06, 0.0, -1.2e-05, 0.827166, 0.561958, 0.374726, 3e-06, -0.561958, 0.827166, -0.0, 0.0, 0.0, 0.0, 1.0],
                [1.0, 1.2e-05, 4e-06, -0.0, -1.2e-05, 0.827166, 0.561958, 0.374726, 3e-06, -0.561958, 0.827166, 0.0, 0.0, 0.0, 0.0, 1.0],
                [1.0, 1.2e-05, 4e-06, -0.0, -1.2e-05, 0.827166, 0.561958, 0.374726, 3e-06, -0.561958, 0.827166, -0.0, 0.0, 0.0, 0.0, 1.0],
                [1.0, 1.2e-05, 4e-06, 0.0, -1.2e-05, 0.827166, 0.561958, 0.374726, 3e-06, -0.561958, 0.827166, 0.0, 0.0, 0.0, 0.0, 1.0],
                [1.0, 1.2e-05, 4e-06, 0.0, -1.2e-05, 0.827166, 0.561958, 0.374726, 3e-06, -0.561958, 0.827166, -0.0, 0.0, 0.0, 0.0, 1.0],
                [1.0, 1.2e-05, 4e-06, -0.0, -1.2e-05, 0.827166, 0.561958, 0.374726, 3e-06, -0.561958, 0.827166, 0.0, 0.0, 0.0, 0.0, 1.0]
            ]
        },
        {
            "name": "Knee_L",
            "time": [0.0, 0.5],
            "transform": [
                [1.0, 0.0, -0.0, -0.0, -0.0, 0.00567, -0.999984, 0.374726, -0.0, 0.999984, 0.00567, -0.0, 0.0, 0.0, 0.0, 1.0],
                [1.0, 0.0, -0.0, 0.0, -0.0, 0.00567, -0.999984, 0.381219, -0.0, 0.999984, 0.00567, -3.7e-05, 0.0, 0.0, 0.0, 1.0]
            ]
        },
        {
            "name": "Torso",
            "time": [0.0, 0.0167, 0.0333, 0.05, 0.0667, 0.0833, 0.1, 0.1167, 0.1333, 0.15, 0.1667, 0.1833, 0.2, 0.2167, 0.2333, 0.25, 0.2667, 0.2833, 0.3, 0.3167, 0.3333, 0.35, 0.3667, 0.3833, 0.4, 0.4167, 0.4333, 0.45, 0.4667, 0.4833, 0.5],
            "transform": [
                [1.0, 0.0, 0.0, 0.0, 0.0, 1.0, 0.0, 0.05, 0.0, 0.0, 1.0, 0.0, 0.0, 0.0, 0.0, 1.0],
                [0.999999, 0.0, -0.001687, 0.0, 0.0, 1.0, 0.0, 0.05, 0.001687, 0.0, 0.999999, 0.0, 0.0, 0.0, 0.0, 1.0],
                [0.999978, 0.0, -0.006566, 0.0, 0.0, 1.0, 0.0, 0.05, 0.006566, 0.0, 0.999978, 0.0, 0.0, 0.0, 0.0, 1.0],
                [0.999897, 0.0, -0.014362, 0.0, 0.0, 1.0, 0.0, 0.05, 0.014362, 0.0, 0.999897, 0.0, 0.0, 0.0, 0.0, 1.0],
                [0.999692, 0.0, -0.024801, 0.0, 0.0, 1.0, 0.0, 0.05, 0.024801, 0.0, 0.999692, 0.0, 0.0, 0.0, 0.0, 1.0],
                [0.999293, 0.0, -0.037609, 0.0, 0.0, 1.0, 0.0, 0.05, 0.037609, 0.0, 0.999293, 0.0, 0.0, 0.0, 0.0, 1.0],
                [0.99862, 0.0, -0.052509, 0.0, 0.0, 1.0, 0.0, 0.05, 0.052509, 0.0, 0.99862, 0.0, 0.0, 0.0, 0.0, 1.0],
                [0.997602, 0.0, -0.069219, 0.0, 0.0, 1.0, 0.0, 0.05, 0.069219, 0.0, 0.997602, 0.0, 0.0, 0.0, 0.0, 1.0],
                [0.996168, 0.0, -0.087454, 0.0, 0.0, 1.0, 0.0, 0.05, 0.087454, 0.0, 0.996168, 0.0, 0.0, 0.0, 0.0, 1.0],
                [0.994267, 0.0, -0.106925, 0.0, 0.0, 1.0, 0.0, 0.05, 0.106925, 0.0, 0.994267, 0.0, 0.0, 0.0, 0.0, 1.0],
                [0.991859, 0.0, -0.127339, 0.0, 0.0, 1.0, 0.0, 0.05, 0.127339, 0.0, 0.991859, 0.0, 0.0, 0.0, 0.0, 1.0],
                [0.988927, 0.0, -0.148403, 0.0, 0.0, 1.0, 0.0, 0.05, 0.148403, 0.0, 0.988927, 0.0, 0.0, 0.0, 0.0, 1.0],
                [0.985475, 0.0, -0.169819, 0.0, 0.0, 1.0, 0.0, 0.05, 0.169819, 0.0, 0.985475, 0.0, 0.0, 0.0, 0.0, 1.0],
                [0.981532, 0.0, -0.191296, 0.0, 0.0, 1.0, 0.0, 0.05, 0.191296, 0.0, 0.981532, 0.0, 0.0, 0.0, 0.0, 1.0],
                [0.977152, 0.0, -0.212542, 0.0, 0.0, 1.0, 0.0, 0.05, 0.212542, 0.0, 0.977152, 0.0, 0.0, 0.0, 0.0, 1.0],
                [0.972411, 0.0, -0.233273, 0.0, 0.0, 1.0, 0.0, 0.05, 0.233273, 0.0, 0.972411, 0.0, 0.0, 0.0, 0.0, 1.0],
                [0.967411, 0.0, -0.253211, 0.0, 0.0, 1.0, 0.0, 0.05, 0.253211, 0.0, 0.967411, 0.0, 0.0, 0.0, 0.0, 1.0],
                [0.962272, 0.0, -0.272088, 0.0, 0.0, 1.0, 0.0, 0.05, 0.272088, 0.0, 0.962272, 0.0, 0.0, 0.0, 0.0, 1.0],
                [0.957135, 0.0, -0.289643, 0.0, 0.0, 1.0, 0.0, 0.05, 0.289643, 0.0, 0.957135, 0.0, 0.0, 0.0, 0.0, 1.0],
                [0.952152, 0.0, -0.305626, 0.0, 0.0, 1.0, 0.0, 0.05, 0.305626, 0.0, 0.952152, 0.0, 0.0, 0.0, 0.0, 1.0],
                [0.947488, 0.0, -0.319792, 0.0, 0.0, 1.0, 0.0, 0.05, 0.319792, 0.0, 0.947488, 0.0, 0.0, 0.0, 0.0, 1.0],
                [0.943312, 0.0, -0.331907, 0.0, 0.0, 1.0, 0.0, 0.05, 0.331907, 0.0, 0.943312, 0.0, 0.0, 0.0, 0.0, 1.0],
                [0.939795, 0.0, -0.341738, 0.0, 0.0, 1.0, 0.0, 0.05, 0.341738, 0.0, 0.939795, 0.0, 0.0, 0.0, 0.0, 1.0],
                [0.937102, 0.0, -0.349055, 0.0, 0.0, 1.0, 0.0, 0.05, 0.349055, 0.0, 0.937102, 0.0, 0.0, 0.0, 0.0, 1.0],
                [0.935388, 0.0, -0.353623, 0.0, 0.0, 1.0, 0.0, 0.05, 0.353623, 0.0, 0.935388, 0.0, 0.0, 0.0, 0.0, 1.0],
                [0.93479, 0.0, -0.3552, 0.0, 0.0, 1.0, 0.0, 0.05, 0.3552, 0.0, 0.93479, 0.0, 0.0, 0.0, 0.0, 1.0],
                [0.93479, 0.0, -0.3552, 0.0, 0.0, 1.0, 0.0, 0.05, 0.3552, 0.0, 0.93479, 0.0, 0.0, 0.0, 0.0, 1.0],
                [0.93479, 0.0, -0.3552, 0.0, 0.0, 1.0, 0.0, 0.05, 0.3552, 0.0, 0.93479, 0.0, 0.0, 0.0, 0.0, 1.0],
                [0.93479, 0.0, -0.3552, 0.0, 0.0, 1.0, 0.0, 0.05, 0.3552, 0.0, 0.93479, 0.0, 0.0, 0.0, 0.0, 1.0],
                [0.93479, 0.0, -0.3552, 0.0, 0.0, 1.0, 0.0, 0.05, 0.3552, 0.0, 0.93479, 0.0, 0.0, 0.0, 0.0, 1.0],
                [0.93479, 0.0, -0.3552, 0.0, 0.0, 1.0, 0.0, 0.05, 0.3552, 0.0, 0.93479, 0.0, 0.0, 0.0, 0.0, 1.0]
            ]
        },
        {
            "name": "Chest",
            "time": [0.0, 0.0167, 0.0333, 0.05, 0.0667, 0.0833, 0.1, 0.1167, 0.1333, 0.15, 0.1667, 0.1833, 0.2, 0.2167, 0.2333, 0.25, 0.2667, 0.2833, 0.3, 0.3167, 0.3333, 0.35, 0.3667, 0.3833, 0.4, 0.4167, 0.4333, 0.45, 0.4667, 0.4833, 0.5],
            "transform": [
                [1.0, 0.0, 0.0, 0.0, 0.0, 1.0, 0.0, 0.3, 0.0, 0.0, 1.0, 0.0, 0.0, 0.0, 0.0, 1.0],
                [0.99991, 0.003091, -0.013067, -0.0, -0.002823, 0.999787, 0.020455, 0.3, 0.013127, -0.020416, 0.999705, 0.0, 0.0, 0.0, 0.0, 1.0],
                [0.998714, 0.012508, -0.049123, -0.0, -0.009081, 0.99755, 0.06937, 0.3, 0.04987, -0.068835, 0.996381, 0.0, 0.0, 0.0, 0.0, 1.0],
                [0.994244, 0.028601, -0.103253, 0.0, -0.015236, 0.99166, 0.127978, 0.3, 0.106052, -0.125669, 0.986388, 0.0, 0.0, 0.0, 0.0, 1.0],
                [0.984033, 0.050126, -0.170782, 0.0, -0.019303, 0.983919, 0.177569, 0.3, 0.176936, -0.171437, 0.969176, -0.0, 0.0, 0.0, 0.0, 1.0],
                [0.965987, 0.072858, -0.248116, 0.0, -0.022494, 0.979526, 0.200055, 0.3, 0.257612, -0.18767, 0.947848, -0.0, 0.0, 0.0, 0.0, 1.0],
                [0.938785, 0.093348, -0.331617, 0.0, -0.025743, 0.978907, 0.202679, 0.3, 0.343541, -0.181735, 0.921386, 0.0, 0.0, 0.0, 0.0, 1.0],
                [0.902069, 0.112357, -0.416711, 0.0, -0.027433, 0.978494, 0.204445, 0.3, 0.43072, -0.172991, 0.885751, 0.0, 0.0, 0.0, 0.0, 1.0],
                [0.856595, 0.129312, -0.499524, 0.0, -0.027922, 0.978286, 0.205368, 0.3, 0.515234, -0.161969, 0.841606, 0.0, 0.0, 0.0, 0.0, 1.0],
                [0.80439, 0.143754, -0.576448, 0.0, -0.027558, 0.978268, 0.205504, 0.3, 0.593462, -0.14942, 0.79087, 0.0, 0.0, 0.0, 0.0, 1.0],
                [0.748632, 0.155428, -0.64451, 0.0, -0.026669, 0.978405, 0.204971, 0.3, 0.662449, -0.13626, 0.73661, -0.0, 0.0, 0.0, 0.0, 1.0],
                [0.693341, 0.164312, -0.701627, 0.0, -0.025539, 0.978648, 0.20395, 0.3, 0.720157, -0.123488, 0.682733, -0.0, 0.0, 0.0, 0.0, 1.0],
                [0.642973, 0.170604, -0.746646, 0.0, -0.024398, 0.978943, 0.202672, 0.3, 0.7655, -0.112095, 0.633596, -0.0, 0.0, 0.0, 0.0, 1.0],
                [0.602028, 0.174653, -0.77914, -0.0, -0.023424, 0.979228, 0.201406, 0.3, 0.798131, -0.103002, 0.593614, 0.0, 0.0, 0.0, 0.0, 1.0],
                [0.574748, 0.176859, -0.798991, -0.0, -0.022749, 0.979442, 0.200439, 0.3, 0.818015, -0.097026, 0.566955, 0.0, 0.0, 0.0, 0.0, 1.0],
                [0.564913, 0.177551, -0.805822, -0.0, -0.022494, 0.979526, 0.200055, 0.3, 0.824844, -0.094888, 0.557341, 0.0, 0.0, 0.0, 0.0, 1.0],
                [0.564913, 0.177551, -0.805822, -0.0, -0.022494, 0.979526, 0.200055, 0.3, 0.824844, -0.094888, 0.557341, -0.0, 0.0, 0.0, 0.0, 1.0],
                [0.564914, 0.177551, -0.805822, 0.0, -0.022494, 0.979526, 0.200055, 0.3, 0.824844, -0.094888, 0.557342, -0.0, 0.0, 0.0, 0.0, 1.0],
                [0.564914, 0.177551, -0.805822, 0.0, -0.022494, 0.979526, 0.200055, 0.3, 0.824844, -0.094888, 0.557341, 0.0, 0.0, 0.0, 0.0, 1.0],
                [0.564913, 0.177551, -0.805822, -0.0, -0.022494, 0.979526, 0.200055, 0.3, 0.824844, -0.094888, 0.557341, -0.0, 0.0, 0.0, 0.0, 1.0],
                [0.564913, 0.177551, -0.805822, 0.0, -0.022494, 0.979526, 0.200055, 0.3, 0.824844, -0.094888, 0.557341, 0.0, 0.0, 0.0, 0.0, 1.0],
                [0.564913, 0.177551, -0.805822, 0.0, -0.022494, 0.979526, 0.200055, 0.3, 0.824844, -0.094888, 0.557341, -0.0, 0.0, 0.0, 0.0, 1.0],
                [0.564914, 0.177551, -0.805822, 0.0, -0.022494, 0.979526, 0.200055, 0.3, 0.824844, -0.094888, 0.557341, -0.0, 0.0, 0.0, 0.0, 1.0],
                [0.564913, 0.177551, -0.805821, 0.0, -0.022494, 0.979526, 0.200055, 0.3, 0.824843, -0.094888, 0.557341, 0.0, 0.0, 0.0, 0.0, 1.0],
                [0.564914, 0.177551, -0.805822, 0.0, -0.022494, 0.979526, 0.200055, 0.3, 0.824844, -0.094888, 0.557342, -0.0, 0.0, 0.0, 0.0, 1.0],
                [0.564913, 0.177551, -0.805822, -0.0, -0.022494, 0.979526, 0.200055, 0.3, 0.824844, -0.094888, 0.557341, -0.0, 0.0, 0.0, 0.0, 1.0],
                [0.564914, 0.177551, -0.805822, -0.0, -0.022494, 0.979526, 0.200055, 0.3, 0.824844, -0.094888, 0.557341, -0.0, 0.0, 0.0, 0.0, 1.0],
                [0.564913, 0.177551, -0.805822, -0.0, -0.022494, 0.979526, 0.200055, 0.3, 0.824844, -0.094888, 0.557341, -0.0, 0.0, 0.0, 0.0, 1.0],
                [0.564914, 0.177551, -0.805822, -0.0, -0.022494, 0.979526, 0.200055, 0.3, 0.824844, -0.094888, 0.557341, -0.0, 0.0, 0.0, 0.0, 1.0],
                [0.564913, 0.177551, -0.805822, -0.0, -0.022494, 0.979526, 0.200055, 0.3, 0.824844, -0.094888, 0.557341, -0.0, 0.0, 0.0, 0.0, 1.0],
                [0.564913, 0.177551, -0.805822, -0.0, -0.022494, 0.979526, 0.200055, 0.3, 0.824844, -0.094888, 0.557341, -0.0, 0.0, 0.0, 0.0, 1.0]
            ]
        },
        {
            "name": "Head",
            "time": [0.0, 0.0167, 0.0333, 0.05, 0.0667, 0.0833, 0.1, 0.1167, 0.1333, 0.15, 0.1667, 0.1833, 0.2, 0.2167, 0.2333, 0.25, 0.2667, 0.2833, 0.3, 0.3167, 0.3333, 0.35, 0.3667, 0.3833, 0.4, 0.4167, 0.4333, 0.45, 0.4667, 0.4833, 0.5],
            "transform": [
                [1.0, 0.0, 0.0, 0.0, 0.0, 1.0, 0.0, 0.4, 0.0, 0.0, 1.0, 0.0, 0.0, 0.0, 0.0, 1.0],
                [0.999967, -0.001639, 0.008023, 0.0, 0.001638, 0.999999, 0.000191, 0.4, -0.008024, -0.000178, 0.999968, 0.0, 0.0, 0.0, 0.0, 1.0],
                [0.999511, -0.006271, 0.03065, 0.0, 0.006249, 0.99998, 0.0008, 0.4, -0.030654, -0.000608, 0.99953, -0.0, 0.0, 0.0, 0.0, 1.0],
                [0.997747, -0.013476, 0.065728, 0.0, 0.013377, 0.999909, 0.001951, 0.4, -0.065749, -0.001068, 0.997836, 0.0, 0.0, 0.0, 0.0, 1.0],
                [0.993554, -0.022826, 0.111036, 0.0, 0.022541, 0.999739, 0.003814, 0.4, -0.111094, -0.001287, 0.993809, 0.0, 0.0, 0.0, 0.0, 1.0],
                [0.985846, -0.03386, 0.164197, -0.0, 0.033236, 0.999426, 0.006547, 0.4, -0.164324, -0.000997, 0.986406, -0.0, 0.0, 0.0, 0.0, 1.0],
                [0.973807, -0.046076, 0.222658, 0.0, 0.044922, 0.998938, 0.010251, 0.4, -0.222894, 1.9e-05, 0.974843, 0.0, 0.0, 0.0, 0.0, 1.0],
                [0.957088, -0.058936, 0.283743, -0.0, 0.057044, 0.99826, 0.014934, 0.4, -0.284129, 0.001893, 0.958784, 0.0, 0.0, 0.0, 0.0, 1.0],
                [0.935935, -0.071884, 0.344759, 0.0, 0.069059, 0.997402, 0.020484, 0.4, -0.345336, 0.004637, 0.938468, -0.0, 0.0, 0.0, 0.0, 1.0],
                [0.911234, -0.084377, 0.403155, 0.0, 0.080464, 0.996401, 0.026671, 0.4, -0.403954, 0.008136, 0.914743, 0.0, 0.0, 0.0, 0.0, 1.0],
                [0.88446, -0.095918, 0.456651, 0.0, 0.090824, 0.995315, 0.033151, 0.4, -0.457692, 0.012154, 0.889028, -0.0, 0.0, 0.0, 0.0, 1.0],
                [0.857552, -0.106072, 0.503343, -0.0, 0.099792, 0.994224, 0.039502, 0.4, -0.504625, 0.016355, 0.863184, 0.0, 0.0, 0.0, 0.0, 1.0],
                [0.832739, -0.114477, 0.541702, -0.0, 0.107102, 0.993218, 0.04525, 0.4, -0.543209, 0.020336, 0.839352, -0.0, 0.0, 0.0, 0.0, 1.0],
                [0.812356, -0.120828, 0.570507, 0.0, 0.112555, 0.992391, 0.04991, 0.4, -0.572197, 0.023669, 0.819775, -0.0, 0.0, 0.0, 0.0, 1.0],
                [0.79867, -0.124853, 0.588676, 0.0, 0.115976, 0.991836, 0.053012, 0.4, -0.590489, 0.025933, 0.806629, -0.0, 0.0, 0.0, 0.0, 1.0],
                [0.793715, -0.126266, 0.595041, -0.0, 0.117171, 0.991635, 0.05413, 0.4, -0.596898, 0.026758, 0.80187, 0.0, 0.0, 0.0, 0.0, 1.0],
                [0.793715, -0.126266, 0.595041, 0.0, 0.117171, 0.991635, 0.05413, 0.4, -0.596898, 0.026758, 0.801871, -0.0, 0.0, 0.0, 0.0, 1.0],
                [0.793715, -0.126266, 0.595041, 0.0, 0.117171, 0.991635, 0.05413, 0.4, -0.596898, 0.026758, 0.801871, 0.0, 0.0, 0.0, 0.0, 1.0],
                [0.793715, -0.126266, 0.595041, 0.0, 0.117171, 0.991635, 0.05413, 0.4, -0.596898, 0.026758, 0.801871, 0.0, 0.0, 0.0, 0.0, 1.0],
                [0.793715, -0.126266, 0.595041, -0.0, 0.117171, 0.991635, 0.05413, 0.4, -0.596898, 0.026758, 0.801871, -0.0, 0.0, 0.0, 0.0, 1.0],
                [0.793715, -0.126266, 0.595041, -0.0, 0.117171, 0.991635, 0.05413, 0.4, -0.596898, 0.026758, 0.801871, 0.0, 0.0, 0.0, 0.0, 1.0],
                [0.793715, -0.126266, 0.595041, 0.0, 0.117171, 0.991635, 0.05413, 0.4, -0.596898, 0.026758, 0.80187, -0.0, 0.0, 0.0, 0.0, 1.0],
                [0.793715, -0.126266, 0.595041, -0.0, 0.117171, 0.991635, 0.05413, 0.4, -0.596898, 0.026758, 0.801871, -0.0, 0.0, 0.0, 0.0, 1.0],
                [0.793715, -0.126266, 0.595041, 0.0, 0.117171, 0.991635, 0.05413, 0.4, -0.596898, 0.026758, 0.801871, 0.0, 0.0, 0.0, 0.0, 1.0],
                [0.793715, -0.126266, 0.595041, -0.0, 0.117171, 0.991635, 0.05413, 0.4, -0.596898, 0.026758, 0.801871, 0.0, 0.0, 0.0, 0.0, 1.0],
                [0.793715, -0.126266, 0.595041, -0.0, 0.117171, 0.991635, 0.05413, 0.4, -0.596898, 0.026758, 0.801871, 0.0, 0.0, 0.0, 0.0, 1.0],
                [0.793715, -0.126266, 0.595041, 0.0, 0.117171, 0.991636, 0.05413, 0.4, -0.596898, 0.026758, 0.801871, -0.0, 0.0, 0.0, 0.0, 1.0],
                [0.793715, -0.126266, 0.595041, -0.0, 0.117171, 0.991635, 0.05413, 0.4, -0.596898, 0.026758, 0.801871, 0.0, 0.0, 0.0, 0.0, 1.0],
                [0.793715, -0.126266, 0.595041, 0.0, 0.117171, 0.991636, 0.05413, 0.4, -0.596898, 0.026758, 0.801871, -0.0, 0.0, 0.0, 0.0, 1.0],
                [0.793715, -0.126266, 0.595041, 0.0, 0.117171, 0.991635, 0.05413, 0.4, -0.596898, 0.026758, 0.801871, 0.0, 0.0, 0.0, 0.0, 1.0],
                [0.793715, -0.126266, 0.595041, 0.0, 0.117171, 0.991635, 0.05413, 0.4, -0.596898, 0.026758, 0.801871, 0.0, 0.0, 0.0, 0.0, 1.0]
            ]
        },
        {
            "name": "Shoulder_R",
            "time": [0.0, 0.0167, 0.0333, 0.05, 0.0667, 0.0833, 0.1, 0.1167, 0.1333, 0.15, 0.1667, 0.1833, 0.2, 0.2167, 0.2333, 0.25, 0.2667, 0.2833, 0.3, 0.3167, 0.3333, 0.35, 0.3667, 0.3833, 0.4, 0.4167, 0.4333, 0.45, 0.4667, 0.4833, 0.5],
            "transform": [
                [0.0, 0.952114, 0.305743, -0.0, 0.0, -0.305743, 0.952114, 0.4, 1.0, -0.0, -0.0, -0.061333, 0.0, 0.0, 0.0, 1.0],
                [0.0, 0.952114, 0.305743, -0.0, 0.0, -0.305743, 0.952114, 0.4, 1.0, 0.0, -0.0, -0.061333, 0.0, 0.0, 0.0, 1.0],
                [0.0, 0.952114, 0.305743, 0.0, 0.0, -0.305743, 0.952114, 0.4, 1.0, 0.0, -0.0, -0.061333, 0.0, 0.0, 0.0, 1.0],
                [0.0, 0.952114, 0.305743, 0.0, 0.0, -0.305743, 0.952114, 0.4, 1.0, -0.0, -0.0, -0.061333, 0.0, 0.0, 0.0, 1.0],
                [0.0, 0.952114, 0.305743, -0.0, 0.0, -0.305743, 0.952114, 0.4, 1.0, -0.0, -0.0, -0.061333, 0.0, 0.0, 0.0, 1.0],
                [0.0, 0.952114, 0.305743, -0.0, 0.0, -0.305743, 0.952114, 0.399999, 1.0, 0.0, -0.0, -0.061333, 0.0, 0.0, 0.0, 1.0],
                [0.0, 0.952114, 0.305743, -0.0, 0.0, -0.305743, 0.952114, 0.399999, 1.0, 0.0, -0.0, -0.061333, 0.0, 0.0, 0.0, 1.0],
                [0.0, 0.952114, 0.305743, -0.0, 0.0, -0.305743, 0.952114, 0.4, 1.0, -0.0, -0.0, -0.061333, 0.0, 0.0, 0.0, 1.0],
                [0.0, 0.952114, 0.305743, 0.0, 0.0, -0.305743, 0.952114, 0.4, 1.0, -0.0, -0.0, -0.061333, 0.0, 0.0, 0.0, 1.0],
                [0.0, 0.952114, 0.305743, 0.0, 0.0, -0.305743, 0.952114, 0.4, 1.0, 0.0, -0.0, -0.061333, 0.0, 0.0, 0.0, 1.0],
                [0.0, 0.952114, 0.305743, 0.0, 0.0, -0.305743, 0.952114, 0.4, 1.0, 0.0, -0.0, -0.061333, 0.0, 0.0, 0.0, 1.0],
                [0.0, 0.952114, 0.305743, -0.0, 0.0, -0.305743, 0.952114, 0.4, 1.0, -0.0, -0.0, -0.061333, 0.0, 0.0, 0.0, 1.0],
