{
    "animation": [
        {
            "name": "Root",
            "time": [0.0, 0.0167, 0.0333, 0.05, 0.0667, 0.0833, 0.1, 0.1167, 0.1333, 0.15, 0.1667, 0.1833, 0.2, 0.2167, 0.2333, 0.25, 0.2667, 0.2833, 0.3, 0.3167, 0.3333, 0.35, 0.3667, 0.3833, 0.4, 0.4167, 0.4333, 0.45, 0.4667, 0.4833, 0.5, 0.5167, 0.5333, 0.55, 0.5667, 0.5833, 0.6, 0.6167, 0.6333, 0.65, 0.6667],
            "transform": [
                [1.0, 0.0, 0.0, -5e-06, 0.0, 0.0, -1.0, 0.000946, 0.0, 1.0, 0.0, 0.699995, 0.0, 0.0, 0.0, 1.0],
                [1.0, 0.0, 0.0, -5e-06, 0.0, 0.0, -1.0, 0.000946, 0.0, 1.0, 0.0, 0.700352, 0.0, 0.0, 0.0, 1.0],
                [1.0, 0.0, 0.0, -5e-06, 0.0, 0.0, -1.0, 0.000946, 0.0, 1.0, 0.0, 0.701321, 0.0, 0.0, 0.0, 1.0],
                [1.0, 0.0, 0.0, -5e-06, 0.0, 0.0, -1.0, 0.000946, 0.0, 1.0, 0.0, 0.702748, 0.0, 0.0, 0.0, 1.0],
                [1.0, 0.0, 0.0, -5e-06, 0.0, 0.0, -1.0, 0.000946, 0.0, 1.0, 0.0, 0.704481, 0.0, 0.0, 0.0, 1.0],
                [1.0, 0.0, 0.0, -5e-06, 0.0, 0.0, -1.0, 0.000946, 0.0, 1.0, 0.0, 0.706367, 0.0, 0.0, 0.0, 1.0],
                [1.0, 0.0, 0.0, -5e-06, 0.0, 0.0, -1.0, 0.000946, 0.0, 1.0, 0.0, 0.708253, 0.0, 0.0, 0.0, 1.0],
                [1.0, 0.0, 0.0, -5e-06, 0.0, 0.0, -1.0, 0.000946, 0.0, 1.0, 0.0, 0.709986, 0.0, 0.0, 0.0, 1.0],
                [1.0, 0.0, 0.0, -5e-06, 0.0, 0.0, -1.0, 0.000946, 0.0, 1.0, 0.0, 0.711413, 0.0, 0.0, 0.0, 1.0],
                [1.0, 0.0, 0.0, -5e-06, 0.0, 0.0, -1.0, 0.000946, 0.0, 1.0, 0.0, 0.712381, 0.0, 0.0, 0.0, 1.0],
                [1.0, 0.0, 0.0, -5e-06, 0.0, 0.0, -1.0, 0.000946, 0.0, 1.0, 0.0, 0.712738, 0.0, 0.0, 0.0, 1.0],
                [1.0, 0.0, 0.0, -5e-06, 0.0, 0.0, -1.0, 0.000946, 0.0, 1.0, 0.0, 0.709121, 0.0, 0.0, 0.0, 1.0],
                [1.0, 0.0, 0.0, -5e-06, 0.0, 0.0, -1.0, 0.000946, 0.0, 1.0, 0.0, 0.700496, 0.0, 0.0, 0.0, 1.0],
                [1.0, 0.0, 0.0, -5e-06, 0.0, 0.0, -1.0, 0.000946, 0.0, 1.0, 0.0, 0.690202, 0.0, 0.0, 0.0, 1.0],
                [1.0, 0.0, 0.0, -5e-06, 0.0, 0.0, -1.0, 0.000946, 0.0, 1.0, 0.0, 0.681577, 0.0, 0.0, 0.0, 1.0],
                [1.0, 0.0, 0.0, -5e-06, 0.0, 0.0, -1.0, 0.000946, 0.0, 1.0, 0.0, 0.67796, 0.0, 0.0, 0.0, 1.0],
                [1.0, 0.0, 0.0, -5e-06, 0.0, 0.0, -1.0, 0.000946, 0.0, 1.0, 0.0, 0.678791, 0.0, 0.0, 0.0, 1.0],
                [1.0, 0.0, 0.0, -5e-06, 0.0, 0.0, -1.0, 0.000946, 0.0, 1.0, 0.0, 0.681334, 0.0, 0.0, 0.0, 1.0],
                [1.0, 0.0, 0.0, -5e-06, 0.0, 0.0, -1.0, 0.000946, 0.0, 1.0, 0.0, 0.685665, 0.0, 0.0, 0.0, 1.0],
                [1.0, 0.0, 0.0, -5e-06, 0.0, 0.0, -1.0, 0.000946, 0.0, 1.0, 0.0, 0.691861, 0.0, 0.0, 0.0, 1.0],
                [1.0, 0.0, 0.0, -5e-06, 0.0, 0.0, -1.0, 0.000946, 0.0, 1.0, 0.0, 0.699995, 0.0, 0.0, 0.0, 1.0],
                [1.0, 0.0, 0.0, -5e-06, 0.0, 0.0, -1.0, 0.000946, 0.0, 1.0, 0.0, 0.709877, 0.0, 0.0, 0.0, 1.0],
                [1.0, 0.0, 0.0, -5e-06, 0.0, 0.0, -1.0, 0.000946, 0.0, 1.0, 0.0, 0.720237, 0.0, 0.0, 0.0, 1.0],
                [1.0, 0.0, 0.0, -5e-06, 0.0, 0.0, -1.0, 0.000946, 0.0, 1.0, 0.0, 0.72954, 0.0, 0.0, 0.0, 1.0],
                [1.0, 0.0, 0.0, -5e-06, 0.0, 0.0, -1.0, 0.000946, 0.0, 1.0, 0.0, 0.736249, 0.0, 0.0, 0.0, 1.0],
                [1.0, 0.0, 0.0, -5e-06, 0.0, 0.0, -1.0, 0.000946, 0.0, 1.0, 0.0, 0.738826, 0.0, 0.0, 0.0, 1.0],
                [1.0, 0.0, 0.0, -5e-06, 0.0, 0.0, -1.0, 0.000946, 0.0, 1.0, 0.0, 0.737318, 0.0, 0.0, 0.0, 1.0],
                [1.0, 0.0, 0.0, -5e-06, 0.0, 0.0, -1.0, 0.000946, 0.0, 1.0, 0.0, 0.733225, 0.0, 0.0, 0.0, 1.0],
                [1.0, 0.0, 0.0, -5e-06, 0.0, 0.0, -1.0, 0.000946, 0.0, 1.0, 0.0, 0.727193, 0.0, 0.0, 0.0, 1.0],
                [1.0, 0.0, 0.0, -5e-06, 0.0, 0.0, -1.0, 0.000946, 0.0, 1.0, 0.0, 0.719868, 0.0, 0.0, 0.0, 1.0],
                [1.0, 0.0, 0.0, -5e-06, 0.0, 0.0, -1.0, 0.000946, 0.0, 1.0, 0.0, 0.711897, 0.0, 0.0, 0.0, 1.0],
                [1.0, 0.0, 0.0, -5e-06, 0.0, 0.0, -1.0, 0.000946, 0.0, 1.0, 0.0, 0.703926, 0.0, 0.0, 0.0, 1.0],
                [1.0, 0.0, 0.0, -5e-06, 0.0, 0.0, -1.0, 0.000946, 0.0, 1.0, 0.0, 0.696602, 0.0, 0.0, 0.0, 1.0],
                [1.0, 0.0, 0.0, -5e-06, 0.0, 0.0, -1.0, 0.000946, 0.0, 1.0, 0.0, 0.69057, 0.0, 0.0, 0.0, 1.0],
                [1.0, 0.0, 0.0, -5e-06, 0.0, 0.0, -1.0, 0.000946, 0.0, 1.0, 0.0, 0.686476, 0.0, 0.0, 0.0, 1.0],
                [1.0, 0.0, 0.0, -5e-06, 0.0, 0.0, -1.0, 0.000946, 0.0, 1.0, 0.0, 0.684968, 0.0, 0.0, 0.0, 1.0],
                [1.0, 0.0, 0.0, -5e-06, 0.0, 0.0, -1.0, 0.000946, 0.0, 1.0, 0.0, 0.686531, 0.0, 0.0, 0.0, 1.0],
                [1.0, 0.0, 0.0, -5e-06, 0.0, 0.0, -1.0, 0.000946, 0.0, 1.0, 0.0, 0.690258, 0.0, 0.0, 0.0, 1.0],
                [1.0, 0.0, 0.0, -5e-06, 0.0, 0.0, -1.0, 0.000946, 0.0, 1.0, 0.0, 0.694706, 0.0, 0.0, 0.0, 1.0],
                [1.0, 0.0, 0.0, -5e-06, 0.0, 0.0, -1.0, 0.000946, 0.0, 1.0, 0.0, 0.698433, 0.0, 0.0, 0.0, 1.0],
                [1.0, 0.0, 0.0, -5e-06, 0.0, 0.0, -1.0, 0.000946, 0.0, 1.0, 0.0, 0.699995, 0.0, 0.0, 0.0, 1.0]
            ]
        },
        {
            "name": "Thigh_R",
            "time": [0.0, 0.0167, 0.0333, 0.05, 0.0667, 0.0833, 0.1, 0.1167, 0.1333, 0.15, 0.1667, 0.1833, 0.2, 0.2167, 0.2333, 0.25, 0.2667, 0.2833, 0.3, 0.3167, 0.3333, 0.35, 0.3667, 0.3833, 0.4, 0.4167, 0.4333, 0.45, 0.4667, 0.4833, 0.5, 0.5167, 0.5333, 0.55, 0.5667, 0.5833, 0.6, 0.6167, 0.6333, 0.65, 0.6667],
            "transform": [
                [0.997266, 0.033542, -0.065844, 0.124994, 0.070139, -0.710131, 0.700568, -0.047421, -0.02326, -0.703271, -0.710541, -0.059119, 0.0, 0.0, 0.0, 1.0],
                [0.997557, 0.029477, -0.06334, 0.124994, 0.066736, -0.670267, 0.739114, -0.049314, -0.020667, -0.741535, -0.670596, -0.056642, 0.0, 0.0, 0.0, 1.0],
                [0.998105, 0.027552, -0.055027, 0.124994, 0.059777, -0.646512, 0.760558, -0.053834, -0.014621, -0.762406, -0.646934, -0.049996, 0.0, 0.0, 0.0, 1.0],
                [0.998533, 0.031529, -0.044027, 0.124994, 0.05363, -0.688433, 0.723315, -0.059239, -0.007504, -0.724614, -0.689114, -0.040357, 0.0, 0.0, 0.0, 1.0],
                [0.998733, 0.038861, -0.031984, 0.124994, 0.050325, -0.780369, 0.623292, -0.063787, -0.000738, -0.624111, -0.781335, -0.028899, 0.0, 0.0, 0.0, 1.0],
                [0.99874, 0.046202, -0.019591, 0.124994, 0.049929, -0.875513, 0.480608, -0.065735, 0.005052, -0.480981, -0.876717, -0.016798, 0.0, 0.0, 0.0, 1.0],
                [0.998639, 0.051558, -0.007858, 0.124994, 0.051235, -0.941679, 0.33259, -0.064014, 0.009748, -0.33254, -0.943039, -0.005061, 0.0, 0.0, 0.0, 1.0],
                [0.998501, 0.054659, 0.002793, 0.124994, 0.053077, -0.979519, 0.194231, -0.0593, 0.013353, -0.193792, -0.980952, 0.005984, 0.0, 0.0, 0.0, 1.0],
                [0.998362, 0.055965, 0.011871, 0.124994, 0.055011, -0.996067, 0.069459, -0.052467, 0.015711, -0.068692, -0.997514, 0.016183, 0.0, 0.0, 0.0, 1.0],
                [0.998246, 0.055935, 0.019412, 0.124994, 0.056824, -0.997193, -0.048771, -0.04439, 0.01663, 0.049788, -0.998622, 0.025377, 0.0, 0.0, 0.0, 1.0],
                [0.998167, 0.054648, 0.025993, 0.124994, 0.058391, -0.982562, -0.176529, -0.035944, 0.015893, 0.177723, -0.983952, 0.03341, 0.0, 0.0, 0.0, 1.0],
                [0.998077, 0.052451, 0.033038, 0.124994, 0.060323, -0.944549, -0.322783, -0.02787, 0.014275, 0.324155, -0.945897, 0.040173, 0.0, 0.0, 0.0, 1.0],
                [0.997926, 0.049445, 0.041225, 0.124994, 0.063113, -0.877676, -0.475082, -0.020367, 0.012692, 0.476698, -0.878976, 0.045733, 0.0, 0.0, 0.0, 1.0],
                [0.997728, 0.044556, 0.050537, 0.124994, 0.066448, -0.774689, -0.628842, -0.013501, 0.011132, 0.630771, -0.775889, 0.050208, 0.0, 0.0, 0.0, 1.0],
                [0.997501, 0.046618, 0.05309, 0.124994, 0.069999, -0.75404, -0.653088, -0.007338, 0.009586, 0.655172, -0.755419, 0.053713, 0.0, 0.0, 0.0, 1.0],
                [0.997272, 0.055293, 0.048894, 0.124994, 0.07337, -0.814855, -0.575003, -0.001944, 0.008048, 0.577022, -0.816689, 0.056361, 0.0, 0.0, 0.0, 1.0],
                [0.997094, 0.064229, 0.040958, 0.124994, 0.075875, -0.885157, -0.459066, 0.002617, 0.006769, 0.46084, -0.887457, 0.05827, 0.0, 0.0, 0.0, 1.0],
                [0.996992, 0.07088, 0.031366, 0.124994, 0.077281, -0.940121, -0.331965, 0.006278, 0.005958, 0.33339, -0.94277, 0.059554, 0.0, 0.0, 0.0, 1.0],
                [0.996961, 0.074681, 0.022193, 0.124994, 0.077708, -0.973626, -0.21451, 0.008974, 0.005588, 0.215583, -0.97647, 0.060328, 0.0, 0.0, 0.0, 1.0],
                [0.996995, 0.075927, 0.015366, 0.124994, 0.077261, -0.989015, -0.126018, 0.01064, 0.005629, 0.126827, -0.991909, 0.060708, 0.0, 0.0, 0.0, 1.0],
                [0.997076, 0.075312, 0.012925, 0.124994, 0.076177, -0.992957, -0.090743, 0.01121, 0.006, 0.091463, -0.99579, 0.060809, 0.0, 0.0, 0.0, 1.0],
                [0.997163, 0.073912, 0.014272, 0.124994, 0.07499, -0.991897, -0.102552, 0.009591, 0.006577, 0.103332, -0.994626, 0.059948, 0.0, 0.0, 0.0, 1.0],
                [0.997232, 0.072404, 0.016898, 0.124994, 0.073995, -0.988672, -0.130588, 0.005733, 0.007251, 0.131477, -0.991293, 0.05749, 0.0, 0.0, 0.0, 1.0],
                [0.997284, 0.070865, 0.020077, 0.124994, 0.073229, -0.983221, -0.167081, 0.001133, 0.0079, 0.168097, -0.985739, 0.053621, 0.0, 0.0, 0.0, 1.0],
                [0.997318, 0.069447, 0.023092, 0.124994, 0.0727, -0.976373, -0.203497, -0.00271, 0.008414, 0.20463, -0.978803, 0.048525, 0.0, 0.0, 0.0, 1.0],
                [0.997338, 0.068413, 0.025239, 0.124994, 0.0724, -0.970281, -0.230898, -0.004299, 0.008692, 0.232111, -0.972651, 0.04239, 0.0, 0.0, 0.0, 1.0],
                [0.997363, 0.069342, 0.021419, 0.124994, 0.072029, -0.981889, -0.175234, -0.004131, 0.00888, 0.176315, -0.984294, 0.035372, 0.0, 0.0, 0.0, 1.0],
                [0.997431, 0.071057, 0.00902, 0.124994, 0.07102, -0.997466, 0.004342, -0.003783, 0.009306, -0.00369, -0.99995, 0.027552, 0.0, 0.0, 0.0, 1.0],
                [0.997575, 0.069075, -0.008503, 0.124994, 0.068847, -0.961565, 0.265807, -0.003371, 0.010185, -0.265747, -0.963989, 0.019, 0.0, 0.0, 0.0, 1.0],
                [0.997826, 0.06058, -0.02595, 0.124994, 0.064838, -0.831887, 0.551145, -0.003014, 0.011801, -0.551629, -0.834006, 0.009789, 0.0, 0.0, 0.0, 1.0],
                [0.998194, 0.048315, -0.035695, 0.124994, 0.058305, -0.636258, 0.76927, -0.002831, 0.014456, -0.769962, -0.637926, -1.2e-05, 0.0, 0.0, 0.0, 1.0],
                [0.998589, 0.040158, -0.034741, 0.124994, 0.049846, -0.483424, 0.873966, -0.009592, 0.018302, -0.874465, -0.484744, -0.010295, 0.0, 0.0, 0.0, 1.0],
                [0.998913, 0.038175, -0.02676, 0.124994, 0.040668, -0.432893, 0.900528, -0.025794, 0.022794, -0.900637, -0.433975, -0.02064, 0.0, 0.0, 0.0, 1.0],
                [0.999124, 0.038945, -0.015296, 0.124994, 0.03198, -0.475046, 0.87938, -0.045146, 0.026981, -0.879099, -0.475875, -0.030505, 0.0, 0.0, 0.0, 1.0],
                [0.999222, 0.039213, -0.004099, 0.124994, 0.025598, -0.566144, 0.823909, -0.061357, 0.029988, -0.823374, -0.566707, -0.039346, 0.0, 0.0, 0.0, 1.0],
                [0.999242, 0.038916, 0.001062, 0.124994, 0.023294, -0.619528, 0.78463, -0.068135, 0.031192, -0.78401, -0.619964, -0.04662, 0.0, 0.0, 0.0, 1.0],
                [0.99926, 0.037987, -0.006013, 0.124994, 0.028313, -0.620768, 0.783484, -0.065957, 0.02603, -0.783074, -0.621384, -0.051959, 0.0, 0.0, 0.0, 1.0],
                [0.999118, 0.035669, -0.022174, 0.124994, 0.039887, -0.640515, 0.76691, -0.060817, 0.013153, -0.767118, -0.641372, -0.055563, 0.0, 0.0, 0.0, 1.0],
                [0.998555, 0.03375, -0.041814, 0.124994, 0.053652, -0.669254, 0.741095, -0.054695, -0.002972, -0.742267, -0.670098, -0.057748, 0.0, 0.0, 0.0, 1.0],
                [0.997722, 0.033282, -0.058677, 0.124994, 0.065247, -0.697037, 0.714061, -0.049569, -0.017135, -0.716263, -0.69762, -0.058828, 0.0, 0.0, 0.0, 1.0],
                [0.997266, 0.033542, -0.065844, 0.124994, 0.070139, -0.710131, 0.700568, -0.047421, -0.02326, -0.703271, -0.710541, -0.059119, 0.0, 0.0, 0.0, 1.0]
            ]
        },
        {
            "name": "Leg_R",
            "time": [0.0, 0.0167, 0.0333, 0.05, 0.0667, 0.0833, 0.1, 0.1167, 0.1333, 0.15, 0.1667, 0.1833, 0.2, 0.2167, 0.2333, 0.25, 0.2667, 0.2833, 0.3, 0.3167, 0.3333, 0.35, 0.3667, 0.3833, 0.4, 0.4167, 0.4333, 0.45, 0.4667, 0.4833, 0.5, 0.5167, 0.5333, 0.55, 0.5667, 0.5833, 0.6, 0.6167, 0.6333, 0.65, 0.6667],
            "transform": [
                [1.0, 7e-06, 2e-06, -0.0, -7e-06, 0.951699, 0.307034, 0.374726, 0.0, -0.307034, 0.951699, -0.0, 0.0, 0.0, 0.0, 1.0],
                [1.0, 1e-05, 3e-06, 0.0, -1e-05, 0.878039, 0.478588, 0.374726, 2e-06, -0.478588, 0.87804, -0.0, 0.0, 0.0, 0.0, 1.0],
                [1.0, 1.5e-05, 7e-06, -0.0, -1.5e-05, 0.716866, 0.697211, 0.374726, 5e-06, -0.697211, 0.716867, 0.0, 0.0, 0.0, 0.0, 1.0],
                [1.0, 1.7e-05, 1e-05, 0.0, -1.8e-05, 0.564284, 0.825581, 0.374726, 9e-06, -0.825581, 0.564284, 0.0, 0.0, 0.0, 0.0, 1.0],
                [1.0, 1.8e-05, 1.1e-05, -0.0, -1.9e-05, 0.484855, 0.874595, 0.374726, 1e-05, -0.874594, 0.484855, -0.0, 0.0, 0.0, 0.0, 1.0],
                [1.0, 1.8e-05, 1.2e-05, 0.0, -1.9e-05, 0.483241, 0.875487, 0.374726, 1.1e-05, -0.875488, 0.483241, -0.0, 0.0, 0.0, 0.0, 1.0],
                [1.0, 1.8e-05, 1.1e-05, 0.0, -1.9e-05, 0.532902, 0.846176, 0.374726, 1e-05, -0.846177, 0.532902, 0.0, 0.0, 0.0, 0.0, 1.0],
                [1.0, 1.7e-05, 9e-06, -0.0, -1.7e-05, 0.608229, 0.793762, 0.374726, 8e-06, -0.793762, 0.608229, -0.0, 0.0, 0.0, 0.0, 1.0],
                [1.0, 1.6e-05, 8e-06, -0.0, -1.6e-05, 0.685549, 0.728026, 0.374726, 6e-06, -0.728026, 0.685549, 0.0, 0.0, 0.0, 0.0, 1.0],
                [1.0, 1.4e-05, 6e-06, 0.0, -1.4e-05, 0.758251, 0.651963, 0.374726, 5e-06, -0.651963, 0.758251, -0.0, 0.0, 0.0, 0.0, 1.0],
                [1.0, 1.1e-05, 4e-06, 0.0, -1.2e-05, 0.831957, 0.554839, 0.374726, 3e-06, -0.55484, 0.831957, 0.0, 0.0, 0.0, 0.0, 1.0],
                [1.0, 9e-06, 3e-06, 0.0, -9e-06, 0.903584, 0.428412, 0.374726, 1e-06, -0.428412, 0.903584, -0.0, 0.0, 0.0, 0.0, 1.0],
                [1.0, 6e-06, 2e-06, -0.0, -6e-06, 0.961681, 0.274169, 0.374726, 0.0, -0.274169, 0.961681, 0.0, 0.0, 0.0, 0.0, 1.0],
                [1.0, 1e-06, 1e-06, 0.0, -1e-06, 0.997834, 0.065779, 0.374726, -1e-06, -0.065779, 0.997834, 0.0, 0.0, 0.0, 0.0, 1.0],
                [1.0, 3e-06, 1e-06, 0.0, -3e-06, 0.990959, 0.134168, 0.374726, -1e-06, -0.134168, 0.990959, -0.0, 0.0, 0.0, 0.0, 1.0],
                [1.0, 8e-06, 3e-06, 0.0, -9e-06, 0.912174, 0.409801, 0.374726, 1e-06, -0.409802, 0.912174, -0.0, 0.0, 0.0, 0.0, 1.0],
                [1.0, 1.5e-05, 6e-06, 0.0, -1.5e-05, 0.74154, 0.670908, 0.374726, 5e-06, -0.670909, 0.74154, 0.0, 0.0, 0.0, 0.0, 1.0],
                [1.0, 1.7e-05, 1e-05, -0.0, -1.8e-05, 0.523273, 0.852165, 0.374726, 9e-06, -0.852165, 0.523273, 0.0, 0.0, 0.0, 0.0, 1.0],
                [1.0, 1.9e-05, 1.5e-05, -0.0, -2e-05, 0.319294, 0.947655, 0.374726, 1.4e-05, -0.947656, 0.319294, -0.0, 0.0, 0.0, 0.0, 1.0],
                [1.0, 2.1e-05, 1.8e-05, -0.0, -2.1e-05, 0.178426, 0.983953, 0.374726, 1.7e-05, -0.983953, 0.178426, -0.0, 0.0, 0.0, 0.0, 1.0],
                [1.0, 2.1e-05, 1.9e-05, -0.0, -2.2e-05, 0.139735, 0.990189, 0.374726, 1.8e-05, -0.990189, 0.139735, 0.0, 0.0, 0.0, 0.0, 1.0],
                [1.0, 1.9e-05, 1.7e-05, -0.0, -2e-05, 0.17817, 0.983999, 0.374726, 1.6e-05, -0.984, 0.17817, -0.0, 0.0, 0.0, 0.0, 1.0],
                [1.0, 2e-05, 1.6e-05, -0.0, -2.1e-05, 0.235528, 0.971867, 0.374726, 1.5e-05, -0.971868, 0.235528, 0.0, 0.0, 0.0, 0.0, 1.0],
                [1.0, 1.9e-05, 1.5e-05, 0.0, -2e-05, 0.300822, 0.95368, 0.374726, 1.4e-05, -0.953681, 0.300822, -0.0, 0.0, 0.0, 0.0, 1.0],
                [1.0, 2e-05, 1.4e-05, 0.0, -2e-05, 0.361649, 0.932314, 0.374726, 1.3e-05, -0.932315, 0.361649, 0.0, 0.0, 0.0, 0.0, 1.0],
                [1.0, 1.8e-05, 1.2e-05, -0.0, -1.9e-05, 0.404867, 0.914375, 0.374726, 1.1e-05, -0.914375, 0.404867, 0.0, 0.0, 0.0, 0.0, 1.0],
                [1.0, 1.9e-05, 1.4e-05, 0.0, -2e-05, 0.34336, 0.939203, 0.374726, 1.3e-05, -0.939204, 0.34336, 0.0, 0.0, 0.0, 0.0, 1.0],
                [1.0, 2.1e-05, 1.9e-05, 0.0, -2.2e-05, 0.153271, 0.988184, 0.374726, 1.8e-05, -0.988184, 0.153271, -0.0, 0.0, 0.0, 0.0, 1.0],
                [1.0, 2.1e-05, 2.3e-05, -0.0, -2.2e-05, -0.065516, 0.997851, 0.374726, 2.2e-05, -0.997851, -0.065516, 0.0, 0.0, 0.0, 0.0, 1.0],
                [1.0, 2.1e-05, 2.6e-05, -0.0, -2.1e-05, -0.213085, 0.977034, 0.374726, 2.6e-05, -0.977033, -0.213085, -0.0, 0.0, 0.0, 0.0, 1.0],
                [1.0, 2.2e-05, 2.7e-05, 0.0, -2.2e-05, -0.210938, 0.977499, 0.374726, 2.7e-05, -0.977499, -0.210938, -0.0, 0.0, 0.0, 0.0, 1.0],
                [1.0, 2.1e-05, 2.3e-05, -0.0, -2.2e-05, -0.046029, 0.99894, 0.374726, 2.2e-05, -0.99894, -0.046029, 0.0, 0.0, 0.0, 0.0, 1.0],
                [1.0, 2.1e-05, 1.7e-05, 0.0, -2.1e-05, 0.230365, 0.973104, 0.374726, 1.6e-05, -0.973104, 0.230365, -0.0, 0.0, 0.0, 0.0, 1.0],
                [1.0, 1.8e-05, 1e-05, 0.0, -1.8e-05, 0.545576, 0.838061, 0.374726, 9e-06, -0.838062, 0.545576, 0.0, 0.0, 0.0, 0.0, 1.0],
                [1.0, 1.3e-05, 5e-06, 0.0, -1.3e-05, 0.79916, 0.601118, 0.374726, 4e-06, -0.601118, 0.79916, -0.0, 0.0, 0.0, 0.0, 1.0],
                [1.0, 1e-05, 3e-06, 0.0, -1e-05, 0.88883, 0.458236, 0.374726, 2e-06, -0.458236, 0.888831, -0.0, 0.0, 0.0, 0.0, 1.0],
                [1.0, 1e-05, 3e-06, 0.0, -1e-05, 0.882352, 0.47059, 0.374726, 2e-06, -0.47059, 0.882352, 0.0, 0.0, 0.0, 0.0, 1.0],
                [1.0, 9e-06, 3e-06, 0.0, -9e-06, 0.896056, 0.443941, 0.374726, 1e-06, -0.443941, 0.896056, -0.0, 0.0, 0.0, 0.0, 1.0],
                [1.0, 8e-06, 2e-06, -0.0, -8e-06, 0.919452, 0.393203, 0.374726, 1e-06, -0.393203, 0.919452, 0.0, 0.0, 0.0, 0.0, 1.0],
                [1.0, 7e-06, 2e-06, 0.0, -7e-06, 0.941728, 0.336375, 0.374726, 1e-06, -0.336375, 0.941728, -0.0, 0.0, 0.0, 0.0, 1.0],
                [1.0, 6e-06, 2e-06, -0.0, -7e-06, 0.951698, 0.307034, 0.374726, 0.0, -0.307034, 0.951698, 0.0, 0.0, 0.0, 0.0, 1.0]
            ]
        },
        {
            "name": "Knee_R",
            "time": [0.0, 0.6667],
            "transform": [
                [1.0, 0.0, -0.0, -0.0, -0.0, 0.00567, -0.999984, 0.374726, -0.0, 0.999984, 0.00567, -0.0, 0.0, 0.0, 0.0, 1.0],
                [1.0, 0.0, -0.0, -0.0, -0.0, 0.00567, -0.999984, 0.374726, -0.0, 0.999984, 0.00567, 0.0, 0.0, 0.0, 0.0, 1.0]
            ]
        },
        {
            "name": "Thigh_L",
            "time": [0.0, 0.0167, 0.0333, 0.05, 0.0667, 0.0833, 0.1, 0.1167, 0.1333, 0.15, 0.1667, 0.1833, 0.2, 0.2167, 0.2333, 0.25, 0.2667, 0.2833, 0.3, 0.3167, 0.3333, 0.35, 0.3667, 0.3833, 0.4, 0.4167, 0.4333, 0.45, 0.4667, 0.4833, 0.5, 0.5167, 0.5333, 0.55, 0.5667, 0.5833, 0.6, 0.6167, 0.6333, 0.65, 0.6667],
            "transform": [
                [0.996777, -0.075874, -0.026043, -0.125006, -0.079995, -0.96439, -0.2521, -0.002831, -0.005988, 0.253371, -0.967351, -1.2e-05, 0.0, 0.0, 0.0, 1.0],
                [0.996846, -0.075012, -0.025897, -0.125006, -0.079104, -0.965273, -0.248982, -0.002983, -0.006321, 0.250245, -0.968162, 0.004398, 0.0, 0.0, 0.0, 1.0],
                [0.997004, -0.072981, -0.025629, -0.125006, -0.077025, -0.967072, -0.24257, -0.003348, -0.007082, 0.243818, -0.969795, 0.014914, 0.0, 0.0, 0.0, 1.0],
                [0.997181, -0.070582, -0.025465, -0.125006, -0.074614, -0.968652, -0.236954, -0.003782, -0.007942, 0.238186, -0.971187, 0.027465, 0.0, 0.0, 0.0, 1.0],
                [0.997323, -0.068547, -0.025472, -0.125006, -0.072615, -0.969456, -0.23427, -0.004146, -0.008635, 0.235493, -0.971838, 0.03798, 0.0, 0.0, 0.0, 1.0],
                [0.997388, -0.067545, -0.02557, -0.125006, -0.071664, -0.969512, -0.234331, -0.004299, -0.008963, 0.235552, -0.971821, 0.04239, 0.0, 0.0, 0.0, 1.0],
                [0.997422, -0.068648, -0.020909, -0.125006, -0.071175, -0.983529, -0.166151, -0.004157, -0.009159, 0.167211, -0.985879, 0.039873, 0.0, 0.0, 0.0, 1.0],
                [0.997491, -0.070292, -0.008454, -0.125006, -0.070147, -0.997402, 0.016393, -0.003814, -0.009585, -0.015758, -0.99983, 0.033143, 0.0, 0.0, 0.0, 1.0],
                [0.997597, -0.068684, 0.009042, -0.125006, -0.06851, -0.958758, 0.275844, -0.003396, -0.010277, -0.275801, -0.96116, 0.023431, 0.0, 0.0, 0.0, 1.0],
                [0.997748, -0.060951, 0.027989, -0.125006, -0.066111, -0.823425, 0.563561, -0.003026, -0.011302, -0.564142, -0.825601, 0.011969, 0.0, 0.0, 0.0, 1.0],
                [0.99795, -0.047565, 0.042829, -0.125006, -0.062722, -0.593344, 0.802502, -0.002831, -0.012759, -0.803543, -0.59511, -1.2e-05, 0.0, 0.0, 0.0, 1.0],
                [0.998296, -0.036298, 0.045688, -0.125006, -0.05614, -0.383926, 0.921656, -0.009585, -0.015914, -0.922651, -0.38531, -0.011491, 0.0, 0.0, 0.0, 1.0],
                [0.998736, -0.03455, 0.036498, -0.125006, -0.045667, -0.320665, 0.946092, -0.025785, -0.020983, -0.946563, -0.321837, -0.022117, 0.0, 0.0, 0.0, 1.0],
                [0.999058, -0.037436, 0.021968, -0.125006, -0.034714, -0.385295, 0.922141, -0.045139, -0.026057, -0.922034, -0.386231, -0.031666, 0.0, 0.0, 0.0, 1.0],
                [0.999204, -0.039105, 0.007946, -0.125006, -0.026727, -0.507953, 0.86097, -0.061354, -0.029632, -0.860497, -0.508594, -0.039909, 0.0, 0.0, 0.0, 1.0],
                [0.999234, -0.039105, 0.001453, -0.125006, -0.02387, -0.57969, 0.814488, -0.068135, -0.031008, -0.813899, -0.580179, -0.04662, 0.0, 0.0, 0.0, 1.0],
                [0.999212, -0.039598, 0.002652, -0.125006, -0.025181, -0.580948, 0.813551, -0.065959, -0.030674, -0.812977, -0.581487, -0.051677, 0.0, 0.0, 0.0, 1.0],
                [0.999169, -0.040504, 0.004545, -0.125006, -0.027915, -0.598822, 0.800396, -0.060819, -0.029697, -0.799858, -0.599455, -0.055247, 0.0, 0.0, 0.0, 1.0],
                [0.999114, -0.041629, 0.006128, -0.125006, -0.030959, -0.628642, 0.777079, -0.054696, -0.028497, -0.776581, -0.629374, -0.057537, 0.0, 0.0, 0.0, 1.0],
                [0.999068, -0.042692, 0.00639, -0.125006, -0.033253, -0.666734, 0.744554, -0.049569, -0.027526, -0.744072, -0.667532, -0.058758, 0.0, 0.0, 0.0, 1.0],
                [0.999056, -0.043209, 0.004459, -0.125006, -0.033832, -0.709627, 0.703766, -0.047421, -0.027245, -0.703252, -0.710418, -0.059119, 0.0, 0.0, 0.0, 1.0],
                [0.999024, -0.043572, 0.00722, -0.125006, -0.035116, -0.684494, 0.728172, -0.049313, -0.026786, -0.727715, -0.685356, -0.056936, 0.0, 0.0, 0.0, 1.0],
                [0.99892, -0.04463, 0.01294, -0.125006, -0.03888, -0.650268, 0.75871, -0.053829, -0.025447, -0.758394, -0.6513, -0.050879, 0.0, 0.0, 0.0, 1.0],
                [0.998771, -0.047059, 0.015529, -0.125006, -0.043442, -0.680685, 0.731288, -0.059232, -0.023843, -0.731064, -0.681893, -0.041681, 0.0, 0.0, 0.0, 1.0],
                [0.998613, -0.050941, 0.013308, -0.125006, -0.047682, -0.767809, 0.638902, -0.06378, -0.022328, -0.63865, -0.769173, -0.030076, 0.0, 0.0, 0.0, 1.0],
                [0.99848, -0.054675, 0.006977, -0.125006, -0.050948, -0.867207, 0.495335, -0.065735, -0.021032, -0.494937, -0.868674, -0.016798, 0.0, 0.0, 0.0, 1.0],
                [0.998399, -0.05655, -0.000861, -0.125006, -0.052908, -0.939271, 0.339075, -0.063913, -0.019984, -0.338486, -0.940759, -0.002707, 0.0, 0.0, 0.0, 1.0],
                [0.998362, -0.056561, -0.008583, -0.125006, -0.053925, -0.980501, 0.188974, -0.058982, -0.019104, -0.188201, -0.981945, 0.01084, 0.0, 0.0, 0.0, 1.0],
                [0.998346, -0.055237, -0.015957, -0.125006, -0.054504, -0.997578, 0.043225, -0.051984, -0.018306, -0.042284, -0.998938, 0.022363, 0.0, 0.0, 0.0, 1.0],
                [0.998329, -0.052644, -0.023819, -0.125006, -0.055058, -0.991756, -0.11571, -0.043958, -0.017532, 0.116829, -0.992997, 0.03038, 0.0, 0.0, 0.0, 1.0],
                [0.998294, -0.046131, -0.035786, -0.125006, -0.055934, -0.931376, -0.359737, -0.035944, -0.016735, 0.361124, -0.932368, 0.03341, 0.0, 0.0, 0.0, 1.0],
                [0.998201, -0.041872, -0.042912, -0.125006, -0.057873, -0.859942, -0.5071, -0.028812, -0.015669, 0.508671, -0.860818, 0.03251, 0.0, 0.0, 0.0, 1.0],
                [0.998032, -0.041233, -0.047243, -0.125006, -0.061076, -0.809856, -0.583441, -0.022694, -0.014204, 0.585178, -0.810781, 0.02999, 0.0, 0.0, 0.0, 1.0],
                [0.997798, -0.040979, -0.052145, -0.125006, -0.065141, -0.753208, -0.654549, -0.01753, -0.012453, 0.656505, -0.754219, 0.026255, 0.0, 0.0, 0.0, 1.0],
                [0.997513, -0.041181, -0.057209, -0.125006, -0.069698, -0.697515, -0.713173, -0.013256, -0.010535, 0.715386, -0.69865, 0.021708, 0.0, 0.0, 0.0, 1.0],
                [0.997197, -0.042086, -0.061864, -0.125006, -0.074327, -0.652182, -0.754411, -0.009811, -0.008597, 0.756894, -0.653481, 0.016753, 0.0, 0.0, 0.0, 1.0],
                [0.996939, -0.056414, -0.054138, -0.125006, -0.077867, -0.77906, -0.622096, -0.007132, -0.007082, 0.624407, -0.781067, 0.011794, 0.0, 0.0, 0.0, 1.0],
                [0.996796, -0.066751, -0.044076, -0.125006, -0.079747, -0.872212, -0.482583, -0.005157, -0.006231, 0.484552, -0.874741, 0.007235, 0.0, 0.0, 0.0, 1.0],
                [0.996748, -0.072455, -0.035261, -0.125006, -0.080363, -0.92591, -0.369099, -0.003823, -0.005905, 0.370732, -0.928721, 0.003478, 0.0, 0.0, 0.0, 1.0],
                [0.99676, -0.075151, -0.028674, -0.125006, -0.080218, -0.954969, -0.285658, -0.003068, -0.005915, 0.287032, -0.957903, 0.000928, 0.0, 0.0, 0.0, 1.0],
                [0.996777, -0.075873, -0.026043, -0.125006, -0.079995, -0.96439, -0.2521, -0.002831, -0.005988, 0.253371, -0.967351, -1.2e-05, 0.0, 0.0, 0.0, 1.0]
            ]
        },
        {
            "name": "Leg_L",
            "time": [0.0, 0.0167, 0.0333, 0.05, 0.0667, 0.0833, 0.1, 0.1167, 0.1333, 0.15, 0.1667, 0.1833, 0.2, 0.2167, 0.2333, 0.25, 0.2667, 0.2833, 0.3, 0.3167, 0.3333, 0.35, 0.3667, 0.3833, 0.4, 0.4167, 0.4333, 0.45, 0.4667, 0.4833, 0.5, 0.5167, 0.5333, 0.55, 0.5667, 0.5833, 0.6, 0.6167, 0.6333, 0.65, 0.6667],
            "transform": [
                [1.0, 2.1e-05, 1.6e-05, -0.0, -2.1e-05, 0.29152, 0.956564, 0.374726, 1.5e-05, -0.956565, 0.29152, 0.0, 0.0, 0.0, 0.0, 1.0],
                [1.0, 1.9e-05, 1.5e-05, -0.0, -2e-05, 0.303202, 0.952926, 0.374726, 1.4e-05, -0.952927, 0.303202, -0.0, 0.0, 0.0, 0.0, 1.0],
                [1.0, 2e-05, 1.5e-05, 0.0, -2.1e-05, 0.332519, 0.943096, 0.374726, 1.4e-05, -0.943096, 0.332519, 0.0, 0.0, 0.0, 0.0, 1.0],
                [1.0, 2e-05, 1.4e-05, 0.0, -2e-05, 0.370428, 0.928861, 0.374726, 1.3e-05, -0.928861, 0.370428, -0.0, 0.0, 0.0, 0.0, 1.0],
                [1.0, 1.9e-05, 1.3e-05, -0.0, -2e-05, 0.405655, 0.914025, 0.374726, 1.2e-05, -0.914026, 0.405655, 0.0, 0.0, 0.0, 0.0, 1.0],
                [1.0, 1.9e-05, 1.3e-05, -0.0, -2e-05, 0.424562, 0.905398, 0.374726, 1.2e-05, -0.905399, 0.424562, 0.0, 0.0, 0.0, 0.0, 1.0],
                [1.0, 2e-05, 1.4e-05, 0.0, -2e-05, 0.349809, 0.93682, 0.374726, 1.3e-05, -0.936821, 0.349809, 0.0, 0.0, 0.0, 0.0, 1.0],
                [1.0, 2.1e-05, 1.8e-05, 0.0, -2.1e-05, 0.158368, 0.98738, 0.374726, 1.8e-05, -0.98738, 0.158368, 0.0, 0.0, 0.0, 0.0, 1.0],
                [1.0, 2.2e-05, 2.4e-05, -0.0, -2.2e-05, -0.067385, 0.997727, 0.374726, 2.3e-05, -0.997727, -0.067385, -0.0, 0.0, 0.0, 0.0, 1.0],
                [1.0, 2e-05, 2.7e-05, -0.0, -2.1e-05, -0.24626, 0.969204, 0.374726, 2.6e-05, -0.969203, -0.24626, -0.0, 0.0, 0.0, 0.0, 1.0],
                [1.0, 2e-05, 2.8e-05, -0.0, -2.1e-05, -0.317729, 0.948181, 0.374726, 2.8e-05, -0.948182, -0.317729, -0.0, 0.0, 0.0, 0.0, 1.0],
                [1.0, 2.1e-05, 2.6e-05, -0.0, -2.1e-05, -0.216378, 0.976309, 0.374726, 2.6e-05, -0.97631, -0.216378, -0.0, 0.0, 0.0, 0.0, 1.0],
                [1.0, 2.2e-05, 2.1e-05, 0.0, -2.2e-05, 0.059788, 0.998211, 0.374726, 2e-05, -0.998211, 0.059788, 0.0, 0.0, 0.0, 0.0, 1.0],
                [1.0, 1.9e-05, 1.3e-05, 0.0, -1.9e-05, 0.418241, 0.908335, 0.374726, 1.2e-05, -0.908336, 0.418241, -0.0, 0.0, 0.0, 0.0, 1.0],
                [1.0, 1.4e-05, 6e-06, 0.0, -1.5e-05, 0.728711, 0.684821, 0.374726, 5e-06, -0.684821, 0.728711, 0.0, 0.0, 0.0, 0.0, 1.0],
                [1.0, 1.1e-05, 4e-06, -0.0, -1.1e-05, 0.848118, 0.529807, 0.374726, 3e-06, -0.529807, 0.848118, -0.0, 0.0, 0.0, 0.0, 1.0],
                [1.0, 1.1e-05, 4e-06, 0.0, -1.1e-05, 0.841672, 0.539988, 0.374726, 3e-06, -0.539988, 0.841673, -0.0, 0.0, 0.0, 0.0, 1.0],
                [1.0, 1.1e-05, 4e-06, -0.0, -1.1e-05, 0.855204, 0.518292, 0.374726, 2e-06, -0.518291, 0.855204, -0.0, 0.0, 0.0, 0.0, 1.0],
                [1.0, 1e-05, 3e-06, -0.0, -1e-05, 0.882401, 0.470497, 0.374726, 2e-06, -0.470498, 0.882402, 0.0, 0.0, 0.0, 0.0, 1.0],
                [1.0, 8e-06, 2e-06, -0.0, -9e-06, 0.916859, 0.399211, 0.374726, 1e-06, -0.399211, 0.916859, -0.0, 0.0, 0.0, 0.0, 1.0],
                [1.0, 6e-06, 2e-06, -0.0, -7e-06, 0.951698, 0.307035, 0.374726, 0.0, -0.307035, 0.951698, -0.0, 0.0, 0.0, 0.0, 1.0],
                [1.0, 9e-06, 3e-06, 0.0, -1e-05, 0.892098, 0.451841, 0.374726, 2e-06, -0.451841, 0.892099, -0.0, 0.0, 0.0, 0.0, 1.0],
                [1.0, 1.4e-05, 7e-06, 0.0, -1.5e-05, 0.718969, 0.695042, 0.374726, 5e-06, -0.695042, 0.718969, -0.0, 0.0, 0.0, 0.0, 1.0],
                [1.0, 1.8e-05, 1e-05, 0.0, -1.8e-05, 0.544718, 0.838619, 0.374726, 9e-06, -0.838619, 0.544718, 0.0, 0.0, 0.0, 0.0, 1.0],
                [1.0, 1.9e-05, 1.2e-05, 0.0, -2e-05, 0.449322, 0.89337, 0.374726, 1.1e-05, -0.89337, 0.449322, -0.0, 0.0, 0.0, 0.0, 1.0],
                [1.0, 1.9e-05, 1.2e-05, 0.0, -1.9e-05, 0.454224, 0.890888, 0.374726, 1.1e-05, -0.890888, 0.454224, 0.0, 0.0, 0.0, 0.0, 1.0],
                [1.0, 1.8e-05, 1.1e-05, 0.0, -1.8e-05, 0.528821, 0.848733, 0.374726, 1e-05, -0.848733, 0.528821, -0.0, 0.0, 0.0, 0.0, 1.0],
                [1.0, 1.6e-05, 8e-06, -0.0, -1.7e-05, 0.633017, 0.774138, 0.374726, 7e-06, -0.774138, 0.633017, 0.0, 0.0, 0.0, 0.0, 1.0],
                [1.0, 1.4e-05, 6e-06, -0.0, -1.5e-05, 0.744629, 0.667478, 0.374726, 5e-06, -0.667479, 0.744629, 0.0, 0.0, 0.0, 0.0, 1.0],
                [1.0, 1.1e-05, 4e-06, -0.0, -1.1e-05, 0.859473, 0.511181, 0.374726, 2e-06, -0.511182, 0.859473, 0.0, 0.0, 0.0, 0.0, 1.0],
                [1.0, 4e-06, 1e-06, -0.0, -4e-06, 0.986197, 0.165579, 0.374726, -0.0, -0.165579, 0.986197, 0.0, 0.0, 0.0, 0.0, 1.0],
                [1.0, 0.0, 1e-06, 0.0, -0.0, 0.999999, 0.001461, 0.374726, -1e-06, -0.001461, 0.999999, -0.0, 0.0, 0.0, 0.0, 1.0],
                [1.0, 0.0, 1e-06, 0.0, -0.0, 0.999999, 0.001462, 0.374726, -1e-06, -0.001463, 0.999999, 0.0, 0.0, 0.0, 0.0, 1.0],
                [1.0, 0.0, 1e-06, -0.0, -0.0, 0.999999, 0.001463, 0.374726, -1e-06, -0.001463, 0.999999, -0.0, 0.0, 0.0, 0.0, 1.0],
                [1.0, 0.0, 1e-06, -0.0, -0.0, 0.999999, 0.001462, 0.374726, -1e-06, -0.001463, 0.999999, 0.0, 0.0, 0.0, 0.0, 1.0],
                [1.0, 0.0, 1e-06, 0.0, -0.0, 0.999999, 0.001461, 0.374726, -1e-06, -0.001461, 0.999999, 0.0, 0.0, 0.0, 0.0, 1.0],
                [1.0, 9e-06, 3e-06, -0.0, -9e-06, 0.904759, 0.425924, 0.374726, 1e-06, -0.425925, 0.904759, -0.0, 0.0, 0.0, 0.0, 1.0],
                [1.0, 1.4e-05, 7e-06, 0.0, -1.5e-05, 0.693336, 0.720615, 0.374726, 6e-06, -0.720614, 0.693336, -0.0, 0.0, 0.0, 0.0, 1.0],
                [1.0, 1.8e-05, 1.1e-05, -0.0, -1.9e-05, 0.493368, 0.86982, 0.374726, 1e-05, -0.869821, 0.493368, 0.0, 0.0, 0.0, 0.0, 1.0],
                [1.0, 2e-05, 1.4e-05, 0.0, -2e-05, 0.347677, 0.937613, 0.374726, 1.3e-05, -0.937614, 0.347677, 0.0, 0.0, 0.0, 0.0, 1.0],
                [1.0, 2e-05, 1.6e-05, -0.0, -2.1e-05, 0.29152, 0.956564, 0.374726, 1.5e-05, -0.956565, 0.29152, 0.0, 0.0, 0.0, 0.0, 1.0]
            ]
        },
        {
            "name": "Knee_L",
            "time": [0.0, 0.6667],
            "transform": [
                [1.0, 0.0, -0.0, 0.0, -0.0, 0.00567, -0.999984, 0.452461, -0.0, 0.999984, 0.00567, -0.000441, 0.0, 0.0, 0.0, 1.0],
                [1.0, 0.0, -0.0, 0.0, -0.0, 0.00567, -0.999984, 0.452461, -0.0, 0.999984, 0.00567, -0.000441, 0.0, 0.0, 0.0, 1.0]
            ]
        },
        {
            "name": "Torso",
            "time": [0.0, 0.0167, 0.0333, 0.05, 0.0667, 0.0833, 0.1, 0.1167, 0.1333, 0.15, 0.1667, 0.1833, 0.2, 0.2167, 0.2333, 0.25, 0.2667, 0.2833, 0.3, 0.3167, 0.3333, 0.35, 0.3667, 0.3833, 0.4, 0.4167, 0.4333, 0.45, 0.4667, 0.4833, 0.5, 0.5167, 0.5333, 0.55, 0.5667, 0.5833, 0.6, 0.6167, 0.6333, 0.65, 0.6667],
            "transform": [
                [0.953849, 0.091721, -0.285937, 0.0, 0.03778, 0.907989, 0.417287, 0.05, 0.297901, -0.408831, 0.862619, 0.0, 0.0, 0.0, 0.0, 1.0],
                [0.955086, 0.090434, -0.282191, 0.0, 0.037363, 0.907944, 0.417424, 0.05, 0.293963, -0.409219, 0.863785, 0.0, 0.0, 0.0, 0.0, 1.0],
                [0.958541, 0.086736, -0.271432, 0.0, 0.036166, 0.907816, 0.417807, 0.05, 0.282649, -0.410302, 0.867042, 0.0, 0.0, 0.0, 0.0, 1.0],
                [0.963731, 0.08086, -0.254332, 0.0, 0.034261, 0.907623, 0.418386, 0.05, 0.264668, -0.411925, 0.871934, 0.0, 0.0, 0.0, 0.0, 1.0],
                [0.97008, 0.07303, -0.23154, 0.0, 0.031722, 0.907386, 0.419101, 0.05, 0.240703, -0.413906, 0.87792, 0.0, 0.0, 0.0, 0.0, 1.0],
                [0.976971, 0.063472, -0.203712, 0.0, 0.028618, 0.907125, 0.419886, 0.05, 0.211444, -0.416047, 0.884419, 0.0, 0.0, 0.0, 0.0, 1.0],
                [0.983781, 0.052426, -0.171541, 0.0, 0.025027, 0.906865, 0.420679, 0.05, 0.177619, -0.418149, 0.890844, 0.0, 0.0, 0.0, 0.0, 1.0],
                [0.989926, 0.040148, -0.13577, 0.0, 0.021029, 0.906624, 0.421416, 0.05, 0.140012, -0.420026, 0.896646, 0.0, 0.0, 0.0, 0.0, 1.0],
                [0.9949, 0.026917, -0.097209, 0.0, 0.016713, 0.906421, 0.422045, 0.05, 0.099472, -0.421518, 0.901348, 0.0, 0.0, 0.0, 0.0, 1.0],
                [0.998305, 0.013032, -0.056723, 0.0, 0.012177, 0.90627, 0.422523, 0.05, 0.056913, -0.422498, 0.904575, 0.0, 0.0, 0.0, 0.0, 1.0],
                [0.999883, -0.001194, -0.015231, 0.0, 0.007522, 0.906182, 0.422821, 0.05, 0.013297, -0.422886, 0.906085, 0.0, 0.0, 0.0, 0.0, 1.0],
                [0.999534, -0.015434, 0.026323, 0.0, 0.002855, 0.90616, 0.422925, 0.05, -0.03038, -0.422653, 0.905782, 0.0, 0.0, 0.0, 0.0, 1.0],
                [0.997322, -0.029364, 0.066986, 0.0, -0.001719, 0.906203, 0.422839, 0.05, -0.073119, -0.421822, 0.903726, 0.0, 0.0, 0.0, 0.0, 1.0],
                [0.993469, -0.042664, 0.105827, 0.0, -0.006093, 0.906304, 0.422582, 0.05, -0.11394, -0.420467, 0.900125, 0.0, 0.0, 0.0, 0.0, 1.0],
                [0.988343, -0.05503, 0.141951, 0.0, -0.010166, 0.906451, 0.422188, 0.05, -0.151904, -0.41871, 0.895325, 0.0, 0.0, 0.0, 0.0, 1.0],
                [0.982428, -0.066174, 0.174519, 0.0, -0.013843, 0.906629, 0.421703, 0.05, -0.18613, -0.416708, 0.889781, 0.0, 0.0, 0.0, 0.0, 1.0],
                [0.97629, -0.075832, 0.20275, 0.0, -0.017033, 0.906817, 0.421181, 0.05, -0.215796, -0.414648, 0.884025, 0.0, 0.0, 0.0, 0.0, 1.0],
                [0.97054, -0.083754, 0.225913, 0.0, -0.019652, 0.906996, 0.42068, 0.05, -0.240136, -0.412727, 0.87863, 0.0, 0.0, 0.0, 0.0, 1.0],
                [0.96579, -0.089704, 0.243317, 0.0, -0.021622, 0.907146, 0.420261, 0.05, -0.258423, -0.411145, 0.874172, 0.0, 0.0, 0.0, 0.0, 1.0],
                [0.962605, -0.093451, 0.254278, 0.0, -0.022863, 0.907246, 0.419978, 0.05, -0.26994, -0.410087, 0.871184, 0.0, 0.0, 0.0, 0.0, 1.0],
                [0.961461, -0.094756, 0.258096, 0.0, -0.023295, 0.907283, 0.419876, 0.05, -0.273951, -0.409707, 0.87011, 0.0, 0.0, 0.0, 0.0, 1.0],
                [0.962605, -0.093451, 0.254278, 0.0, -0.022863, 0.907246, 0.419978, 0.05, -0.269941, -0.410087, 0.871184, 0.0, 0.0, 0.0, 0.0, 1.0],
                [0.96579, -0.089704, 0.243317, 0.0, -0.021622, 0.907146, 0.420261, 0.05, -0.258423, -0.411145, 0.874172, 0.0, 0.0, 0.0, 0.0, 1.0],
                [0.97054, -0.083754, 0.225913, 0.0, -0.019652, 0.906996, 0.42068, 0.05, -0.240136, -0.412727, 0.87863, 0.0, 0.0, 0.0, 0.0, 1.0],
                [0.97629, -0.075832, 0.20275, 0.0, -0.017033, 0.906817, 0.421181, 0.05, -0.215796, -0.414648, 0.884025, 0.0, 0.0, 0.0, 0.0, 1.0],
                [0.982428, -0.066174, 0.174519, 0.0, -0.013843, 0.906629, 0.421703, 0.05, -0.18613, -0.416708, 0.889781, 0.0, 0.0, 0.0, 0.0, 1.0],
                [0.988343, -0.05503, 0.141951, 0.0, -0.010166, 0.906451, 0.422188, 0.05, -0.151904, -0.41871, 0.895325, 0.0, 0.0, 0.0, 0.0, 1.0],
                [0.993469, -0.042664, 0.105827, 0.0, -0.006093, 0.906304, 0.422582, 0.05, -0.11394, -0.420467, 0.900125, 0.0, 0.0, 0.0, 0.0, 1.0],
                [0.997322, -0.029364, 0.066986, 0.0, -0.001719, 0.906203, 0.422839, 0.05, -0.073119, -0.421822, 0.903726, 0.0, 0.0, 0.0, 0.0, 1.0],
                [0.999534, -0.015434, 0.026323, 0.0, 0.002855, 0.90616, 0.422925, 0.05, -0.03038, -0.422653, 0.905782, 0.0, 0.0, 0.0, 0.0, 1.0],
                [0.999883, -0.001194, -0.015231, 0.0, 0.007522, 0.906182, 0.422821, 0.05, 0.013297, -0.422886, 0.906085, 0.0, 0.0, 0.0, 0.0, 1.0],
                [0.998305, 0.013032, -0.056723, 0.0, 0.012177, 0.90627, 0.422523, 0.05, 0.056913, -0.422498, 0.904575, 0.0, 0.0, 0.0, 0.0, 1.0],
                [0.9949, 0.026917, -0.097209, 0.0, 0.016713, 0.906421, 0.422045, 0.05, 0.099472, -0.421518, 0.901348, 0.0, 0.0, 0.0, 0.0, 1.0],
                [0.989927, 0.040148, -0.13577, 0.0, 0.021029, 0.906624, 0.421416, 0.05, 0.140012, -0.420026, 0.896646, 0.0, 0.0, 0.0, 0.0, 1.0],
                [0.983781, 0.052426, -0.171541, 0.0, 0.025027, 0.906865, 0.420679, 0.05, 0.177619, -0.418149, 0.890844, 0.0, 0.0, 0.0, 0.0, 1.0],
                [0.976971, 0.063472, -0.203712, 0.0, 0.028618, 0.907125, 0.419886, 0.05, 0.211444, -0.416047, 0.884419, 0.0, 0.0, 0.0, 0.0, 1.0],
                [0.97008, 0.07303, -0.23154, 0.0, 0.031722, 0.907386, 0.419101, 0.05, 0.240703, -0.413906, 0.87792, 0.0, 0.0, 0.0, 0.0, 1.0],
                [0.963731, 0.08086, -0.254332, 0.0, 0.034261, 0.907623, 0.418386, 0.05, 0.264668, -0.411925, 0.871934, 0.0, 0.0, 0.0, 0.0, 1.0],
                [0.958541, 0.086736, -0.271432, 0.0, 0.036166, 0.907816, 0.417807, 0.05, 0.282649, -0.410302, 0.867042, 0.0, 0.0, 0.0, 0.0, 1.0],
                [0.955086, 0.090434, -0.282191, 0.0, 0.037363, 0.907944, 0.417424, 0.05, 0.293963, -0.409219, 0.863785, 0.0, 0.0, 0.0, 0.0, 1.0],
                [0.953849, 0.091721, -0.285937, 0.0, 0.03778, 0.907989, 0.417287, 0.05, 0.297901, -0.408831, 0.862619, 0.0, 0.0, 0.0, 0.0, 1.0]
            ]
        },
        {
            "name": "Chest",
            "time": [0.0, 0.0167, 0.0333, 0.05, 0.0667, 0.0833, 0.1, 0.1167, 0.1333, 0.15, 0.1667, 0.1833, 0.2, 0.2167, 0.2333, 0.25, 0.2667, 0.2833, 0.3, 0.3167, 0.3333, 0.35, 0.3667, 0.3833, 0.4, 0.4167, 0.4333, 0.45, 0.4667, 0.4833, 0.5, 0.5167, 0.5333, 0.55, 0.5667, 0.5833, 0.6, 0.6167, 0.6333, 0.65, 0.6667],
            "transform": [
                [1.0, -0.0, 0.0, 0.0, -0.0, 0.992092, 0.125516, 0.3, -0.0, -0.125516, 0.992092, 0.0, 0.0, 0.0, 0.0, 1.0],
                [1.0, 0.0, 0.0, 0.0, 0.0, 0.992091, 0.125516, 0.3, 0.0, -0.125516, 0.992092, -0.0, 0.0, 0.0, 0.0, 1.0],
                [1.0, -0.0, 0.0, 0.0, 0.0, 0.992091, 0.125516, 0.3, -0.0, -0.125516, 0.992092, 0.0, 0.0, 0.0, 0.0, 1.0],
                [1.0, 0.0, 0.0, 0.0, -0.0, 0.992092, 0.125516, 0.3, 0.0, -0.125516, 0.992092, 0.0, 0.0, 0.0, 0.0, 1.0],
                [1.0, 0.0, 0.0, 0.0, -0.0, 0.992091, 0.125516, 0.3, -0.0, -0.125516, 0.992092, -0.0, 0.0, 0.0, 0.0, 1.0],
                [1.0, 0.0, -0.0, 0.0, -0.0, 0.992092, 0.125516, 0.3, 0.0, -0.125516, 0.992092, -0.0, 0.0, 0.0, 0.0, 1.0],
                [1.0, 0.0, 0.0, 0.0, 0.0, 0.992091, 0.125516, 0.3, 0.0, -0.125516, 0.992092, -0.0, 0.0, 0.0, 0.0, 1.0],
                [1.0, -0.0, 0.0, -0.0, 0.0, 0.992092, 0.125516, 0.3, -0.0, -0.125516, 0.992092, -0.0, 0.0, 0.0, 0.0, 1.0],
                [1.0, 0.0, -0.0, 0.0, 0.0, 0.992091, 0.125516, 0.3, -0.0, -0.125516, 0.992091, -0.0, 0.0, 0.0, 0.0, 1.0],
