{
    "animation": [
        {
            "name": "Root",
            "time": [0.0, 0.0167, 0.0333, 0.05, 0.0667, 0.0833, 0.1, 0.1167, 0.1333, 0.15, 0.1667, 0.1833, 0.2, 0.2167, 0.2333, 0.25, 0.2667, 0.2833, 0.3, 0.3167, 0.3333, 0.35, 0.3667, 0.3833, 0.4, 0.4167, 0.4333, 0.45, 0.4667, 0.4833, 0.5, 0.5167, 0.5333, 0.55, 0.5667, 0.5833, 0.6, 0.6167, 0.6333, 0.65, 0.6667],
            "transform": [
                [1.0, 0.0, 0.0, -5e-06, 0.0, 0.0, -1.0, 0.000946, 0.0, 1.0, 0.0, 0.699995, 0.0, 0.0, 0.0, 1.0],
                [1.0, 0.0, 0.0, -5e-06, 0.0, 0.0, -1.0, 0.000946, 0.0, 1.0, 0.0, 0.700352, 0.0, 0.0, 0.0, 1.0],
                [1.0, 0.0, 0.0, -5e-06, 0.0, 0.0, -1.0, 0.000946, 0.0, 1.0, 0.0, 0.701321, 0.0, 0.0, 0.0, 1.0],
                [1.0, 0.0, 0.0, -5e-06, 0.0, 0.0, -1.0, 0.000946, 0.0, 1.0, 0.0, 0.702748, 0.0, 0.0, 0.0, 1.0],
                [1.0, 0.0, 0.0, -5e-06, 0.0, 0.0, -1.0, 0.000946, 0.0, 1.0, 0.0, 0.704481, 0.0, 0.0, 0.0, 1.0],
                [1.0, 0.0, 0.0, -5e-06, 0.0, 0.0, -1.0, 0.000946, 0.0, 1.0, 0.0, 0.706367, 0.0, 0.0, 0.0, 1.0],
                [1.0, 0.0, 0.0, -5e-06, 0.0, 0.0, -1.0, 0.000946, 0.0, 1.0, 0.0, 0.708253, 0.0, 0.0, 0.0, 1.0],
                [1.0, 0.0, 0.0, -5e-06, 0.0, 0.0, -1.0, 0.000946, 0.0, 1.0, 0.0, 0.709986, 0.0, 0.0, 0.0, 1.0],
                [1.0, 0.0, 0.0, -5e-06, 0.0, 0.0, -1.0, 0.000946, 0.0, 1.0, 0.0, 0.711413, 0.0, 0.0, 0.0, 1.0],
                [1.0, 0.0, 0.0, -5e-06, 0.0, 0.0, -1.0, 0.000946, 0.0, 1.0, 0.0, 0.712381, 0.0, 0.0, 0.0, 1.0],
                [1.0, 0.0, 0.0, -5e-06, 0.0, 0.0, -1.0, 0.000946, 0.0, 1.0, 0.0, 0.712738, 0.0, 0.0, 0.0, 1.0],
                [1.0, 0.0, 0.0, -5e-06, 0.0, 0.0, -1.0, 0.000946, 0.0, 1.0, 0.0, 0.709121, 0.0, 0.0, 0.0, 1.0],
                [1.0, 0.0, 0.0, -5e-06, 0.0, 0.0, -1.0, 0.000946, 0.0, 1.0, 0.0, 0.700496, 0.0, 0.0, 0.0, 1.0],
                [1.0, 0.0, 0.0, -5e-06, 0.0, 0.0, -1.0, 0.000946, 0.0, 1.0, 0.0, 0.690202, 0.0, 0.0, 0.0, 1.0],
                [1.0, 0.0, 0.0, -5e-06, 0.0, 0.0, -1.0, 0.000946, 0.0, 1.0, 0.0, 0.681577, 0.0, 0.0, 0.0, 1.0],
                [1.0, 0.0, 0.0, -5e-06, 0.0, 0.0, -1.0, 0.000946, 0.0, 1.0, 0.0, 0.67796, 0.0, 0.0, 0.0, 1.0],
                [1.0, 0.0, 0.0, -5e-06, 0.0, 0.0, -1.0, 0.000946, 0.0, 1.0, 0.0, 0.678791, 0.0, 0.0, 0.0, 1.0],
                [1.0, 0.0, 0.0, -5e-06, 0.0, 0.0, -1.0, 0.000946, 0.0, 1.0, 0.0, 0.681334, 0.0, 0.0, 0.0, 1.0],
                [1.0, 0.0, 0.0, -5e-06, 0.0, 0.0, -1.0, 0.000946, 0.0, 1.0, 0.0, 0.685665, 0.0, 0.0, 0.0, 1.0],
                [1.0, 0.0, 0.0, -5e-06, 0.0, 0.0, -1.0, 0.000946, 0.0, 1.0, 0.0, 0.691861, 0.0, 0.0, 0.0, 1.0],
                [1.0, 0.0, 0.0, -5e-06, 0.0, 0.0, -1.0, 0.000946, 0.0, 1.0, 0.0, 0.699995, 0.0, 0.0, 0.0, 1.0],
                [1.0, 0.0, 0.0, -5e-06, 0.0, 0.0, -1.0, 0.000946, 0.0, 1.0, 0.0, 0.709877, 0.0, 0.0, 0.0, 1.0],
                [1.0, 0.0, 0.0, -5e-06, 0.0, 0.0, -1.0, 0.000946, 0.0, 1.0, 0.0, 0.720237, 0.0, 0.0, 0.0, 1.0],
                [1.0, 0.0, 0.0, -5e-06, 0.0, 0.0, -1.0, 0.000946, 0.0, 1.0, 0.0, 0.72954, 0.0, 0.0, 0.0, 1.0],
                [1.0, 0.0, 0.0, -5e-06, 0.0, 0.0, -1.0, 0.000946, 0.0, 1.0, 0.0, 0.736249, 0.0, 0.0, 0.0, 1.0],
                [1.0, 0.0, 0.0, -5e-06, 0.0, 0.0, -1.0, 0.000946, 0.0, 1.0, 0.0, 0.738826, 0.0, 0.0, 0.0, 1.0],
                [1.0, 0.0, 0.0, -5e-06, 0.0, 0.0, -1.0, 0.000946, 0.0, 1.0, 0.0, 0.737318, 0.0, 0.0, 0.0, 1.0],
                [1.0, 0.0, 0.0, -5e-06, 0.0, 0.0, -1.0, 0.000946, 0.0, 1.0, 0.0, 0.733225, 0.0, 0.0, 0.0, 1.0],
                [1.0, 0.0, 0.0, -5e-06, 0.0, 0.0, -1.0, 0.000946, 0.0, 1.0, 0.0, 0.727193, 0.0, 0.0, 0.0, 1.0],
                [1.0, 0.0, 0.0, -5e-06, 0.0, 0.0, -1.0, 0.000946, 0.0, 1.0, 0.0, 0.719868, 0.0, 0.0, 0.0, 1.0],
                [1.0, 0.0, 0.0, -5e-06, 0.0, 0.0, -1.0, 0.000946, 0.0, 1.0, 0.0, 0.711897, 0.0, 0.0, 0.0, 1.0],
                [1.0, 0.0, 0.0, -5e-06, 0.0, 0.0, -1.0, 0.000946, 0.0, 1.0, 0.0, 0.703926, 0.0, 0.0, 0.0, 1.0],
                [1.0, 0.0, 0.0, -5e-06, 0.0, 0.0, -1.0, 0.000946, 0.0, 1.0, 0.0, 0.696602, 0.0, 0.0, 0.0, 1.0],
                [1.0, 0.0, 0.0, -5e-06, 0.0, 0.0, -1.0, 0.000946, 0.0, 1.0, 0.0, 0.69057, 0.0, 0.0, 0.0, 1.0],
                [1.0, 0.0, 0.0, -5e-06, 0.0, 0.0, -1.0, 0.000946, 0.0, 1.0, 0.0, 0.686476, 0.0, 0.0, 0.0, 1.0],
                [1.0, 0.0, 0.0, -5e-06, 0.0, 0.0, -1.0, 0.000946, 0.0, 1.0, 0.0, 0.684968, 0.0, 0.0, 0.0, 1.0],
                [1.0, 0.0, 0.0, -5e-06, 0.0, 0.0, -1.0, 0.000946, 0.0, 1.0, 0.0, 0.686531, 0.0, 0.0, 0.0, 1.0],
                [1.0, 0.0, 0.0, -5e-06, 0.0, 0.0, -1.0, 0.000946, 0.0, 1.0, 0.0, 0.690258, 0.0, 0.0, 0.0, 1.0],
                [1.0, 0.0, 0.0, -5e-06, 0.0, 0.0, -1.0, 0.000946, 0.0, 1.0, 0.0, 0.694706, 0.0, 0.0, 0.0, 1.0],
                [1.0, 0.0, 0.0, -5e-06, 0.0, 0.0, -1.0, 0.000946, 0.0, 1.0, 0.0, 0.698433, 0.0, 0.0, 0.0, 1.0],
                [1.0, 0.0, 0.0, -5e-06, 0.0, 0.0, -1.0, 0.000946, 0.0, 1.0, 0.0, 0.699995, 0.0, 0.0, 0.0, 1.0]
            ]
        },
        {
            "name": "Thigh_R",
            "time": [0.0, 0.0167, 0.0333, 0.05, 0.0667, 0.0833, 0.1, 0.1167, 0.1333, 0.15, 0.1667, 0.1833, 0.2, 0.2167, 0.2333, 0.25, 0.2667, 0.2833, 0.3, 0.3167, 0.3333, 0.35, 0.3667, 0.3833, 0.4, 0.4167, 0.4333, 0.45, 0.4667, 0.4833, 0.5, 0.5167, 0.5333, 0.55, 0.5667, 0.5833, 0.6, 0.6167, 0.6333, 0.65, 0.6667],
            "transform": [
                [0.999215, 0.039582, 0.001626, 0.124994, 0.030466, -0.79403, 0.607115, -0.002831, 0.025322, -0.606589, -0.794612, -1.2e-05, 0.0, 0.0, 0.0, 1.0],
                [0.999172, 0.040641, 0.001733, 0.124994, 0.032141, -0.814875, 0.578745, -0.009373, 0.024933, -0.578211, -0.815507, -0.001758, 0.0, 0.0, 0.0, 1.0],
                [0.999055, 0.043309, -0.003558, 0.124994, 0.036178, -0.78361, 0.6202, -0.024973, 0.024072, -0.619743, -0.784436, -0.005921, 0.0, 0.0, 0.0, 1.0],
                [0.998883, 0.045705, -0.012015, 0.124994, 0.04121, -0.717979, 0.694844, -0.043593, 0.023132, -0.694562, -0.719061, -0.010889, 0.0, 0.0, 0.0, 1.0],
                [0.998684, 0.049958, -0.01164, 0.124994, 0.046234, -0.778367, 0.626105, -0.059193, 0.022218, -0.625819, -0.779652, -0.015052, 0.0, 0.0, 0.0, 1.0],
                [0.998503, 0.054403, -0.005703, 0.124994, 0.050429, -0.875101, 0.481306, -0.065735, 0.021194, -0.480873, -0.876534, -0.016798, 0.0, 0.0, 0.0, 1.0],
                [0.998382, 0.056825, 0.002121, 0.124994, 0.053194, -0.946464, 0.318398, -0.06397, 0.0201, -0.31777, -0.947955, -0.012886, 0.0, 0.0, 0.0, 1.0],
                [0.998311, 0.05736, 0.009222, 0.124994, 0.054876, -0.983124, 0.174515, -0.059249, 0.019076, -0.173714, -0.984611, -0.003054, 0.0, 0.0, 0.0, 1.0],
                [0.998267, 0.056892, 0.015053, 0.124994, 0.056009, -0.996987, 0.053681, -0.052431, 0.018061, -0.052744, -0.998445, 0.009842, 0.0, 0.0, 0.0, 1.0],
                [0.998226, 0.056005, 0.020192, 0.124994, 0.057051, -0.996821, -0.055614, -0.044376, 0.017013, 0.056668, -0.998248, 0.022949, 0.0, 0.0, 0.0, 1.0],
                [0.998167, 0.054648, 0.025993, 0.124994, 0.058391, -0.982562, -0.176529, -0.035944, 0.015893, 0.177723, -0.983952, 0.03341, 0.0, 0.0, 0.0, 1.0],
                [0.998062, 0.052606, 0.033228, 0.124994, 0.060491, -0.945434, -0.320151, -0.027873, 0.014573, 0.32154, -0.946784, 0.040809, 0.0, 0.0, 0.0, 1.0],
                [0.997907, 0.049767, 0.041288, 0.124994, 0.063338, -0.880895, -0.469055, -0.020373, 0.013027, 0.470688, -0.882204, 0.046739, 0.0, 0.0, 0.0, 1.0],
                [0.997714, 0.045758, 0.049734, 0.124994, 0.06662, -0.789589, -0.61001, -0.013508, 0.011357, 0.611928, -0.790832, 0.051363, 0.0, 0.0, 0.0, 1.0],
                [0.997496, 0.047421, 0.05246, 0.124994, 0.070053, -0.763975, -0.641433, -0.007345, 0.00966, 0.643502, -0.765384, 0.054843, 0.0, 0.0, 0.0, 1.0],
                [0.997274, 0.055547, 0.04858, 0.124994, 0.073354, -0.817988, -0.570539, -0.00195, 0.008046, 0.572547, -0.819833, 0.057343, 0.0, 0.0, 0.0, 1.0],
                [0.997095, 0.064334, 0.040772, 0.124994, 0.075865, -0.886443, -0.45658, 0.002612, 0.006768, 0.458347, -0.888748, 0.059024, 0.0, 0.0, 0.0, 1.0],
                [0.996992, 0.070922, 0.031256, 0.124994, 0.077274, -0.940623, -0.330541, 0.006275, 0.005958, 0.331962, -0.943274, 0.060048, 0.0, 0.0, 0.0, 1.0],
                [0.996961, 0.074694, 0.02214, 0.124994, 0.077705, -0.973777, -0.213826, 0.008973, 0.005588, 0.214896, -0.976621, 0.060579, 0.0, 0.0, 0.0, 1.0],
                [0.996995, 0.075929, 0.015352, 0.124994, 0.077261, -0.989039, -0.125829, 0.010639, 0.005629, 0.126637, -0.991933, 0.060779, 0.0, 0.0, 0.0, 1.0],
                [0.997076, 0.075312, 0.012925, 0.124994, 0.076177, -0.992957, -0.090743, 0.01121, 0.006, 0.091463, -0.99579, 0.060809, 0.0, 0.0, 0.0, 1.0],
                [0.997163, 0.07391, 0.014286, 0.124994, 0.07499, -0.991878, -0.102732, 0.009591, 0.006577, 0.103512, -0.994607, 0.059881, 0.0, 0.0, 0.0, 1.0],
                [0.997232, 0.072398, 0.016938, 0.124994, 0.073998, -0.988599, -0.131134, 0.005734, 0.007251, 0.132024, -0.99122, 0.057288, 0.0, 0.0, 0.0, 1.0],
                [0.997284, 0.070853, 0.020138, 0.124994, 0.073234, -0.983079, -0.167906, 0.001135, 0.0079, 0.168925, -0.985597, 0.053318, 0.0, 0.0, 0.0, 1.0],
                [0.997318, 0.069434, 0.023147, 0.124994, 0.072706, -0.976218, -0.20424, -0.002708, 0.008415, 0.205375, -0.978647, 0.048256, 0.0, 0.0, 0.0, 1.0],
                [0.997338, 0.068412, 0.025239, 0.124994, 0.0724, -0.970281, -0.230898, -0.004299, 0.008692, 0.23211, -0.972651, 0.04239, 0.0, 0.0, 0.0, 1.0],
                [0.997364, 0.069363, 0.021312, 0.124994, 0.072017, -0.982152, -0.173755, -0.004134, 0.00888, 0.174831, -0.984559, 0.035911, 0.0, 0.0, 0.0, 1.0],
                [0.997433, 0.071059, 0.008808, 0.124994, 0.070996, -0.99745, 0.007296, -0.003789, 0.009304, -0.006652, -0.999935, 0.028662, 0.0, 0.0, 0.0, 1.0],
                [0.997578, 0.069011, -0.008752, 0.124994, 0.068814, -0.960576, 0.269368, -0.003379, 0.010182, -0.269317, -0.962998, 0.020414, 0.0, 0.0, 0.0, 1.0],
                [0.997828, 0.060477, -0.026113, 0.124994, 0.064809, -0.830276, 0.553573, -0.00302, 0.011798, -0.554062, -0.832392, 0.010933, 0.0, 0.0, 0.0, 1.0],
                [0.998194, 0.048314, -0.035696, 0.124994, 0.058306, -0.636258, 0.76927, -0.002831, 0.014455, -0.769962, -0.637926, -1.2e-05, 0.0, 0.0, 0.0, 1.0],
                [0.998585, 0.040304, -0.03468, 0.124994, 0.049918, -0.48601, 0.872527, -0.00958, 0.018312, -0.873024, -0.487335, -0.012382, 0.0, 0.0, 0.0, 1.0],
                [0.998905, 0.038351, -0.026788, 0.124994, 0.04083, -0.43525, 0.899384, -0.02577, 0.022832, -0.899493, -0.436339, -0.024881, 0.0, 0.0, 0.0, 1.0],
                [0.999115, 0.039095, -0.015489, 0.124994, 0.03219, -0.474038, 0.879916, -0.045116, 0.027058, -0.879636, -0.474878, -0.035856, 0.0, 0.0, 0.0, 1.0],
                [0.999216, 0.03935, -0.004415, 0.124994, 0.025763, -0.561406, 0.827139, -0.061332, 0.030069, -0.826605, -0.561979, -0.043654, 0.0, 0.0, 0.0, 1.0],
                [0.999242, 0.038916, 0.001062, 0.124994, 0.023294, -0.619528, 0.78463, -0.068135, 0.031192, -0.78401, -0.619964, -0.04662, 0.0, 0.0, 0.0, 1.0],
                [0.999242, 0.038861, 0.002276, 0.124994, 0.024076, -0.6629, 0.748322, -0.061343, 0.03059, -0.747699, -0.663332, -0.041773, 0.0, 0.0, 0.0, 1.0],
                [0.999239, 0.038336, 0.007138, 0.124994, 0.025906, -0.789452, 0.613265, -0.045148, 0.029145, -0.612614, -0.789845, -0.030214, 0.0, 0.0, 0.0, 1.0],
                [0.999231, 0.038927, 0.004606, 0.124994, 0.028026, -0.791627, 0.610362, -0.025818, 0.027406, -0.609764, -0.792109, -0.016418, 0.0, 0.0, 0.0, 1.0],
                [0.999221, 0.039393, 0.002503, 0.124994, 0.029754, -0.79334, 0.608052, -0.009622, 0.025939, -0.607504, -0.793893, -0.004859, 0.0, 0.0, 0.0, 1.0],
                [0.999215, 0.039582, 0.001626, 0.124994, 0.030466, -0.79403, 0.607115, -0.002831, 0.025322, -0.606589, -0.794612, -1.2e-05, 0.0, 0.0, 0.0, 1.0]
            ]
        },
        {
            "name": "Leg_R",
            "time": [0.0, 0.0167, 0.0333, 0.05, 0.0667, 0.0833, 0.1, 0.1167, 0.1333, 0.15, 0.1667, 0.1833, 0.2, 0.2167, 0.2333, 0.25, 0.2667, 0.2833, 0.3, 0.3167, 0.3333, 0.35, 0.3667, 0.3833, 0.4, 0.4167, 0.4333, 0.45, 0.4667, 0.4833, 0.5, 0.5167, 0.5333, 0.55, 0.5667, 0.5833, 0.6, 0.6167, 0.6333, 0.65, 0.6667],
            "transform": [
                [1.0, 0.0, 1e-06, -0.0, -0.0, 0.999999, 0.001465, 0.374726, -1e-06, -0.001465, 0.999999, 0.0, 0.0, 0.0, 0.0, 1.0],
                [1.0, 0.0, 1e-06, 0.0, -0.0, 0.999999, 0.001463, 0.374726, -1e-06, -0.001463, 0.999999, -0.0, 0.0, 0.0, 0.0, 1.0],
                [1.0, 6e-06, 2e-06, 0.0, -7e-06, 0.953847, 0.300291, 0.374726, 0.0, -0.300291, 0.953847, -0.0, 0.0, 0.0, 0.0, 1.0],
                [1.0, 1.6e-05, 8e-06, 0.0, -1.6e-05, 0.682578, 0.730813, 0.374726, 6e-06, -0.730813, 0.682578, -0.0, 0.0, 0.0, 0.0, 1.0],
                [1.0, 1.8e-05, 1.1e-05, -0.0, -1.9e-05, 0.515443, 0.856924, 0.374726, 1e-05, -0.856923, 0.515443, -0.0, 0.0, 0.0, 0.0, 1.0],
                [1.0, 1.8e-05, 1.2e-05, 0.0, -1.9e-05, 0.483241, 0.875487, 0.374726, 1.1e-05, -0.875487, 0.483241, -0.0, 0.0, 0.0, 0.0, 1.0],
                [1.0, 1.8e-05, 1.1e-05, 0.0, -1.9e-05, 0.539342, 0.842087, 0.374726, 9e-06, -0.842087, 0.539342, -0.0, 0.0, 0.0, 0.0, 1.0],
                [1.0, 1.6e-05, 9e-06, 0.0, -1.7e-05, 0.620014, 0.78459, 0.374726, 7e-06, -0.784591, 0.620014, 0.0, 0.0, 0.0, 0.0, 1.0],
                [1.0, 1.6e-05, 7e-06, -0.0, -1.6e-05, 0.696129, 0.717916, 0.374726, 6e-06, -0.717916, 0.69613, -0.0, 0.0, 0.0, 0.0, 1.0],
                [1.0, 1.3e-05, 6e-06, 0.0, -1.4e-05, 0.763087, 0.646296, 0.374726, 4e-06, -0.646297, 0.763087, 0.0, 0.0, 0.0, 0.0, 1.0],
                [1.0, 1.1e-05, 4e-06, 0.0, -1.2e-05, 0.831957, 0.554839, 0.374726, 3e-06, -0.55484, 0.831957, 0.0, 0.0, 0.0, 0.0, 1.0],
                [1.0, 9e-06, 3e-06, 0.0, -9e-06, 0.901841, 0.432067, 0.374726, 1e-06, -0.432067, 0.901841, -0.0, 0.0, 0.0, 0.0, 1.0],
                [1.0, 6e-06, 2e-06, -0.0, -6e-06, 0.958472, 0.285186, 0.374726, 0.0, -0.285187, 0.958472, -0.0, 0.0, 0.0, 0.0, 1.0],
                [1.0, 2e-06, 1e-06, -0.0, -2e-06, 0.993779, 0.111367, 0.374726, -1e-06, -0.111368, 0.993779, 0.0, 0.0, 0.0, 0.0, 1.0],
                [1.0, 3e-06, 1e-06, 0.0, -3e-06, 0.986725, 0.162399, 0.374726, -0.0, -0.1624, 0.986725, -0.0, 0.0, 0.0, 0.0, 1.0],
                [1.0, 9e-06, 3e-06, -0.0, -9e-06, 0.908396, 0.418112, 0.374726, 1e-06, -0.418112, 0.908395, 0.0, 0.0, 0.0, 0.0, 1.0],
                [1.0, 1.4e-05, 6e-06, -0.0, -1.4e-05, 0.73872, 0.674012, 0.374726, 5e-06, -0.674013, 0.73872, 0.0, 0.0, 0.0, 0.0, 1.0],
                [1.0, 1.7e-05, 1e-05, 0.0, -1.8e-05, 0.521536, 0.853229, 0.374726, 9e-06, -0.85323, 0.521536, 0.0, 0.0, 0.0, 0.0, 1.0],
                [1.0, 1.9e-05, 1.5e-05, 0.0, -2e-05, 0.31848, 0.947929, 0.374726, 1.4e-05, -0.947929, 0.31848, 0.0, 0.0, 0.0, 0.0, 1.0],
                [1.0, 2e-05, 1.7e-05, -0.0, -2.1e-05, 0.178214, 0.983992, 0.374726, 1.7e-05, -0.983992, 0.178214, 0.0, 0.0, 0.0, 0.0, 1.0],
                [1.0, 2.1e-05, 1.9e-05, -0.0, -2.2e-05, 0.139735, 0.990189, 0.374726, 1.8e-05, -0.990189, 0.139735, 0.0, 0.0, 0.0, 0.0, 1.0],
                [1.0, 2e-05, 1.7e-05, -0.0, -2.1e-05, 0.178368, 0.983964, 0.374726, 1.7e-05, -0.983964, 0.178368, -0.0, 0.0, 0.0, 0.0, 1.0],
                [1.0, 2e-05, 1.6e-05, -0.0, -2.1e-05, 0.236138, 0.971719, 0.374726, 1.5e-05, -0.971719, 0.236138, 0.0, 0.0, 0.0, 0.0, 1.0],
                [1.0, 1.9e-05, 1.5e-05, -0.0, -2e-05, 0.301763, 0.953382, 0.374726, 1.4e-05, -0.953383, 0.301763, 0.0, 0.0, 0.0, 0.0, 1.0],
                [1.0, 2e-05, 1.4e-05, 0.0, -2e-05, 0.362509, 0.93198, 0.374726, 1.3e-05, -0.93198, 0.362509, -0.0, 0.0, 0.0, 0.0, 1.0],
                [1.0, 1.9e-05, 1.3e-05, 0.0, -1.9e-05, 0.404866, 0.914375, 0.374726, 1.2e-05, -0.914376, 0.404867, -0.0, 0.0, 0.0, 0.0, 1.0],
                [1.0, 2e-05, 1.5e-05, -0.0, -2e-05, 0.341685, 0.939814, 0.374726, 1.4e-05, -0.939814, 0.341685, 0.0, 0.0, 0.0, 0.0, 1.0],
                [1.0, 2.1e-05, 1.9e-05, 0.0, -2.2e-05, 0.150343, 0.988633, 0.374726, 1.8e-05, -0.988635, 0.150343, 0.0, 0.0, 0.0, 0.0, 1.0],
                [1.0, 2.1e-05, 2.3e-05, 0.0, -2.2e-05, -0.068224, 0.99767, 0.374726, 2.3e-05, -0.997671, -0.068224, -0.0, 0.0, 0.0, 0.0, 1.0],
                [1.0, 2e-05, 2.6e-05, -0.0, -2.1e-05, -0.214265, 0.976775, 0.374726, 2.5e-05, -0.976776, -0.214265, -0.0, 0.0, 0.0, 0.0, 1.0],
                [1.0, 2.1e-05, 2.6e-05, -0.0, -2.1e-05, -0.210938, 0.977499, 0.374726, 2.6e-05, -0.977499, -0.210938, -0.0, 0.0, 0.0, 0.0, 1.0],
                [1.0, 2.1e-05, 2.3e-05, 0.0, -2.2e-05, -0.047915, 0.998851, 0.374726, 2.2e-05, -0.998851, -0.047915, -0.0, 0.0, 0.0, 0.0, 1.0],
                [1.0, 2.1e-05, 1.7e-05, -0.0, -2.2e-05, 0.222775, 0.97487, 0.374726, 1.7e-05, -0.97487, 0.222775, -0.0, 0.0, 0.0, 0.0, 1.0],
                [1.0, 1.8e-05, 1e-05, 0.0, -1.8e-05, 0.532113, 0.846673, 0.374726, 9e-06, -0.846673, 0.532113, 0.0, 0.0, 0.0, 0.0, 1.0],
                [1.0, 1.3e-05, 5e-06, -0.0, -1.3e-05, 0.786231, 0.617932, 0.374726, 4e-06, -0.617933, 0.786231, -0.0, 0.0, 0.0, 0.0, 1.0],
                [1.0, 1e-05, 3e-06, 0.0, -1e-05, 0.88883, 0.458236, 0.374726, 2e-06, -0.458236, 0.888831, -0.0, 0.0, 0.0, 0.0, 1.0],
                [1.0, 8e-06, 2e-06, 0.0, -8e-06, 0.933877, 0.357595, 0.374726, 1e-06, -0.357595, 0.933877, -0.0, 0.0, 0.0, 0.0, 1.0],
                [1.000001, 0.0, 1e-06, 0.0, -0.0, 0.999999, 0.00146, 0.374726, -1e-06, -0.00146, 0.999999, -0.0, 0.0, 0.0, 0.0, 1.0],
                [1.0, 0.0, 1e-06, -0.0, -0.0, 0.999999, 0.001462, 0.374726, -1e-06, -0.001463, 0.999999, -0.0, 0.0, 0.0, 0.0, 1.0],
                [1.0, 0.0, 1e-06, -0.0, -0.0, 0.999999, 0.001465, 0.374726, -1e-06, -0.001464, 0.999999, -0.0, 0.0, 0.0, 0.0, 1.0],
                [1.0, 0.0, 1e-06, -0.0, -0.0, 0.999999, 0.001465, 0.374726, -1e-06, -0.001465, 0.999999, 0.0, 0.0, 0.0, 0.0, 1.0]
            ]
        },
        {
            "name": "Knee_R",
            "time": [0.0, 0.6667],
            "transform": [
                [1.0, 0.0, -0.0, -0.0, -0.0, 0.00567, -0.999984, 0.374726, -0.0, 0.999984, 0.00567, 0.0, 0.0, 0.0, 0.0, 1.0],
                [1.0, 0.0, -0.0, -0.0, -0.0, 0.00567, -0.999984, 0.374726, -0.0, 0.999984, 0.00567, 0.0, 0.0, 0.0, 0.0, 1.0]
            ]
        },
        {
            "name": "Thigh_L",
            "time": [0.0, 0.0167, 0.0333, 0.05, 0.0667, 0.0833, 0.1, 0.1167, 0.1333, 0.15, 0.1667, 0.1833, 0.2, 0.2167, 0.2333, 0.25, 0.2667, 0.2833, 0.3, 0.3167, 0.3333, 0.35, 0.3667, 0.3833, 0.4, 0.4167, 0.4333, 0.45, 0.4667, 0.4833, 0.5, 0.5167, 0.5333, 0.55, 0.5667, 0.5833, 0.6, 0.6167, 0.6333, 0.65, 0.6667],
            "transform": [
                [0.996777, -0.075874, -0.026043, -0.125006, -0.079995, -0.96439, -0.2521, -0.002831, -0.005988, 0.253371, -0.967351, -1.2e-05, 0.0, 0.0, 0.0, 1.0],
                [0.996846, -0.075012, -0.025897, -0.125006, -0.079104, -0.965273, -0.248982, -0.002983, -0.006321, 0.250245, -0.968162, 0.004398, 0.0, 0.0, 0.0, 1.0],
                [0.997004, -0.072981, -0.025629, -0.125006, -0.077025, -0.967072, -0.24257, -0.003348, -0.007082, 0.243818, -0.969795, 0.014914, 0.0, 0.0, 0.0, 1.0],
                [0.997181, -0.070582, -0.025465, -0.125006, -0.074614, -0.968652, -0.236954, -0.003782, -0.007942, 0.238186, -0.971187, 0.027465, 0.0, 0.0, 0.0, 1.0],
                [0.997323, -0.068547, -0.025472, -0.125006, -0.072615, -0.969456, -0.23427, -0.004146, -0.008635, 0.235493, -0.971838, 0.03798, 0.0, 0.0, 0.0, 1.0],
                [0.997388, -0.067545, -0.02557, -0.125006, -0.071664, -0.969512, -0.234331, -0.004299, -0.008963, 0.235552, -0.971821, 0.04239, 0.0, 0.0, 0.0, 1.0],
                [0.997422, -0.068648, -0.020909, -0.125006, -0.071175, -0.983529, -0.166151, -0.004157, -0.009159, 0.167211, -0.985879, 0.039873, 0.0, 0.0, 0.0, 1.0],
                [0.997491, -0.070292, -0.008454, -0.125006, -0.070147, -0.997402, 0.016393, -0.003814, -0.009585, -0.015758, -0.99983, 0.033143, 0.0, 0.0, 0.0, 1.0],
                [0.997597, -0.068684, 0.009042, -0.125006, -0.06851, -0.958758, 0.275844, -0.003396, -0.010277, -0.275801, -0.96116, 0.023431, 0.0, 0.0, 0.0, 1.0],
                [0.997748, -0.060951, 0.027989, -0.125006, -0.066111, -0.823425, 0.563561, -0.003026, -0.011302, -0.564142, -0.825601, 0.011969, 0.0, 0.0, 0.0, 1.0],
                [0.99795, -0.047565, 0.042829, -0.125006, -0.062722, -0.593344, 0.802502, -0.002831, -0.012759, -0.803543, -0.59511, -1.2e-05, 0.0, 0.0, 0.0, 1.0],
                [0.998296, -0.036298, 0.045688, -0.125006, -0.05614, -0.383926, 0.921656, -0.009585, -0.015914, -0.922651, -0.38531, -0.011491, 0.0, 0.0, 0.0, 1.0],
                [0.998736, -0.03455, 0.036498, -0.125006, -0.045667, -0.320665, 0.946092, -0.025785, -0.020983, -0.946563, -0.321837, -0.022117, 0.0, 0.0, 0.0, 1.0],
                [0.999058, -0.037436, 0.021968, -0.125006, -0.034714, -0.385295, 0.922141, -0.045139, -0.026057, -0.922034, -0.386231, -0.031666, 0.0, 0.0, 0.0, 1.0],
                [0.999204, -0.039105, 0.007946, -0.125006, -0.026727, -0.507953, 0.86097, -0.061354, -0.029632, -0.860497, -0.508594, -0.039909, 0.0, 0.0, 0.0, 1.0],
                [0.999234, -0.039105, 0.001453, -0.125006, -0.02387, -0.57969, 0.814488, -0.068135, -0.031008, -0.813899, -0.580179, -0.04662, 0.0, 0.0, 0.0, 1.0],
                [0.999212, -0.039598, 0.002652, -0.125006, -0.025181, -0.580948, 0.813551, -0.065959, -0.030674, -0.812977, -0.581487, -0.051677, 0.0, 0.0, 0.0, 1.0],
                [0.999169, -0.040504, 0.004545, -0.125006, -0.027915, -0.598822, 0.800396, -0.060819, -0.029697, -0.799858, -0.599455, -0.055247, 0.0, 0.0, 0.0, 1.0],
                [0.999114, -0.041629, 0.006128, -0.125006, -0.030959, -0.628642, 0.777079, -0.054696, -0.028497, -0.776581, -0.629374, -0.057537, 0.0, 0.0, 0.0, 1.0],
                [0.999068, -0.042692, 0.00639, -0.125006, -0.033253, -0.666734, 0.744554, -0.049569, -0.027526, -0.744072, -0.667532, -0.058758, 0.0, 0.0, 0.0, 1.0],
                [0.999056, -0.043209, 0.004459, -0.125006, -0.033832, -0.709627, 0.703766, -0.047421, -0.027245, -0.703252, -0.710418, -0.059119, 0.0, 0.0, 0.0, 1.0],
                [0.999024, -0.043572, 0.00722, -0.125006, -0.035116, -0.684494, 0.728172, -0.049313, -0.026786, -0.727715, -0.685356, -0.056936, 0.0, 0.0, 0.0, 1.0],
                [0.99892, -0.04463, 0.01294, -0.125006, -0.03888, -0.650268, 0.75871, -0.053829, -0.025447, -0.758394, -0.6513, -0.050879, 0.0, 0.0, 0.0, 1.0],
                [0.998771, -0.047059, 0.015529, -0.125006, -0.043442, -0.680685, 0.731288, -0.059232, -0.023843, -0.731064, -0.681893, -0.041681, 0.0, 0.0, 0.0, 1.0],
                [0.998613, -0.050941, 0.013308, -0.125006, -0.047682, -0.767809, 0.638902, -0.06378, -0.022328, -0.63865, -0.769173, -0.030076, 0.0, 0.0, 0.0, 1.0],
                [0.99848, -0.054675, 0.006977, -0.125006, -0.050948, -0.867207, 0.495335, -0.065735, -0.021032, -0.494937, -0.868674, -0.016798, 0.0, 0.0, 0.0, 1.0],
                [0.998399, -0.05655, -0.000861, -0.125006, -0.052908, -0.939271, 0.339075, -0.063913, -0.019984, -0.338486, -0.940759, -0.002707, 0.0, 0.0, 0.0, 1.0],
                [0.998362, -0.056561, -0.008583, -0.125006, -0.053925, -0.980501, 0.188974, -0.058982, -0.019104, -0.188201, -0.981945, 0.01084, 0.0, 0.0, 0.0, 1.0],
                [0.998346, -0.055237, -0.015957, -0.125006, -0.054504, -0.997578, 0.043225, -0.051984, -0.018306, -0.042284, -0.998938, 0.022363, 0.0, 0.0, 0.0, 1.0],
                [0.998329, -0.052644, -0.023819, -0.125006, -0.055058, -0.991756, -0.11571, -0.043958, -0.017532, 0.116829, -0.992997, 0.03038, 0.0, 0.0, 0.0, 1.0],
                [0.998294, -0.046131, -0.035786, -0.125006, -0.055934, -0.931376, -0.359737, -0.035944, -0.016735, 0.361124, -0.932368, 0.03341, 0.0, 0.0, 0.0, 1.0],
                [0.998201, -0.041872, -0.042912, -0.125006, -0.057873, -0.859942, -0.5071, -0.028812, -0.015669, 0.508671, -0.860818, 0.03251, 0.0, 0.0, 0.0, 1.0],
                [0.998032, -0.041233, -0.047243, -0.125006, -0.061076, -0.809856, -0.583441, -0.022694, -0.014204, 0.585178, -0.810781, 0.02999, 0.0, 0.0, 0.0, 1.0],
                [0.997798, -0.040979, -0.052145, -0.125006, -0.065141, -0.753208, -0.654549, -0.01753, -0.012453, 0.656505, -0.754219, 0.026255, 0.0, 0.0, 0.0, 1.0],
                [0.997513, -0.041181, -0.057209, -0.125006, -0.069698, -0.697515, -0.713173, -0.013256, -0.010535, 0.715386, -0.69865, 0.021708, 0.0, 0.0, 0.0, 1.0],
                [0.997197, -0.042086, -0.061864, -0.125006, -0.074327, -0.652182, -0.754411, -0.009811, -0.008597, 0.756894, -0.653481, 0.016753, 0.0, 0.0, 0.0, 1.0],
                [0.996939, -0.056414, -0.054138, -0.125006, -0.077867, -0.77906, -0.622096, -0.007132, -0.007082, 0.624407, -0.781067, 0.011794, 0.0, 0.0, 0.0, 1.0],
                [0.996796, -0.066751, -0.044076, -0.125006, -0.079747, -0.872212, -0.482583, -0.005157, -0.006231, 0.484552, -0.874741, 0.007235, 0.0, 0.0, 0.0, 1.0],
                [0.996748, -0.072455, -0.035261, -0.125006, -0.080363, -0.92591, -0.369099, -0.003823, -0.005905, 0.370732, -0.928721, 0.003478, 0.0, 0.0, 0.0, 1.0],
                [0.99676, -0.075151, -0.028674, -0.125006, -0.080218, -0.954969, -0.285658, -0.003068, -0.005915, 0.287032, -0.957903, 0.000928, 0.0, 0.0, 0.0, 1.0],
                [0.996777, -0.075873, -0.026043, -0.125006, -0.079995, -0.96439, -0.2521, -0.002831, -0.005988, 0.253371, -0.967351, -1.2e-05, 0.0, 0.0, 0.0, 1.0]
            ]
        },
        {
            "name": "Leg_L",
            "time": [0.0, 0.0167, 0.0333, 0.05, 0.0667, 0.0833, 0.1, 0.1167, 0.1333, 0.15, 0.1667, 0.1833, 0.2, 0.2167, 0.2333, 0.25, 0.2667, 0.2833, 0.3, 0.3167, 0.3333, 0.35, 0.3667, 0.3833, 0.4, 0.4167, 0.4333, 0.45, 0.4667, 0.4833, 0.5, 0.5167, 0.5333, 0.55, 0.5667, 0.5833, 0.6, 0.6167, 0.6333, 0.65, 0.6667],
            "transform": [
                [1.0, 2.1e-05, 1.6e-05, -0.0, -2.1e-05, 0.29152, 0.956564, 0.374726, 1.5e-05, -0.956565, 0.29152, 0.0, 0.0, 0.0, 0.0, 1.0],
                [1.0, 1.9e-05, 1.5e-05, -0.0, -2e-05, 0.303202, 0.952926, 0.374726, 1.4e-05, -0.952927, 0.303202, -0.0, 0.0, 0.0, 0.0, 1.0],
                [1.0, 2e-05, 1.5e-05, 0.0, -2.1e-05, 0.332519, 0.943096, 0.374726, 1.4e-05, -0.943096, 0.332519, 0.0, 0.0, 0.0, 0.0, 1.0],
                [1.0, 2e-05, 1.4e-05, 0.0, -2e-05, 0.370428, 0.928861, 0.374726, 1.3e-05, -0.928861, 0.370428, -0.0, 0.0, 0.0, 0.0, 1.0],
                [1.0, 1.9e-05, 1.3e-05, -0.0, -2e-05, 0.405655, 0.914025, 0.374726, 1.2e-05, -0.914026, 0.405655, 0.0, 0.0, 0.0, 0.0, 1.0],
                [1.0, 1.9e-05, 1.3e-05, -0.0, -2e-05, 0.424562, 0.905398, 0.374726, 1.2e-05, -0.905399, 0.424562, 0.0, 0.0, 0.0, 0.0, 1.0],
                [1.0, 2e-05, 1.4e-05, 0.0, -2e-05, 0.349809, 0.93682, 0.374726, 1.3e-05, -0.936821, 0.349809, 0.0, 0.0, 0.0, 0.0, 1.0],
                [1.0, 2.1e-05, 1.8e-05, 0.0, -2.1e-05, 0.158368, 0.98738, 0.374726, 1.8e-05, -0.98738, 0.158368, 0.0, 0.0, 0.0, 0.0, 1.0],
                [1.0, 2.2e-05, 2.4e-05, -0.0, -2.2e-05, -0.067385, 0.997727, 0.374726, 2.3e-05, -0.997727, -0.067385, -0.0, 0.0, 0.0, 0.0, 1.0],
                [1.0, 2e-05, 2.7e-05, -0.0, -2.1e-05, -0.24626, 0.969204, 0.374726, 2.6e-05, -0.969203, -0.24626, -0.0, 0.0, 0.0, 0.0, 1.0],
                [1.0, 2e-05, 2.8e-05, -0.0, -2.1e-05, -0.317729, 0.948181, 0.374726, 2.8e-05, -0.948182, -0.317729, -0.0, 0.0, 0.0, 0.0, 1.0],
                [1.0, 2.1e-05, 2.6e-05, -0.0, -2.1e-05, -0.216378, 0.976309, 0.374726, 2.6e-05, -0.97631, -0.216378, -0.0, 0.0, 0.0, 0.0, 1.0],
                [1.0, 2.2e-05, 2.1e-05, 0.0, -2.2e-05, 0.059788, 0.998211, 0.374726, 2e-05, -0.998211, 0.059788, 0.0, 0.0, 0.0, 0.0, 1.0],
                [1.0, 1.9e-05, 1.3e-05, 0.0, -1.9e-05, 0.418241, 0.908335, 0.374726, 1.2e-05, -0.908336, 0.418241, -0.0, 0.0, 0.0, 0.0, 1.0],
                [1.0, 1.4e-05, 6e-06, 0.0, -1.5e-05, 0.728711, 0.684821, 0.374726, 5e-06, -0.684821, 0.728711, 0.0, 0.0, 0.0, 0.0, 1.0],
                [1.0, 1.1e-05, 4e-06, -0.0, -1.1e-05, 0.848118, 0.529807, 0.374726, 3e-06, -0.529807, 0.848118, -0.0, 0.0, 0.0, 0.0, 1.0],
                [1.0, 1.1e-05, 4e-06, 0.0, -1.1e-05, 0.841672, 0.539988, 0.374726, 3e-06, -0.539988, 0.841673, -0.0, 0.0, 0.0, 0.0, 1.0],
                [1.0, 1.1e-05, 4e-06, -0.0, -1.1e-05, 0.855204, 0.518292, 0.374726, 2e-06, -0.518291, 0.855204, -0.0, 0.0, 0.0, 0.0, 1.0],
                [1.0, 1e-05, 3e-06, -0.0, -1e-05, 0.882401, 0.470497, 0.374726, 2e-06, -0.470498, 0.882402, 0.0, 0.0, 0.0, 0.0, 1.0],
                [1.0, 8e-06, 2e-06, -0.0, -9e-06, 0.916859, 0.399211, 0.374726, 1e-06, -0.399211, 0.916859, -0.0, 0.0, 0.0, 0.0, 1.0],
                [1.0, 6e-06, 2e-06, -0.0, -7e-06, 0.951698, 0.307035, 0.374726, 0.0, -0.307035, 0.951698, -0.0, 0.0, 0.0, 0.0, 1.0],
                [1.0, 9e-06, 3e-06, 0.0, -1e-05, 0.892098, 0.451841, 0.374726, 2e-06, -0.451841, 0.892099, -0.0, 0.0, 0.0, 0.0, 1.0],
                [1.0, 1.4e-05, 7e-06, 0.0, -1.5e-05, 0.718969, 0.695042, 0.374726, 5e-06, -0.695042, 0.718969, -0.0, 0.0, 0.0, 0.0, 1.0],
                [1.0, 1.8e-05, 1e-05, 0.0, -1.8e-05, 0.544718, 0.838619, 0.374726, 9e-06, -0.838619, 0.544718, 0.0, 0.0, 0.0, 0.0, 1.0],
                [1.0, 1.9e-05, 1.2e-05, 0.0, -2e-05, 0.449322, 0.89337, 0.374726, 1.1e-05, -0.89337, 0.449322, -0.0, 0.0, 0.0, 0.0, 1.0],
                [1.0, 1.9e-05, 1.2e-05, 0.0, -1.9e-05, 0.454224, 0.890888, 0.374726, 1.1e-05, -0.890888, 0.454224, 0.0, 0.0, 0.0, 0.0, 1.0],
                [1.0, 1.8e-05, 1.1e-05, 0.0, -1.8e-05, 0.528821, 0.848733, 0.374726, 1e-05, -0.848733, 0.528821, -0.0, 0.0, 0.0, 0.0, 1.0],
                [1.0, 1.6e-05, 8e-06, -0.0, -1.7e-05, 0.633017, 0.774138, 0.374726, 7e-06, -0.774138, 0.633017, 0.0, 0.0, 0.0, 0.0, 1.0],
                [1.0, 1.4e-05, 6e-06, -0.0, -1.5e-05, 0.744629, 0.667478, 0.374726, 5e-06, -0.667479, 0.744629, 0.0, 0.0, 0.0, 0.0, 1.0],
                [1.0, 1.1e-05, 4e-06, -0.0, -1.1e-05, 0.859473, 0.511181, 0.374726, 2e-06, -0.511182, 0.859473, 0.0, 0.0, 0.0, 0.0, 1.0],
                [1.0, 4e-06, 1e-06, -0.0, -4e-06, 0.986197, 0.165579, 0.374726, -0.0, -0.165579, 0.986197, 0.0, 0.0, 0.0, 0.0, 1.0],
                [1.0, 0.0, 1e-06, 0.0, -0.0, 0.999999, 0.001461, 0.374726, -1e-06, -0.001461, 0.999999, -0.0, 0.0, 0.0, 0.0, 1.0],
                [1.0, 0.0, 1e-06, 0.0, -0.0, 0.999999, 0.001462, 0.374726, -1e-06, -0.001463, 0.999999, 0.0, 0.0, 0.0, 0.0, 1.0],
                [1.0, 0.0, 1e-06, -0.0, -0.0, 0.999999, 0.001463, 0.374726, -1e-06, -0.001463, 0.999999, -0.0, 0.0, 0.0, 0.0, 1.0],
                [1.0, 0.0, 1e-06, -0.0, -0.0, 0.999999, 0.001462, 0.374726, -1e-06, -0.001463, 0.999999, 0.0, 0.0, 0.0, 0.0, 1.0],
                [1.0, 0.0, 1e-06, 0.0, -0.0, 0.999999, 0.001461, 0.374726, -1e-06, -0.001461, 0.999999, 0.0, 0.0, 0.0, 0.0, 1.0],
                [1.0, 9e-06, 3e-06, -0.0, -9e-06, 0.904759, 0.425924, 0.374726, 1e-06, -0.425925, 0.904759, -0.0, 0.0, 0.0, 0.0, 1.0],
                [1.0, 1.4e-05, 7e-06, 0.0, -1.5e-05, 0.693336, 0.720615, 0.374726, 6e-06, -0.720614, 0.693336, -0.0, 0.0, 0.0, 0.0, 1.0],
                [1.0, 1.8e-05, 1.1e-05, -0.0, -1.9e-05, 0.493368, 0.86982, 0.374726, 1e-05, -0.869821, 0.493368, 0.0, 0.0, 0.0, 0.0, 1.0],
                [1.0, 2e-05, 1.4e-05, 0.0, -2e-05, 0.347677, 0.937613, 0.374726, 1.3e-05, -0.937614, 0.347677, 0.0, 0.0, 0.0, 0.0, 1.0],
                [1.0, 2e-05, 1.6e-05, -0.0, -2.1e-05, 0.29152, 0.956564, 0.374726, 1.5e-05, -0.956565, 0.29152, 0.0, 0.0, 0.0, 0.0, 1.0]
            ]
        },
        {
            "name": "Knee_L",
            "time": [0.0, 0.6667],
            "transform": [
                [1.0, 0.0, -0.0, 0.0, -0.0, 0.00567, -0.999984, 0.452461, -0.0, 0.999984, 0.00567, -0.000441, 0.0, 0.0, 0.0, 1.0],
                [1.0, 0.0, -0.0, 0.0, -0.0, 0.00567, -0.999984, 0.452461, -0.0, 0.999984, 0.00567, -0.000441, 0.0, 0.0, 0.0, 1.0]
            ]
        },
        {
            "name": "Torso",
            "time": [0.0, 0.0167, 0.0333, 0.05, 0.0667, 0.0833, 0.1, 0.1167, 0.1333, 0.15, 0.1667, 0.1833, 0.2, 0.2167, 0.2333, 0.25, 0.2667, 0.2833, 0.3, 0.3167, 0.3333, 0.35, 0.3667, 0.3833, 0.4, 0.4167, 0.4333, 0.45, 0.4667, 0.4833, 0.5, 0.5167, 0.5333, 0.55, 0.5667, 0.5833, 0.6, 0.6167, 0.6333, 0.65, 0.6667],
            "transform": [
                [0.972039, 0.063457, -0.226083, 0.0, 0.03778, 0.907989, 0.417287, 0.05, 0.231761, -0.414161, 0.880203, 0.0, 0.0, 0.0, 0.0, 1.0],
                [0.972934, 0.062222, -0.222547, 0.0, 0.037409, 0.907952, 0.417401, 0.05, 0.228034, -0.414429, 0.88105, 0.0, 0.0, 0.0, 0.0, 1.0],
                [0.97542, 0.058678, -0.212398, 0.0, 0.036345, 0.90785, 0.417718, 0.05, 0.217336, -0.41517, 0.883402, 0.0, 0.0, 0.0, 0.0, 1.0],
                [0.979108, 0.053057, -0.196295, 0.0, 0.034654, 0.907695, 0.418197, 0.05, 0.200365, -0.416263, 0.886893, 0.0, 0.0, 0.0, 0.0, 1.0],
                [0.983533, 0.045587, -0.174884, 0.0, 0.032403, 0.907505, 0.418789, 0.05, 0.1778, -0.41756, 0.891084, 0.0, 0.0, 0.0, 0.0, 1.0],
                [0.988191, 0.036498, -0.148818, 0.0, 0.029656, 0.907299, 0.41944, 0.05, 0.150331, -0.4189, 0.895502, 0.0, 0.0, 0.0, 0.0, 1.0],
                [0.99258, 0.026029, -0.118776, 0.0, 0.026483, 0.907093, 0.420097, 0.05, 0.118676, -0.420125, 0.899673, 0.0, 0.0, 0.0, 0.0, 1.0],
                [0.996235, 0.014435, -0.085482, 0.0, 0.022958, 0.906905, 0.42071, 0.05, 0.083597, -0.421088, 0.903159, 0.0, 0.0, 0.0, 0.0, 1.0],
                [0.998762, 0.001986, -0.049702, 0.0, 0.019159, 0.906749, 0.421235, 0.05, 0.045904, -0.421666, 0.905589, 0.0, 0.0, 0.0, 0.0, 1.0],
                [0.999864, -0.011035, -0.012248, 0.0, 0.015171, 0.906637, 0.421638, 0.05, 0.006452, -0.421767, 0.906681, 0.0, 0.0, 0.0, 0.0, 1.0],
                [0.999365, -0.024333, 0.026036, 0.0, 0.011082, 0.906577, 0.421895, 0.05, -0.033869, -0.421339, 0.906271, 0.0, 0.0, 0.0, 0.0, 1.0],
                [0.997222, -0.037609, 0.064291, 0.0, 0.006984, 0.906571, 0.421995, 0.05, -0.074155, -0.420374, 0.904315, 0.0, 0.0, 0.0, 0.0, 1.0],
                [0.993533, -0.050566, 0.101659, 0.0, 0.002969, 0.906618, 0.421942, 0.05, -0.113502, -0.418911, 0.900905, 0.0, 0.0, 0.0, 0.0, 1.0],
                [0.988529, -0.062915, 0.137304, 0.0, -0.000872, 0.906712, 0.421749, 0.05, -0.15103, -0.417031, 0.896256, 0.0, 0.0, 0.0, 0.0, 1.0],
                [0.982559, -0.07438, 0.170426, 0.0, -0.004451, 0.906844, 0.421444, 0.05, -0.185896, -0.414852, 0.890696, 0.0, 0.0, 0.0, 0.0, 1.0],
                [0.976072, -0.084704, 0.20027, 0.0, -0.007684, 0.906999, 0.421064, 0.05, -0.21731, -0.412528, 0.884645, 0.0, 0.0, 0.0, 0.0, 1.0],
                [0.969585, -0.093644, 0.226134, 0.0, -0.010493, 0.907162, 0.420652, 0.05, -0.244531, -0.41023, 0.878587, 0.0, 0.0, 0.0, 0.0, 1.0],
                [0.963649, -0.100975, 0.247355, 0.0, -0.012802, 0.907316, 0.420256, 0.05, -0.266864, -0.408145, 0.873041, 0.0, 0.0, 0.0, 0.0, 1.0],
                [0.95882, -0.106481, 0.2633, 0.0, -0.014539, 0.907444, 0.419923, 0.05, -0.283644, -0.406458, 0.868526, 0.0, 0.0, 0.0, 0.0, 1.0],
                [0.955612, -0.109948, 0.273344, 0.0, -0.015635, 0.90753, 0.419697, 0.05, -0.294213, -0.405341, 0.865527, 0.0, 0.0, 0.0, 0.0, 1.0],
                [0.954465, -0.111155, 0.276842, 0.0, -0.016017, 0.907561, 0.419616, 0.05, -0.297893, -0.404942, 0.864454, 0.0, 0.0, 0.0, 0.0, 1.0],
                [0.955612, -0.109948, 0.273344, 0.0, -0.015635, 0.90753, 0.419697, 0.05, -0.294212, -0.405341, 0.865527, 0.0, 0.0, 0.0, 0.0, 1.0],
                [0.95882, -0.106481, 0.2633, 0.0, -0.014539, 0.907444, 0.419923, 0.05, -0.283643, -0.406458, 0.868526, 0.0, 0.0, 0.0, 0.0, 1.0],
                [0.963649, -0.100975, 0.247355, 0.0, -0.012801, 0.907316, 0.420255, 0.05, -0.266864, -0.408145, 0.873041, 0.0, 0.0, 0.0, 0.0, 1.0],
                [0.969585, -0.093644, 0.226134, 0.0, -0.010493, 0.907162, 0.420652, 0.05, -0.244531, -0.41023, 0.878587, 0.0, 0.0, 0.0, 0.0, 1.0],
                [0.976072, -0.084704, 0.20027, 0.0, -0.007684, 0.906999, 0.421064, 0.05, -0.21731, -0.412528, 0.884645, 0.0, 0.0, 0.0, 0.0, 1.0],
                [0.982559, -0.07438, 0.170426, 0.0, -0.004451, 0.906844, 0.421444, 0.05, -0.185896, -0.414852, 0.890696, 0.0, 0.0, 0.0, 0.0, 1.0],
                [0.988529, -0.062915, 0.137304, 0.0, -0.000872, 0.906712, 0.421749, 0.05, -0.15103, -0.417031, 0.896256, 0.0, 0.0, 0.0, 0.0, 1.0],
                [0.993533, -0.050566, 0.101659, 0.0, 0.002969, 0.906618, 0.421942, 0.05, -0.113502, -0.418911, 0.900905, 0.0, 0.0, 0.0, 0.0, 1.0],
                [0.997222, -0.037609, 0.064291, 0.0, 0.006984, 0.906571, 0.421996, 0.05, -0.074155, -0.420374, 0.904315, 0.0, 0.0, 0.0, 0.0, 1.0],
                [0.999365, -0.024333, 0.026036, 0.0, 0.011082, 0.906577, 0.421895, 0.05, -0.033869, -0.421339, 0.906271, 0.0, 0.0, 0.0, 0.0, 1.0],
                [0.999864, -0.011035, -0.012248, 0.0, 0.015171, 0.906637, 0.421638, 0.05, 0.006452, -0.421767, 0.906682, 0.0, 0.0, 0.0, 0.0, 1.0],
                [0.998762, 0.001986, -0.049702, 0.0, 0.019159, 0.906749, 0.421235, 0.05, 0.045904, -0.421666, 0.905589, 0.0, 0.0, 0.0, 0.0, 1.0],
                [0.996235, 0.014435, -0.085482, 0.0, 0.022958, 0.906905, 0.42071, 0.05, 0.083597, -0.421088, 0.903159, 0.0, 0.0, 0.0, 0.0, 1.0],
                [0.99258, 0.026029, -0.118776, 0.0, 0.026483, 0.907093, 0.420097, 0.05, 0.118676, -0.420125, 0.899673, 0.0, 0.0, 0.0, 0.0, 1.0],
                [0.988191, 0.036498, -0.148818, 0.0, 0.029656, 0.907299, 0.41944, 0.05, 0.150331, -0.4189, 0.895502, 0.0, 0.0, 0.0, 0.0, 1.0],
                [0.983533, 0.045587, -0.174884, 0.0, 0.032403, 0.907505, 0.418789, 0.05, 0.1778, -0.417559, 0.891084, 0.0, 0.0, 0.0, 0.0, 1.0],
                [0.979108, 0.053057, -0.196295, 0.0, 0.034654, 0.907695, 0.418197, 0.05, 0.200365, -0.416263, 0.886893, 0.0, 0.0, 0.0, 0.0, 1.0],
                [0.97542, 0.058678, -0.212398, 0.0, 0.036345, 0.90785, 0.417718, 0.05, 0.217336, -0.41517, 0.883402, 0.0, 0.0, 0.0, 0.0, 1.0],
                [0.972934, 0.062222, -0.222547, 0.0, 0.037409, 0.907952, 0.4174, 0.05, 0.228034, -0.414429, 0.88105, 0.0, 0.0, 0.0, 0.0, 1.0],
                [0.972039, 0.063457, -0.226083, 0.0, 0.03778, 0.907989, 0.417287, 0.05, 0.231761, -0.414161, 0.880203, 0.0, 0.0, 0.0, 0.0, 1.0]
            ]
        },
        {
            "name": "Chest",
            "time": [0.0, 0.0167, 0.0333, 0.05, 0.0667, 0.0833, 0.1, 0.1167, 0.1333, 0.15, 0.1667, 0.1833, 0.2, 0.2167, 0.2333, 0.25, 0.2667, 0.2833, 0.3, 0.3167, 0.3333, 0.35, 0.3667, 0.3833, 0.4, 0.4167, 0.4333, 0.45, 0.4667, 0.4833, 0.5, 0.5167, 0.5333, 0.55, 0.5667, 0.5833, 0.6, 0.6167, 0.6333, 0.65, 0.6667],
            "transform": [
                [1.0, 0.0, 0.0, 0.0, 0.0, 0.992092, 0.125516, 0.3, -0.0, -0.125516, 0.992092, -0.0, 0.0, 0.0, 0.0, 1.0],
                [1.0, 0.0, -0.0, -0.0, 0.0, 0.992092, 0.125516, 0.3, -0.0, -0.125516, 0.992092, -0.0, 0.0, 0.0, 0.0, 1.0],
                [1.0, 0.0, -0.0, 0.0, -0.0, 0.992092, 0.125516, 0.3, 0.0, -0.125516, 0.992092, -0.0, 0.0, 0.0, 0.0, 1.0],
                [1.0, 0.0, -0.0, -0.0, -0.0, 0.992091, 0.125516, 0.3, -0.0, -0.125516, 0.992092, 0.0, 0.0, 0.0, 0.0, 1.0],
                [1.0, -0.0, -0.0, -0.0, 0.0, 0.992092, 0.125516, 0.3, 0.0, -0.125516, 0.992092, 0.0, 0.0, 0.0, 0.0, 1.0],
                [1.0, -0.0, 0.0, -0.0, 0.0, 0.992091, 0.125516, 0.3, -0.0, -0.125516, 0.992091, 0.0, 0.0, 0.0, 0.0, 1.0],
                [1.0, 0.0, -0.0, 0.0, 0.0, 0.992091, 0.125516, 0.3, 0.0, -0.125516, 0.992092, -0.0, 0.0, 0.0, 0.0, 1.0],
                [1.0, 0.0, -0.0, 0.0, 0.0, 0.992091, 0.125516, 0.3, -0.0, -0.125516, 0.992091, 0.0, 0.0, 0.0, 0.0, 1.0],
                [1.0, 0.0, 0.0, 0.0, -0.0, 0.992092, 0.125516, 0.3, -0.0, -0.125516, 0.992092, 0.0, 0.0, 0.0, 0.0, 1.0],
