{
    "animation": [
        {
            "name": "Root",
            "time": [0.0, 0.0167, 0.0333, 0.05, 0.0667, 0.0833, 0.1, 0.1167, 0.1333, 0.15, 0.1667, 0.1833, 0.2, 0.2167, 0.2333, 0.25, 0.2667, 0.2833, 0.3, 0.3167, 0.3333, 0.35, 0.3667, 0.3833, 0.4, 0.4167, 0.4333, 0.45, 0.4667, 0.4833, 0.5, 0.5167, 0.5333, 0.55, 0.5667, 0.5833, 0.6, 0.6167, 0.6333, 0.65, 0.6667, 0.6833, 0.7, 0.7167, 0.7333, 0.75, 0.7667, 0.7833, 0.8, 0.8167, 0.8333, 0.85, 0.8667, 0.8833, 0.9, 0.9167, 0.9333],
            "transform": [
                [1.0, 0.0, 0.0, -5e-06, 0.0, 0.0, -1.0, 0.000946, 0.0, 1.0, 0.0, 0.602277, 0.0, 0.0, 0.0, 1.0],
                [1.0, 0.0, 0.0, -5e-06, 0.0, 0.0, -1.0, 0.000946, 0.0, 1.0, 0.0, 0.602593, 0.0, 0.0, 0.0, 1.0],
                [1.0, 0.0, 0.0, -5e-06, 0.0, 0.0, -1.0, 0.000946, 0.0, 1.0, 0.0, 0.603479, 0.0, 0.0, 0.0, 1.0],
                [1.0, 0.0, 0.0, -5e-06, 0.0, 0.0, -1.0, 0.000946, 0.0, 1.0, 0.0, 0.604839, 0.0, 0.0, 0.0, 1.0],
                [1.0, 0.0, 0.0, -5e-06, 0.0, 0.0, -1.0, 0.000946, 0.0, 1.0, 0.0, 0.606579, 0.0, 0.0, 0.0, 1.0],
                [1.0, 0.0, 0.0, -5e-06, 0.0, 0.0, -1.0, 0.000946, 0.0, 1.0, 0.0, 0.608604, 0.0, 0.0, 0.0, 1.0],
                [1.0, 0.0, 0.0, -5e-06, 0.0, 0.0, -1.0, 0.000946, 0.0, 1.0, 0.0, 0.610819, 0.0, 0.0, 0.0, 1.0],
                [1.0, 0.0, 0.0, -5e-06, 0.0, 0.0, -1.0, 0.000946, 0.0, 1.0, 0.0, 0.613129, 0.0, 0.0, 0.0, 1.0],
                [1.0, 0.0, 0.0, -5e-06, 0.0, 0.0, -1.0, 0.000946, 0.0, 1.0, 0.0, 0.615438, 0.0, 0.0, 0.0, 1.0],
                [1.0, 0.0, 0.0, -5e-06, 0.0, 0.0, -1.0, 0.000946, 0.0, 1.0, 0.0, 0.617653, 0.0, 0.0, 0.0, 1.0],
                [1.0, 0.0, 0.0, -5e-06, 0.0, 0.0, -1.0, 0.000946, 0.0, 1.0, 0.0, 0.619678, 0.0, 0.0, 0.0, 1.0],
                [1.0, 0.0, 0.0, -5e-06, 0.0, 0.0, -1.0, 0.000946, 0.0, 1.0, 0.0, 0.621418, 0.0, 0.0, 0.0, 1.0],
                [1.0, 0.0, 0.0, -5e-06, 0.0, 0.0, -1.0, 0.000946, 0.0, 1.0, 0.0, 0.622779, 0.0, 0.0, 0.0, 1.0],
                [1.0, 0.0, 0.0, -5e-06, 0.0, 0.0, -1.0, 0.000946, 0.0, 1.0, 0.0, 0.623665, 0.0, 0.0, 0.0, 1.0],
                [1.0, 0.0, 0.0, -5e-06, 0.0, 0.0, -1.0, 0.000946, 0.0, 1.0, 0.0, 0.623981, 0.0, 0.0, 0.0, 1.0],
                [1.0, 0.0, 0.0, -5e-06, 0.0, 0.0, -1.0, 0.000946, 0.0, 1.0, 0.0, 0.623286, 0.0, 0.0, 0.0, 1.0],
                [1.0, 0.0, 0.0, -5e-06, 0.0, 0.0, -1.0, 0.000946, 0.0, 1.0, 0.0, 0.621339, 0.0, 0.0, 0.0, 1.0],
                [1.0, 0.0, 0.0, -5e-06, 0.0, 0.0, -1.0, 0.000946, 0.0, 1.0, 0.0, 0.618349, 0.0, 0.0, 0.0, 1.0],
                [1.0, 0.0, 0.0, -5e-06, 0.0, 0.0, -1.0, 0.000946, 0.0, 1.0, 0.0, 0.614525, 0.0, 0.0, 0.0, 1.0],
                [1.0, 0.0, 0.0, -5e-06, 0.0, 0.0, -1.0, 0.000946, 0.0, 1.0, 0.0, 0.610075, 0.0, 0.0, 0.0, 1.0],
                [1.0, 0.0, 0.0, -5e-06, 0.0, 0.0, -1.0, 0.000946, 0.0, 1.0, 0.0, 0.605208, 0.0, 0.0, 0.0, 1.0],
                [1.0, 0.0, 0.0, -5e-06, 0.0, 0.0, -1.0, 0.000946, 0.0, 1.0, 0.0, 0.600132, 0.0, 0.0, 0.0, 1.0],
                [1.0, 0.0, 0.0, -5e-06, 0.0, 0.0, -1.0, 0.000946, 0.0, 1.0, 0.0, 0.595056, 0.0, 0.0, 0.0, 1.0],
                [1.0, 0.0, 0.0, -5e-06, 0.0, 0.0, -1.0, 0.000946, 0.0, 1.0, 0.0, 0.590189, 0.0, 0.0, 0.0, 1.0],
                [1.0, 0.0, 0.0, -5e-06, 0.0, 0.0, -1.0, 0.000946, 0.0, 1.0, 0.0, 0.585739, 0.0, 0.0, 0.0, 1.0],
                [1.0, 0.0, 0.0, -5e-06, 0.0, 0.0, -1.0, 0.000946, 0.0, 1.0, 0.0, 0.581915, 0.0, 0.0, 0.0, 1.0],
                [1.0, 0.0, 0.0, -5e-06, 0.0, 0.0, -1.0, 0.000946, 0.0, 1.0, 0.0, 0.578925, 0.0, 0.0, 0.0, 1.0],
                [1.0, 0.0, 0.0, -5e-06, 0.0, 0.0, -1.0, 0.000946, 0.0, 1.0, 0.0, 0.576978, 0.0, 0.0, 0.0, 1.0],
                [1.0, 0.0, 0.0, -5e-06, 0.0, 0.0, -1.0, 0.000946, 0.0, 1.0, 0.0, 0.576283, 0.0, 0.0, 0.0, 1.0],
                [1.0, 0.0, 0.0, -5e-06, 0.0, 0.0, -1.0, 0.000946, 0.0, 1.0, 0.0, 0.576725, 0.0, 0.0, 0.0, 1.0],
                [1.0, 0.0, 0.0, -5e-06, 0.0, 0.0, -1.0, 0.000946, 0.0, 1.0, 0.0, 0.577964, 0.0, 0.0, 0.0, 1.0],
                [1.0, 0.0, 0.0, -5e-06, 0.0, 0.0, -1.0, 0.000946, 0.0, 1.0, 0.0, 0.579865, 0.0, 0.0, 0.0, 1.0],
                [1.0, 0.0, 0.0, -5e-06, 0.0, 0.0, -1.0, 0.000946, 0.0, 1.0, 0.0, 0.582298, 0.0, 0.0, 0.0, 1.0],
                [1.0, 0.0, 0.0, -5e-06, 0.0, 0.0, -1.0, 0.000946, 0.0, 1.0, 0.0, 0.585129, 0.0, 0.0, 0.0, 1.0],
                [1.0, 0.0, 0.0, -5e-06, 0.0, 0.0, -1.0, 0.000946, 0.0, 1.0, 0.0, 0.588225, 0.0, 0.0, 0.0, 1.0],
                [1.0, 0.0, 0.0, -5e-06, 0.0, 0.0, -1.0, 0.000946, 0.0, 1.0, 0.0, 0.591453, 0.0, 0.0, 0.0, 1.0],
                [1.0, 0.0, 0.0, -5e-06, 0.0, 0.0, -1.0, 0.000946, 0.0, 1.0, 0.0, 0.594682, 0.0, 0.0, 0.0, 1.0],
                [1.0, 0.0, 0.0, -5e-06, 0.0, 0.0, -1.0, 0.000946, 0.0, 1.0, 0.0, 0.597778, 0.0, 0.0, 0.0, 1.0],
                [1.0, 0.0, 0.0, -5e-06, 0.0, 0.0, -1.0, 0.000946, 0.0, 1.0, 0.0, 0.600609, 0.0, 0.0, 0.0, 1.0],
                [1.0, 0.0, 0.0, -5e-06, 0.0, 0.0, -1.0, 0.000946, 0.0, 1.0, 0.0, 0.603042, 0.0, 0.0, 0.0, 1.0],
                [1.0, 0.0, 0.0, -5e-06, 0.0, 0.0, -1.0, 0.000946, 0.0, 1.0, 0.0, 0.604943, 0.0, 0.0, 0.0, 1.0],
                [1.0, 0.0, 0.0, -5e-06, 0.0, 0.0, -1.0, 0.000946, 0.0, 1.0, 0.0, 0.606182, 0.0, 0.0, 0.0, 1.0],
                [1.0, 0.0, 0.0, -5e-06, 0.0, 0.0, -1.0, 0.000946, 0.0, 1.0, 0.0, 0.606624, 0.0, 0.0, 0.0, 1.0],
                [1.0, 0.0, 0.0, -5e-06, 0.0, 0.0, -1.0, 0.000946, 0.0, 1.0, 0.0, 0.606561, 0.0, 0.0, 0.0, 1.0],
                [1.0, 0.0, 0.0, -5e-06, 0.0, 0.0, -1.0, 0.000946, 0.0, 1.0, 0.0, 0.606383, 0.0, 0.0, 0.0, 1.0],
                [1.0, 0.0, 0.0, -5e-06, 0.0, 0.0, -1.0, 0.000946, 0.0, 1.0, 0.0, 0.606111, 0.0, 0.0, 0.0, 1.0],
                [1.0, 0.0, 0.0, -5e-06, 0.0, 0.0, -1.0, 0.000946, 0.0, 1.0, 0.0, 0.605762, 0.0, 0.0, 0.0, 1.0],
                [1.0, 0.0, 0.0, -5e-06, 0.0, 0.0, -1.0, 0.000946, 0.0, 1.0, 0.0, 0.605357, 0.0, 0.0, 0.0, 1.0],
                [1.0, 0.0, 0.0, -5e-06, 0.0, 0.0, -1.0, 0.000946, 0.0, 1.0, 0.0, 0.604913, 0.0, 0.0, 0.0, 1.0],
                [1.0, 0.0, 0.0, -5e-06, 0.0, 0.0, -1.0, 0.000946, 0.0, 1.0, 0.0, 0.60445, 0.0, 0.0, 0.0, 1.0],
                [1.0, 0.0, 0.0, -5e-06, 0.0, 0.0, -1.0, 0.000946, 0.0, 1.0, 0.0, 0.603988, 0.0, 0.0, 0.0, 1.0],
                [1.0, 0.0, 0.0, -5e-06, 0.0, 0.0, -1.0, 0.000946, 0.0, 1.0, 0.0, 0.603544, 0.0, 0.0, 0.0, 1.0],
                [1.0, 0.0, 0.0, -5e-06, 0.0, 0.0, -1.0, 0.000946, 0.0, 1.0, 0.0, 0.603138, 0.0, 0.0, 0.0, 1.0],
                [1.0, 0.0, 0.0, -5e-06, 0.0, 0.0, -1.0, 0.000946, 0.0, 1.0, 0.0, 0.60279, 0.0, 0.0, 0.0, 1.0],
                [1.0, 0.0, 0.0, -5e-06, 0.0, 0.0, -1.0, 0.000946, 0.0, 1.0, 0.0, 0.602517, 0.0, 0.0, 0.0, 1.0],
                [1.0, 0.0, 0.0, -5e-06, 0.0, 0.0, -1.0, 0.000946, 0.0, 1.0, 0.0, 0.60234, 0.0, 0.0, 0.0, 1.0],
                [1.0, 0.0, 0.0, -5e-06, 0.0, 0.0, -1.0, 0.000946, 0.0, 1.0, 0.0, 0.602277, 0.0, 0.0, 0.0, 1.0]
            ]
        },
        {
            "name": "Thigh_R",
            "time": [0.0, 0.0167, 0.0333, 0.05, 0.0667, 0.0833, 0.1, 0.1167, 0.1333, 0.15, 0.1667, 0.1833, 0.2, 0.2167, 0.2333, 0.25, 0.2667, 0.2833, 0.3, 0.3167, 0.3333, 0.35, 0.3667, 0.3833, 0.4, 0.4167, 0.4333, 0.45, 0.4667, 0.4833, 0.5, 0.5167, 0.5333, 0.55, 0.5667, 0.5833, 0.6, 0.6167, 0.6333, 0.65, 0.6667, 0.6833, 0.7, 0.7167, 0.7333, 0.75, 0.7667, 0.7833, 0.8, 0.8167, 0.8333, 0.85, 0.8667, 0.8833, 0.9, 0.9167, 0.9333],
            "transform": [
                [1.0, -1.2e-05, 3e-06, 0.124994, -1.2e-05, -0.999935, 0.011452, -0.002831, 3e-06, -0.011452, -0.999935, -1.2e-05, 0.0, 0.0, 0.0, 1.0],
                [1.0, -1.2e-05, 3e-06, 0.124994, -1.2e-05, -0.99973, 0.023252, -0.002831, 3e-06, -0.023252, -0.99973, -1.2e-05, 0.0, 0.0, 0.0, 1.0],
                [1.0, -1.2e-05, 4e-06, 0.124994, -1.2e-05, -0.998491, 0.054928, -0.002831, 3e-06, -0.054928, -0.998491, -1.2e-05, 0.0, 0.0, 0.0, 1.0],
                [1.0, -1.2e-05, 4e-06, 0.124994, -1.2e-05, -0.994937, 0.100507, -0.002831, 2e-06, -0.100507, -0.994936, -1.2e-05, 0.0, 0.0, 0.0, 1.0],
                [1.0, -1.2e-05, 4e-06, 0.124994, -1.2e-05, -0.988058, 0.154086, -0.002831, 2e-06, -0.154086, -0.988057, -1.2e-05, 0.0, 0.0, 0.0, 1.0],
                [1.0, -1.2e-05, 4e-06, 0.124994, -1.3e-05, -0.977606, 0.210445, -0.002831, 1e-06, -0.210445, -0.977606, -1.2e-05, 0.0, 0.0, 0.0, 1.0],
                [1.0, -1.2e-05, 4e-06, 0.124994, -1.3e-05, -0.964113, 0.265495, -0.002831, 1e-06, -0.265495, -0.964112, -1.2e-05, 0.0, 0.0, 0.0, 1.0],
                [1.0, -1.3e-05, 4e-06, 0.124994, -1.3e-05, -0.948609, 0.316451, -0.002831, -0.0, -0.316451, -0.948609, -1.2e-05, 0.0, 0.0, 0.0, 1.0],
                [1.0, -1.3e-05, 4e-06, 0.124994, -1.4e-05, -0.928046, 0.372467, -0.002831, -1e-06, -0.372467, -0.928046, -1.2e-05, 0.0, 0.0, 0.0, 1.0],
                [1.0, -1.4e-05, 5e-06, 0.124994, -1.5e-05, -0.897992, 0.440013, -0.002831, -1e-06, -0.440013, -0.897992, -1.2e-05, 0.0, 0.0, 0.0, 1.0],
                [1.0, -1.5e-05, 6e-06, 0.124994, -1.6e-05, -0.858313, 0.513128, -0.002831, -2e-06, -0.513128, -0.858312, -1.2e-05, 0.0, 0.0, 0.0, 1.0],
                [1.0, -1.6e-05, 7e-06, 0.124994, -1.7e-05, -0.809299, 0.587398, -0.002831, -3e-06, -0.587398, -0.809299, -1.2e-05, 0.0, 0.0, 0.0, 1.0],
                [1.0, -1.7e-05, 8e-06, 0.124994, -1.8e-05, -0.750133, 0.661288, -0.002831, -5e-06, -0.661288, -0.750133, -1.2e-05, 0.0, 0.0, 0.0, 1.0],
                [1.0, -1.7e-05, 9e-06, 0.124994, -1.8e-05, -0.680057, 0.73316, -0.002831, -7e-06, -0.73316, -0.680057, -1.2e-05, 0.0, 0.0, 0.0, 1.0],
                [1.0, -1.7e-05, 9e-06, 0.124994, -1.8e-05, -0.601155, 0.799133, -0.002831, -8e-06, -0.799133, -0.601155, -1.2e-05, 0.0, 0.0, 0.0, 1.0],
                [1.0, -1.7e-05, 9e-06, 0.124994, -1.7e-05, -0.512615, 0.858619, -0.002831, -1e-05, -0.858619, -0.512615, -1.2e-05, 0.0, 0.0, 0.0, 1.0],
                [1.0, -1.7e-05, 9e-06, 0.124994, -1.5e-05, -0.41657, 0.909104, -0.002831, -1.2e-05, -0.909105, -0.41657, -1.2e-05, 0.0, 0.0, 0.0, 1.0],
                [1.0, -1.7e-05, 8e-06, 0.124994, -1.3e-05, -0.327826, 0.944739, -0.002831, -1.3e-05, -0.944739, -0.327826, -1.2e-05, 0.0, 0.0, 0.0, 1.0],
                [1.0, -1.6e-05, 8e-06, 0.124994, -1.2e-05, -0.258978, 0.965883, -0.002831, -1.4e-05, -0.965884, -0.258978, -1.2e-05, 0.0, 0.0, 0.0, 1.0],
                [1.0, -1.5e-05, 7e-06, 0.124994, -1e-05, -0.216504, 0.976282, -0.002831, -1.4e-05, -0.976282, -0.216504, -1.2e-05, 0.0, 0.0, 0.0, 1.0],
                [1.0, -1.5e-05, 6e-06, 0.124994, -9e-06, -0.199968, 0.979803, -0.002831, -1.3e-05, -0.979803, -0.199968, -1.2e-05, 0.0, 0.0, 0.0, 1.0],
                [1.0, -1.4e-05, 5e-06, 0.124994, -8e-06, -0.204882, 0.978787, -0.002831, -1.2e-05, -0.978788, -0.204882, -1.2e-05, 0.0, 0.0, 0.0, 1.0],
                [1.0, -1.3e-05, 5e-06, 0.124994, -7e-06, -0.223807, 0.974634, -0.002831, -1.2e-05, -0.974634, -0.223807, -1.2e-05, 0.0, 0.0, 0.0, 1.0],
                [1.0, -1.2e-05, 4e-06, 0.124994, -7e-06, -0.250834, 0.968031, -0.002831, -1.1e-05, -0.968031, -0.250834, -1.2e-05, 0.0, 0.0, 0.0, 1.0],
                [1.0, -1.1e-05, 3e-06, 0.124994, -7e-06, -0.281872, 0.959452, -0.002831, -1e-05, -0.959453, -0.281872, -1.2e-05, 0.0, 0.0, 0.0, 1.0],
                [1.0, -1.1e-05, 3e-06, 0.124994, -6e-06, -0.314618, 0.949219, -0.002831, -9e-06, -0.949219, -0.314618, -1.2e-05, 0.0, 0.0, 0.0, 1.0],
                [1.0, -1e-05, 3e-06, 0.124994, -6e-06, -0.347479, 0.937688, -0.002831, -9e-06, -0.937688, -0.347479, -1.2e-05, 0.0, 0.0, 0.0, 1.0],
                [1.0, -1e-05, 2e-06, 0.124994, -6e-06, -0.379696, 0.925112, -0.002831, -8e-06, -0.925112, -0.379696, -1.2e-05, 0.0, 0.0, 0.0, 1.0],
                [1.0, -9e-06, 2e-06, 0.124994, -6e-06, -0.410936, 0.911665, -0.002831, -8e-06, -0.911665, -0.410936, -1.2e-05, 0.0, 0.0, 0.0, 1.0],
                [1.0, -9e-06, 2e-06, 0.124994, -6e-06, -0.432149, 0.901803, -0.002831, -8e-06, -0.901803, -0.432149, -1.2e-05, 0.0, 0.0, 0.0, 1.0],
                [1.0, -1e-05, 3e-06, 0.124994, -7e-06, -0.442133, 0.89695, -0.002831, -8e-06, -0.89695, -0.442133, -1.2e-05, 0.0, 0.0, 0.0, 1.0],
                [1.0, -1.1e-05, 3e-06, 0.124994, -8e-06, -0.455582, 0.890194, -0.002831, -8e-06, -0.890194, -0.455582, -1.2e-05, 0.0, 0.0, 0.0, 1.0],
                [1.0, -1.2e-05, 4e-06, 0.124994, -9e-06, -0.482707, 0.875782, -0.002831, -9e-06, -0.875782, -0.482707, -1.2e-05, 0.0, 0.0, 0.0, 1.0],
                [1.0, -1.3e-05, 4e-06, 0.124994, -1e-05, -0.525988, 0.850492, -0.002831, -9e-06, -0.850492, -0.525988, -1.2e-05, 0.0, 0.0, 0.0, 1.0],
                [1.0, -1.3e-05, 5e-06, 0.124994, -1.1e-05, -0.580325, 0.814385, -0.002831, -8e-06, -0.814385, -0.580325, -1.2e-05, 0.0, 0.0, 0.0, 1.0],
                [1.0, -1.4e-05, 5e-06, 0.124994, -1.2e-05, -0.635313, 0.772255, -0.002831, -7e-06, -0.772255, -0.635313, -1.2e-05, 0.0, 0.0, 0.0, 1.0],
                [1.0, -1.4e-05, 5e-06, 0.124994, -1.3e-05, -0.681517, 0.731803, -0.002831, -7e-06, -0.731803, -0.681517, -1.2e-05, 0.0, 0.0, 0.0, 1.0],
                [1.0, -1.4e-05, 5e-06, 0.124994, -1.3e-05, -0.717091, 0.69698, -0.002831, -6e-06, -0.69698, -0.717091, -1.2e-05, 0.0, 0.0, 0.0, 1.0],
                [1.0, -1.4e-05, 5e-06, 0.124994, -1.3e-05, -0.743463, 0.668778, -0.002831, -5e-06, -0.668778, -0.743463, -1.2e-05, 0.0, 0.0, 0.0, 1.0],
                [1.0, -1.4e-05, 5e-06, 0.124994, -1.4e-05, -0.763242, 0.646113, -0.002831, -5e-06, -0.646113, -0.763242, -1.2e-05, 0.0, 0.0, 0.0, 1.0],
                [1.0, -1.4e-05, 5e-06, 0.124994, -1.4e-05, -0.779436, 0.626483, -0.002831, -5e-06, -0.626484, -0.779435, -1.2e-05, 0.0, 0.0, 0.0, 1.0],
                [1.0, -1.4e-05, 5e-06, 0.124994, -1.4e-05, -0.795283, 0.60624, -0.002831, -4e-06, -0.60624, -0.795282, -1.2e-05, 0.0, 0.0, 0.0, 1.0],
                [1.0, -1.4e-05, 5e-06, 0.124994, -1.5e-05, -0.814326, 0.580409, -0.002831, -4e-06, -0.580409, -0.814326, -1.2e-05, 0.0, 0.0, 0.0, 1.0],
                [1.0, -1.4e-05, 6e-06, 0.124994, -1.5e-05, -0.839847, 0.542824, -0.002831, -3e-06, -0.542824, -0.839847, -1.2e-05, 0.0, 0.0, 0.0, 1.0],
                [1.0, -1.4e-05, 6e-06, 0.124994, -1.5e-05, -0.87094, 0.49139, -0.002831, -2e-06, -0.49139, -0.87094, -1.2e-05, 0.0, 0.0, 0.0, 1.0],
                [1.0, -1.4e-05, 6e-06, 0.124994, -1.6e-05, -0.904056, 0.427416, -0.002831, -1e-06, -0.427416, -0.904056, -1.2e-05, 0.0, 0.0, 0.0, 1.0],
                [1.0, -1.4e-05, 6e-06, 0.124994, -1.5e-05, -0.934967, 0.354737, -0.002831, 0.0, -0.354737, -0.934967, -1.2e-05, 0.0, 0.0, 0.0, 1.0],
                [1.0, -1.4e-05, 5e-06, 0.124994, -1.5e-05, -0.960093, 0.279682, -0.002831, 1e-06, -0.279682, -0.960093, -1.2e-05, 0.0, 0.0, 0.0, 1.0],
                [1.0, -1.4e-05, 5e-06, 0.124994, -1.5e-05, -0.977644, 0.210272, -0.002831, 2e-06, -0.210272, -0.977643, -1.2e-05, 0.0, 0.0, 0.0, 1.0],
                [1.0, -1.4e-05, 5e-06, 0.124994, -1.4e-05, -0.987905, 0.155065, -0.002831, 3e-06, -0.155065, -0.987904, -1.2e-05, 0.0, 0.0, 0.0, 1.0],
                [1.0, -1.3e-05, 5e-06, 0.124994, -1.4e-05, -0.993492, 0.113905, -0.002831, 3e-06, -0.113905, -0.993492, -1.2e-05, 0.0, 0.0, 0.0, 1.0],
                [1.0, -1.3e-05, 4e-06, 0.124994, -1.3e-05, -0.996734, 0.080769, -0.002831, 3e-06, -0.080769, -0.996733, -1.2e-05, 0.0, 0.0, 0.0, 1.0],
                [1.0, -1.3e-05, 4e-06, 0.124994, -1.3e-05, -0.998497, 0.054814, -0.002831, 3e-06, -0.054814, -0.998497, -1.2e-05, 0.0, 0.0, 0.0, 1.0],
                [1.0, -1.2e-05, 4e-06, 0.124994, -1.3e-05, -0.999372, 0.035439, -0.002831, 3e-06, -0.035439, -0.999372, -1.2e-05, 0.0, 0.0, 0.0, 1.0],
                [1.0, -1.2e-05, 4e-06, 0.124994, -1.2e-05, -0.999759, 0.021964, -0.002831, 3e-06, -0.021964, -0.999759, -1.2e-05, 0.0, 0.0, 0.0, 1.0],
                [1.0, -1.2e-05, 4e-06, 0.124994, -1.2e-05, -0.999902, 0.014038, -0.002831, 3e-06, -0.014038, -0.999902, -1.2e-05, 0.0, 0.0, 0.0, 1.0],
                [1.0, -1.2e-05, 3e-06, 0.124994, -1.2e-05, -0.999935, 0.011452, -0.002831, 3e-06, -0.011452, -0.999935, -1.2e-05, 0.0, 0.0, 0.0, 1.0]
            ]
        },
        {
            "name": "Leg_R",
            "time": [0.0, 0.0167, 0.0333, 0.05, 0.0667, 0.0833, 0.1, 0.1167, 0.1333, 0.15, 0.1667, 0.1833, 0.2, 0.2167, 0.2333, 0.25, 0.2667, 0.2833, 0.3, 0.3167, 0.3333, 0.35, 0.3667, 0.3833, 0.4, 0.4167, 0.4333, 0.45, 0.4667, 0.4833, 0.5, 0.5167, 0.5333, 0.55, 0.5667, 0.5833, 0.6, 0.6167, 0.6333, 0.65, 0.6667, 0.6833, 0.7, 0.7167, 0.7333, 0.75, 0.7667, 0.7833, 0.8, 0.8167, 0.8333, 0.85, 0.8667, 0.8833, 0.9, 0.9167, 0.9333],
            "transform": [
                [1.0, 1.9e-05, 1.3e-05, 0.0, -2e-05, 0.39846, 0.917185, 0.374726, 1.2e-05, -0.917186, 0.39846, 0.0, 0.0, 0.0, 0.0, 1.0],
                [1.0, 1.9e-05, 1.3e-05, -0.0, -2e-05, 0.394239, 0.919007, 0.374726, 1.2e-05, -0.919008, 0.394239, 0.0, 0.0, 0.0, 0.0, 1.0],
                [1.0, 1.9e-05, 1.4e-05, -0.0, -2e-05, 0.38317, 0.923678, 0.374726, 1.3e-05, -0.923678, 0.38317, 0.0, 0.0, 0.0, 0.0, 1.0],
                [1.0, 1.9e-05, 1.4e-05, 0.0, -2e-05, 0.368383, 0.929674, 0.374726, 1.3e-05, -0.929675, 0.368383, -0.0, 0.0, 0.0, 0.0, 1.0],
                [1.0, 2e-05, 1.4e-05, -0.0, -2e-05, 0.35269, 0.93574, 0.374726, 1.3e-05, -0.935741, 0.35269, -0.0, 0.0, 0.0, 0.0, 1.0],
                [1.0, 2e-05, 1.5e-05, 0.0, -2e-05, 0.33741, 0.941357, 0.374726, 1.4e-05, -0.941358, 0.33741, -0.0, 0.0, 0.0, 0.0, 1.0],
                [1.0, 2e-05, 1.5e-05, -0.0, -2.1e-05, 0.321743, 0.946827, 0.374726, 1.4e-05, -0.946827, 0.321743, -0.0, 0.0, 0.0, 0.0, 1.0],
                [1.0, 2e-05, 1.5e-05, -0.0, -2.1e-05, 0.302698, 0.953086, 0.374726, 1.4e-05, -0.953087, 0.302699, 0.0, 0.0, 0.0, 0.0, 1.0],
                [1.0, 2e-05, 1.6e-05, 0.0, -2.1e-05, 0.250039, 0.968235, 0.374726, 1.6e-05, -0.968236, 0.250039, -0.0, 0.0, 0.0, 0.0, 1.0],
                [1.0, 2.1e-05, 1.9e-05, 0.0, -2.1e-05, 0.150434, 0.98862, 0.374726, 1.8e-05, -0.98862, 0.150434, 0.0, 0.0, 0.0, 0.0, 1.0],
                [1.0, 2.1e-05, 2.1e-05, 0.0, -2.2e-05, 0.025657, 0.99967, 0.374726, 2e-05, -0.999671, 0.025657, 0.0, 0.0, 0.0, 0.0, 1.0],
                [1.0, 2.1e-05, 2.4e-05, -0.0, -2.2e-05, -0.102442, 0.994738, 0.374726, 2.3e-05, -0.994739, -0.102442, 0.0, 0.0, 0.0, 0.0, 1.0],
                [1.0, 2e-05, 2.6e-05, -0.0, -2.1e-05, -0.21568, 0.976464, 0.374726, 2.6e-05, -0.976465, -0.21568, 0.0, 0.0, 0.0, 0.0, 1.0],
                [1.0, 2e-05, 2.8e-05, -0.0, -2.1e-05, -0.297333, 0.954774, 0.374726, 2.7e-05, -0.954774, -0.297333, -0.0, 0.0, 0.0, 0.0, 1.0],
                [1.0, 2e-05, 2.9e-05, -0.0, -2e-05, -0.331343, 0.94351, 0.374726, 2.8e-05, -0.94351, -0.331343, 0.0, 0.0, 0.0, 0.0, 1.0],
                [1.0, 2e-05, 2.9e-05, 0.0, -2.1e-05, -0.327044, 0.945009, 0.374726, 2.8e-05, -0.945009, -0.327044, 0.0, 0.0, 0.0, 0.0, 1.0],
                [1.0, 2e-05, 2.8e-05, 0.0, -2.1e-05, -0.301117, 0.953587, 0.374726, 2.7e-05, -0.953587, -0.301117, -0.0, 0.0, 0.0, 0.0, 1.0],
                [1.0, 2e-05, 2.7e-05, -0.0, -2.1e-05, -0.248467, 0.96864, 0.374726, 2.6e-05, -0.96864, -0.248468, 0.0, 0.0, 0.0, 0.0, 1.0],
                [1.0, 2.1e-05, 2.5e-05, -0.0, -2.1e-05, -0.168887, 0.985635, 0.374726, 2.5e-05, -0.985636, -0.168887, -0.0, 0.0, 0.0, 0.0, 1.0],
                [1.0, 2.1e-05, 2.3e-05, 0.0, -2.2e-05, -0.067462, 0.997721, 0.374726, 2.2e-05, -0.997722, -0.067462, 0.0, 0.0, 0.0, 0.0, 1.0],
                [1.0, 2.1e-05, 2.1e-05, 0.0, -2.2e-05, 0.045102, 0.998982, 0.374726, 2e-05, -0.998983, 0.045103, -0.0, 0.0, 0.0, 0.0, 1.0],
                [1.0, 2.1e-05, 1.8e-05, -0.0, -2.1e-05, 0.155089, 0.987899, 0.374726, 1.8e-05, -0.987901, 0.155089, 0.0, 0.0, 0.0, 0.0, 1.0],
                [1.0, 2e-05, 1.6e-05, 0.0, -2.1e-05, 0.252508, 0.967594, 0.374726, 1.5e-05, -0.967595, 0.252509, 0.0, 0.0, 0.0, 0.0, 1.0],
                [1.0, 2e-05, 1.5e-05, -0.0, -2e-05, 0.337552, 0.941307, 0.374726, 1.4e-05, -0.941307, 0.337552, 0.0, 0.0, 0.0, 0.0, 1.0],
                [1.0, 1.9e-05, 1.3e-05, -0.0, -2e-05, 0.409479, 0.912319, 0.374726, 1.2e-05, -0.91232, 0.409479, 0.0, 0.0, 0.0, 0.0, 1.0],
                [1.0, 1.9e-05, 1.2e-05, 0.0, -1.9e-05, 0.469713, 0.882819, 0.374726, 1.1e-05, -0.882819, 0.469713, 0.0, 0.0, 0.0, 0.0, 1.0],
                [1.0, 1.8e-05, 1.1e-05, -0.0, -1.9e-05, 0.520175, 0.854059, 0.374726, 1e-05, -0.85406, 0.520175, -0.0, 0.0, 0.0, 0.0, 1.0],
                [1.0, 1.7e-05, 1e-05, -0.0, -1.8e-05, 0.563592, 0.826052, 0.374726, 9e-06, -0.826053, 0.563593, 0.0, 0.0, 0.0, 0.0, 1.0],
                [1.0, 1.7e-05, 9e-06, 0.0, -1.7e-05, 0.602896, 0.797819, 0.374726, 8e-06, -0.79782, 0.602896, 0.0, 0.0, 0.0, 0.0, 1.0],
                [1.0, 1.7e-05, 9e-06, -0.0, -1.7e-05, 0.60334, 0.797484, 0.374726, 8e-06, -0.797484, 0.603341, -0.0, 0.0, 0.0, 0.0, 1.0],
                [1.0, 1.8e-05, 1e-05, 0.0, -1.8e-05, 0.544653, 0.838661, 0.374726, 9e-06, -0.838662, 0.544653, -0.0, 0.0, 0.0, 0.0, 1.0],
                [1.0, 1.9e-05, 1.2e-05, 0.0, -1.9e-05, 0.454213, 0.890892, 0.374726, 1.1e-05, -0.890893, 0.454213, -0.0, 0.0, 0.0, 0.0, 1.0],
                [1.0, 2e-05, 1.4e-05, 0.0, -2e-05, 0.357501, 0.933912, 0.374726, 1.3e-05, -0.933913, 0.357502, 0.0, 0.0, 0.0, 0.0, 1.0],
                [1.0, 2e-05, 1.6e-05, 0.0, -2.1e-05, 0.27422, 0.961667, 0.374726, 1.5e-05, -0.961667, 0.27422, 0.0, 0.0, 0.0, 0.0, 1.0],
                [1.0, 2e-05, 1.7e-05, 0.0, -2.1e-05, 0.21537, 0.976532, 0.374726, 1.6e-05, -0.976533, 0.21537, 0.0, 0.0, 0.0, 0.0, 1.0],
                [1.0, 2.1e-05, 1.8e-05, -0.0, -2.1e-05, 0.182488, 0.983208, 0.374726, 1.7e-05, -0.983208, 0.182488, -0.0, 0.0, 0.0, 0.0, 1.0],
                [1.0, 2.1e-05, 1.8e-05, -0.0, -2.1e-05, 0.170899, 0.985288, 0.374726, 1.7e-05, -0.985289, 0.170899, -0.0, 0.0, 0.0, 0.0, 1.0],
                [1.0, 2.1e-05, 1.8e-05, 0.0, -2.1e-05, 0.170546, 0.98535, 0.374726, 1.7e-05, -0.98535, 0.170546, -0.0, 0.0, 0.0, 0.0, 1.0],
                [1.0, 2.1e-05, 1.8e-05, 0.0, -2.1e-05, 0.172724, 0.98497, 0.374726, 1.7e-05, -0.984971, 0.172724, -0.0, 0.0, 0.0, 0.0, 1.0],
                [1.0, 2.1e-05, 1.8e-05, 0.0, -2.1e-05, 0.172038, 0.985089, 0.374726, 1.7e-05, -0.985091, 0.172038, 0.0, 0.0, 0.0, 0.0, 1.0],
                [1.0, 2.1e-05, 1.8e-05, 0.0, -2.1e-05, 0.165238, 0.986253, 0.374726, 1.7e-05, -0.986254, 0.165238, -0.0, 0.0, 0.0, 0.0, 1.0],
                [1.0, 2.1e-05, 1.9e-05, 0.0, -2.1e-05, 0.150742, 0.988573, 0.374726, 1.8e-05, -0.988573, 0.150742, 0.0, 0.0, 0.0, 0.0, 1.0],
                [1.0, 2.1e-05, 1.9e-05, 0.0, -2.2e-05, 0.128856, 0.991663, 0.374726, 1.8e-05, -0.991663, 0.128856, 0.0, 0.0, 0.0, 0.0, 1.0],
                [1.0, 2.1e-05, 2e-05, 0.0, -2.2e-05, 0.104603, 0.994514, 0.374726, 1.9e-05, -0.994514, 0.104603, 0.0, 0.0, 0.0, 0.0, 1.0],
                [1.0, 2.1e-05, 2e-05, 0.0, -2.2e-05, 0.086639, 0.996239, 0.374726, 1.9e-05, -0.99624, 0.08664, 0.0, 0.0, 0.0, 0.0, 1.0],
                [1.0, 2.1e-05, 2e-05, 0.0, -2.2e-05, 0.080715, 0.996737, 0.374726, 1.9e-05, -0.996738, 0.080715, -0.0, 0.0, 0.0, 0.0, 1.0],
                [1.0, 2.1e-05, 2e-05, -0.0, -2.2e-05, 0.089435, 0.995992, 0.374726, 1.9e-05, -0.995993, 0.089435, -0.0, 0.0, 0.0, 0.0, 1.0],
                [1.0, 2.1e-05, 1.9e-05, -0.0, -2.2e-05, 0.111985, 0.993709, 0.374726, 1.9e-05, -0.993711, 0.111985, -0.0, 0.0, 0.0, 0.0, 1.0],
                [1.0, 2.1e-05, 1.9e-05, -0.0, -2.1e-05, 0.144504, 0.989503, 0.374726, 1.8e-05, -0.989504, 0.144504, 0.0, 0.0, 0.0, 0.0, 1.0],
                [1.0, 2.1e-05, 1.8e-05, 0.0, -2.1e-05, 0.181069, 0.98347, 0.374726, 1.7e-05, -0.983471, 0.181069, -0.0, 0.0, 0.0, 0.0, 1.0],
                [1.0, 2e-05, 1.7e-05, 0.0, -2.1e-05, 0.220151, 0.975466, 0.374726, 1.6e-05, -0.975466, 0.220151, -0.0, 0.0, 0.0, 0.0, 1.0],
                [1.0, 2e-05, 1.6e-05, -0.0, -2.1e-05, 0.261918, 0.965089, 0.374726, 1.5e-05, -0.96509, 0.261918, -0.0, 0.0, 0.0, 0.0, 1.0],
                [1.0, 2e-05, 1.5e-05, 0.0, -2.1e-05, 0.303074, 0.952967, 0.374726, 1.4e-05, -0.952968, 0.303074, 0.0, 0.0, 0.0, 0.0, 1.0],
                [1.0, 2e-05, 1.5e-05, -0.0, -2e-05, 0.340231, 0.940341, 0.374726, 1.4e-05, -0.940342, 0.340232, 0.0, 0.0, 0.0, 0.0, 1.0],
                [1.0, 1.9e-05, 1.4e-05, 0.0, -2e-05, 0.370543, 0.928815, 0.374726, 1.3e-05, -0.928815, 0.370543, 0.0, 0.0, 0.0, 0.0, 1.0],
                [1.0, 1.9e-05, 1.4e-05, 0.0, -2e-05, 0.390976, 0.920401, 0.374726, 1.2e-05, -0.920401, 0.390976, -0.0, 0.0, 0.0, 0.0, 1.0],
                [1.0, 1.9e-05, 1.3e-05, 0.0, -2e-05, 0.39846, 0.917185, 0.374726, 1.2e-05, -0.917186, 0.39846, 0.0, 0.0, 0.0, 0.0, 1.0]
            ]
        },
        {
            "name": "Knee_R",
            "time": [0.0, 0.9333],
            "transform": [
                [1.0, 0.0, -0.0, 0.0, -0.0, 0.00567, -0.999984, 0.440484, -0.0, 0.999984, 0.00567, -0.000373, 0.0, 0.0, 0.0, 1.0],
                [1.0, 0.0, -0.0, 0.0, -0.0, 0.00567, -0.999984, 0.440484, -0.0, 0.999984, 0.00567, -0.000373, 0.0, 0.0, 0.0, 1.0]
            ]
        },
        {
            "name": "Thigh_L",
            "time": [0.0, 0.0167, 0.0333, 0.05, 0.0667, 0.0833, 0.1, 0.1167, 0.1333, 0.15, 0.1667, 0.1833, 0.2, 0.2167, 0.2333, 0.25, 0.2667, 0.2833, 0.3, 0.3167, 0.3333, 0.35, 0.3667, 0.3833, 0.4, 0.4167, 0.4333, 0.45, 0.4667, 0.4833, 0.5, 0.5167, 0.5333, 0.55, 0.5667, 0.5833, 0.6, 0.6167, 0.6333, 0.65, 0.6667, 0.6833, 0.7, 0.7167, 0.7333, 0.75, 0.7667, 0.7833, 0.8, 0.8167, 0.8333, 0.85, 0.8667, 0.8833, 0.9, 0.9167, 0.9333],
            "transform": [
                [1.0, -1e-05, 2e-06, -0.125006, -7e-06, -0.486935, 0.873439, -0.002831, -7e-06, -0.873439, -0.486935, -1.2e-05, 0.0, 0.0, 0.0, 1.0],
                [1.0, -1e-05, 3e-06, -0.125006, -7e-06, -0.488489, 0.87257, -0.002831, -7e-06, -0.872571, -0.488489, -1.2e-05, 0.0, 0.0, 0.0, 1.0],
                [1.0, -1e-05, 3e-06, -0.125006, -8e-06, -0.495755, 0.868463, -0.002831, -8e-06, -0.868463, -0.495755, -1.2e-05, 0.0, 0.0, 0.0, 1.0],
                [1.0, -1.1e-05, 3e-06, -0.125006, -8e-06, -0.513206, 0.858266, -0.002831, -8e-06, -0.858266, -0.513206, -1.2e-05, 0.0, 0.0, 0.0, 1.0],
                [1.0, -1.2e-05, 4e-06, -0.125006, -9e-06, -0.543161, 0.839629, -0.002831, -8e-06, -0.839629, -0.543161, -1.2e-05, 0.0, 0.0, 0.0, 1.0],
                [1.0, -1.2e-05, 4e-06, -0.125006, -1e-05, -0.584211, 0.811602, -0.002831, -8e-06, -0.811602, -0.584211, -1.2e-05, 0.0, 0.0, 0.0, 1.0],
                [1.0, -1.3e-05, 4e-06, -0.125006, -1.1e-05, -0.630781, 0.775961, -0.002831, -7e-06, -0.775961, -0.630781, -1.2e-05, 0.0, 0.0, 0.0, 1.0],
                [1.0, -1.3e-05, 4e-06, -0.125006, -1.2e-05, -0.674947, 0.737867, -0.002831, -6e-06, -0.737867, -0.674947, -1.2e-05, 0.0, 0.0, 0.0, 1.0],
                [1.0, -1.3e-05, 4e-06, -0.125006, -1.2e-05, -0.711644, 0.702541, -0.002831, -6e-06, -0.702541, -0.711643, -1.2e-05, 0.0, 0.0, 0.0, 1.0],
                [1.0, -1.3e-05, 4e-06, -0.125006, -1.3e-05, -0.74111, 0.671385, -0.002831, -5e-06, -0.671385, -0.741109, -1.2e-05, 0.0, 0.0, 0.0, 1.0],
                [1.0, -1.3e-05, 5e-06, -0.125006, -1.3e-05, -0.764288, 0.644876, -0.002831, -5e-06, -0.644876, -0.764288, -1.2e-05, 0.0, 0.0, 0.0, 1.0],
                [1.0, -1.3e-05, 5e-06, -0.125006, -1.3e-05, -0.782897, 0.622152, -0.002831, -5e-06, -0.622152, -0.782897, -1.2e-05, 0.0, 0.0, 0.0, 1.0],
                [1.0, -1.3e-05, 5e-06, -0.125006, -1.3e-05, -0.798993, 0.60134, -0.002831, -4e-06, -0.601341, -0.798993, -1.2e-05, 0.0, 0.0, 0.0, 1.0],
                [1.0, -1.3e-05, 5e-06, -0.125006, -1.4e-05, -0.814826, 0.579706, -0.002831, -4e-06, -0.579706, -0.814826, -1.2e-05, 0.0, 0.0, 0.0, 1.0],
                [1.0, -1.3e-05, 5e-06, -0.125006, -1.4e-05, -0.832795, 0.553583, -0.002831, -3e-06, -0.553583, -0.832794, -1.2e-05, 0.0, 0.0, 0.0, 1.0],
                [1.0, -1.4e-05, 5e-06, -0.125006, -1.4e-05, -0.854456, 0.519525, -0.002831, -3e-06, -0.519525, -0.854455, -1.2e-05, 0.0, 0.0, 0.0, 1.0],
                [1.0, -1.4e-05, 5e-06, -0.125006, -1.5e-05, -0.879189, 0.476475, -0.002831, -2e-06, -0.476475, -0.879189, -1.2e-05, 0.0, 0.0, 0.0, 1.0],
                [1.0, -1.4e-05, 5e-06, -0.125006, -1.5e-05, -0.905604, 0.424126, -0.002831, -1e-06, -0.424125, -0.905604, -1.2e-05, 0.0, 0.0, 0.0, 1.0],
                [1.0, -1.4e-05, 5e-06, -0.125006, -1.5e-05, -0.93166, 0.363332, -0.002831, -0.0, -0.363332, -0.93166, -1.2e-05, 0.0, 0.0, 0.0, 1.0],
                [1.0, -1.4e-05, 5e-06, -0.125006, -1.5e-05, -0.955089, 0.296322, -0.002831, 1e-06, -0.296322, -0.955088, -1.2e-05, 0.0, 0.0, 0.0, 1.0],
                [1.0, -1.4e-05, 5e-06, -0.125006, -1.5e-05, -0.97398, 0.226638, -0.002831, 2e-06, -0.226638, -0.973979, -1.2e-05, 0.0, 0.0, 0.0, 1.0],
                [1.0, -1.4e-05, 5e-06, -0.125006, -1.4e-05, -0.987308, 0.158822, -0.002831, 3e-06, -0.158822, -0.987307, -1.2e-05, 0.0, 0.0, 0.0, 1.0],
                [1.0, -1.4e-05, 5e-06, -0.125006, -1.4e-05, -0.995251, 0.097347, -0.002831, 3e-06, -0.097347, -0.99525, -1.2e-05, 0.0, 0.0, 0.0, 1.0],
                [1.0, -1.3e-05, 5e-06, -0.125006, -1.4e-05, -0.999024, 0.044173, -0.002831, 4e-06, -0.044173, -0.999024, -1.2e-05, 0.0, 0.0, 0.0, 1.0],
                [1.0, -1.3e-05, 5e-06, -0.125006, -1.3e-05, -1.0, 0.000183, -0.002831, 5e-06, -0.000183, -1.0, -1.2e-05, 0.0, 0.0, 0.0, 1.0],
                [1.0, -1.3e-05, 4e-06, -0.125006, -1.3e-05, -0.999418, -0.034128, -0.002831, 5e-06, 0.034128, -0.999418, -1.2e-05, 0.0, 0.0, 0.0, 1.0],
                [1.0, -1.3e-05, 4e-06, -0.125006, -1.3e-05, -0.998285, -0.058552, -0.002831, 5e-06, 0.058552, -0.998284, -1.2e-05, 0.0, 0.0, 0.0, 1.0],
                [1.0, -1.3e-05, 4e-06, -0.125006, -1.3e-05, -0.997327, -0.073084, -0.002831, 5e-06, 0.073084, -0.997326, -1.2e-05, 0.0, 0.0, 0.0, 1.0],
                [1.0, -1.3e-05, 4e-06, -0.125006, -1.3e-05, -0.996964, -0.077873, -0.002831, 5e-06, 0.077874, -0.996963, -1.2e-05, 0.0, 0.0, 0.0, 1.0],
                [1.0, -1.3e-05, 4e-06, -0.125006, -1.3e-05, -0.998268, -0.058843, -0.002831, 5e-06, 0.058844, -0.998267, -1.2e-05, 0.0, 0.0, 0.0, 1.0],
                [1.0, -1.3e-05, 4e-06, -0.125006, -1.3e-05, -0.999962, -0.008814, -0.002831, 4e-06, 0.008814, -0.999961, -1.2e-05, 0.0, 0.0, 0.0, 1.0],
                [1.0, -1.3e-05, 4e-06, -0.125006, -1.3e-05, -0.998156, 0.060712, -0.002831, 4e-06, -0.060712, -0.998155, -1.2e-05, 0.0, 0.0, 0.0, 1.0],
                [1.0, -1.3e-05, 4e-06, -0.125006, -1.4e-05, -0.990366, 0.138476, -0.002831, 3e-06, -0.138476, -0.990366, -1.2e-05, 0.0, 0.0, 0.0, 1.0],
                [1.0, -1.3e-05, 5e-06, -0.125006, -1.4e-05, -0.976535, 0.215363, -0.002831, 2e-06, -0.215363, -0.976534, -1.2e-05, 0.0, 0.0, 0.0, 1.0],
                [1.0, -1.3e-05, 5e-06, -0.125006, -1.4e-05, -0.958258, 0.285908, -0.002831, 1e-06, -0.285908, -0.958257, -1.2e-05, 0.0, 0.0, 0.0, 1.0],
                [1.0, -1.3e-05, 5e-06, -0.125006, -1.4e-05, -0.937334, 0.348435, -0.002831, -0.0, -0.348435, -0.937333, -1.2e-05, 0.0, 0.0, 0.0, 1.0],
                [1.0, -1.4e-05, 5e-06, -0.125006, -1.5e-05, -0.912585, 0.408888, -0.002831, -1e-06, -0.408888, -0.912585, -1.2e-05, 0.0, 0.0, 0.0, 1.0],
                [1.0, -1.4e-05, 6e-06, -0.125006, -1.5e-05, -0.881142, 0.472852, -0.002831, -2e-06, -0.472852, -0.881142, -1.2e-05, 0.0, 0.0, 0.0, 1.0],
                [1.0, -1.5e-05, 7e-06, -0.125006, -1.7e-05, -0.842569, 0.538589, -0.002831, -3e-06, -0.538589, -0.842569, -1.2e-05, 0.0, 0.0, 0.0, 1.0],
                [1.0, -1.6e-05, 8e-06, -0.125006, -1.8e-05, -0.796115, 0.605146, -0.002831, -4e-06, -0.605146, -0.796115, -1.2e-05, 0.0, 0.0, 0.0, 1.0],
                [1.0, -1.7e-05, 9e-06, -0.125006, -1.8e-05, -0.739287, 0.673391, -0.002831, -5e-06, -0.673391, -0.739287, -1.2e-05, 0.0, 0.0, 0.0, 1.0],
                [1.0, -1.7e-05, 9e-06, -0.125006, -1.9e-05, -0.667739, 0.744396, -0.002831, -7e-06, -0.744396, -0.66774, -1.2e-05, 0.0, 0.0, 0.0, 1.0],
                [1.0, -1.8e-05, 1e-05, -0.125006, -1.8e-05, -0.579475, 0.81499, -0.002831, -9e-06, -0.81499, -0.579475, -1.2e-05, 0.0, 0.0, 0.0, 1.0],
                [1.0, -1.8e-05, 1e-05, -0.125006, -1.7e-05, -0.473205, 0.880953, -0.002831, -1.1e-05, -0.880953, -0.473205, -1.2e-05, 0.0, 0.0, 0.0, 1.0],
                [1.0, -1.7e-05, 1e-05, -0.125006, -1.5e-05, -0.359568, 0.933119, -0.002831, -1.3e-05, -0.933119, -0.359568, -1.2e-05, 0.0, 0.0, 0.0, 1.0],
                [1.0, -1.7e-05, 9e-06, -0.125006, -1.3e-05, -0.263373, 0.964694, -0.002831, -1.4e-05, -0.964695, -0.263373, -1.2e-05, 0.0, 0.0, 0.0, 1.0],
                [1.0, -1.6e-05, 8e-06, -0.125006, -1.1e-05, -0.20155, 0.979479, -0.002831, -1.4e-05, -0.979479, -0.20155, -1.2e-05, 0.0, 0.0, 0.0, 1.0],
                [1.0, -1.5e-05, 7e-06, -0.125006, -1e-05, -0.177886, 0.984051, -0.002831, -1.4e-05, -0.984052, -0.177886, -1.2e-05, 0.0, 0.0, 0.0, 1.0],
                [1.0, -1.4e-05, 6e-06, -0.125006, -9e-06, -0.186107, 0.98253, -0.002831, -1.3e-05, -0.98253, -0.186107, -1.2e-05, 0.0, 0.0, 0.0, 1.0],
                [1.0, -1.4e-05, 6e-06, -0.125006, -8e-06, -0.216277, 0.976332, -0.002831, -1.2e-05, -0.976333, -0.216277, -1.2e-05, 0.0, 0.0, 0.0, 1.0],
                [1.0, -1.3e-05, 5e-06, -0.125006, -8e-06, -0.25917, 0.965832, -0.002831, -1.1e-05, -0.965832, -0.25917, -1.2e-05, 0.0, 0.0, 0.0, 1.0],
                [1.0, -1.2e-05, 4e-06, -0.125006, -8e-06, -0.308474, 0.951233, -0.002831, -1e-05, -0.951233, -0.308474, -1.2e-05, 0.0, 0.0, 0.0, 1.0],
                [1.0, -1.2e-05, 4e-06, -0.125006, -8e-06, -0.359448, 0.933166, -0.002831, -9e-06, -0.933166, -0.359448, -1.2e-05, 0.0, 0.0, 0.0, 1.0],
                [1.0, -1.1e-05, 3e-06, -0.125006, -8e-06, -0.407663, 0.913133, -0.002831, -9e-06, -0.913133, -0.407663, -1.2e-05, 0.0, 0.0, 0.0, 1.0],
                [1.0, -1e-05, 3e-06, -0.125006, -7e-06, -0.448277, 0.893895, -0.002831, -8e-06, -0.893895, -0.448277, -1.2e-05, 0.0, 0.0, 0.0, 1.0],
                [1.0, -1e-05, 3e-06, -0.125006, -7e-06, -0.47637, 0.879245, -0.002831, -7e-06, -0.879245, -0.47637, -1.2e-05, 0.0, 0.0, 0.0, 1.0],
                [1.0, -1e-05, 2e-06, -0.125006, -7e-06, -0.486935, 0.873439, -0.002831, -7e-06, -0.873439, -0.486935, -1.2e-05, 0.0, 0.0, 0.0, 1.0]
            ]
        },
        {
            "name": "Leg_L",
            "time": [0.0, 0.0167, 0.0333, 0.05, 0.0667, 0.0833, 0.1, 0.1167, 0.1333, 0.15, 0.1667, 0.1833, 0.2, 0.2167, 0.2333, 0.25, 0.2667, 0.2833, 0.3, 0.3167, 0.3333, 0.35, 0.3667, 0.3833, 0.4, 0.4167, 0.4333, 0.45, 0.4667, 0.4833, 0.5, 0.5167, 0.5333, 0.55, 0.5667, 0.5833, 0.6, 0.6167, 0.6333, 0.65, 0.6667, 0.6833, 0.7, 0.7167, 0.7333, 0.75, 0.7667, 0.7833, 0.8, 0.8167, 0.8333, 0.85, 0.8667, 0.8833, 0.9, 0.9167, 0.9333],
            "transform": [
                [1.0, 1.7e-05, 1e-05, -0.0, -1.8e-05, 0.580746, 0.814084, 0.374726, 8e-06, -0.814084, 0.580747, -0.0, 0.0, 0.0, 0.0, 1.0],
                [1.0, 1.7e-05, 1e-05, 0.0, -1.8e-05, 0.561659, 0.827369, 0.374726, 9e-06, -0.827369, 0.561659, 0.0, 0.0, 0.0, 0.0, 1.0],
                [1.0, 1.8e-05, 1.1e-05, 0.0, -1.9e-05, 0.513457, 0.858115, 0.374726, 1e-05, -0.858115, 0.513457, -0.0, 0.0, 0.0, 0.0, 1.0],
                [1.0, 1.9e-05, 1.2e-05, 0.0, -1.9e-05, 0.450911, 0.892569, 0.374726, 1.1e-05, -0.89257, 0.450911, -0.0, 0.0, 0.0, 0.0, 1.0],
                [1.0, 1.9e-05, 1.4e-05, 0.0, -2e-05, 0.387896, 0.921703, 0.374726, 1.3e-05, -0.921703, 0.387896, -0.0, 0.0, 0.0, 0.0, 1.0],
                [1.0, 2e-05, 1.5e-05, 0.0, -2e-05, 0.33501, 0.942214, 0.374726, 1.4e-05, -0.942214, 0.33501, -0.0, 0.0, 0.0, 0.0, 1.0],
                [1.0, 2e-05, 1.5e-05, 0.0, -2.1e-05, 0.296689, 0.954974, 0.374726, 1.5e-05, -0.954975, 0.296689, -0.0, 0.0, 0.0, 0.0, 1.0],
                [1.0, 2e-05, 1.6e-05, -0.0, -2.1e-05, 0.271402, 0.962466, 0.374726, 1.5e-05, -0.962466, 0.271402, -0.0, 0.0, 0.0, 0.0, 1.0],
                [1.0, 2e-05, 1.6e-05, 0.0, -2.1e-05, 0.257541, 0.966267, 0.374726, 1.5e-05, -0.966267, 0.257541, -0.0, 0.0, 0.0, 0.0, 1.0],
                [1.0, 2e-05, 1.6e-05, -0.0, -2.1e-05, 0.251346, 0.967897, 0.374726, 1.6e-05, -0.967898, 0.251346, 0.0, 0.0, 0.0, 0.0, 1.0],
                [1.0, 2e-05, 1.7e-05, -0.0, -2.1e-05, 0.247055, 0.969001, 0.374726, 1.6e-05, -0.969002, 0.247055, 0.0, 0.0, 0.0, 0.0, 1.0],
                [1.0, 2e-05, 1.7e-05, -0.0, -2.1e-05, 0.241075, 0.970506, 0.374726, 1.6e-05, -0.970506, 0.241075, 0.0, 0.0, 0.0, 0.0, 1.0],
                [1.0, 2e-05, 1.7e-05, 0.0, -2.1e-05, 0.231364, 0.972866, 0.374726, 1.6e-05, -0.972867, 0.231365, 0.0, 0.0, 0.0, 0.0, 1.0],
                [1.0, 2e-05, 1.7e-05, 0.0, -2.1e-05, 0.217163, 0.976135, 0.374726, 1.6e-05, -0.976135, 0.217163, -0.0, 0.0, 0.0, 0.0, 1.0],
                [1.0, 2.1e-05, 1.8e-05, 0.0, -2.1e-05, 0.199071, 0.979984, 0.374726, 1.7e-05, -0.979986, 0.199071, 0.0, 0.0, 0.0, 0.0, 1.0],
                [1.0, 2.1e-05, 1.8e-05, -0.0, -2.1e-05, 0.178112, 0.98401, 0.374726, 1.7e-05, -0.98401, 0.178112, 0.0, 0.0, 0.0, 0.0, 1.0],
                [1.0, 2.1e-05, 1.8e-05, -0.0, -2.1e-05, 0.157638, 0.987496, 0.374726, 1.8e-05, -0.987497, 0.157638, 0.0, 0.0, 0.0, 0.0, 1.0],
                [1.0, 2.1e-05, 1.9e-05, 0.0, -2.1e-05, 0.142176, 0.989841, 0.374726, 1.8e-05, -0.989842, 0.142176, -0.0, 0.0, 0.0, 0.0, 1.0],
                [1.0, 2.1e-05, 1.9e-05, -0.0, -2.2e-05, 0.134815, 0.99087, 0.374726, 1.8e-05, -0.990871, 0.134815, 0.0, 0.0, 0.0, 0.0, 1.0],
                [1.0, 2.1e-05, 1.9e-05, 0.0, -2.1e-05, 0.136915, 0.990582, 0.374726, 1.8e-05, -0.990583, 0.136915, -0.0, 0.0, 0.0, 0.0, 1.0],
                [1.0, 2.1e-05, 1.9e-05, 0.0, -2.1e-05, 0.14802, 0.988983, 0.374726, 1.8e-05, -0.988985, 0.14802, 0.0, 0.0, 0.0, 0.0, 1.0],
                [1.0, 2.1e-05, 1.8e-05, -0.0, -2.1e-05, 0.165954, 0.986132, 0.374726, 1.7e-05, -0.986134, 0.165954, -0.0, 0.0, 0.0, 0.0, 1.0],
                [1.0, 2.1e-05, 1.8e-05, -0.0, -2.1e-05, 0.187362, 0.98229, 0.374726, 1.7e-05, -0.982292, 0.187362, -0.0, 0.0, 0.0, 0.0, 1.0],
                [1.0, 2.1e-05, 1.7e-05, 0.0, -2.1e-05, 0.209357, 0.977839, 0.374726, 1.6e-05, -0.97784, 0.209357, -0.0, 0.0, 0.0, 0.0, 1.0],
                [1.0, 2e-05, 1.7e-05, -0.0, -2.1e-05, 0.229753, 0.973249, 0.374726, 1.6e-05, -0.97325, 0.229753, -0.0, 0.0, 0.0, 0.0, 1.0],
                [1.0, 2e-05, 1.7e-05, -0.0, -2.1e-05, 0.246911, 0.969038, 0.374726, 1.6e-05, -0.969039, 0.246911, 0.0, 0.0, 0.0, 0.0, 1.0],
                [1.0, 2e-05, 1.6e-05, 0.0, -2.1e-05, 0.259702, 0.965688, 0.374726, 1.5e-05, -0.965689, 0.259702, -0.0, 0.0, 0.0, 0.0, 1.0],
                [1.0, 2e-05, 1.6e-05, -0.0, -2.1e-05, 0.267478, 0.963563, 0.374726, 1.5e-05, -0.963564, 0.267478, 0.0, 0.0, 0.0, 0.0, 1.0],
                [1.0, 2e-05, 1.6e-05, 0.0, -2.1e-05, 0.270044, 0.962847, 0.374726, 1.5e-05, -0.962848, 0.270044, -0.0, 0.0, 0.0, 0.0, 1.0],
                [1.0, 2e-05, 1.6e-05, 0.0, -2.1e-05, 0.265051, 0.964234, 0.374726, 1.5e-05, -0.964235, 0.265051, 0.0, 0.0, 0.0, 0.0, 1.0],
                [1.0, 2e-05, 1.6e-05, -0.0, -2.1e-05, 0.253414, 0.967357, 0.374726, 1.5e-05, -0.967359, 0.253414, 0.0, 0.0, 0.0, 0.0, 1.0],
                [1.0, 2e-05, 1.7e-05, -0.0, -2.1e-05, 0.241711, 0.970348, 0.374726, 1.6e-05, -0.970349, 0.241711, -0.0, 0.0, 0.0, 0.0, 1.0],
                [1.0, 2e-05, 1.7e-05, 0.0, -2.1e-05, 0.234865, 0.972027, 0.374726, 1.6e-05, -0.972029, 0.234865, -0.0, 0.0, 0.0, 0.0, 1.0],
                [1.0, 2e-05, 1.7e-05, -0.0, -2.1e-05, 0.233027, 0.97247, 0.374726, 1.6e-05, -0.972471, 0.233027, 0.0, 0.0, 0.0, 0.0, 1.0],
                [1.0, 2e-05, 1.7e-05, -0.0, -2.1e-05, 0.230316, 0.973115, 0.374726, 1.6e-05, -0.973116, 0.230317, -0.0, 0.0, 0.0, 0.0, 1.0],
                [1.0, 2e-05, 1.7e-05, -0.0, -2.1e-05, 0.21543, 0.976519, 0.374726, 1.6e-05, -0.97652, 0.21543, -0.0, 0.0, 0.0, 0.0, 1.0],
                [1.0, 2.1e-05, 1.8e-05, 0.0, -2.1e-05, 0.163788, 0.986495, 0.374726, 1.7e-05, -0.986496, 0.163788, -0.0, 0.0, 0.0, 0.0, 1.0],
                [1.0, 2.1e-05, 2e-05, 0.0, -2.2e-05, 0.070704, 0.997497, 0.374726, 1.9e-05, -0.997498, 0.070704, -0.0, 0.0, 0.0, 0.0, 1.0],
