{
    "animation": [
        {
            "name": "Root",
            "time": [0.0, 0.0167, 0.0333, 0.05, 0.0667, 0.0833, 0.1, 0.1167, 0.1333, 0.15, 0.1667, 0.1833, 0.2, 0.2167, 0.2333, 0.25, 0.2667, 0.2833, 0.3, 0.3167, 0.3333, 0.35, 0.3667, 0.3833, 0.4, 0.4167, 0.4333, 0.45, 0.4667, 0.4833, 0.5, 0.5167, 0.5333, 0.55, 0.5667, 0.5833, 0.6, 0.6167, 0.6333, 0.65, 0.6667, 0.6833, 0.7, 0.7167, 0.7333, 0.75, 0.7667, 0.7833, 0.8, 0.8167, 0.8333, 0.85, 0.8667, 0.8833, 0.9, 0.9167],
            "transform": [
                [0.999897, 0.0, -0.014372, 0.062115, -0.014372, 0.0, -0.999897, 0.024453, 0.0, 1.0, 0.0, 0.763972, 0.0, 0.0, 0.0, 1.0],
                [0.999897, 0.0, -0.014372, 0.062115, -0.014372, 0.0, -0.999897, 0.024453, 0.0, 1.0, 0.0, 0.756188, 0.0, 0.0, 0.0, 1.0],
                [0.999897, 0.0, -0.014372, 0.062115, -0.014372, 0.0, -0.999897, 0.024453, 0.0, 1.0, 0.0, 0.7357, 0.0, 0.0, 0.0, 1.0],
                [0.999897, 0.0, -0.014372, 0.062115, -0.014372, 0.0, -0.999897, 0.024453, 0.0, 1.0, 0.0, 0.7068, 0.0, 0.0, 0.0, 1.0],
                [0.999897, 0.0, -0.014372, 0.062115, -0.014372, 0.0, -0.999897, 0.024453, 0.0, 1.0, 0.0, 0.673781, 0.0, 0.0, 0.0, 1.0],
                [0.999897, 0.0, -0.014372, 0.062115, -0.014372, 0.0, -0.999897, 0.024453, 0.0, 1.0, 0.0, 0.640936, 0.0, 0.0, 0.0, 1.0],
                [0.999897, 0.0, -0.014372, 0.062115, -0.014372, 0.0, -0.999897, 0.024453, 0.0, 1.0, 0.0, 0.611963, 0.0, 0.0, 0.0, 1.0],
                [0.999897, 0.0, -0.014372, 0.062115, -0.014372, 0.0, -0.999897, 0.024453, 0.0, 1.0, 0.0, 0.588175, 0.0, 0.0, 0.0, 1.0],
                [0.999897, 0.0, -0.014372, 0.062115, -0.014372, 0.0, -0.999897, 0.024453, 0.0, 1.0, 0.0, 0.570293, 0.0, 0.0, 0.0, 1.0],
                [0.999897, 0.0, -0.014372, 0.062115, -0.014372, 0.0, -0.999897, 0.024453, 0.0, 1.0, 0.0, 0.559037, 0.0, 0.0, 0.0, 1.0],
                [0.999897, 0.0, -0.014372, 0.062115, -0.014372, 0.0, -0.999897, 0.024453, 0.0, 1.0, 0.0, 0.555125, 0.0, 0.0, 0.0, 1.0],
                [0.999897, 0.0, -0.014372, 0.062115, -0.014372, 0.0, -0.999897, 0.045569, 0.0, 1.0, 0.0, 0.584465, 0.0, 0.0, 0.0, 1.0],
                [0.999897, 0.0, -0.014372, 0.062115, -0.014372, 0.0, -0.999897, 0.100026, 0.0, 1.0, 0.0, 0.660134, 0.0, 0.0, 0.0, 1.0],
                [0.999897, 0.0, -0.014372, 0.062115, -0.014372, 0.0, -0.999897, 0.174488, 0.0, 1.0, 0.0, 0.763599, 0.0, 0.0, 0.0, 1.0],
                [0.999897, 0.0, -0.014372, 0.062115, -0.014372, 0.0, -0.999897, 0.255619, 0.0, 1.0, 0.0, 0.876329, 0.0, 0.0, 0.0, 1.0],
                [0.999897, 0.0, -0.014372, 0.062115, -0.014372, 0.0, -0.999897, 0.33008, 0.0, 1.0, 0.0, 0.979793, 0.0, 0.0, 0.0, 1.0],
                [0.999897, 0.0, -0.014372, 0.062115, -0.014372, 0.0, -0.999897, 0.384538, 0.0, 1.0, 0.0, 1.055462, 0.0, 0.0, 0.0, 1.0],
                [0.999897, 0.0, -0.014372, 0.062115, -0.014372, 0.0, -0.999897, 0.405654, 0.0, 1.0, 0.0, 1.084803, 0.0, 0.0, 0.0, 1.0],
                [0.999897, 0.0, -0.014372, 0.062115, -0.014372, 0.0, -0.999897, 0.405654, 0.0, 1.0, 0.0, 1.084803, 0.0, 0.0, 0.0, 1.0],
                [0.999897, 0.0, -0.014372, 0.062115, -0.014372, 0.0, -0.999897, 0.405654, 0.0, 1.0, 0.0, 1.084803, 0.0, 0.0, 0.0, 1.0],
                [0.999897, 0.0, -0.014372, 0.062115, -0.014372, 0.0, -0.999897, 0.405654, 0.0, 1.0, 0.0, 1.084803, 0.0, 0.0, 0.0, 1.0],
                [0.999897, 0.0, -0.014372, 0.062115, -0.014372, 0.0, -0.999897, 0.405654, 0.0, 1.0, 0.0, 1.084803, 0.0, 0.0, 0.0, 1.0],
                [0.999897, 0.0, -0.014372, 0.062115, -0.014372, 0.0, -0.999897, 0.405654, 0.0, 1.0, 0.0, 1.084803, 0.0, 0.0, 0.0, 1.0],
                [0.999897, 0.0, -0.014372, 0.062115, -0.014372, 0.0, -0.999897, 0.495022, 0.0, 1.0, 0.0, 1.084803, 0.0, 0.0, 0.0, 1.0],
                [0.999897, 0.0, -0.014372, 0.062115, -0.014372, 0.0, -0.999897, 0.715779, 0.0, 1.0, 0.0, 1.084803, 0.0, 0.0, 0.0, 1.0],
                [0.999897, 0.0, -0.014372, 0.062115, -0.014372, 0.0, -0.999897, 0.9969, 0.0, 1.0, 0.0, 1.084803, 0.0, 0.0, 0.0, 1.0],
                [0.999897, 0.0, -0.014372, 0.062115, -0.014372, 0.0, -0.999897, 1.26736, 0.0, 1.0, 0.0, 1.084803, 0.0, 0.0, 0.0, 1.0],
                [0.999897, 0.0, -0.014372, 0.062115, -0.014372, 0.0, -0.999897, 1.456138, 0.0, 1.0, 0.0, 1.084803, 0.0, 0.0, 0.0, 1.0],
                [0.999897, 0.0, -0.014372, 0.062115, -0.014372, 0.0, -0.999897, 1.551922, 0.0, 1.0, 0.0, 1.084803, 0.0, 0.0, 0.0, 1.0],
                [0.999897, 0.0, -0.014372, 0.062115, -0.014372, 0.0, -0.999897, 1.601109, 0.0, 1.0, 0.0, 1.084803, 0.0, 0.0, 0.0, 1.0],
                [0.999897, 0.0, -0.014372, 0.062115, -0.014372, 0.0, -0.999897, 1.61923, 0.0, 1.0, 0.0, 1.084803, 0.0, 0.0, 0.0, 1.0],
                [0.999897, 0.0, -0.014372, 0.062115, -0.014372, 0.0, -0.999897, 1.621819, 0.0, 1.0, 0.0, 1.084803, 0.0, 0.0, 0.0, 1.0],
                [0.999897, 0.0, -0.014372, 0.062115, -0.014372, 0.0, -0.999897, 1.554221, 0.0, 1.0, 0.0, 1.107065, 0.0, 0.0, 0.0, 1.0],
                [0.999897, 0.0, -0.014372, 0.062115, -0.014372, 0.0, -0.999897, 1.38437, 0.0, 1.0, 0.0, 1.160538, 0.0, 0.0, 0.0, 1.0],
                [0.999897, 0.0, -0.014372, 0.062115, -0.014372, 0.0, -0.999897, 1.161682, 0.0, 1.0, 0.0, 1.225252, 0.0, 0.0, 0.0, 1.0],
                [0.999897, 0.0, -0.014372, 0.062115, -0.014372, 0.0, -0.999897, 0.935572, 0.0, 1.0, 0.0, 1.281236, 0.0, 0.0, 0.0, 1.0],
                [0.999897, 0.0, -0.014372, 0.062115, -0.014372, 0.0, -0.999897, 0.746025, 0.0, 1.0, 0.0, 1.320081, 0.0, 0.0, 0.0, 1.0],
                [0.999897, 0.0, -0.014372, 0.062115, -0.014372, 0.0, -0.999897, 0.595307, 0.0, 1.0, 0.0, 1.347915, 0.0, 0.0, 0.0, 1.0],
                [0.999897, 0.0, -0.014372, 0.062115, -0.014372, 0.0, -0.999897, 0.476256, 0.0, 1.0, 0.0, 1.366573, 0.0, 0.0, 0.0, 1.0],
                [0.999897, 0.0, -0.014372, 0.062115, -0.014372, 0.0, -0.999897, 0.381707, 0.0, 1.0, 0.0, 1.37789, 0.0, 0.0, 0.0, 1.0],
                [0.999897, 0.0, -0.014372, 0.062115, -0.014372, 0.0, -0.999897, 0.304498, 0.0, 1.0, 0.0, 1.383702, 0.0, 0.0, 0.0, 1.0],
                [0.999897, 0.0, -0.014372, 0.062115, -0.014372, 0.0, -0.999897, 0.237465, 0.0, 1.0, 0.0, 1.385843, 0.0, 0.0, 0.0, 1.0],
                [0.999897, 0.0, -0.014372, 0.062115, -0.014372, 0.0, -0.999897, 0.173444, 0.0, 1.0, 0.0, 1.386149, 0.0, 0.0, 0.0, 1.0],
                [0.999897, 0.0, -0.014372, 0.062115, -0.014372, 0.0, -0.999897, 0.107608, 0.0, 1.0, 0.0, 1.360686, 0.0, 0.0, 0.0, 1.0],
                [0.999897, 0.0, -0.014372, 0.062115, -0.014372, 0.0, -0.999897, 0.044474, 0.0, 1.0, 0.0, 1.294691, 0.0, 0.0, 0.0, 1.0],
                [0.999897, 0.0, -0.014372, 0.062115, -0.014372, 0.0, -0.999897, -0.009106, 0.0, 1.0, 0.0, 1.20375, 0.0, 0.0, 0.0, 1.0],
                [0.999897, 0.0, -0.014372, 0.062115, -0.014372, 0.0, -0.999897, -0.046279, 0.0, 1.0, 0.0, 1.103451, 0.0, 0.0, 0.0, 1.0],
                [0.999897, 0.0, -0.014372, 0.062115, -0.014372, 0.0, -0.999897, -0.060192, 0.0, 1.0, 0.0, 1.009381, 0.0, 0.0, 0.0, 1.0],
                [0.999897, 0.0, -0.014372, 0.062115, -0.014372, 0.0, -0.999897, -0.059923, 0.0, 1.0, 0.0, 0.934219, 0.0, 0.0, 0.0, 1.0],
                [0.999897, 0.0, -0.014372, 0.062115, -0.014372, 0.0, -0.999897, -0.05928, 0.0, 1.0, 0.0, 0.879007, 0.0, 0.0, 0.0, 1.0],
                [0.999897, 0.0, -0.014372, 0.062115, -0.014372, 0.0, -0.999897, -0.058513, 0.0, 1.0, 0.0, 0.841881, 0.0, 0.0, 0.0, 1.0],
                [0.999897, 0.0, -0.014372, 0.062115, -0.014372, 0.0, -0.999897, -0.057871, 0.0, 1.0, 0.0, 0.820973, 0.0, 0.0, 0.0, 1.0],
                [0.999897, 0.0, -0.014372, 0.062115, -0.014372, 0.0, -0.999897, -0.057601, 0.0, 1.0, 0.0, 0.814419, 0.0, 0.0, 0.0, 1.0],
                [0.999897, 0.0, -0.014372, 0.062115, -0.014372, 0.0, -0.999897, -0.057601, 0.0, 1.0, 0.0, 0.814419, 0.0, 0.0, 0.0, 1.0],
                [0.999897, 0.0, -0.014372, 0.062115, -0.014372, 0.0, -0.999897, -0.057601, 0.0, 1.0, 0.0, 0.814419, 0.0, 0.0, 0.0, 1.0],
                [0.999897, 0.0, -0.014372, 0.062115, -0.014372, 0.0, -0.999897, -0.057601, 0.0, 1.0, 0.0, 0.814419, 0.0, 0.0, 0.0, 1.0]
            ]
        },
        {
            "name": "Thigh_R",
            "time": [0.0, 0.0167, 0.0333, 0.05, 0.0667, 0.0833, 0.1, 0.1167, 0.1333, 0.15, 0.1667, 0.1833, 0.2, 0.2167, 0.2333, 0.25, 0.2667, 0.2833, 0.3, 0.3167, 0.3333, 0.35, 0.3667, 0.3833, 0.4, 0.4167, 0.4333, 0.45, 0.4667, 0.4833, 0.5, 0.5167, 0.5333, 0.55, 0.5667, 0.5833, 0.6, 0.6167, 0.6333, 0.65, 0.6667, 0.6833, 0.7, 0.7167, 0.7333, 0.75, 0.7667, 0.7833, 0.8, 0.8167, 0.8333, 0.85, 0.8667, 0.8833, 0.9, 0.9167],
            "transform": [
                [0.981087, 0.02913, 0.191364, 0.124916, 0.046266, -0.995246, -0.085701, -0.024098, 0.187958, 0.092934, -0.97777, -0.005461, 0.0, 0.0, 0.0, 1.0],
                [0.980704, 0.038275, 0.191714, 0.124924, 0.048363, -0.997666, -0.04822, -0.021886, 0.18942, 0.056561, -0.980266, -0.004894, 0.0, 0.0, 0.0, 1.0],
                [0.979558, 0.057068, 0.192899, 0.124943, 0.054582, -0.998344, 0.018182, -0.016612, 0.193617, -0.007282, -0.98105, -0.003543, 0.0, 0.0, 0.0, 1.0],
                [0.977535, 0.078283, 0.1957, 0.124966, 0.065232, -0.995249, 0.072279, -0.010317, 0.200428, -0.057889, -0.977996, -0.00193, 0.0, 0.0, 0.0, 1.0],
                [0.97451, 0.099516, 0.201067, 0.124986, 0.0807, -0.991737, 0.099724, -0.005043, 0.20933, -0.080956, -0.974488, -0.000579, 0.0, 0.0, 0.0, 1.0],
                [0.970716, 0.118566, 0.208934, 0.124994, 0.100331, -0.990327, 0.09585, -0.002831, 0.218277, -0.07208, -0.973221, -1.2e-05, 0.0, 0.0, 0.0, 1.0],
                [0.970127, 0.125731, 0.207474, 0.124994, 0.114984, -0.99136, 0.063122, -0.002831, 0.213618, -0.03738, -0.976202, -1.2e-05, 0.0, 0.0, 0.0, 1.0],
                [0.974962, 0.11644, 0.189451, 0.124994, 0.115807, -0.993167, 0.014445, -0.002831, 0.189838, 0.007857, -0.981784, -1.2e-05, 0.0, 0.0, 0.0, 1.0],
                [0.980728, 0.101139, 0.167164, 0.124994, 0.108532, -0.993453, -0.035671, -0.002831, 0.162462, 0.053126, -0.985284, -1.2e-05, 0.0, 0.0, 0.0, 1.0],
                [0.98458, 0.088941, 0.150636, 0.124994, 0.100934, -0.992143, -0.073922, -0.002831, 0.142878, 0.087987, -0.985822, -1.2e-05, 0.0, 0.0, 0.0, 1.0],
                [0.985929, 0.084206, 0.144405, 0.124994, 0.097688, -0.991233, -0.088959, -0.002831, 0.135648, 0.101814, -0.985512, -1.2e-05, 0.0, 0.0, 0.0, 1.0],
                [0.985726, 0.080716, 0.147744, 0.124994, 0.097492, -0.989132, -0.110062, -0.002831, 0.137255, 0.122895, -0.982882, -1.2e-05, 0.0, 0.0, 0.0, 1.0],
                [0.985236, 0.070943, 0.155813, 0.124994, 0.096843, -0.981445, -0.165491, -0.002831, 0.141182, 0.178137, -0.973825, -1.2e-05, 0.0, 0.0, 0.0, 1.0],
                [0.984651, 0.055392, 0.165512, 0.124994, 0.09558, -0.964598, -0.245799, -0.002831, 0.146038, 0.257846, -0.955086, -1.2e-05, 0.0, 0.0, 0.0, 1.0],
                [0.984249, 0.036629, 0.172953, 0.124994, 0.093217, -0.938782, -0.331663, -0.002831, 0.150217, 0.342561, -0.927409, -1.2e-05, 0.0, 0.0, 0.0, 1.0],
                [0.984389, 0.028035, 0.173764, 0.124994, 0.088929, -0.931177, -0.353555, -0.002831, 0.151893, 0.363488, -0.919133, -1.2e-05, 0.0, 0.0, 0.0, 1.0],
                [0.985396, 0.045423, 0.164111, 0.124994, 0.081787, -0.971571, -0.222173, -0.002831, 0.149354, 0.23235, -0.961097, -1.2e-05, 0.0, 0.0, 0.0, 1.0],
                [0.987368, 0.071107, 0.141595, 0.124994, 0.070974, -0.997461, 0.005992, -0.002831, 0.141662, 0.004133, -0.989906, -1.2e-05, 0.0, 0.0, 0.0, 1.0],
                [0.989086, 0.09475, 0.112832, 0.124994, 0.069433, -0.97518, 0.210246, -0.002831, 0.129952, -0.200117, -0.971116, -1.2e-05, 0.0, 0.0, 0.0, 1.0],
                [0.989718, 0.122144, 0.074433, 0.124994, 0.083588, -0.916171, 0.391974, -0.002831, 0.116071, -0.381722, -0.91696, -1.2e-05, 0.0, 0.0, 0.0, 1.0],
                [0.989781, 0.141721, 0.015777, 0.124994, 0.099738, -0.767119, 0.633705, -0.002831, 0.101912, -0.625655, -0.773415, -1.2e-05, 0.0, 0.0, 0.0, 1.0],
                [0.990917, 0.12179, -0.057022, 0.124994, 0.099825, -0.382051, 0.918734, -0.002831, 0.090107, -0.916081, -0.390739, -1.2e-05, 0.0, 0.0, 0.0, 1.0],
                [0.994995, 0.076855, -0.063864, 0.124994, 0.053934, 0.124983, 0.990692, -0.002831, 0.084121, -0.989178, 0.120212, -1.2e-05, 0.0, 0.0, 0.0, 1.0],
                [0.996153, 0.085859, 0.017523, 0.124902, -0.028861, 0.132646, 0.990743, -0.002831, 0.08274, -0.987438, 0.134613, -0.006439, 0.0, 0.0, 0.0, 1.0],
                [0.99117, 0.046588, 0.124146, 0.124681, -0.104323, -0.303931, 0.946965, -0.002831, 0.081849, -0.951555, -0.296387, -0.021764, 0.0, 0.0, 0.0, 1.0],
                [0.98227, 0.041181, 0.182892, 0.124418, -0.16877, -0.230509, 0.958323, -0.002831, 0.081623, -0.972199, -0.219472, -0.040056, 0.0, 0.0, 0.0, 1.0],
                [0.978437, 0.041493, 0.202334, 0.124198, -0.190822, -0.193301, 0.962404, -0.002831, 0.079044, -0.980262, -0.181215, -0.055381, 0.0, 0.0, 0.0, 1.0],
                [0.996209, 0.053116, 0.068888, 0.124106, -0.062751, -0.109639, 0.991989, -0.002831, 0.060243, -0.992551, -0.105891, -0.061808, 0.0, 0.0, 0.0, 1.0],
                [0.997292, 0.02338, -0.069733, 0.124106, 0.05938, 0.30348, 0.950986, -0.002831, 0.043397, -0.952551, 0.301269, -0.061808, 0.0, 0.0, 0.0, 1.0],
                [0.997041, 0.013513, -0.075673, 0.124106, 0.06388, 0.401934, 0.913438, -0.002831, 0.042759, -0.915569, 0.399881, -0.061808, 0.0, 0.0, 0.0, 1.0],
                [0.998358, 0.028066, -0.049931, 0.124106, 0.032496, 0.440312, 0.897257, -0.002831, 0.047168, -0.897407, 0.438677, -0.061808, 0.0, 0.0, 0.0, 1.0],
                [0.998671, 0.037838, -0.035008, 0.124106, 0.013021, 0.471934, 0.881538, -0.002831, 0.049877, -0.880822, 0.470813, -0.061808, 0.0, 0.0, 0.0, 1.0],
                [0.991577, -0.03097, -0.125759, 0.124106, 0.126162, 0.450508, 0.883813, -0.002831, 0.029284, -0.892235, 0.450621, -0.061808, 0.0, 0.0, 0.0, 1.0],
                [0.998383, 0.055298, 0.013204, 0.124106, -0.03097, 0.334205, 0.941991, -0.002831, 0.047678, -0.940877, 0.335377, -0.061808, 0.0, 0.0, 0.0, 1.0],
                [0.953129, 0.117675, 0.278745, 0.124106, -0.291866, 0.114748, 0.949551, -0.002831, 0.079753, -0.9864, 0.143714, -0.061808, 0.0, 0.0, 0.0, 1.0],
                [0.96323, 0.079002, 0.256801, 0.124106, -0.254844, -0.034107, 0.966381, -0.002831, 0.085105, -0.996291, -0.01272, -0.061809, 0.0, 0.0, 0.0, 1.0],
                [0.995502, 0.06973, 0.06414, 0.124106, -0.071242, 0.104656, 0.991954, -0.002831, 0.062456, -0.992061, 0.109152, -0.061809, 0.0, 0.0, 0.0, 1.0],
                [0.998691, 0.047405, -0.019233, 0.124106, 0.009222, 0.202987, 0.979138, -0.002831, 0.05032, -0.978033, 0.202284, -0.061809, 0.0, 0.0, 0.0, 1.0],
                [0.997949, 0.03703, -0.052232, 0.124106, 0.046039, 0.151903, 0.987323, -0.002831, 0.044494, -0.987702, 0.149887, -0.061809, 0.0, 0.0, 0.0, 1.0],
                [0.997027, 0.049303, -0.059215, 0.124106, 0.064733, -0.119107, 0.990769, -0.002831, 0.041795, -0.991657, -0.121945, -0.061808, 0.0, 0.0, 0.0, 1.0],
                [0.996403, 0.073983, -0.041319, 0.124106, 0.074297, -0.528246, 0.845835, -0.002831, 0.040751, -0.845862, -0.531842, -0.061808, 0.0, 0.0, 0.0, 1.0],
                [0.996125, 0.087578, -0.008104, 0.124106, 0.07802, -0.837344, 0.541081, -0.002831, 0.040601, -0.539616, -0.840932, -0.061808, 0.0, 0.0, 0.0, 1.0],
                [0.996189, 0.083514, 0.02516, 0.124106, 0.077034, -0.977719, 0.195274, -0.002831, 0.040907, -0.192592, -0.980426, -0.061808, 0.0, 0.0, 0.0, 1.0],
                [0.99636, 0.070368, 0.048127, 0.124131, 0.074655, -0.992769, -0.094005, -0.002831, 0.041164, 0.097256, -0.994408, -0.060078, 0.0, 0.0, 0.0, 1.0],
                [0.996455, 0.064798, 0.053649, 0.124198, 0.073374, -0.981382, -0.177501, -0.002831, 0.041148, 0.180808, -0.982657, -0.055382, 0.0, 0.0, 0.0, 1.0],
                [0.996502, 0.07208, 0.042295, 0.124298, 0.07286, -0.997195, -0.017199, -0.002831, 0.040937, 0.020221, -0.998957, -0.04846, 0.0, 0.0, 0.0, 1.0],
                [0.9965, 0.078414, 0.028973, 0.124418, 0.073095, -0.985493, 0.153173, -0.002831, 0.040563, -0.150519, -0.987775, -0.040056, 0.0, 0.0, 0.0, 1.0],
                [0.996444, 0.082012, 0.019325, 0.12455, 0.07413, -0.962327, 0.261597, -0.002831, 0.040051, -0.259234, -0.964984, -0.03091, 0.0, 0.0, 0.0, 1.0],
                [0.996494, 0.082667, 0.012912, 0.124681, 0.07362, -0.939639, 0.334156, -0.002831, 0.039756, -0.332033, -0.94243, -0.021764, 0.0, 0.0, 0.0, 1.0],
                [0.996731, 0.080461, 0.007311, 0.124802, 0.070262, -0.907932, 0.413188, -0.002831, 0.039884, -0.411323, -0.910617, -0.01336, 0.0, 0.0, 0.0, 1.0],
                [0.997024, 0.077006, 0.003762, 0.124902, 0.065775, -0.875042, 0.479558, -0.002831, 0.040221, -0.477882, -0.877503, -0.006439, 0.0, 0.0, 0.0, 1.0],
                [0.997259, 0.073961, 0.002359, 0.124969, 0.061892, -0.851156, 0.521252, -0.002831, 0.04056, -0.519677, -0.8534, -0.001742, 0.0, 0.0, 0.0, 1.0],
                [0.997353, 0.072682, 0.002144, 0.124994, 0.060247, -0.842507, 0.535307, -0.002831, 0.040713, -0.53376, -0.844655, -1.2e-05, 0.0, 0.0, 0.0, 1.0],
                [0.997353, 0.072682, 0.002144, 0.124994, 0.060247, -0.842507, 0.535307, -0.002831, 0.040713, -0.53376, -0.844655, -1.2e-05, 0.0, 0.0, 0.0, 1.0],
                [0.997353, 0.072682, 0.002144, 0.124994, 0.060247, -0.842507, 0.535307, -0.002831, 0.040713, -0.53376, -0.844655, -1.2e-05, 0.0, 0.0, 0.0, 1.0],
                [0.997353, 0.072682, 0.002144, 0.124994, 0.060247, -0.842507, 0.535307, -0.002831, 0.040713, -0.53376, -0.844655, -1.2e-05, 0.0, 0.0, 0.0, 1.0]
            ]
        },
        {
            "name": "Leg_R",
            "time": [0.0, 0.0167, 0.0333, 0.05, 0.0667, 0.0833, 0.1, 0.1167, 0.1333, 0.15, 0.1667, 0.1833, 0.2, 0.2167, 0.2333, 0.25, 0.2667, 0.2833, 0.3, 0.3167, 0.3333, 0.35, 0.3667, 0.3833, 0.4, 0.4167, 0.4333, 0.45, 0.4667, 0.4833, 0.5, 0.5167, 0.5333, 0.55, 0.5667, 0.5833, 0.6, 0.6167, 0.6333, 0.65, 0.6667, 0.6833, 0.7, 0.7167, 0.7333, 0.75, 0.7667, 0.7833, 0.8, 0.8167, 0.8333, 0.85, 0.8667, 0.8833, 0.9, 0.9167],
            "transform": [
                [1.0, 8e-06, 2e-06, -0.0, -9e-06, 0.914641, 0.404267, 0.374726, 1e-06, -0.404268, 0.914641, 0.0, 0.0, 0.0, 0.0, 1.0],
                [1.0, 1e-05, 3e-06, -0.0, -1e-05, 0.873949, 0.486016, 0.374726, 2e-06, -0.486016, 0.87395, -0.0, 0.0, 0.0, 0.0, 1.0],
                [1.0, 1.3e-05, 5e-06, 0.0, -1.3e-05, 0.773467, 0.633836, 0.374726, 4e-06, -0.633837, 0.773467, 0.0, 0.0, 0.0, 0.0, 1.0],
                [1.0, 1.6e-05, 8e-06, 0.0, -1.6e-05, 0.646364, 0.763029, 0.374726, 7e-06, -0.763029, 0.646364, 0.0, 0.0, 0.0, 0.0, 1.0],
                [1.0, 1.7e-05, 1e-05, -0.0, -1.8e-05, 0.523834, 0.85182, 0.374726, 9e-06, -0.851821, 0.523834, 0.0, 0.0, 0.0, 0.0, 1.0],
                [1.0, 2e-05, 1.3e-05, -0.0, -2e-05, 0.432025, 0.901861, 0.374726, 1.2e-05, -0.901862, 0.432025, 0.0, 0.0, 0.0, 0.0, 1.0],
                [1.0, 1.9e-05, 1.4e-05, -0.0, -2e-05, 0.383997, 0.923334, 0.374726, 1.3e-05, -0.923334, 0.383997, -0.0, 0.0, 0.0, 0.0, 1.0],
                [1.0, 2e-05, 1.4e-05, -0.0, -2e-05, 0.369854, 0.929089, 0.374726, 1.3e-05, -0.92909, 0.369854, -0.0, 0.0, 0.0, 0.0, 1.0],
                [1.0, 2e-05, 1.4e-05, -0.0, -2e-05, 0.376661, 0.926351, 0.374726, 1.3e-05, -0.926351, 0.376661, 0.0, 0.0, 0.0, 0.0, 1.0],
                [1.0, 1.8e-05, 1.3e-05, 0.0, -1.9e-05, 0.390574, 0.920572, 0.374726, 1.2e-05, -0.920572, 0.390574, -0.0, 0.0, 0.0, 0.0, 1.0],
                [1.0, 1.9e-05, 1.3e-05, 0.0, -2e-05, 0.397971, 0.917398, 0.374726, 1.2e-05, -0.917398, 0.397971, -0.0, 0.0, 0.0, 0.0, 1.0],
                [1.0, 1.9e-05, 1.3e-05, -0.0, -2e-05, 0.451699, 0.89217, 0.374726, 1.2e-05, -0.892171, 0.4517, 0.0, 0.0, 0.0, 0.0, 1.0],
                [1.0, 1.7e-05, 9e-06, 0.0, -1.7e-05, 0.58251, 0.812823, 0.374726, 8e-06, -0.812824, 0.58251, -0.0, 0.0, 0.0, 0.0, 1.0],
                [1.0, 1.4e-05, 6e-06, -0.0, -1.4e-05, 0.743241, 0.669022, 0.374726, 5e-06, -0.669023, 0.743242, -0.0, 0.0, 0.0, 0.0, 1.0],
                [1.0, 1e-05, 3e-06, 0.0, -1.1e-05, 0.877457, 0.479654, 0.374726, 2e-06, -0.479654, 0.877457, 0.0, 0.0, 0.0, 0.0, 1.0],
                [1.0, 8e-06, 2e-06, 0.0, -9e-06, 0.91924, 0.393697, 0.374726, 1e-06, -0.393698, 0.91924, 0.0, 0.0, 0.0, 0.0, 1.0],
                [1.0, 1.3e-05, 5e-06, -0.0, -1.3e-05, 0.80421, 0.594345, 0.374726, 4e-06, -0.594345, 0.80421, 0.0, 0.0, 0.0, 0.0, 1.0],
                [1.0, 1.8e-05, 1.1e-05, 0.0, -1.9e-05, 0.491047, 0.871133, 0.374726, 1e-05, -0.871134, 0.491047, 0.0, 0.0, 0.0, 0.0, 1.0],
                [1.0, 2e-05, 1.8e-05, 0.0, -2e-05, 0.142924, 0.989734, 0.374726, 1.7e-05, -0.989734, 0.142924, -0.0, 0.0, 0.0, 0.0, 1.0],
                [1.0, 2.1e-05, 2.5e-05, 0.0, -2.2e-05, -0.131601, 0.991303, 0.374726, 2.5e-05, -0.991303, -0.131601, -0.0, 0.0, 0.0, 0.0, 1.0],
                [1.0, 2.1e-05, 3.2e-05, -0.0, -2.2e-05, -0.375402, 0.926863, 0.374726, 3.2e-05, -0.926862, -0.375402, 0.0, 0.0, 0.0, 0.0, 1.0],
                [1.0, 1.8e-05, 3.2e-05, -0.0, -1.8e-05, -0.529663, 0.848208, 0.374726, 3.2e-05, -0.848207, -0.529663, 0.0, 0.0, 0.0, 0.0, 1.0],
                [1.0, 1.9e-05, 2.8e-05, 0.0, -2e-05, -0.329998, 0.943982, 0.374726, 2.7e-05, -0.943982, -0.329998, 0.0, 0.0, 0.0, 0.0, 1.0],
                [1.0, 2e-05, 1.4e-05, 0.0, -2e-05, 0.373254, 0.927729, 0.374726, 1.3e-05, -0.927729, 0.373254, 0.0, 0.0, 0.0, 0.0, 1.0],
                [1.0, 0.0, 1e-06, -0.0, -0.0, 0.999999, 0.001461, 0.374726, -1e-06, -0.001461, 0.999999, 0.0, 0.0, 0.0, 0.0, 1.0],
                [1.0, 0.0, 1e-06, 0.0, -0.0, 0.999999, 0.001467, 0.374726, -1e-06, -0.001467, 0.999999, 0.0, 0.0, 0.0, 0.0, 1.0],
                [1.0, 0.0, 1e-06, 0.0, -0.0, 0.999999, 0.001467, 0.374726, -1e-06, -0.001467, 0.999999, 0.0, 0.0, 0.0, 0.0, 1.0],
                [1.0, 3e-06, 1e-06, -0.0, -3e-06, 0.987692, 0.156411, 0.374726, -0.0, -0.156411, 0.987692, 0.0, 0.0, 0.0, 0.0, 1.0],
                [1.0, 1.8e-05, 1.1e-05, 0.0, -1.9e-05, 0.521696, 0.853131, 0.374726, 1e-05, -0.853132, 0.521695, -0.0, 0.0, 0.0, 0.0, 1.0],
                [1.0, 2.1e-05, 1.6e-05, -0.0, -2.1e-05, 0.308204, 0.95132, 0.374726, 1.5e-05, -0.95132, 0.308205, -0.0, 0.0, 0.0, 0.0, 1.0],
                [1.0, 2e-05, 1.7e-05, -0.0, -2.1e-05, 0.230032, 0.973183, 0.374726, 1.6e-05, -0.973183, 0.230032, 0.0, 0.0, 0.0, 0.0, 1.0],
                [1.0, 2.1e-05, 1.8e-05, 0.0, -2.2e-05, 0.207243, 0.978289, 0.374726, 1.7e-05, -0.978289, 0.207243, 0.0, 0.0, 0.0, 0.0, 1.0],
                [1.0, 2e-05, 1.5e-05, -0.0, -2e-05, 0.312675, 0.949859, 0.374726, 1.4e-05, -0.94986, 0.312675, -0.0, 0.0, 0.0, 0.0, 1.0],
                [1.0, 1.7e-05, 1e-05, 0.0, -1.8e-05, 0.579149, 0.815221, 0.374726, 8e-06, -0.815221, 0.579149, -0.0, 0.0, 0.0, 0.0, 1.0],
                [1.0, 1e-05, 3e-06, -0.0, -1e-05, 0.856369, 0.516365, 0.374726, 2e-06, -0.516365, 0.856368, -0.0, 0.0, 0.0, 0.0, 1.0],
                [1.0, 7e-06, 2e-06, -0.0, -7e-06, 0.950158, 0.311766, 0.374726, 0.0, -0.311766, 0.950159, 0.0, 0.0, 0.0, 0.0, 1.0],
                [1.0, 1.4e-05, 6e-06, -0.0, -1.5e-05, 0.7255, 0.688223, 0.374726, 5e-06, -0.688222, 0.7255, 0.0, 0.0, 0.0, 0.0, 1.0],
                [1.0, 2e-05, 1.5e-05, 0.0, -2.1e-05, 0.315101, 0.949058, 0.374726, 1.4e-05, -0.949058, 0.315101, -0.0, 0.0, 0.0, 0.0, 1.0],
                [1.0, 2.1e-05, 2.4e-05, 0.0, -2.2e-05, -0.071013, 0.997475, 0.374726, 2.3e-05, -0.997475, -0.071013, -0.0, 0.0, 0.0, 0.0, 1.0],
                [1.0, 2e-05, 2.7e-05, -0.0, -2.1e-05, -0.268488, 0.963283, 0.374726, 2.6e-05, -0.963283, -0.268488, 0.0, 0.0, 0.0, 0.0, 1.0],
                [1.0, 2e-05, 2.5e-05, 0.0, -2e-05, -0.20053, 0.979688, 0.374726, 2.4e-05, -0.979687, -0.200531, -0.0, 0.0, 0.0, 0.0, 1.0],
                [1.0, 2.1e-05, 1.9e-05, -0.0, -2.2e-05, 0.110058, 0.993925, 0.374726, 1.9e-05, -0.993925, 0.110058, 0.0, 0.0, 0.0, 0.0, 1.0],
                [1.0, 1.8e-05, 1e-05, -0.0, -1.9e-05, 0.558025, 0.829824, 0.374726, 9e-06, -0.829825, 0.558025, -0.0, 0.0, 0.0, 0.0, 1.0],
                [1.0, 1e-05, 3e-06, 0.0, -1e-05, 0.889801, 0.456347, 0.374726, 2e-06, -0.456347, 0.889802, 0.0, 0.0, 0.0, 0.0, 1.0],
                [1.0, 6e-06, 2e-06, -0.0, -6e-06, 0.956254, 0.292537, 0.374726, 0.0, -0.292537, 0.956254, 0.0, 0.0, 0.0, 0.0, 1.0],
                [1.0, 1.1e-05, 4e-06, -0.0, -1.1e-05, 0.843128, 0.537712, 0.374726, 3e-06, -0.537713, 0.843128, 0.0, 0.0, 0.0, 0.0, 1.0],
                [1.0, 1.5e-05, 8e-06, -0.0, -1.6e-05, 0.664459, 0.747324, 0.374726, 6e-06, -0.747325, 0.664459, 0.0, 0.0, 0.0, 0.0, 1.0],
                [1.0, 1.8e-05, 1.1e-05, 0.0, -1.9e-05, 0.518982, 0.854785, 0.374726, 1e-05, -0.854785, 0.518982, 0.0, 0.0, 0.0, 0.0, 1.0],
                [1.0, 1.8e-05, 1.2e-05, -0.0, -1.9e-05, 0.437073, 0.899426, 0.374726, 1.1e-05, -0.899427, 0.437073, 0.0, 0.0, 0.0, 0.0, 1.0],
                [1.0, 1.9e-05, 1.3e-05, 0.0, -2e-05, 0.396149, 0.918186, 0.374726, 1.2e-05, -0.918186, 0.396149, 0.0, 0.0, 0.0, 0.0, 1.0],
                [1.0, 1.9e-05, 1.3e-05, -0.0, -1.9e-05, 0.393853, 0.919173, 0.374726, 1.2e-05, -0.919173, 0.393853, -0.0, 0.0, 0.0, 0.0, 1.0],
                [1.0, 1.9e-05, 1.3e-05, 0.0, -2e-05, 0.414296, 0.910142, 0.374726, 1.2e-05, -0.910142, 0.414296, 0.0, 0.0, 0.0, 0.0, 1.0],
                [1.0, 1.8e-05, 1.2e-05, -0.0, -1.9e-05, 0.428214, 0.903677, 0.374726, 1.1e-05, -0.903677, 0.428214, -0.0, 0.0, 0.0, 0.0, 1.0],
                [1.0, 1.9e-05, 1.3e-05, 0.0, -1.9e-05, 0.428214, 0.903677, 0.374726, 1.2e-05, -0.903677, 0.428214, -0.0, 0.0, 0.0, 0.0, 1.0],
                [1.0, 1.9e-05, 1.3e-05, -0.0, -1.9e-05, 0.428214, 0.903677, 0.374726, 1.2e-05, -0.903677, 0.428214, -0.0, 0.0, 0.0, 0.0, 1.0],
                [1.0, 1.9e-05, 1.3e-05, -0.0, -1.9e-05, 0.428214, 0.903677, 0.374726, 1.2e-05, -0.903677, 0.428214, -0.0, 0.0, 0.0, 0.0, 1.0]
            ]
        },
        {
            "name": "Knee_R",
            "time": [0.0, 0.9167],
            "transform": [
                [1.0, 0.0, -0.0, -0.0, -0.0, 0.00567, -0.999984, 0.374726, -0.0, 0.999984, 0.00567, 0.0, 0.0, 0.0, 0.0, 1.0],
                [1.0, 0.0, -0.0, 0.0, -0.0, 0.00567, -0.999984, 0.437052, -0.0, 0.999984, 0.00567, -0.000353, 0.0, 0.0, 0.0, 1.0]
            ]
        },
        {
            "name": "Thigh_L",
            "time": [0.0, 0.0167, 0.0333, 0.05, 0.0667, 0.0833, 0.1, 0.1167, 0.1333, 0.15, 0.1667, 0.1833, 0.2, 0.2167, 0.2333, 0.25, 0.2667, 0.2833, 0.3, 0.3167, 0.3333, 0.35, 0.3667, 0.3833, 0.4, 0.4167, 0.4333, 0.45, 0.4667, 0.4833, 0.5, 0.5167, 0.5333, 0.55, 0.5667, 0.5833, 0.6, 0.6167, 0.6333, 0.65, 0.6667, 0.6833, 0.7, 0.7167, 0.7333, 0.75, 0.7667, 0.7833, 0.8, 0.8167, 0.8333, 0.85, 0.8667, 0.8833, 0.9, 0.9167],
            "transform": [
                [0.971738, -0.204152, -0.118526, -0.124977, -0.169073, -0.952287, 0.254096, -0.002831, -0.164745, -0.226875, -0.959889, 0.002022, 0.0, 0.0, 0.0, 1.0],
                [0.973573, -0.196737, -0.115981, -0.12498, -0.153148, -0.939144, 0.3075, -0.002831, -0.169419, -0.281611, -0.944453, 0.001811, 0.0, 0.0, 0.0, 1.0],
                [0.976967, -0.177379, -0.118625, -0.124987, -0.113205, -0.902056, 0.416511, -0.002831, -0.180886, -0.393488, -0.901358, 0.001306, 0.0, 0.0, 0.0, 1.0],
                [0.978839, -0.154686, -0.133969, -0.124996, -0.061031, -0.845555, 0.530389, -0.002831, -0.195322, -0.510989, -0.837102, 0.000704, 0.0, 0.0, 0.0, 1.0],
                [0.977961, -0.140189, -0.154725, -0.125003, -0.011426, -0.775885, 0.630771, -0.002831, -0.208476, -0.615102, -0.760387, 0.0002, 0.0, 0.0, 0.0, 1.0],
                [0.976396, -0.143482, -0.161446, -0.125006, 0.015683, -0.6984, 0.715536, -0.002831, -0.215421, -0.701178, -0.679664, -1.2e-05, 0.0, 0.0, 0.0, 1.0],
                [0.980719, -0.144258, -0.131835, -0.125006, 0.012891, -0.625381, 0.780214, -0.002831, -0.194999, -0.766869, -0.611463, -1.2e-05, 0.0, 0.0, 0.0, 1.0],
                [0.989856, -0.120851, -0.074699, -0.125006, -0.007118, -0.567302, 0.823479, -0.002831, -0.141896, -0.814594, -0.562407, -1.2e-05, 0.0, 0.0, 0.0, 1.0],
                [0.996494, -0.083027, -0.010293, -0.125006, -0.034983, -0.525273, 0.850215, -0.002831, -0.075997, -0.846874, -0.526336, -1.2e-05, 0.0, 0.0, 0.0, 1.0],
                [0.998021, -0.046924, 0.041852, -0.125006, -0.059692, -0.49794, 0.865155, -0.002831, -0.019757, -0.865941, -0.499755, -1.2e-05, 0.0, 0.0, 0.0, 1.0],
                [0.997477, -0.030679, 0.064027, -0.125006, -0.07088, -0.48221, 0.873184, -0.002831, 0.004086, -0.875519, -0.483168, -1.2e-05, 0.0, 0.0, 0.0, 1.0],
                [0.997607, -0.032627, 0.060955, -0.125006, -0.069044, -0.516017, 0.853791, -0.002831, 0.003598, -0.855957, -0.517035, -1.2e-05, 0.0, 0.0, 0.0, 1.0],
                [0.997953, -0.037605, 0.051733, -0.125006, -0.063918, -0.614661, 0.786198, -0.002831, 0.002233, -0.787895, -0.615806, -1.2e-05, 0.0, 0.0, 0.0, 1.0],
                [0.998307, -0.042769, 0.03943, -0.125006, -0.058167, -0.742113, 0.667747, -0.002831, 0.000703, -0.668909, -0.743343, -1.2e-05, 0.0, 0.0, 0.0, 1.0],
                [0.998575, -0.046511, 0.02618, -0.125006, -0.05337, -0.864886, 0.499125, -0.002831, -0.000573, -0.49981, -0.866135, -1.2e-05, 0.0, 0.0, 0.0, 1.0],
                [0.998738, -0.048472, 0.013152, -0.125006, -0.050205, -0.956135, 0.288594, -0.002831, -0.001413, -0.28889, -0.957361, -1.2e-05, 0.0, 0.0, 0.0, 1.0],
                [0.998796, -0.048992, 0.002667, -0.125006, -0.049035, -0.994795, 0.089325, -0.002831, -0.001723, -0.089349, -0.995999, -1.2e-05, 0.0, 0.0, 0.0, 1.0],
                [0.998726, -0.048302, 0.014617, -0.125006, -0.050448, -0.947831, 0.314757, -0.002831, -0.001349, -0.315093, -0.94906, -1.2e-05, 0.0, 0.0, 0.0, 1.0],
                [0.998605, -0.047715, 0.022617, -0.125006, -0.052799, -0.896406, 0.440078, -0.002831, -0.000725, -0.440658, -0.897675, -1.2e-05, 0.0, 0.0, 0.0, 1.0],
                [0.998547, -0.047905, 0.024671, -0.125006, -0.053883, -0.883996, 0.464379, -0.002831, -0.000437, -0.465034, -0.885293, -1.2e-05, 0.0, 0.0, 0.0, 1.0],
                [0.998531, -0.048643, 0.023863, -0.125006, -0.05418, -0.893544, 0.445695, -0.002831, -0.000358, -0.446333, -0.894867, -1.2e-05, 0.0, 0.0, 0.0, 1.0],
                [0.998524, -0.049424, 0.022526, -0.125006, -0.054314, -0.906132, 0.419494, -0.002831, -0.000322, -0.420098, -0.907479, -1.2e-05, 0.0, 0.0, 0.0, 1.0],
                [0.998489, -0.049868, 0.023067, -0.125006, -0.054944, -0.905055, 0.421732, -0.002831, -0.000154, -0.422362, -0.906428, -1.2e-05, 0.0, 0.0, 0.0, 1.0],
                [0.998423, -0.050705, 0.024118, -0.125093, -0.056149, -0.902342, 0.427348, -0.00526, 9.4e-05, -0.428028, -0.903765, -0.006055, 0.0, 0.0, 0.0, 1.0],
                [0.998322, -0.052623, 0.024168, -0.1253, -0.057906, -0.909918, 0.410726, -0.011051, 0.000377, -0.411436, -0.911439, -0.020464, 0.0, 0.0, 0.0, 1.0],
                [0.998145, -0.054987, 0.026159, -0.125547, -0.060885, -0.907719, 0.415137, -0.017964, 0.000917, -0.415959, -0.909383, -0.037663, 0.0, 0.0, 0.0, 1.0],
                [0.997813, -0.056264, 0.034692, -0.125754, -0.066068, -0.865026, 0.497358, -0.023756, 0.002026, -0.498562, -0.866852, -0.052072, 0.0, 0.0, 0.0, 1.0],
                [0.997148, -0.050543, 0.056052, -0.125841, -0.075353, -0.7088, 0.701374, -0.026185, 0.00428, -0.703597, -0.710587, -0.058115, 0.0, 0.0, 0.0, 1.0],
                [0.995856, -0.030372, 0.085721, -0.125841, -0.090577, -0.41563, 0.905013, -0.026184, 0.008141, -0.909027, -0.416658, -0.058115, 0.0, 0.0, 0.0, 1.0],
                [0.993715, -0.001147, 0.111939, -0.125841, -0.111144, -0.129524, 0.985328, -0.026184, 0.013369, -0.991576, -0.128837, -0.058115, 0.0, 0.0, 0.0, 1.0],
                [0.990905, 0.026443, 0.131938, -0.125841, -0.133215, 0.054412, 0.989593, -0.026185, 0.018989, -0.998169, 0.057439, -0.058115, 0.0, 0.0, 0.0, 1.0],
                [0.989294, 0.038744, 0.140703, -0.125841, -0.1443, 0.115575, 0.982762, -0.026185, 0.021815, -0.992543, 0.119929, -0.058115, 0.0, 0.0, 0.0, 1.0],
                [0.990764, 0.028326, 0.132606, -0.125841, -0.134225, 0.066065, 0.988746, -0.026184, 0.019247, -0.997413, 0.069256, -0.058115, 0.0, 0.0, 0.0, 1.0],
                [0.993296, 0.007123, 0.11538, -0.125841, -0.114714, -0.062559, 0.991427, -0.026184, 0.01428, -0.998016, -0.061322, -0.058115, 0.0, 0.0, 0.0, 1.0],
                [0.995216, -0.013682, 0.096731, -0.125841, -0.097198, -0.238281, 0.96632, -0.026184, 0.009828, -0.9711, -0.238472, -0.058115, 0.0, 0.0, 0.0, 1.0],
                [0.996326, -0.029181, 0.080517, -0.125841, -0.08537, -0.41333, 0.906571, -0.026184, 0.006825, -0.910113, -0.414302, -0.058115, 0.0, 0.0, 0.0, 1.0],
                [0.996951, -0.038048, 0.068123, -0.125841, -0.077873, -0.540254, 0.837891, -0.026184, 0.004923, -0.840642, -0.54157, -0.058115, 0.0, 0.0, 0.0, 1.0],
                [0.997379, -0.04197, 0.058938, -0.125841, -0.07227, -0.617283, 0.783415, -0.026184, 0.003502, -0.785621, -0.618698, -0.058115, 0.0, 0.0, 0.0, 1.0],
                [0.997689, -0.042999, 0.052613, -0.125841, -0.067907, -0.658246, 0.749734, -0.026184, 0.002394, -0.751574, -0.659644, -0.058115, 0.0, 0.0, 0.0, 1.0],
                [0.997925, -0.043405, 0.047565, -0.125841, -0.064375, -0.689666, 0.72126, -0.026184, 0.001498, -0.722825, -0.691029, -0.058115, 0.0, 0.0, 0.0, 1.0],
                [0.998113, -0.044211, 0.042609, -0.125841, -0.061397, -0.72701, 0.683877, -0.026184, 0.000742, -0.685203, -0.728352, -0.058115, 0.0, 0.0, 0.0, 1.0],
                [0.998271, -0.045498, 0.037211, -0.125841, -0.058777, -0.773588, 0.630958, -0.026184, 7.8e-05, -0.632054, -0.774924, -0.058115, 0.0, 0.0, 0.0, 1.0],
                [0.99841, -0.047256, 0.030744, -0.125841, -0.056374, -0.831724, 0.55232, -0.026184, -0.00053, -0.553175, -0.833065, -0.058115, 0.0, 0.0, 0.0, 1.0],
                [0.998469, -0.048934, 0.025781, -0.125818, -0.055304, -0.876734, 0.477787, -0.02553, -0.000777, -0.478481, -0.878098, -0.056488, 0.0, 0.0, 0.0, 1.0],
                [0.998436, -0.050079, 0.024848, -0.125754, -0.055901, -0.889873, 0.452772, -0.023756, -0.000563, -0.453453, -0.89128, -0.052073, 0.0, 0.0, 0.0, 1.0],
                [0.998372, -0.050555, 0.026423, -0.125661, -0.057044, -0.883338, 0.465253, -0.02114, -0.00018, -0.466003, -0.884783, -0.045565, 0.0, 0.0, 0.0, 1.0],
                [0.998344, -0.050008, 0.028448, -0.125547, -0.057533, -0.868227, 0.492821, -0.017964, 5.4e-05, -0.493641, -0.869665, -0.037663, 0.0, 0.0, 0.0, 1.0],
                [0.998424, -0.049177, 0.02703, -0.125424, -0.056116, -0.873246, 0.484038, -0.014508, -0.0002, -0.484792, -0.87463, -0.029064, 0.0, 0.0, 0.0, 1.0],
                [0.998614, -0.04959, 0.017657, -0.1253, -0.05263, -0.934196, 0.352857, -0.011051, -0.001003, -0.353297, -0.93551, -0.020464, 0.0, 0.0, 0.0, 1.0],
                [0.998816, -0.048516, 0.003604, -0.125187, -0.04861, -0.992258, 0.11429, -0.007875, -0.001969, -0.11433, -0.993441, -0.012562, 0.0, 0.0, 0.0, 1.0],
                [0.998977, -0.045166, -0.00213, -0.125093, -0.045128, -0.998863, 0.015376, -0.00526, -0.002822, -0.015264, -0.999879, -0.006055, 0.0, 0.0, 0.0, 1.0],
                [0.99908, -0.042519, -0.005668, -0.125029, -0.042759, -0.997689, -0.052811, -0.003485, -0.003409, 0.053005, -0.998588, -0.001639, 0.0, 0.0, 0.0, 1.0],
                [0.999116, -0.041465, -0.006893, -0.125006, -0.041877, -0.996068, -0.078079, -0.002831, -0.003629, 0.078299, -0.996923, -1.2e-05, 0.0, 0.0, 0.0, 1.0],
                [0.999116, -0.041465, -0.006893, -0.125006, -0.041877, -0.996068, -0.078079, -0.002831, -0.003629, 0.078299, -0.996923, -1.2e-05, 0.0, 0.0, 0.0, 1.0],
                [0.999116, -0.041465, -0.006893, -0.125006, -0.041877, -0.996068, -0.078079, -0.002831, -0.003629, 0.078299, -0.996923, -1.2e-05, 0.0, 0.0, 0.0, 1.0],
                [0.999116, -0.041465, -0.006893, -0.125006, -0.041877, -0.996068, -0.078079, -0.002831, -0.003629, 0.078299, -0.996923, -1.2e-05, 0.0, 0.0, 0.0, 1.0]
            ]
        },
        {
            "name": "Leg_L",
            "time": [0.0, 0.0167, 0.0333, 0.05, 0.0667, 0.0833, 0.1, 0.1167, 0.1333, 0.15, 0.1667, 0.1833, 0.2, 0.2167, 0.2333, 0.25, 0.2667, 0.2833, 0.3, 0.3167, 0.3333, 0.35, 0.3667, 0.3833, 0.4, 0.4167, 0.4333, 0.45, 0.4667, 0.4833, 0.5, 0.5167, 0.5333, 0.55, 0.5667, 0.5833, 0.6, 0.6167, 0.6333, 0.65, 0.6667, 0.6833, 0.7, 0.7167, 0.7333, 0.75, 0.7667, 0.7833, 0.8, 0.8167, 0.8333, 0.85, 0.8667, 0.8833, 0.9, 0.9167],
            "transform": [
                [1.0, 7e-06, 2e-06, 0.0, -7e-06, 0.943383, 0.331705, 0.374726, 1e-06, -0.331705, 0.943383, -0.0, 0.0, 0.0, 0.0, 1.0],
                [1.0, 1e-05, 3e-06, 0.0, -1e-05, 0.91618, 0.400766, 0.374726, 1e-06, -0.400766, 0.916181, 0.0, 0.0, 0.0, 0.0, 1.0],
                [1.0, 1e-05, 4e-06, -0.0, -1.1e-05, 0.851757, 0.523937, 0.374726, 2e-06, -0.523937, 0.851757, -0.0, 0.0, 0.0, 0.0, 1.0],
                [1.0, 1.4e-05, 6e-06, 0.0, -1.4e-05, 0.774717, 0.632308, 0.374726, 4e-06, -0.632308, 0.774717, 0.0, 0.0, 0.0, 0.0, 1.0],
                [1.0, 1.5e-05, 7e-06, 0.0, -1.6e-05, 0.693493, 0.720464, 0.374726, 6e-06, -0.720464, 0.693493, -0.0, 0.0, 0.0, 0.0, 1.0],
                [1.0, 1.9e-05, 1e-05, 0.0, -1.9e-05, 0.596969, 0.802264, 0.374726, 9e-06, -0.802264, 0.59697, 0.0, 0.0, 0.0, 0.0, 1.0],
                [1.0, 1.9e-05, 1.2e-05, 0.0, -2e-05, 0.490484, 0.87145, 0.374726, 1.1e-05, -0.87145, 0.490484, -0.0, 0.0, 0.0, 0.0, 1.0],
                [1.0, 1.9e-05, 1.3e-05, 0.0, -2e-05, 0.397059, 0.917793, 0.374726, 1.2e-05, -0.917793, 0.397059, 0.0, 0.0, 0.0, 0.0, 1.0],
                [1.0, 2e-05, 1.5e-05, 0.0, -2.1e-05, 0.32518, 0.945652, 0.374726, 1.4e-05, -0.945652, 0.325181, 0.0, 0.0, 0.0, 0.0, 1.0],
                [1.0, 2e-05, 1.6e-05, 0.0, -2.1e-05, 0.284315, 0.958731, 0.374726, 1.5e-05, -0.958731, 0.284315, -0.0, 0.0, 0.0, 0.0, 1.0],
                [1.0, 2e-05, 1.6e-05, -0.0, -2.1e-05, 0.285261, 0.95845, 0.374726, 1.5e-05, -0.958449, 0.285261, 0.0, 0.0, 0.0, 0.0, 1.0],
                [1.0, 1.9e-05, 1.4e-05, -0.0, -2e-05, 0.34513, 0.938555, 0.374726, 1.3e-05, -0.938555, 0.34513, 0.0, 0.0, 0.0, 0.0, 1.0],
                [1.0, 1.8e-05, 1.2e-05, -0.0, -1.9e-05, 0.461039, 0.88738, 0.374726, 1.1e-05, -0.88738, 0.461039, 0.0, 0.0, 0.0, 0.0, 1.0],
                [1.0, 1.6e-05, 9e-06, 0.0, -1.7e-05, 0.620876, 0.783909, 0.374726, 7e-06, -0.783908, 0.620877, -0.0, 0.0, 0.0, 0.0, 1.0],
                [1.0, 1.2e-05, 5e-06, 0.0, -1.3e-05, 0.8001, 0.599867, 0.374726, 4e-06, -0.599867, 0.8001, -0.0, 0.0, 0.0, 0.0, 1.0],
                [1.0, 7e-06, 2e-06, -0.0, -7e-06, 0.949935, 0.312446, 0.374726, 0.0, -0.312446, 0.949936, -0.0, 0.0, 0.0, 0.0, 1.0],
                [1.0, 0.0, 1e-06, -0.0, -0.0, 0.999998, 0.00146, 0.374726, -1e-06, -0.00146, 0.999999, -0.0, 0.0, 0.0, 0.0, 1.0],
                [1.0, 1e-05, 3e-06, 0.0, -1e-05, 0.880809, 0.473472, 0.374726, 2e-06, -0.473472, 0.880809, 0.0, 0.0, 0.0, 0.0, 1.0],
                [1.0, 1.5e-05, 7e-06, -0.0, -1.5e-05, 0.699878, 0.714263, 0.374726, 6e-06, -0.714263, 0.699878, 0.0, 0.0, 0.0, 0.0, 1.0],
                [1.0, 1.7e-05, 9e-06, 0.0, -1.7e-05, 0.588813, 0.80827, 0.374726, 8e-06, -0.80827, 0.588813, 0.0, 0.0, 0.0, 0.0, 1.0],
                [1.0, 1.8e-05, 1e-05, 0.0, -1.8e-05, 0.528265, 0.849079, 0.374726, 9e-06, -0.849079, 0.528265, 0.0, 0.0, 0.0, 0.0, 1.0],
                [1.0, 1.8e-05, 1.1e-05, 0.0, -1.9e-05, 0.492996, 0.870032, 0.374726, 1e-05, -0.870032, 0.492996, 0.0, 0.0, 0.0, 0.0, 1.0],
                [1.0, 1.8e-05, 1.2e-05, -0.0, -1.9e-05, 0.449139, 0.893461, 0.374726, 1.1e-05, -0.893462, 0.449139, 0.0, 0.0, 0.0, 0.0, 1.0],
                [1.0, 2e-05, 1.4e-05, 0.0, -2e-05, 0.377116, 0.926166, 0.374726, 1.3e-05, -0.926166, 0.377117, 0.0, 0.0, 0.0, 0.0, 1.0],
                [1.0, 2e-05, 1.5e-05, -0.0, -2e-05, 0.284552, 0.95866, 0.374726, 1.4e-05, -0.95866, 0.284552, 0.0, 0.0, 0.0, 0.0, 1.0],
