{
    "animation": [
        {
            "name": "Root",
            "time": [0.0, 0.0167, 0.0333, 0.05, 0.0667, 0.0833, 0.1, 0.1167, 0.1333, 0.15, 0.1667, 0.1833, 0.2, 0.2167, 0.2333, 0.25, 0.2667, 0.2833, 0.3, 0.3167, 0.3333, 0.35, 0.3667, 0.3833, 0.4, 0.4167, 0.4333, 0.45, 0.4667, 0.4833, 0.5, 0.5167, 0.5333, 0.55, 0.5667, 0.5833, 0.6, 0.6167, 0.6333, 0.65, 0.6667, 0.6833, 0.7, 0.7167, 0.7333, 0.75, 0.7667, 0.7833, 0.8, 0.8167, 0.8333],
            "transform": [
                [1.0, 0.0, 0.0, -5e-06, 0.0, 0.0, -1.0, 0.000946, 0.0, 1.0, 0.0, 0.763972, 0.0, 0.0, 0.0, 1.0],
                [1.0, 0.0, 0.0, -5e-06, 0.0, 0.0, -1.0, 0.001548, 0.0, 1.0, 0.0, 0.763972, 0.0, 0.0, 0.0, 1.0],
                [1.0, 0.0, 0.0, -5e-06, 0.0, 0.0, -1.0, 0.003296, 0.0, 1.0, 0.0, 0.763972, 0.0, 0.0, 0.0, 1.0],
                [1.0, 0.0, 0.0, -5e-06, 0.0, 0.0, -1.0, 0.006111, 0.0, 1.0, 0.0, 0.763972, 0.0, 0.0, 0.0, 1.0],
                [1.0, 0.0, 0.0, -5e-06, 0.0, 0.0, -1.0, 0.009909, 0.0, 1.0, 0.0, 0.763972, 0.0, 0.0, 0.0, 1.0],
                [1.0, 0.0, 0.0, -5e-06, 0.0, 0.0, -1.0, 0.014608, 0.0, 1.0, 0.0, 0.763972, 0.0, 0.0, 0.0, 1.0],
                [1.0, 0.0, 0.0, -5e-06, 0.0, 0.0, -1.0, 0.020128, 0.0, 1.0, 0.0, 0.763972, 0.0, 0.0, 0.0, 1.0],
                [1.0, 0.0, 0.0, -5e-06, 0.0, 0.0, -1.0, 0.026385, 0.0, 1.0, 0.0, 0.763972, 0.0, 0.0, 0.0, 1.0],
                [1.0, 0.0, 0.0, -5e-06, 0.0, 0.0, -1.0, 0.033298, 0.0, 1.0, 0.0, 0.763972, 0.0, 0.0, 0.0, 1.0],
                [1.0, 0.0, 0.0, -5e-06, 0.0, 0.0, -1.0, 0.040784, 0.0, 1.0, 0.0, 0.763972, 0.0, 0.0, 0.0, 1.0],
                [1.0, 0.0, 0.0, -5e-06, 0.0, 0.0, -1.0, 0.048763, 0.0, 1.0, 0.0, 0.763972, 0.0, 0.0, 0.0, 1.0],
                [1.0, 0.0, 0.0, -5e-06, 0.0, 0.0, -1.0, 0.057151, 0.0, 1.0, 0.0, 0.763972, 0.0, 0.0, 0.0, 1.0],
                [1.0, 0.0, 0.0, -5e-06, 0.0, 0.0, -1.0, 0.065868, 0.0, 1.0, 0.0, 0.763972, 0.0, 0.0, 0.0, 1.0],
                [1.0, 0.0, 0.0, -5e-06, 0.0, 0.0, -1.0, 0.07483, 0.0, 1.0, 0.0, 0.763972, 0.0, 0.0, 0.0, 1.0],
                [1.0, 0.0, 0.0, -5e-06, 0.0, 0.0, -1.0, 0.083956, 0.0, 1.0, 0.0, 0.763972, 0.0, 0.0, 0.0, 1.0],
                [1.0, 0.0, 0.0, -5e-06, 0.0, 0.0, -1.0, 0.093164, 0.0, 1.0, 0.0, 0.763972, 0.0, 0.0, 0.0, 1.0],
                [1.0, 0.0, 0.0, -5e-06, 0.0, 0.0, -1.0, 0.102372, 0.0, 1.0, 0.0, 0.763972, 0.0, 0.0, 0.0, 1.0],
                [1.0, 0.0, 0.0, -5e-06, 0.0, 0.0, -1.0, 0.111498, 0.0, 1.0, 0.0, 0.763972, 0.0, 0.0, 0.0, 1.0],
                [1.0, 0.0, 0.0, -5e-06, 0.0, 0.0, -1.0, 0.12046, 0.0, 1.0, 0.0, 0.763972, 0.0, 0.0, 0.0, 1.0],
                [1.0, 0.0, 0.0, -5e-06, 0.0, 0.0, -1.0, 0.129177, 0.0, 1.0, 0.0, 0.763972, 0.0, 0.0, 0.0, 1.0],
                [1.0, 0.0, 0.0, -5e-06, 0.0, 0.0, -1.0, 0.137565, 0.0, 1.0, 0.0, 0.763972, 0.0, 0.0, 0.0, 1.0],
                [1.0, 0.0, 0.0, -5e-06, 0.0, 0.0, -1.0, 0.145544, 0.0, 1.0, 0.0, 0.763972, 0.0, 0.0, 0.0, 1.0],
                [1.0, 0.0, 0.0, -5e-06, 0.0, 0.0, -1.0, 0.15303, 0.0, 1.0, 0.0, 0.763972, 0.0, 0.0, 0.0, 1.0],
                [1.0, 0.0, 0.0, -5e-06, 0.0, 0.0, -1.0, 0.159943, 0.0, 1.0, 0.0, 0.763972, 0.0, 0.0, 0.0, 1.0],
                [1.0, 0.0, 0.0, -5e-06, 0.0, 0.0, -1.0, 0.1662, 0.0, 1.0, 0.0, 0.763972, 0.0, 0.0, 0.0, 1.0],
                [1.0, 0.0, 0.0, -5e-06, 0.0, 0.0, -1.0, 0.17172, 0.0, 1.0, 0.0, 0.763972, 0.0, 0.0, 0.0, 1.0],
                [1.0, 0.0, 0.0, -5e-06, 0.0, 0.0, -1.0, 0.176419, 0.0, 1.0, 0.0, 0.763972, 0.0, 0.0, 0.0, 1.0],
                [1.0, 0.0, 0.0, -5e-06, 0.0, 0.0, -1.0, 0.180217, 0.0, 1.0, 0.0, 0.763972, 0.0, 0.0, 0.0, 1.0],
                [1.0, 0.0, 0.0, -5e-06, 0.0, 0.0, -1.0, 0.183032, 0.0, 1.0, 0.0, 0.763972, 0.0, 0.0, 0.0, 1.0],
                [1.0, 0.0, 0.0, -5e-06, 0.0, 0.0, -1.0, 0.18478, 0.0, 1.0, 0.0, 0.763972, 0.0, 0.0, 0.0, 1.0],
                [1.0, 0.0, 0.0, -5e-06, 0.0, 0.0, -1.0, 0.185382, 0.0, 1.0, 0.0, 0.763972, 0.0, 0.0, 0.0, 1.0],
                [1.0, 0.0, 0.0, -5e-06, 0.0, 0.0, -1.0, 0.185382, 0.0, 1.0, 0.0, 0.763972, 0.0, 0.0, 0.0, 1.0],
                [1.0, 0.0, 0.0, -5e-06, 0.0, 0.0, -1.0, 0.185382, 0.0, 1.0, 0.0, 0.763972, 0.0, 0.0, 0.0, 1.0],
                [1.0, 0.0, 0.0, -5e-06, 0.0, 0.0, -1.0, 0.185382, 0.0, 1.0, 0.0, 0.763972, 0.0, 0.0, 0.0, 1.0],
                [1.0, 0.0, 0.0, -5e-06, 0.0, 0.0, -1.0, 0.185382, 0.0, 1.0, 0.0, 0.763972, 0.0, 0.0, 0.0, 1.0],
                [1.0, 0.0, 0.0, -5e-06, 0.0, 0.0, -1.0, 0.185382, 0.0, 1.0, 0.0, 0.763972, 0.0, 0.0, 0.0, 1.0],
                [1.0, 0.0, 0.0, -5e-06, 0.0, 0.0, -1.0, 0.185382, 0.0, 1.0, 0.0, 0.763972, 0.0, 0.0, 0.0, 1.0],
                [1.0, 0.0, 0.0, -5e-06, 0.0, 0.0, -1.0, 0.185382, 0.0, 1.0, 0.0, 0.763972, 0.0, 0.0, 0.0, 1.0],
                [1.0, 0.0, 0.0, -5e-06, 0.0, 0.0, -1.0, 0.185382, 0.0, 1.0, 0.0, 0.763972, 0.0, 0.0, 0.0, 1.0],
                [1.0, 0.0, 0.0, -5e-06, 0.0, 0.0, -1.0, 0.185382, 0.0, 1.0, 0.0, 0.763972, 0.0, 0.0, 0.0, 1.0],
                [1.0, 0.0, 0.0, -5e-06, 0.0, 0.0, -1.0, 0.185382, 0.0, 1.0, 0.0, 0.763972, 0.0, 0.0, 0.0, 1.0],
                [1.0, 0.0, 0.0, -5e-06, 0.0, 0.0, -1.0, 0.185382, 0.0, 1.0, 0.0, 0.763972, 0.0, 0.0, 0.0, 1.0],
                [1.0, 0.0, 0.0, -5e-06, 0.0, 0.0, -1.0, 0.185382, 0.0, 1.0, 0.0, 0.763972, 0.0, 0.0, 0.0, 1.0],
                [1.0, 0.0, 0.0, -5e-06, 0.0, 0.0, -1.0, 0.185382, 0.0, 1.0, 0.0, 0.763972, 0.0, 0.0, 0.0, 1.0],
                [1.0, 0.0, 0.0, -5e-06, 0.0, 0.0, -1.0, 0.185382, 0.0, 1.0, 0.0, 0.763972, 0.0, 0.0, 0.0, 1.0],
                [1.0, 0.0, 0.0, -5e-06, 0.0, 0.0, -1.0, 0.185382, 0.0, 1.0, 0.0, 0.763972, 0.0, 0.0, 0.0, 1.0],
                [1.0, 0.0, 0.0, -5e-06, 0.0, 0.0, -1.0, 0.185382, 0.0, 1.0, 0.0, 0.763972, 0.0, 0.0, 0.0, 1.0],
                [1.0, 0.0, 0.0, -5e-06, 0.0, 0.0, -1.0, 0.185382, 0.0, 1.0, 0.0, 0.763972, 0.0, 0.0, 0.0, 1.0],
                [1.0, 0.0, 0.0, -5e-06, 0.0, 0.0, -1.0, 0.185382, 0.0, 1.0, 0.0, 0.763972, 0.0, 0.0, 0.0, 1.0],
                [1.0, 0.0, 0.0, -5e-06, 0.0, 0.0, -1.0, 0.185382, 0.0, 1.0, 0.0, 0.763972, 0.0, 0.0, 0.0, 1.0],
                [1.0, 0.0, 0.0, -5e-06, 0.0, 0.0, -1.0, 0.185382, 0.0, 1.0, 0.0, 0.763972, 0.0, 0.0, 0.0, 1.0]
            ]
        },
        {
            "name": "Thigh_R",
            "time": [0.0, 0.0167, 0.0333, 0.05, 0.0667, 0.0833, 0.1, 0.1167, 0.1333, 0.15, 0.1667, 0.1833, 0.2, 0.2167, 0.2333, 0.25, 0.2667, 0.2833, 0.3, 0.3167, 0.3333, 0.35, 0.3667, 0.3833, 0.4, 0.4167, 0.4333, 0.45, 0.4667, 0.4833, 0.5, 0.5167, 0.5333, 0.55, 0.5667, 0.5833, 0.6, 0.6167, 0.6333, 0.65, 0.6667, 0.6833, 0.7, 0.7167, 0.7333, 0.75, 0.7667, 0.7833, 0.8, 0.8167, 0.8333],
            "transform": [
                [1.0, -0.0, -0.0, 0.124994, -0.0, -0.999984, 0.005735, -0.002831, -0.0, -0.005735, -0.999984, -1.2e-05, 0.0, 0.0, 0.0, 1.0],
                [1.0, -1e-06, 0.0, 0.124994, -1e-06, -0.998677, 0.051437, -0.002831, -0.0, -0.051437, -0.998676, -6.2e-05, 0.0, 0.0, 0.0, 1.0],
                [1.0, -2e-06, 0.0, 0.124994, -2e-06, -0.994894, 0.100923, -0.002831, -0.0, -0.100923, -0.994894, -0.00021, 0.0, 0.0, 0.0, 1.0],
                [1.0, -3e-06, 0.0, 0.124994, -3e-06, -0.988936, 0.148347, -0.002831, -0.0, -0.148347, -0.988936, -0.00045, 0.0, 0.0, 0.0, 1.0],
                [1.0, -4e-06, 0.0, 0.124994, -4e-06, -0.981177, 0.193115, -0.002831, -0.0, -0.193114, -0.981176, -0.000776, 0.0, 0.0, 0.0, 1.0],
                [1.0, -5e-06, 0.0, 0.124994, -4e-06, -0.972099, 0.234575, -0.002831, -1e-06, -0.234575, -0.972098, -0.001185, 0.0, 0.0, 0.0, 1.0],
                [1.0, -5e-06, 1e-06, 0.124994, -5e-06, -0.962315, 0.271939, -0.002831, -1e-06, -0.271939, -0.962315, -0.001671, 0.0, 0.0, 0.0, 1.0],
                [1.0, -6e-06, 1e-06, 0.124994, -6e-06, -0.952509, 0.304511, -0.002831, -1e-06, -0.304511, -0.952509, -0.002228, 0.0, 0.0, 0.0, 1.0],
                [1.0, -6e-06, 1e-06, 0.124994, -6e-06, -0.943436, 0.331557, -0.002831, -1e-06, -0.331557, -0.943435, -0.002852, 0.0, 0.0, 0.0, 1.0],
                [1.0, -6e-06, 1e-06, 0.124994, -6e-06, -0.936009, 0.351977, -0.002831, -1e-06, -0.351977, -0.936009, -0.003537, 0.0, 0.0, 0.0, 1.0],
                [1.0, -6e-06, 1e-06, 0.124994, -6e-06, -0.931203, 0.364503, -0.002831, -1e-06, -0.364502, -0.931203, -0.004279, 0.0, 0.0, 0.0, 1.0],
                [1.0, -6e-06, 1e-06, 0.124994, -6e-06, -0.928166, 0.372168, -0.002831, -1e-06, -0.372168, -0.928166, -0.005071, 0.0, 0.0, 0.0, 1.0],
                [1.0, -6e-06, 1e-06, 0.124994, -6e-06, -0.925331, 0.379162, -0.002831, -1e-06, -0.379162, -0.92533, -0.00591, 0.0, 0.0, 0.0, 1.0],
                [1.0, -6e-06, 1e-06, 0.124994, -6e-06, -0.922697, 0.385528, -0.002831, -1e-06, -0.385528, -0.922696, -0.00679, 0.0, 0.0, 0.0, 1.0],
                [1.0, -6e-06, 1e-06, 0.124994, -6e-06, -0.920303, 0.391207, -0.002831, -1e-06, -0.391207, -0.920303, -0.007706, 0.0, 0.0, 0.0, 1.0],
                [1.0, -6e-06, 1e-06, 0.124994, -5e-06, -0.918075, 0.396408, -0.002831, -2e-06, -0.396408, -0.918075, -0.008652, 0.0, 0.0, 0.0, 1.0],
                [1.0, -5e-06, 1e-06, 0.124994, -5e-06, -0.916074, 0.401012, -0.002831, -2e-06, -0.401012, -0.916073, -0.009624, 0.0, 0.0, 0.0, 1.0],
                [1.0, -5e-06, 1e-06, 0.124994, -5e-06, -0.91434, 0.404947, -0.002831, -2e-06, -0.404947, -0.91434, -0.010617, 0.0, 0.0, 0.0, 1.0],
                [1.0, -5e-06, 1e-06, 0.124994, -5e-06, -0.912899, 0.408187, -0.002831, -2e-06, -0.408187, -0.912898, -0.011624, 0.0, 0.0, 0.0, 1.0],
                [1.0, -5e-06, 1e-06, 0.124994, -5e-06, -0.911834, 0.41056, -0.002831, -1e-06, -0.41056, -0.911834, -0.012642, 0.0, 0.0, 0.0, 1.0],
                [1.0, -5e-06, 1e-06, 0.124994, -5e-06, -0.911142, 0.412093, -0.002831, -1e-06, -0.412093, -0.911142, -0.013666, 0.0, 0.0, 0.0, 1.0],
                [1.0, -4e-06, 0.0, 0.124994, -4e-06, -0.91101, 0.412386, -0.002831, -1e-06, -0.412386, -0.911009, -0.014689, 0.0, 0.0, 0.0, 1.0],
                [1.0, -4e-06, 0.0, 0.124994, -4e-06, -0.911555, 0.411179, -0.002831, -1e-06, -0.411179, -0.911555, -0.015707, 0.0, 0.0, 0.0, 1.0],
                [1.0, -4e-06, 0.0, 0.124994, -4e-06, -0.912872, 0.408248, -0.002831, -1e-06, -0.408248, -0.912871, -0.016715, 0.0, 0.0, 0.0, 1.0],
                [1.0, -4e-06, 0.0, 0.124994, -3e-06, -0.914975, 0.403513, -0.002831, -1e-06, -0.403513, -0.914974, -0.017707, 0.0, 0.0, 0.0, 1.0],
                [1.0, -3e-06, 0.0, 0.124994, -3e-06, -0.917816, 0.397007, -0.002831, -1e-06, -0.397007, -0.917816, -0.018679, 0.0, 0.0, 0.0, 1.0],
                [1.0, -3e-06, 0.0, 0.124994, -3e-06, -0.921332, 0.388777, -0.002831, -1e-06, -0.388777, -0.921332, -0.019626, 0.0, 0.0, 0.0, 1.0],
                [1.0, -2e-06, 0.0, 0.124994, -2e-06, -0.925181, 0.379526, -0.002831, -1e-06, -0.379526, -0.925181, -0.020541, 0.0, 0.0, 0.0, 1.0],
                [1.0, -2e-06, 0.0, 0.124994, -2e-06, -0.928814, 0.370548, -0.002831, -1e-06, -0.370548, -0.928814, -0.021421, 0.0, 0.0, 0.0, 1.0],
                [1.0, -2e-06, 0.0, 0.124994, -2e-06, -0.931346, 0.364137, -0.002831, -1e-06, -0.364137, -0.931346, -0.02226, 0.0, 0.0, 0.0, 1.0],
                [1.0, -2e-06, 0.0, 0.124994, -2e-06, -0.931739, 0.363129, -0.002831, -1e-06, -0.363129, -0.931739, -0.023053, 0.0, 0.0, 0.0, 1.0],
                [1.0, -2e-06, 0.0, 0.124994, -2e-06, -0.934276, 0.35655, -0.002831, -1e-06, -0.35655, -0.934276, -0.023794, 0.0, 0.0, 0.0, 1.0],
                [1.0, -2e-06, 0.0, 0.124994, -2e-06, -0.943282, 0.331993, -0.002831, -0.0, -0.331993, -0.943282, -0.024479, 0.0, 0.0, 0.0, 1.0],
                [1.0, -1e-06, 0.0, 0.124994, -1e-06, -0.95973, 0.280925, -0.002831, -0.0, -0.280925, -0.95973, -0.025103, 0.0, 0.0, 0.0, 1.0],
                [1.0, -0.0, 0.0, 0.124994, -0.0, -0.976519, 0.215435, -0.002831, -0.0, -0.215435, -0.976518, -0.02566, 0.0, 0.0, 0.0, 1.0],
                [1.0, -0.0, -0.0, 0.124994, -0.0, -0.98234, 0.187107, -0.002831, -0.0, -0.187107, -0.98234, -0.026146, 0.0, 0.0, 0.0, 1.0],
                [1.0, -0.0, -0.0, 0.124994, -0.0, -0.987284, 0.158971, -0.002831, -0.0, -0.158971, -0.987283, -0.026555, 0.0, 0.0, 0.0, 1.0],
                [1.0, -0.0, -0.0, 0.124994, -0.0, -0.991073, 0.133321, -0.002831, -0.0, -0.133321, -0.991073, -0.026882, 0.0, 0.0, 0.0, 1.0],
                [1.0, -0.0, -0.0, 0.124994, -0.0, -0.993666, 0.112375, -0.002831, -0.0, -0.112375, -0.993666, -0.027121, 0.0, 0.0, 0.0, 1.0],
                [1.0, -0.0, -0.0, 0.124994, -0.0, -0.99516, 0.098268, -0.002831, -0.0, -0.098268, -0.99516, -0.027269, 0.0, 0.0, 0.0, 1.0],
                [1.0, -0.0, -0.0, 0.124994, -0.0, -0.995658, 0.093095, -0.002831, -0.0, -0.093095, -0.995657, -0.027319, 0.0, 0.0, 0.0, 1.0],
                [1.0, -0.0, -0.0, 0.124994, -0.0, -0.995658, 0.093095, -0.002831, -0.0, -0.093095, -0.995657, -0.027319, 0.0, 0.0, 0.0, 1.0],
                [1.0, -0.0, -0.0, 0.124994, -0.0, -0.995658, 0.093095, -0.002831, -0.0, -0.093095, -0.995657, -0.027319, 0.0, 0.0, 0.0, 1.0],
                [1.0, -0.0, -0.0, 0.124994, -0.0, -0.995658, 0.093095, -0.002831, -0.0, -0.093095, -0.995657, -0.027319, 0.0, 0.0, 0.0, 1.0],
                [1.0, -0.0, -0.0, 0.124994, -0.0, -0.995658, 0.093095, -0.002831, -0.0, -0.093095, -0.995657, -0.027319, 0.0, 0.0, 0.0, 1.0],
                [1.0, -0.0, -0.0, 0.124994, -0.0, -0.995658, 0.093095, -0.002831, -0.0, -0.093095, -0.995657, -0.027319, 0.0, 0.0, 0.0, 1.0],
                [1.0, -0.0, -0.0, 0.124994, -0.0, -0.995658, 0.093095, -0.002831, -0.0, -0.093095, -0.995657, -0.027319, 0.0, 0.0, 0.0, 1.0],
                [1.0, -0.0, -0.0, 0.124994, -0.0, -0.995658, 0.093095, -0.002831, -0.0, -0.093095, -0.995657, -0.027319, 0.0, 0.0, 0.0, 1.0],
                [1.0, -0.0, -0.0, 0.124994, -0.0, -0.995658, 0.093095, -0.002831, -0.0, -0.093095, -0.995657, -0.027319, 0.0, 0.0, 0.0, 1.0],
                [1.0, -0.0, -0.0, 0.124994, -0.0, -0.995658, 0.093095, -0.002831, -0.0, -0.093095, -0.995657, -0.027319, 0.0, 0.0, 0.0, 1.0],
                [1.0, -0.0, -0.0, 0.124994, -0.0, -0.995658, 0.093095, -0.002831, -0.0, -0.093095, -0.995657, -0.027319, 0.0, 0.0, 0.0, 1.0]
            ]
        },
        {
            "name": "Leg_R",
            "time": [0.0, 0.0167, 0.0333, 0.05, 0.0667, 0.0833, 0.1, 0.1167, 0.1333, 0.15, 0.1667, 0.1833, 0.2, 0.2167, 0.2333, 0.25, 0.2667, 0.2833, 0.3, 0.3167, 0.3333, 0.35, 0.3667, 0.3833, 0.4, 0.4167, 0.4333, 0.45, 0.4667, 0.4833, 0.5, 0.5167, 0.5333, 0.55, 0.5667, 0.5833, 0.6, 0.6167, 0.6333, 0.65, 0.6667, 0.6833, 0.7, 0.7167, 0.7333, 0.75, 0.7667, 0.7833, 0.8, 0.8167, 0.8333],
            "transform": [
                [1.0, 0.0, 1e-06, -0.0, -0.0, 0.999934, 0.011465, 0.374726, -1e-06, -0.011465, 0.999934, 0.0, 0.0, 0.0, 0.0, 1.0],
                [1.0, 2e-06, 1e-06, -0.0, -2e-06, 0.994966, 0.100212, 0.374726, -1e-06, -0.100213, 0.994966, 0.0, 0.0, 0.0, 0.0, 1.0],
                [1.0, 4e-06, 1e-06, -0.0, -4e-06, 0.981536, 0.191278, 0.374726, -0.0, -0.191278, 0.981536, -0.0, 0.0, 0.0, 0.0, 1.0],
                [1.0, 6e-06, 2e-06, 0.0, -6e-06, 0.961956, 0.273204, 0.374726, 0.0, -0.273204, 0.961956, -0.0, 0.0, 0.0, 0.0, 1.0],
                [1.0, 7e-06, 2e-06, 0.0, -7e-06, 0.938485, 0.345318, 0.374726, 1e-06, -0.345319, 0.938485, 0.0, 0.0, 0.0, 0.0, 1.0],
                [1.0, 9e-06, 3e-06, 0.0, -9e-06, 0.913386, 0.407093, 0.374726, 1e-06, -0.407093, 0.913387, 0.0, 0.0, 0.0, 0.0, 1.0],
                [1.0, 1e-05, 3e-06, 0.0, -1e-05, 0.888979, 0.457947, 0.374726, 2e-06, -0.457947, 0.888979, -0.0, 0.0, 0.0, 0.0, 1.0],
                [1.0, 1e-05, 4e-06, 0.0, -1.1e-05, 0.8674, 0.497612, 0.374726, 2e-06, -0.497612, 0.8674, 0.0, 0.0, 0.0, 0.0, 1.0],
                [1.0, 1.1e-05, 4e-06, -0.0, -1.1e-05, 0.85061, 0.525797, 0.374726, 3e-06, -0.525797, 0.85061, 0.0, 0.0, 0.0, 0.0, 1.0],
                [1.0, 1.1e-05, 4e-06, -0.0, -1.2e-05, 0.84069, 0.541516, 0.374726, 3e-06, -0.541517, 0.84069, -0.0, 0.0, 0.0, 0.0, 1.0],
                [1.0, 1.1e-05, 4e-06, -0.0, -1.2e-05, 0.83952, 0.543329, 0.374726, 3e-06, -0.543329, 0.83952, 0.0, 0.0, 0.0, 0.0, 1.0],
                [1.0, 1.1e-05, 4e-06, -0.0, -1.2e-05, 0.84359, 0.536987, 0.374726, 3e-06, -0.536988, 0.84359, -0.0, 0.0, 0.0, 0.0, 1.0],
                [1.0, 1.1e-05, 4e-06, -0.0, -1.1e-05, 0.848116, 0.52981, 0.374726, 3e-06, -0.529811, 0.848116, 0.0, 0.0, 0.0, 0.0, 1.0],
                [1.0, 1.1e-05, 4e-06, 0.0, -1.1e-05, 0.853101, 0.521746, 0.374726, 2e-06, -0.521746, 0.853102, -0.0, 0.0, 0.0, 0.0, 1.0],
                [1.0, 1.1e-05, 4e-06, 0.0, -1.1e-05, 0.858655, 0.512553, 0.374726, 2e-06, -0.512553, 0.858655, 0.0, 0.0, 0.0, 0.0, 1.0],
                [1.0, 1.1e-05, 4e-06, -0.0, -1.1e-05, 0.86459, 0.502477, 0.374726, 2e-06, -0.502477, 0.86459, -0.0, 0.0, 0.0, 0.0, 1.0],
                [1.0, 1e-05, 3e-06, -0.0, -1.1e-05, 0.871066, 0.491166, 0.374726, 2e-06, -0.491166, 0.871066, 0.0, 0.0, 0.0, 0.0, 1.0],
                [1.0, 1e-05, 3e-06, 0.0, -1e-05, 0.878172, 0.478344, 0.374726, 2e-06, -0.478344, 0.878173, -0.0, 0.0, 0.0, 0.0, 1.0],
                [1.0, 1e-05, 3e-06, -0.0, -1e-05, 0.885935, 0.463808, 0.374726, 2e-06, -0.463809, 0.885935, 0.0, 0.0, 0.0, 0.0, 1.0],
                [1.0, 9e-06, 3e-06, -0.0, -1e-05, 0.894495, 0.447077, 0.374726, 2e-06, -0.447077, 0.894495, 0.0, 0.0, 0.0, 0.0, 1.0],
                [1.0, 9e-06, 3e-06, -0.0, -9e-06, 0.903763, 0.428032, 0.374726, 1e-06, -0.428032, 0.903763, -0.0, 0.0, 0.0, 0.0, 1.0],
                [1.0, 9e-06, 3e-06, 0.0, -9e-06, 0.913945, 0.405838, 0.374726, 1e-06, -0.405839, 0.913945, 0.0, 0.0, 0.0, 0.0, 1.0],
                [1.0, 8e-06, 2e-06, 0.0, -8e-06, 0.92482, 0.380404, 0.374726, 1e-06, -0.380404, 0.92482, 0.0, 0.0, 0.0, 0.0, 1.0],
                [1.0, 7e-06, 2e-06, -0.0, -8e-06, 0.93606, 0.351839, 0.374726, 1e-06, -0.351839, 0.93606, -0.0, 0.0, 0.0, 0.0, 1.0],
                [1.0, 7e-06, 2e-06, 0.0, -7e-06, 0.947229, 0.320556, 0.374726, 0.0, -0.320556, 0.94723, -0.0, 0.0, 0.0, 0.0, 1.0],
                [1.0, 6e-06, 2e-06, 0.0, -6e-06, 0.957861, 0.287232, 0.374726, 0.0, -0.287232, 0.957861, 0.0, 0.0, 0.0, 0.0, 1.0],
                [1.0, 5e-06, 1e-06, -0.0, -5e-06, 0.967568, 0.252609, 0.374726, -0.0, -0.252609, 0.967569, 0.0, 0.0, 0.0, 0.0, 1.0],
                [1.0, 5e-06, 1e-06, -0.0, -5e-06, 0.97576, 0.218842, 0.374726, -0.0, -0.218842, 0.97576, 0.0, 0.0, 0.0, 0.0, 1.0],
                [1.0, 4e-06, 1e-06, -0.0, -4e-06, 0.981905, 0.189376, 0.374726, -0.0, -0.189376, 0.981905, 0.0, 0.0, 0.0, 0.0, 1.0],
                [1.0, 4e-06, 1e-06, -0.0, -4e-06, 0.985479, 0.169794, 0.374726, -0.0, -0.169794, 0.98548, 0.0, 0.0, 0.0, 0.0, 1.0],
                [1.0, 3e-06, 1e-06, -0.0, -4e-06, 0.985991, 0.166799, 0.374726, -0.0, -0.166799, 0.985991, 0.0, 0.0, 0.0, 0.0, 1.0],
                [1.0, 3e-06, 1e-06, 0.0, -4e-06, 0.98621, 0.165498, 0.374726, -0.0, -0.165498, 0.98621, -0.0, 0.0, 0.0, 0.0, 1.0],
                [1.0, 3e-06, 1e-06, 0.0, -3e-06, 0.989475, 0.1447, 0.374726, -1e-06, -0.1447, 0.989475, -0.0, 0.0, 0.0, 0.0, 1.0],
                [1.0, 2e-06, 1e-06, -0.0, -2e-06, 0.996569, 0.082769, 0.374726, -1e-06, -0.082769, 0.996568, -0.0, 0.0, 0.0, 0.0, 1.0],
                [1.0, 0.0, 1e-06, -0.0, -0.0, 0.999999, 0.00146, 0.374726, -1e-06, -0.00146, 0.999999, -0.0, 0.0, 0.0, 0.0, 1.0],
                [1.0, 0.0, 1e-06, 0.0, -0.0, 0.999999, 0.00146, 0.374726, -1e-06, -0.00146, 0.999999, 0.0, 0.0, 0.0, 0.0, 1.0],
                [1.0, 0.0, 1e-06, 0.0, -0.0, 0.999999, 0.00146, 0.374726, -1e-06, -0.00146, 0.999999, -0.0, 0.0, 0.0, 0.0, 1.0],
                [1.0, 0.0, 1e-06, -0.0, -0.0, 0.999999, 0.001461, 0.374726, -1e-06, -0.001461, 0.999999, -0.0, 0.0, 0.0, 0.0, 1.0],
                [1.0, 0.0, 1e-06, -0.0, -0.0, 0.999999, 0.001461, 0.374726, -1e-06, -0.001461, 0.999999, -0.0, 0.0, 0.0, 0.0, 1.0],
                [1.0, 0.0, 1e-06, 0.0, -0.0, 0.999999, 0.001461, 0.374726, -1e-06, -0.001461, 0.999999, 0.0, 0.0, 0.0, 0.0, 1.0],
                [1.0, 0.0, 1e-06, -0.0, -0.0, 0.999999, 0.001461, 0.374726, -1e-06, -0.001461, 0.999999, -0.0, 0.0, 0.0, 0.0, 1.0],
                [1.0, 0.0, 1e-06, -0.0, -0.0, 0.999999, 0.001461, 0.374726, -1e-06, -0.001461, 0.999999, -0.0, 0.0, 0.0, 0.0, 1.0],
                [1.0, 0.0, 1e-06, -0.0, -0.0, 0.999999, 0.001461, 0.374726, -1e-06, -0.001461, 0.999999, -0.0, 0.0, 0.0, 0.0, 1.0],
                [1.0, 0.0, 1e-06, -0.0, -0.0, 0.999999, 0.001461, 0.374726, -1e-06, -0.001461, 0.999999, -0.0, 0.0, 0.0, 0.0, 1.0],
                [1.0, 0.0, 1e-06, -0.0, -0.0, 0.999999, 0.001461, 0.374726, -1e-06, -0.001461, 0.999999, -0.0, 0.0, 0.0, 0.0, 1.0],
                [1.0, 0.0, 1e-06, -0.0, -0.0, 0.999999, 0.001461, 0.374726, -1e-06, -0.001461, 0.999999, -0.0, 0.0, 0.0, 0.0, 1.0],
                [1.0, 0.0, 1e-06, -0.0, -0.0, 0.999999, 0.001461, 0.374726, -1e-06, -0.001461, 0.999999, -0.0, 0.0, 0.0, 0.0, 1.0],
                [1.0, 0.0, 1e-06, -0.0, -0.0, 0.999999, 0.001461, 0.374726, -1e-06, -0.001461, 0.999999, -0.0, 0.0, 0.0, 0.0, 1.0],
                [1.0, 0.0, 1e-06, -0.0, -0.0, 0.999999, 0.001461, 0.374726, -1e-06, -0.001461, 0.999999, -0.0, 0.0, 0.0, 0.0, 1.0],
                [1.0, 0.0, 1e-06, -0.0, -0.0, 0.999999, 0.001461, 0.374726, -1e-06, -0.001461, 0.999999, -0.0, 0.0, 0.0, 0.0, 1.0],
                [1.0, 0.0, 1e-06, -0.0, -0.0, 0.999999, 0.001461, 0.374726, -1e-06, -0.001461, 0.999999, -0.0, 0.0, 0.0, 0.0, 1.0]
            ]
        },
        {
            "name": "Knee_R",
            "time": [0.0, 0.8333],
            "transform": [
                [1.0, 0.0, -0.0, -0.0, -0.0, 0.00567, -0.999984, 0.374726, -0.0, 0.999984, 0.00567, 0.0, 0.0, 0.0, 0.0, 1.0],
                [1.0, 0.0, -0.0, -0.0, -0.0, 0.00567, -0.999984, 0.374726, -0.0, 0.999984, 0.00567, 0.0, 0.0, 0.0, 0.0, 1.0]
            ]
        },
        {
            "name": "Thigh_L",
            "time": [0.0, 0.0167, 0.0333, 0.05, 0.0667, 0.0833, 0.1, 0.1167, 0.1333, 0.15, 0.1667, 0.1833, 0.2, 0.2167, 0.2333, 0.25, 0.2667, 0.2833, 0.3, 0.3167, 0.3333, 0.35, 0.3667, 0.3833, 0.4, 0.4167, 0.4333, 0.45, 0.4667, 0.4833, 0.5, 0.5167, 0.5333, 0.55, 0.5667, 0.5833, 0.6, 0.6167, 0.6333, 0.65, 0.6667, 0.6833, 0.7, 0.7167, 0.7333, 0.75, 0.7667, 0.7833, 0.8, 0.8167, 0.8333],
            "transform": [
                [1.0, -0.0, -0.0, -0.125006, -0.0, -0.999984, 0.005749, -0.002831, -0.0, -0.005749, -0.999984, -1.2e-05, 0.0, 0.0, 0.0, 1.0],
                [1.0, -0.0, -0.0, -0.125006, -0.0, -1.0, 0.000498, -0.002831, -0.0, -0.000498, -1.0, 1.2e-05, 0.0, 0.0, 0.0, 1.0],
                [1.0, -0.0, -0.0, -0.125006, -0.0, -0.999905, -0.013812, -0.002831, -0.0, 0.013812, -0.999905, 8e-05, 0.0, 0.0, 0.0, 1.0],
                [1.0, -0.0, -0.0, -0.125006, -0.0, -0.999533, -0.030571, -0.002831, -0.0, 0.030571, -0.999533, 0.000192, 0.0, 0.0, 0.0, 1.0],
                [1.0, -0.0, -0.0, -0.125006, -0.0, -0.998628, -0.052366, -0.002831, -0.0, 0.052366, -0.998628, 0.000344, 0.0, 0.0, 0.0, 1.0],
                [1.0, -0.0, -0.0, -0.125006, -0.0, -0.996939, -0.078193, -0.002831, -0.0, 0.078193, -0.996938, 0.000534, 0.0, 0.0, 0.0, 1.0],
                [1.0, -0.0, -0.0, -0.125006, -0.0, -0.994258, -0.107014, -0.002831, -0.0, 0.107014, -0.994258, 0.000761, 0.0, 0.0, 0.0, 1.0],
                [1.0, -0.0, -0.0, -0.125006, -0.0, -0.990465, -0.137769, -0.002831, -0.0, 0.137768, -0.990465, 0.00102, 0.0, 0.0, 0.0, 1.0],
                [1.0, -0.0, -0.0, -0.125006, -0.0, -0.985548, -0.1694, -0.002831, -0.0, 0.1694, -0.985548, 0.001311, 0.0, 0.0, 0.0, 1.0],
                [1.0, -0.0, -0.0, -0.125006, -0.0, -0.979616, -0.200881, -0.002831, -0.0, 0.200881, -0.979616, 0.00163, 0.0, 0.0, 0.0, 1.0],
                [1.0, -0.0, -0.0, -0.125006, -0.0, -0.972896, -0.231244, -0.002831, -0.0, 0.231244, -0.972896, 0.001975, 0.0, 0.0, 0.0, 1.0],
                [1.0, -0.0, -0.0, -0.125006, -0.0, -0.965385, -0.260831, -0.002831, -0.0, 0.260831, -0.965385, 0.002344, 0.0, 0.0, 0.0, 1.0],
                [1.0, -0.0, -0.0, -0.125006, -0.0, -0.956842, -0.290612, -0.002831, 0.0, 0.290611, -0.956841, 0.002735, 0.0, 0.0, 0.0, 1.0],
                [1.0, -0.0, -0.0, -0.125006, -0.0, -0.947257, -0.320475, -0.002831, 0.0, 0.320475, -0.947257, 0.003144, 0.0, 0.0, 0.0, 1.0],
                [1.0, -0.0, -0.0, -0.125006, -0.0, -0.936709, -0.35011, -0.002831, 0.0, 0.35011, -0.936709, 0.003571, 0.0, 0.0, 0.0, 1.0],
                [1.0, -3e-06, 0.0, -0.125006, -2e-06, -0.962033, -0.272936, -0.002831, 1e-06, 0.272936, -0.962032, 0.004011, 0.0, 0.0, 0.0, 1.0],
                [1.0, -4e-06, 0.0, -0.125006, -4e-06, -0.975899, -0.218226, -0.002831, 1e-06, 0.218226, -0.975898, 0.004464, 0.0, 0.0, 0.0, 1.0],
                [1.0, -5e-06, 1e-06, -0.125006, -5e-06, -0.981066, -0.193677, -0.002831, 2e-06, 0.193677, -0.981066, 0.004926, 0.0, 0.0, 0.0, 1.0],
                [1.0, -6e-06, 1e-06, -0.125006, -6e-06, -0.982699, -0.185211, -0.002831, 2e-06, 0.185211, -0.982699, 0.005395, 0.0, 0.0, 0.0, 1.0],
                [1.0, -6e-06, 1e-06, -0.125006, -6e-06, -0.981825, -0.18979, -0.002831, 2e-06, 0.18979, -0.981825, 0.005869, 0.0, 0.0, 0.0, 1.0],
                [1.0, -6e-06, 1e-06, -0.125006, -6e-06, -0.978147, -0.207916, -0.002831, 2e-06, 0.207916, -0.978147, 0.006346, 0.0, 0.0, 0.0, 1.0],
                [1.0, -6e-06, 1e-06, -0.125006, -5e-06, -0.972354, -0.233512, -0.002831, 2e-06, 0.233512, -0.972354, 0.006822, 0.0, 0.0, 0.0, 1.0],
                [1.0, -5e-06, 1e-06, -0.125006, -5e-06, -0.966216, -0.257736, -0.002831, 2e-06, 0.257736, -0.966216, 0.007296, 0.0, 0.0, 0.0, 1.0],
                [1.0, -5e-06, 1e-06, -0.125006, -5e-06, -0.960098, -0.279667, -0.002831, 2e-06, 0.279667, -0.960097, 0.007765, 0.0, 0.0, 0.0, 1.0],
                [1.0, -5e-06, 0.0, -0.125006, -4e-06, -0.954545, -0.298069, -0.002831, 2e-06, 0.298069, -0.954544, 0.008227, 0.0, 0.0, 0.0, 1.0],
                [1.0, -4e-06, 0.0, -0.125006, -4e-06, -0.950123, -0.311875, -0.002831, 2e-06, 0.311875, -0.950123, 0.00868, 0.0, 0.0, 0.0, 1.0],
                [1.0, -4e-06, 0.0, -0.125006, -3e-06, -0.947606, -0.319441, -0.002831, 1e-06, 0.319441, -0.947606, 0.009121, 0.0, 0.0, 0.0, 1.0],
                [1.0, -3e-06, 0.0, -0.125006, -3e-06, -0.94782, -0.318808, -0.002831, 1e-06, 0.318808, -0.94782, 0.009547, 0.0, 0.0, 0.0, 1.0],
                [1.0, -3e-06, 0.0, -0.125006, -3e-06, -0.951439, -0.307839, -0.002831, 1e-06, 0.307839, -0.951439, 0.009957, 0.0, 0.0, 0.0, 1.0],
                [1.0, -3e-06, 0.0, -0.125006, -3e-06, -0.958479, -0.285166, -0.002831, 1e-06, 0.285166, -0.958478, 0.010347, 0.0, 0.0, 0.0, 1.0],
                [1.0, -3e-06, 0.0, -0.125006, -3e-06, -0.968088, -0.250614, -0.002831, 1e-06, 0.250614, -0.968087, 0.010716, 0.0, 0.0, 0.0, 1.0],
                [1.0, -4e-06, 0.0, -0.125006, -3e-06, -0.978021, -0.208507, -0.002831, 1e-06, 0.208507, -0.978021, 0.011062, 0.0, 0.0, 0.0, 1.0],
                [1.0, -4e-06, 0.0, -0.125006, -4e-06, -0.986174, -0.165719, -0.002831, 1e-06, 0.165719, -0.986173, 0.011381, 0.0, 0.0, 0.0, 1.0],
                [1.0, -4e-06, 0.0, -0.125006, -4e-06, -0.992104, -0.125425, -0.002831, 1e-06, 0.125424, -0.992103, 0.011671, 0.0, 0.0, 0.0, 1.0],
                [1.0, -4e-06, 0.0, -0.125006, -4e-06, -0.995942, -0.089996, -0.002831, 1e-06, 0.089996, -0.995942, 0.011931, 0.0, 0.0, 0.0, 1.0],
                [1.0, -4e-06, 0.0, -0.125006, -4e-06, -0.998136, -0.06103, -0.002831, 1e-06, 0.06103, -0.998136, 0.012157, 0.0, 0.0, 0.0, 1.0],
                [1.0, -3e-06, 0.0, -0.125006, -3e-06, -0.99922, -0.039499, -0.002831, 0.0, 0.039499, -0.99922, 0.012347, 0.0, 0.0, 0.0, 1.0],
                [1.0, -3e-06, 0.0, -0.125006, -3e-06, -0.99968, -0.025304, -0.002831, 0.0, 0.025304, -0.99968, 0.012499, 0.0, 0.0, 0.0, 1.0],
                [1.0, -3e-06, 0.0, -0.125006, -3e-06, -0.999843, -0.017732, -0.002831, 0.0, 0.017732, -0.999843, 0.012611, 0.0, 0.0, 0.0, 1.0],
                [1.0, -3e-06, 0.0, -0.125006, -3e-06, -0.999892, -0.014736, -0.002831, 0.0, 0.014736, -0.999892, 0.01268, 0.0, 0.0, 0.0, 1.0],
                [1.0, -3e-06, 0.0, -0.125006, -3e-06, -0.9999, -0.014156, -0.002831, 0.0, 0.014156, -0.9999, 0.012703, 0.0, 0.0, 0.0, 1.0],
                [1.0, -3e-06, 0.0, -0.125006, -3e-06, -0.9999, -0.014156, -0.002831, 0.0, 0.014156, -0.9999, 0.012703, 0.0, 0.0, 0.0, 1.0],
                [1.0, -3e-06, 0.0, -0.125006, -3e-06, -0.9999, -0.014156, -0.002831, 0.0, 0.014156, -0.9999, 0.012703, 0.0, 0.0, 0.0, 1.0],
                [1.0, -3e-06, 0.0, -0.125006, -3e-06, -0.9999, -0.014156, -0.002831, 0.0, 0.014156, -0.9999, 0.012703, 0.0, 0.0, 0.0, 1.0],
                [1.0, -3e-06, 0.0, -0.125006, -3e-06, -0.9999, -0.014156, -0.002831, 0.0, 0.014156, -0.9999, 0.012703, 0.0, 0.0, 0.0, 1.0],
                [1.0, -3e-06, 0.0, -0.125006, -3e-06, -0.9999, -0.014156, -0.002831, 0.0, 0.014156, -0.9999, 0.012703, 0.0, 0.0, 0.0, 1.0],
                [1.0, -3e-06, 0.0, -0.125006, -3e-06, -0.9999, -0.014156, -0.002831, 0.0, 0.014156, -0.9999, 0.012703, 0.0, 0.0, 0.0, 1.0],
                [1.0, -3e-06, 0.0, -0.125006, -3e-06, -0.9999, -0.014156, -0.002831, 0.0, 0.014156, -0.9999, 0.012703, 0.0, 0.0, 0.0, 1.0],
                [1.0, -3e-06, 0.0, -0.125006, -3e-06, -0.9999, -0.014156, -0.002831, 0.0, 0.014156, -0.9999, 0.012703, 0.0, 0.0, 0.0, 1.0],
                [1.0, -3e-06, 0.0, -0.125006, -3e-06, -0.9999, -0.014156, -0.002831, 0.0, 0.014156, -0.9999, 0.012703, 0.0, 0.0, 0.0, 1.0],
                [1.0, -3e-06, 0.0, -0.125006, -3e-06, -0.9999, -0.014156, -0.002831, 0.0, 0.014156, -0.9999, 0.012703, 0.0, 0.0, 0.0, 1.0]
            ]
        },
        {
            "name": "Leg_L",
            "time": [0.0, 0.0167, 0.0333, 0.05, 0.0667, 0.0833, 0.1, 0.1167, 0.1333, 0.15, 0.1667, 0.1833, 0.2, 0.2167, 0.2333, 0.25, 0.2667, 0.2833, 0.3, 0.3167, 0.3333, 0.35, 0.3667, 0.3833, 0.4, 0.4167, 0.4333, 0.45, 0.4667, 0.4833, 0.5, 0.5167, 0.5333, 0.55, 0.5667, 0.5833, 0.6, 0.6167, 0.6333, 0.65, 0.6667, 0.6833, 0.7, 0.7167, 0.7333, 0.75, 0.7667, 0.7833, 0.8, 0.8167, 0.8333],
            "transform": [
                [1.0, 0.0, 1e-06, -0.0, -0.0, 0.999934, 0.011493, 0.374726, -1e-06, -0.011493, 0.999934, -0.0, 0.0, 0.0, 0.0, 1.0],
                [1.0, 0.0, 1e-06, 0.0, -0.0, 0.999963, 0.008577, 0.374726, -1e-06, -0.008577, 0.999963, -0.0, 0.0, 0.0, 0.0, 1.0],
                [1.0, 0.0, 1e-06, 0.0, -0.0, 0.999999, 0.00146, 0.374726, -1e-06, -0.00146, 0.999999, -0.0, 0.0, 0.0, 0.0, 1.0],
                [1.0, 0.0, 1e-06, -0.0, -0.0, 0.999999, 0.00146, 0.374726, -1e-06, -0.00146, 0.999999, 0.0, 0.0, 0.0, 0.0, 1.0],
                [1.0, 0.0, 1e-06, 0.0, -0.0, 0.999999, 0.00146, 0.374726, -1e-06, -0.00146, 0.999999, 0.0, 0.0, 0.0, 0.0, 1.0],
                [1.0, 0.0, 1e-06, 0.0, -0.0, 0.999999, 0.00146, 0.374726, -1e-06, -0.00146, 0.999999, 0.0, 0.0, 0.0, 0.0, 1.0],
                [1.0, 0.0, 1e-06, 0.0, -0.0, 0.999998, 0.00146, 0.374726, -1e-06, -0.00146, 0.999999, -0.0, 0.0, 0.0, 0.0, 1.0],
                [1.0, 0.0, 1e-06, 0.0, -0.0, 0.999999, 0.00146, 0.374726, -1e-06, -0.00146, 0.999999, 0.0, 0.0, 0.0, 0.0, 1.0],
                [1.0, 0.0, 1e-06, 0.0, -0.0, 0.999999, 0.001461, 0.374726, -1e-06, -0.001461, 0.999999, 0.0, 0.0, 0.0, 0.0, 1.0],
                [1.0, 0.0, 1e-06, 0.0, -0.0, 0.999999, 0.001461, 0.374726, -1e-06, -0.001461, 0.999999, 0.0, 0.0, 0.0, 0.0, 1.0],
                [1.0, 0.0, 1e-06, 0.0, -0.0, 0.999999, 0.001462, 0.374726, -1e-06, -0.001462, 0.999999, 0.0, 0.0, 0.0, 0.0, 1.0],
                [1.0, 0.0, 1e-06, -0.0, -0.0, 0.999999, 0.001462, 0.374726, -1e-06, -0.001462, 0.999999, -0.0, 0.0, 0.0, 0.0, 1.0],
                [1.0, 0.0, 1e-06, -0.0, -0.0, 0.999999, 0.001462, 0.374726, -1e-06, -0.001462, 0.999999, -0.0, 0.0, 0.0, 0.0, 1.0],
                [1.0, 0.0, 1e-06, 0.0, -0.0, 0.999999, 0.001461, 0.374726, -1e-06, -0.001461, 0.999999, 0.0, 0.0, 0.0, 0.0, 1.0],
                [1.0, 0.0, 1e-06, 0.0, -0.0, 0.999999, 0.00146, 0.374726, -1e-06, -0.00146, 0.999999, -0.0, 0.0, 0.0, 0.0, 1.0],
                [1.0, 5e-06, 1e-06, 0.0, -5e-06, 0.974588, 0.224002, 0.374726, -0.0, -0.224002, 0.974589, 0.0, 0.0, 0.0, 0.0, 1.0],
                [1.0, 8e-06, 2e-06, -0.0, -8e-06, 0.921685, 0.387937, 0.374726, 1e-06, -0.387938, 0.921685, 0.0, 0.0, 0.0, 0.0, 1.0],
                [1.0, 1e-05, 3e-06, 0.0, -1e-05, 0.875788, 0.482696, 0.374726, 2e-06, -0.482696, 0.875788, 0.0, 0.0, 0.0, 0.0, 1.0],
                [1.0, 1.1e-05, 4e-06, -0.0, -1.2e-05, 0.842317, 0.538981, 0.374726, 3e-06, -0.538982, 0.842318, -0.0, 0.0, 0.0, 0.0, 1.0],
                [1.0, 1.2e-05, 4e-06, -0.0, -1.2e-05, 0.826197, 0.563381, 0.374726, 3e-06, -0.563381, 0.826197, 0.0, 0.0, 0.0, 0.0, 1.0],
                [1.0, 1.2e-05, 4e-06, -0.0, -1.2e-05, 0.832321, 0.554294, 0.374726, 3e-06, -0.554294, 0.832321, 0.0, 0.0, 0.0, 0.0, 1.0],
                [1.0, 1.1e-05, 4e-06, 0.0, -1.1e-05, 0.852249, 0.523136, 0.374726, 2e-06, -0.523136, 0.852249, -0.0, 0.0, 0.0, 0.0, 1.0],
                [1.0, 1e-05, 3e-06, 0.0, -1.1e-05, 0.873161, 0.487431, 0.374726, 2e-06, -0.487431, 0.873161, -0.0, 0.0, 0.0, 0.0, 1.0],
                [1.0, 9e-06, 3e-06, 0.0, -1e-05, 0.893795, 0.448476, 0.374726, 2e-06, -0.448476, 0.893795, -0.0, 0.0, 0.0, 0.0, 1.0],
                [1.0, 9e-06, 3e-06, 0.0, -9e-06, 0.912814, 0.408376, 0.374726, 1e-06, -0.408376, 0.912814, 0.0, 0.0, 0.0, 0.0, 1.0],
                [1.0, 8e-06, 2e-06, 0.0, -8e-06, 0.929369, 0.369152, 0.374726, 1e-06, -0.369152, 0.929369, -0.0, 0.0, 0.0, 0.0, 1.0],
                [1.0, 7e-06, 2e-06, 0.0, -7e-06, 0.942546, 0.334075, 0.374726, 1e-06, -0.334075, 0.942547, -0.0, 0.0, 0.0, 0.0, 1.0],
                [1.0, 6e-06, 2e-06, -0.0, -7e-06, 0.951676, 0.307104, 0.374726, 0.0, -0.307104, 0.951676, -0.0, 0.0, 0.0, 0.0, 1.0],
                [1.0, 6e-06, 2e-06, -0.0, -6e-06, 0.956297, 0.292395, 0.374726, 0.0, -0.292396, 0.956297, 0.0, 0.0, 0.0, 0.0, 1.0],
                [1.0, 6e-06, 2e-06, -0.0, -6e-06, 0.956366, 0.292168, 0.374726, 0.0, -0.292168, 0.956367, -0.0, 0.0, 0.0, 0.0, 1.0],
                [1.0, 6e-06, 2e-06, -0.0, -7e-06, 0.952112, 0.305747, 0.374726, 0.0, -0.305747, 0.952113, -0.0, 0.0, 0.0, 0.0, 1.0],
                [1.0, 7e-06, 2e-06, -0.0, -7e-06, 0.945594, 0.325348, 0.374726, 0.0, -0.325348, 0.945594, -0.0, 0.0, 0.0, 0.0, 1.0],
                [1.0, 7e-06, 2e-06, 0.0, -7e-06, 0.940109, 0.340873, 0.374726, 1e-06, -0.340874, 0.940109, 0.0, 0.0, 0.0, 0.0, 1.0],
                [1.0, 7e-06, 2e-06, 0.0, -8e-06, 0.937093, 0.349081, 0.374726, 1e-06, -0.349081, 0.937093, -0.0, 0.0, 0.0, 0.0, 1.0],
                [1.0, 7e-06, 2e-06, -0.0, -8e-06, 0.937337, 0.348425, 0.374726, 1e-06, -0.348425, 0.937337, -0.0, 0.0, 0.0, 0.0, 1.0],
                [1.0, 7e-06, 2e-06, 0.0, -7e-06, 0.940872, 0.338762, 0.374726, 1e-06, -0.338762, 0.940872, -0.0, 0.0, 0.0, 0.0, 1.0],
                [1.0, 7e-06, 2e-06, -0.0, -7e-06, 0.947095, 0.320953, 0.374726, 0.0, -0.320953, 0.947095, 0.0, 0.0, 0.0, 0.0, 1.0],
                [1.0, 6e-06, 2e-06, -0.0, -6e-06, 0.954648, 0.297736, 0.374726, 0.0, -0.297736, 0.954648, -0.0, 0.0, 0.0, 0.0, 1.0],
                [1.0, 6e-06, 2e-06, 0.0, -6e-06, 0.962019, 0.272982, 0.374726, 0.0, -0.272982, 0.962019, -0.0, 0.0, 0.0, 0.0, 1.0],
                [1.0, 5e-06, 1e-06, 0.0, -5e-06, 0.967417, 0.253187, 0.374726, -0.0, -0.253187, 0.967417, 0.0, 0.0, 0.0, 0.0, 1.0],
                [1.0, 5e-06, 1e-06, 0.0, -5e-06, 0.969477, 0.245183, 0.374726, -0.0, -0.245183, 0.969477, -0.0, 0.0, 0.0, 0.0, 1.0],
                [1.0, 5e-06, 1e-06, 0.0, -5e-06, 0.969477, 0.245183, 0.374726, -0.0, -0.245183, 0.969477, -0.0, 0.0, 0.0, 0.0, 1.0],
                [1.0, 5e-06, 1e-06, 0.0, -5e-06, 0.969477, 0.245183, 0.374726, -0.0, -0.245183, 0.969477, -0.0, 0.0, 0.0, 0.0, 1.0],
                [1.0, 5e-06, 1e-06, 0.0, -5e-06, 0.969477, 0.245183, 0.374726, -0.0, -0.245183, 0.969477, -0.0, 0.0, 0.0, 0.0, 1.0],
                [1.0, 5e-06, 1e-06, 0.0, -5e-06, 0.969477, 0.245183, 0.374726, -0.0, -0.245183, 0.969477, -0.0, 0.0, 0.0, 0.0, 1.0],
                [1.0, 5e-06, 1e-06, 0.0, -5e-06, 0.969477, 0.245183, 0.374726, -0.0, -0.245183, 0.969477, -0.0, 0.0, 0.0, 0.0, 1.0],
                [1.0, 5e-06, 1e-06, 0.0, -5e-06, 0.969477, 0.245183, 0.374726, -0.0, -0.245183, 0.969477, -0.0, 0.0, 0.0, 0.0, 1.0],
                [1.0, 5e-06, 1e-06, 0.0, -5e-06, 0.969477, 0.245183, 0.374726, -0.0, -0.245183, 0.969477, -0.0, 0.0, 0.0, 0.0, 1.0],
                [1.0, 5e-06, 1e-06, 0.0, -5e-06, 0.969477, 0.245183, 0.374726, -0.0, -0.245183, 0.969477, -0.0, 0.0, 0.0, 0.0, 1.0],
                [1.0, 5e-06, 1e-06, 0.0, -5e-06, 0.969477, 0.245183, 0.374726, -0.0, -0.245183, 0.969477, -0.0, 0.0, 0.0, 0.0, 1.0],
                [1.0, 5e-06, 1e-06, 0.0, -5e-06, 0.969477, 0.245183, 0.374726, -0.0, -0.245183, 0.969477, -0.0, 0.0, 0.0, 0.0, 1.0]
            ]
        },
        {
            "name": "Knee_L",
            "time": [0.0, 0.8333],
            "transform": [
                [1.0, 0.0, -0.0, -0.0, -0.0, 0.00567, -0.999984, 0.374726, -0.0, 0.999984, 0.00567, -0.0, 0.0, 0.0, 0.0, 1.0],
                [1.0, 0.0, -0.0, 0.0, -0.0, 0.00567, -0.999984, 0.374726, -0.0, 0.999984, 0.00567, -0.0, 0.0, 0.0, 0.0, 1.0]
            ]
        },
        {
            "name": "Torso",
            "time": [0.0, 0.0167, 0.0333, 0.05, 0.0667, 0.0833, 0.1, 0.1167, 0.1333, 0.15, 0.1667, 0.1833, 0.2, 0.2167, 0.2333, 0.25, 0.2667, 0.2833, 0.3, 0.3167, 0.3333, 0.35, 0.3667, 0.3833, 0.4, 0.4167, 0.4333, 0.45, 0.4667, 0.4833, 0.5, 0.5167, 0.5333, 0.55, 0.5667, 0.5833, 0.6, 0.6167, 0.6333, 0.65, 0.6667, 0.6833, 0.7, 0.7167, 0.7333, 0.75, 0.7667, 0.7833, 0.8, 0.8167, 0.8333],
            "transform": [
                [1.0, 0.0, 0.0, 0.0, 0.0, 1.0, 0.0, 0.05, 0.0, 0.0, 1.0, 0.0, 0.0, 0.0, 0.0, 1.0],
                [1.0, 0.0, 0.0, 0.0, 0.0, 1.0, 0.0, 0.05, 0.0, 0.0, 1.0, 0.0, 0.0, 0.0, 0.0, 1.0],
                [1.0, 0.0, 0.0, 0.0, 0.0, 1.0, 0.0, 0.05, 0.0, 0.0, 1.0, 0.0, 0.0, 0.0, 0.0, 1.0],
                [1.0, 0.0, 0.0, 0.0, 0.0, 1.0, 0.0, 0.05, 0.0, 0.0, 1.0, 0.0, 0.0, 0.0, 0.0, 1.0],
                [1.0, 0.0, 0.0, 0.0, 0.0, 1.0, 0.0, 0.05, 0.0, 0.0, 1.0, 0.0, 0.0, 0.0, 0.0, 1.0],
                [1.0, 0.0, 0.0, 0.0, 0.0, 1.0, 0.0, 0.05, 0.0, 0.0, 1.0, 0.0, 0.0, 0.0, 0.0, 1.0],
                [1.0, 0.0, 0.0, 0.0, 0.0, 1.0, 0.0, 0.05, 0.0, 0.0, 1.0, 0.0, 0.0, 0.0, 0.0, 1.0],
                [1.0, 0.0, 0.0, 0.0, 0.0, 1.0, 0.0, 0.05, 0.0, 0.0, 1.0, 0.0, 0.0, 0.0, 0.0, 1.0],
                [1.0, 0.0, 0.0, 0.0, 0.0, 1.0, 0.0, 0.05, 0.0, 0.0, 1.0, 0.0, 0.0, 0.0, 0.0, 1.0],
                [1.0, 0.0, 0.0, 0.0, 0.0, 1.0, 0.0, 0.05, 0.0, 0.0, 1.0, 0.0, 0.0, 0.0, 0.0, 1.0],
                [1.0, 0.0, 0.0, 0.0, 0.0, 1.0, 0.0, 0.05, 0.0, 0.0, 1.0, 0.0, 0.0, 0.0, 0.0, 1.0],
                [1.0, 0.0, 0.0, 0.0, 0.0, 1.0, 0.0, 0.05, 0.0, 0.0, 1.0, 0.0, 0.0, 0.0, 0.0, 1.0],
                [1.0, 0.0, 0.0, 0.0, 0.0, 1.0, 0.0, 0.05, 0.0, 0.0, 1.0, 0.0, 0.0, 0.0, 0.0, 1.0],
                [1.0, 0.0, 0.0, 0.0, 0.0, 1.0, 0.0, 0.05, 0.0, 0.0, 1.0, 0.0, 0.0, 0.0, 0.0, 1.0],
                [1.0, 0.0, 0.0, 0.0, 0.0, 1.0, 0.0, 0.05, 0.0, 0.0, 1.0, 0.0, 0.0, 0.0, 0.0, 1.0],
                [1.0, 0.0, 0.0, 0.0, 0.0, 1.0, 0.0, 0.05, 0.0, 0.0, 1.0, 0.0, 0.0, 0.0, 0.0, 1.0],
                [1.0, 0.0, 0.0, 0.0, 0.0, 1.0, 0.0, 0.05, 0.0, 0.0, 1.0, 0.0, 0.0, 0.0, 0.0, 1.0],
                [1.0, 0.0, 0.0, 0.0, 0.0, 1.0, 0.0, 0.05, 0.0, 0.0, 1.0, 0.0, 0.0, 0.0, 0.0, 1.0],
                [1.0, 0.0, 0.0, 0.0, 0.0, 1.0, 0.0, 0.05, 0.0, 0.0, 1.0, 0.0, 0.0, 0.0, 0.0, 1.0],
                [1.0, 0.0, 0.0, 0.0, 0.0, 1.0, 0.0, 0.05, 0.0, 0.0, 1.0, 0.0, 0.0, 0.0, 0.0, 1.0],
                [1.0, 0.0, 0.0, 0.0, 0.0, 1.0, 0.0, 0.05, 0.0, 0.0, 1.0, 0.0, 0.0, 0.0, 0.0, 1.0],
                [1.0, 0.0, 0.0, 0.0, 0.0, 1.0, 0.0, 0.05, 0.0, 0.0, 1.0, 0.0, 0.0, 0.0, 0.0, 1.0],
                [1.0, 0.0, 0.0, 0.0, 0.0, 1.0, 0.0, 0.05, 0.0, 0.0, 1.0, 0.0, 0.0, 0.0, 0.0, 1.0],
                [1.0, 0.0, 0.0, 0.0, 0.0, 1.0, 0.0, 0.05, 0.0, 0.0, 1.0, 0.0, 0.0, 0.0, 0.0, 1.0],
