{
    "animation": [
        {
            "name": "Root",
            "time": [0.0, 0.0167, 0.0333, 0.05, 0.0667, 0.0833, 0.1, 0.1167, 0.1333, 0.15, 0.1667, 0.1833, 0.2, 0.2167, 0.2333, 0.25, 0.2667, 0.2833, 0.3, 0.3167, 0.3333, 0.35, 0.3667, 0.3833, 0.4, 0.4167, 0.4333, 0.45, 0.4667, 0.4833, 0.5, 0.5167, 0.5333, 0.55, 0.5667, 0.5833, 0.6, 0.6167, 0.6333, 0.65, 0.6667, 0.6833, 0.7, 0.7167, 0.7333, 0.75, 0.7667, 0.7833, 0.8, 0.8167, 0.8333],
            "transform": [
                [1.0, 0.0, 0.0, -5e-06, 0.0, 0.0, -1.0, 0.000946, 0.0, 1.0, 0.0, 0.763972, 0.0, 0.0, 0.0, 1.0],
                [1.0, 0.0, 0.0, -5e-06, 0.0, 0.0, -1.0, 0.000946, 0.0, 1.0, 0.0, 0.763972, 0.0, 0.0, 0.0, 1.0],
                [1.0, 0.0, 0.0, -5e-06, 0.0, 0.0, -1.0, 0.000946, 0.0, 1.0, 0.0, 0.763972, 0.0, 0.0, 0.0, 1.0],
                [1.0, 0.0, 0.0, -5e-06, 0.0, 0.0, -1.0, 0.000946, 0.0, 1.0, 0.0, 0.763972, 0.0, 0.0, 0.0, 1.0],
                [1.0, 0.0, 0.0, -5e-06, 0.0, 0.0, -1.0, 0.000946, 0.0, 1.0, 0.0, 0.763972, 0.0, 0.0, 0.0, 1.0],
                [1.0, 0.0, 0.0, -5e-06, 0.0, 0.0, -1.0, 0.000946, 0.0, 1.0, 0.0, 0.763972, 0.0, 0.0, 0.0, 1.0],
                [1.0, 0.0, 0.0, -5e-06, 0.0, 0.0, -1.0, 0.000946, 0.0, 1.0, 0.0, 0.763972, 0.0, 0.0, 0.0, 1.0],
                [1.0, 0.0, 0.0, -5e-06, 0.0, 0.0, -1.0, 0.000946, 0.0, 1.0, 0.0, 0.763972, 0.0, 0.0, 0.0, 1.0],
                [1.0, 0.0, 0.0, -5e-06, 0.0, 0.0, -1.0, 0.000946, 0.0, 1.0, 0.0, 0.763972, 0.0, 0.0, 0.0, 1.0],
                [1.0, 0.0, 0.0, -5e-06, 0.0, 0.0, -1.0, 0.000946, 0.0, 1.0, 0.0, 0.763972, 0.0, 0.0, 0.0, 1.0],
                [1.0, 0.0, 0.0, -5e-06, 0.0, 0.0, -1.0, 0.000946, 0.0, 1.0, 0.0, 0.763972, 0.0, 0.0, 0.0, 1.0],
                [1.0, 0.0, 0.0, -5e-06, 0.0, 0.0, -1.0, 0.000946, 0.0, 1.0, 0.0, 0.763972, 0.0, 0.0, 0.0, 1.0],
                [1.0, 0.0, 0.0, -5e-06, 0.0, 0.0, -1.0, 0.000946, 0.0, 1.0, 0.0, 0.763972, 0.0, 0.0, 0.0, 1.0],
                [1.0, 0.0, 0.0, -5e-06, 0.0, 0.0, -1.0, 0.000946, 0.0, 1.0, 0.0, 0.763972, 0.0, 0.0, 0.0, 1.0],
                [1.0, 0.0, 0.0, -5e-06, 0.0, 0.0, -1.0, 0.000946, 0.0, 1.0, 0.0, 0.763972, 0.0, 0.0, 0.0, 1.0],
                [1.0, 0.0, 0.0, -5e-06, 0.0, 0.0, -1.0, 0.000946, 0.0, 1.0, 0.0, 0.763972, 0.0, 0.0, 0.0, 1.0],
                [1.0, 0.0, 0.0, -5e-06, 0.0, 0.0, -1.0, 0.000946, 0.0, 1.0, 0.0, 0.763972, 0.0, 0.0, 0.0, 1.0],
                [1.0, 0.0, 0.0, -5e-06, 0.0, 0.0, -1.0, 0.000946, 0.0, 1.0, 0.0, 0.763972, 0.0, 0.0, 0.0, 1.0],
                [1.0, 0.0, 0.0, -5e-06, 0.0, 0.0, -1.0, 0.000946, 0.0, 1.0, 0.0, 0.763972, 0.0, 0.0, 0.0, 1.0],
                [1.0, 0.0, 0.0, -5e-06, 0.0, 0.0, -1.0, 0.000946, 0.0, 1.0, 0.0, 0.763972, 0.0, 0.0, 0.0, 1.0],
                [1.0, 0.0, 0.0, -5e-06, 0.0, 0.0, -1.0, 0.000946, 0.0, 1.0, 0.0, 0.763972, 0.0, 0.0, 0.0, 1.0],
                [1.0, 0.0, 0.0, -5e-06, 0.0, 0.0, -1.0, 0.000946, 0.0, 1.0, 0.0, 0.763972, 0.0, 0.0, 0.0, 1.0],
                [1.0, 0.0, 0.0, -5e-06, 0.0, 0.0, -1.0, 0.000946, 0.0, 1.0, 0.0, 0.763972, 0.0, 0.0, 0.0, 1.0],
                [1.0, 0.0, 0.0, -5e-06, 0.0, 0.0, -1.0, 0.000946, 0.0, 1.0, 0.0, 6.79857, 0.0, 0.0, 0.0, 1.0],
                [1.0, 0.0, 0.0, -5e-06, 0.0, 0.0, -1.0, 0.000946, 0.0, 1.0, 0.0, 6.79857, 0.0, 0.0, 0.0, 1.0],
                [1.0, 0.0, 0.0, -5e-06, 0.0, 0.0, -1.0, 0.000946, 0.0, 1.0, 0.0, 6.79857, 0.0, 0.0, 0.0, 1.0],
                [1.0, 0.0, 0.0, -5e-06, 0.0, 0.0, -1.0, 0.000946, 0.0, 1.0, 0.0, 6.79857, 0.0, 0.0, 0.0, 1.0],
                [1.0, 0.0, 0.0, -5e-06, 0.0, 0.0, -1.0, 0.000946, 0.0, 1.0, 0.0, 6.79857, 0.0, 0.0, 0.0, 1.0],
                [1.0, 0.0, 0.0, -5e-06, 0.0, 0.0, -1.0, 0.000946, 0.0, 1.0, 0.0, 6.79857, 0.0, 0.0, 0.0, 1.0],
                [1.0, 0.0, 0.0, -5e-06, 0.0, 0.0, -1.0, 0.000946, 0.0, 1.0, 0.0, 6.79857, 0.0, 0.0, 0.0, 1.0],
                [1.0, 0.0, 0.0, -5e-06, 0.0, 0.0, -1.0, 0.000946, 0.0, 1.0, 0.0, 6.79857, 0.0, 0.0, 0.0, 1.0],
                [1.0, 0.0, 0.0, -5e-06, 0.0, 0.0, -1.0, 0.000946, 0.0, 1.0, 0.0, 6.79857, 0.0, 0.0, 0.0, 1.0],
                [1.0, 0.0, 0.0, -5e-06, 0.0, 0.0, -1.0, 0.000946, 0.0, 1.0, 0.0, 6.79857, 0.0, 0.0, 0.0, 1.0],
                [1.0, 0.0, 0.0, -5e-06, 0.0, 0.0, -1.0, 0.000946, 0.0, 1.0, 0.0, 6.79857, 0.0, 0.0, 0.0, 1.0],
                [1.0, 0.0, 0.0, -5e-06, 0.0, 0.0, -1.0, 0.000946, 0.0, 1.0, 0.0, 7.094863, 0.0, 0.0, 0.0, 1.0],
                [1.0, 0.0, 0.0, -5e-06, 0.0, 0.0, -1.0, 0.000946, 0.0, 1.0, 0.0, 7.645123, 0.0, 0.0, 0.0, 1.0],
                [1.0, 0.0, 0.0, -5e-06, 0.0, 0.0, -1.0, 0.000946, 0.0, 1.0, 0.0, 7.941416, 0.0, 0.0, 0.0, 1.0],
                [1.0, 0.0, 0.0, -5e-06, 0.0, 0.0, -1.0, 0.000946, 0.0, 1.0, 0.0, 7.346222, 0.0, 0.0, 0.0, 1.0],
                [1.0, 0.0, 0.0, -5e-06, 0.0, 0.0, -1.0, 0.000946, 0.0, 1.0, 0.0, 5.858236, 0.0, 0.0, 0.0, 1.0],
                [1.0, 0.0, 0.0, -5e-06, 0.0, 0.0, -1.0, 0.000946, 0.0, 1.0, 0.0, 3.923856, 0.0, 0.0, 0.0, 1.0],
                [1.0, 0.0, 0.0, -5e-06, 0.0, 0.0, -1.0, 0.000946, 0.0, 1.0, 0.0, 1.989474, 0.0, 0.0, 0.0, 1.0],
                [1.0, 0.0, 0.0, -5e-06, 0.0, 0.0, -1.0, 0.000946, 0.0, 1.0, 0.0, 0.501489, 0.0, 0.0, 0.0, 1.0],
                [1.0, 0.0, 0.0, -5e-06, 0.0, 0.0, -1.0, 0.000946, 0.0, 1.0, 0.0, -0.093705, 0.0, 0.0, 0.0, 1.0],
                [1.0, 0.0, 0.0, -5e-06, 0.0, 0.0, -1.0, 0.000946, 0.0, 1.0, 0.0, -0.093705, 0.0, 0.0, 0.0, 1.0],
                [1.0, 0.0, 0.0, -5e-06, 0.0, 0.0, -1.0, 0.000946, 0.0, 1.0, 0.0, -0.093705, 0.0, 0.0, 0.0, 1.0],
                [1.0, 0.0, 0.0, -5e-06, 0.0, 0.0, -1.0, 0.000946, 0.0, 1.0, 0.0, -0.093705, 0.0, 0.0, 0.0, 1.0],
                [1.0, 0.0, 0.0, -5e-06, 0.0, 0.0, -1.0, 0.000946, 0.0, 1.0, 0.0, -0.093705, 0.0, 0.0, 0.0, 1.0],
                [1.0, 0.0, 0.0, -5e-06, 0.0, 0.0, -1.0, 0.000946, 0.0, 1.0, 0.0, -0.093705, 0.0, 0.0, 0.0, 1.0],
                [1.0, 0.0, 0.0, -5e-06, 0.0, 0.0, -1.0, 0.000946, 0.0, 1.0, 0.0, -0.093705, 0.0, 0.0, 0.0, 1.0],
                [1.0, 0.0, 0.0, -5e-06, 0.0, 0.0, -1.0, 0.000946, 0.0, 1.0, 0.0, -0.093705, 0.0, 0.0, 0.0, 1.0],
                [1.0, 0.0, 0.0, -5e-06, 0.0, 0.0, -1.0, 0.000946, 0.0, 1.0, 0.0, -0.093705, 0.0, 0.0, 0.0, 1.0]
            ]
        },
        {
            "name": "Thigh_R",
            "time": [0.0, 0.0167, 0.0333, 0.05, 0.0667, 0.0833, 0.1, 0.1167, 0.1333, 0.15, 0.1667, 0.1833, 0.2, 0.2167, 0.2333, 0.25, 0.2667, 0.2833, 0.3, 0.3167, 0.3333, 0.35, 0.3667, 0.3833, 0.4, 0.4167, 0.4333, 0.45, 0.4667, 0.4833, 0.5, 0.5167, 0.5333, 0.55, 0.5667, 0.5833, 0.6, 0.6167, 0.6333, 0.65, 0.6667, 0.6833, 0.7, 0.7167, 0.7333, 0.75, 0.7667, 0.7833, 0.8, 0.8167, 0.8333],
            "transform": [
                [1.0, -1e-05, 2e-06, 0.124994, -9e-06, -0.820915, 0.571051, -0.002831, -4e-06, -0.571051, -0.820914, -1.2e-05, 0.0, 0.0, 0.0, 1.0],
                [1.0, -1e-05, 3e-06, 0.124994, -1e-05, -0.810199, 0.586155, -0.002831, -4e-06, -0.586155, -0.810199, -1.2e-05, 0.0, 0.0, 0.0, 1.0],
                [1.0, -1.1e-05, 3e-06, 0.124994, -1e-05, -0.781386, 0.624049, -0.002831, -4e-06, -0.624049, -0.781385, -1.2e-05, 0.0, 0.0, 0.0, 1.0],
                [1.0, -1.2e-05, 4e-06, 0.124994, -1.1e-05, -0.739153, 0.673538, -0.002831, -5e-06, -0.673538, -0.739153, -1.2e-05, 0.0, 0.0, 0.0, 1.0],
                [1.0, -1.3e-05, 4e-06, 0.124994, -1.2e-05, -0.687976, 0.725734, -0.002831, -6e-06, -0.725734, -0.687976, -1.2e-05, 0.0, 0.0, 0.0, 1.0],
                [1.0, -1.4e-05, 5e-06, 0.124994, -1.3e-05, -0.632163, 0.774836, -0.002831, -7e-06, -0.774836, -0.632163, -1.2e-05, 0.0, 0.0, 0.0, 1.0],
                [1.0, -1.5e-05, 6e-06, 0.124994, -1.4e-05, -0.575729, 0.817641, -0.002831, -9e-06, -0.817641, -0.575729, -1.2e-05, 0.0, 0.0, 0.0, 1.0],
                [1.0, -1.6e-05, 7e-06, 0.124994, -1.4e-05, -0.523258, 0.852175, -0.002831, -1e-05, -0.852175, -0.523258, -1.2e-05, 0.0, 0.0, 0.0, 1.0],
                [1.0, -1.6e-05, 8e-06, 0.124994, -1.5e-05, -0.479221, 0.877695, -0.002831, -1e-05, -0.877695, -0.479221, -1.2e-05, 0.0, 0.0, 0.0, 1.0],
                [1.0, -1.7e-05, 8e-06, 0.124994, -1.5e-05, -0.448985, 0.89354, -0.002831, -1.1e-05, -0.89354, -0.448985, -1.2e-05, 0.0, 0.0, 0.0, 1.0],
                [1.0, -1.7e-05, 8e-06, 0.124994, -1.5e-05, -0.437756, 0.899094, -0.002831, -1.1e-05, -0.899094, -0.437756, -1.2e-05, 0.0, 0.0, 0.0, 1.0],
                [1.0, -1.6e-05, 8e-06, 0.124994, -1.5e-05, -0.453554, 0.891229, -0.002831, -1.1e-05, -0.891229, -0.453554, -1.2e-05, 0.0, 0.0, 0.0, 1.0],
                [1.0, -1.6e-05, 7e-06, 0.124994, -1.4e-05, -0.494314, 0.869284, -0.002831, -1e-05, -0.869284, -0.494314, -1.2e-05, 0.0, 0.0, 0.0, 1.0],
                [1.0, -1.5e-05, 7e-06, 0.124994, -1.4e-05, -0.550097, 0.835101, -0.002831, -9e-06, -0.835101, -0.550097, -1.2e-05, 0.0, 0.0, 0.0, 1.0],
                [1.0, -1.4e-05, 6e-06, 0.124994, -1.3e-05, -0.611427, 0.791301, -0.002831, -8e-06, -0.791301, -0.611427, -1.2e-05, 0.0, 0.0, 0.0, 1.0],
                [1.0, -1.3e-05, 5e-06, 0.124994, -1.2e-05, -0.669594, 0.742728, -0.002831, -7e-06, -0.742728, -0.669593, -1.2e-05, 0.0, 0.0, 0.0, 1.0],
                [1.0, -1.2e-05, 4e-06, 0.124994, -1.2e-05, -0.718051, 0.695991, -0.002831, -6e-06, -0.69599, -0.718051, -1.2e-05, 0.0, 0.0, 0.0, 1.0],
                [1.0, -1.1e-05, 3e-06, 0.124994, -1.1e-05, -0.75634, 0.654179, -0.002831, -5e-06, -0.654179, -0.75634, -1.2e-05, 0.0, 0.0, 0.0, 1.0],
                [1.0, -1.1e-05, 3e-06, 0.124994, -1e-05, -0.785648, 0.618674, -0.002831, -4e-06, -0.618674, -0.785648, -1.2e-05, 0.0, 0.0, 0.0, 1.0],
                [1.0, -1e-05, 2e-06, 0.124994, -1e-05, -0.806829, 0.590785, -0.002831, -4e-06, -0.590785, -0.806829, -1.2e-05, 0.0, 0.0, 0.0, 1.0],
                [1.0, -1e-05, 2e-06, 0.124994, -9e-06, -0.820864, 0.571125, -0.002831, -4e-06, -0.571124, -0.820864, -1.2e-05, 0.0, 0.0, 0.0, 1.0],
                [1.0, -9e-06, 2e-06, 0.124994, -9e-06, -0.828575, 0.559879, -0.002831, -3e-06, -0.559879, -0.828574, -1.2e-05, 0.0, 0.0, 0.0, 1.0],
                [1.0, -9e-06, 2e-06, 0.124994, -9e-06, -0.830934, 0.556372, -0.002831, -3e-06, -0.556372, -0.830933, -1.2e-05, 0.0, 0.0, 0.0, 1.0],
                [1.0, -4e-06, 0.0, 0.124994, -4e-06, -1.0, 0.001311, -0.002831, 0.0, -0.001311, -0.999999, -1.2e-05, 0.0, 0.0, 0.0, 1.0],
                [1.0, -8e-06, 2e-06, 0.124994, -9e-06, -0.97368, 0.227919, -0.002831, -0.0, -0.227919, -0.97368, -1.2e-05, 0.0, 0.0, 0.0, 1.0],
                [1.0, -1e-05, 3e-06, 0.124994, -1.1e-05, -0.940727, 0.339167, -0.002831, -1e-06, -0.339167, -0.940726, -1.2e-05, 0.0, 0.0, 0.0, 1.0],
                [1.0, -1.1e-05, 3e-06, 0.124994, -1.2e-05, -0.908205, 0.418527, -0.002831, -2e-06, -0.418527, -0.908205, -1.2e-05, 0.0, 0.0, 0.0, 1.0],
                [1.0, -1.2e-05, 3e-06, 0.124994, -1.2e-05, -0.876226, 0.481902, -0.002831, -3e-06, -0.481902, -0.876225, -1.2e-05, 0.0, 0.0, 0.0, 1.0],
                [1.0, -1.2e-05, 4e-06, 0.124994, -1.2e-05, -0.844377, 0.53575, -0.002831, -3e-06, -0.53575, -0.844377, -1.2e-05, 0.0, 0.0, 0.0, 1.0],
                [1.0, -1.2e-05, 4e-06, 0.124994, -1.2e-05, -0.810727, 0.585425, -0.002831, -4e-06, -0.585424, -0.810727, -1.2e-05, 0.0, 0.0, 0.0, 1.0],
                [1.0, -1.2e-05, 4e-06, 0.124994, -1.1e-05, -0.770534, 0.637399, -0.002831, -5e-06, -0.637399, -0.770534, -1.2e-05, 0.0, 0.0, 0.0, 1.0],
                [1.0, -1.2e-05, 4e-06, 0.124994, -1.2e-05, -0.715881, 0.698222, -0.002831, -6e-06, -0.698222, -0.715881, -1.2e-05, 0.0, 0.0, 0.0, 1.0],
                [1.0, -1.3e-05, 5e-06, 0.124994, -1.2e-05, -0.636462, 0.771308, -0.002831, -7e-06, -0.771308, -0.636462, -1.2e-05, 0.0, 0.0, 0.0, 1.0],
                [1.0, -1.5e-05, 6e-06, 0.124994, -1.3e-05, -0.521236, 0.853413, -0.002831, -9e-06, -0.853413, -0.521236, -1.2e-05, 0.0, 0.0, 0.0, 1.0],
                [0.996876, 0.078562, 0.008156, 0.124994, 0.02522, -0.414461, 0.909718, -0.002831, 0.07485, -0.906671, -0.415147, -1.2e-05, 0.0, 0.0, 0.0, 1.0],
                [0.975309, 0.219636, -0.023067, 0.124994, 0.101417, -0.352654, 0.930242, -0.002831, 0.19618, -0.909613, -0.366221, -1.2e-05, 0.0, 0.0, 0.0, 1.0],
                [0.949493, 0.286559, -0.127856, 0.124994, 0.224325, -0.33497, 0.915136, -0.002831, 0.219412, -0.897597, -0.382334, -1.2e-05, 0.0, 0.0, 0.0, 1.0],
                [0.94805, 0.314429, 0.048329, 0.124994, 0.231068, -0.785044, 0.57473, -0.002831, 0.218652, -0.533705, -0.816915, -1.2e-05, 0.0, 0.0, 0.0, 1.0],
                [0.953174, 0.212207, 0.215472, 0.124994, 0.17345, -0.967252, 0.185311, -0.002831, 0.24774, -0.13926, -0.958766, -1.2e-05, 0.0, 0.0, 0.0, 1.0],
                [0.954021, 0.183101, 0.237316, 0.124994, 0.149903, -0.977066, 0.151238, -0.002831, 0.259565, -0.10871, -0.959588, -1.2e-05, 0.0, 0.0, 0.0, 1.0],
                [0.953127, 0.20086, 0.226284, 0.124994, 0.167279, -0.972992, 0.159079, -0.002831, 0.252125, -0.11377, -0.960984, -1.2e-05, 0.0, 0.0, 0.0, 1.0],
                [0.935816, 0.331653, 0.119392, 0.124994, 0.297817, -0.92512, 0.235498, -0.002831, 0.188555, -0.184826, -0.964513, -1.2e-05, 0.0, 0.0, 0.0, 1.0],
                [0.826922, 0.275345, -0.490291, 0.124994, 0.561256, -0.350623, 0.749704, -0.002831, 0.03452, -0.895125, -0.444477, -1.2e-05, 0.0, 0.0, 0.0, 1.0],
                [0.826922, 0.275346, -0.490291, 0.124994, 0.561257, -0.350622, 0.749703, -0.002831, 0.034521, -0.895125, -0.444477, -1.2e-05, 0.0, 0.0, 0.0, 1.0],
                [0.826922, 0.275345, -0.490291, 0.124994, 0.561256, -0.350623, 0.749704, -0.002831, 0.03452, -0.895125, -0.444477, -1.2e-05, 0.0, 0.0, 0.0, 1.0],
                [0.826922, 0.275346, -0.490291, 0.124994, 0.561257, -0.350622, 0.749703, -0.002831, 0.034521, -0.895125, -0.444477, -1.2e-05, 0.0, 0.0, 0.0, 1.0],
                [0.826921, 0.275347, -0.490292, 0.124994, 0.561258, -0.350622, 0.749703, -0.002831, 0.034522, -0.895125, -0.444477, -1.2e-05, 0.0, 0.0, 0.0, 1.0],
                [0.82692, 0.275348, -0.490292, 0.124994, 0.561258, -0.350621, 0.749703, -0.002831, 0.034522, -0.895125, -0.444477, -1.2e-05, 0.0, 0.0, 0.0, 1.0],
                [0.826921, 0.275347, -0.490292, 0.124994, 0.561258, -0.350622, 0.749703, -0.002831, 0.034521, -0.895125, -0.444477, -1.2e-05, 0.0, 0.0, 0.0, 1.0],
                [0.826921, 0.275347, -0.490292, 0.124994, 0.561258, -0.350622, 0.749703, -0.002831, 0.034521, -0.895125, -0.444477, -1.2e-05, 0.0, 0.0, 0.0, 1.0],
                [0.826921, 0.275347, -0.490292, 0.124994, 0.561258, -0.350622, 0.749703, -0.002831, 0.034521, -0.895125, -0.444477, -1.2e-05, 0.0, 0.0, 0.0, 1.0]
            ]
        },
        {
            "name": "Leg_R",
            "time": [0.0, 0.0167, 0.0333, 0.05, 0.0667, 0.0833, 0.1, 0.1167, 0.1333, 0.15, 0.1667, 0.1833, 0.2, 0.2167, 0.2333, 0.25, 0.2667, 0.2833, 0.3, 0.3167, 0.3333, 0.35, 0.3667, 0.3833, 0.4, 0.4167, 0.4333, 0.45, 0.4667, 0.4833, 0.5, 0.5167, 0.5333, 0.55, 0.5667, 0.5833, 0.6, 0.6167, 0.6333, 0.65, 0.6667, 0.6833, 0.7, 0.7167, 0.7333, 0.75, 0.7667, 0.7833, 0.8, 0.8167, 0.8333],
            "transform": [
                [1.0, 1.7e-05, 9e-06, -0.0, -1.8e-05, 0.591092, 0.806604, 0.374726, 8e-06, -0.806604, 0.591092, -0.0, 0.0, 0.0, 0.0, 1.0],
                [1.0, 1.7e-05, 1e-05, -0.0, -1.8e-05, 0.562901, 0.826524, 0.374726, 9e-06, -0.826524, 0.562902, 0.0, 0.0, 0.0, 0.0, 1.0],
                [1.0, 1.8e-05, 1.1e-05, -0.0, -1.9e-05, 0.487928, 0.872884, 0.374726, 1e-05, -0.872884, 0.487928, -0.0, 0.0, 0.0, 0.0, 1.0],
                [1.0, 1.9e-05, 1.4e-05, 0.0, -2e-05, 0.380759, 0.924674, 0.374726, 1.3e-05, -0.924674, 0.380759, 0.0, 0.0, 0.0, 0.0, 1.0],
                [1.0, 2e-05, 1.6e-05, 0.0, -2.1e-05, 0.256092, 0.966652, 0.374726, 1.5e-05, -0.966653, 0.256092, 0.0, 0.0, 0.0, 0.0, 1.0],
                [1.0, 2.1e-05, 1.9e-05, 0.0, -2.2e-05, 0.127453, 0.991845, 0.374726, 1.8e-05, -0.991844, 0.127453, 0.0, 0.0, 0.0, 0.0, 1.0],
                [1.0, 2.1e-05, 2.2e-05, 0.0, -2.2e-05, 0.005745, 0.999983, 0.374726, 2.1e-05, -0.999984, 0.005745, 0.0, 0.0, 0.0, 0.0, 1.0],
                [1.0, 2.1e-05, 2.4e-05, 0.0, -2.2e-05, -0.099615, 0.995026, 0.374726, 2.3e-05, -0.995026, -0.099615, 0.0, 0.0, 0.0, 0.0, 1.0],
                [1.0, 2.1e-05, 2.6e-05, -0.0, -2.1e-05, -0.182095, 0.98328, 0.374726, 2.5e-05, -0.983281, -0.182096, 0.0, 0.0, 0.0, 0.0, 1.0],
                [1.0, 2e-05, 2.7e-05, 0.0, -2.1e-05, -0.235608, 0.971848, 0.374726, 2.6e-05, -0.971848, -0.235608, -0.0, 0.0, 0.0, 0.0, 1.0],
                [1.0, 2e-05, 2.7e-05, 0.0, -2.1e-05, -0.254834, 0.966985, 0.374726, 2.6e-05, -0.966985, -0.254834, -0.0, 0.0, 0.0, 0.0, 1.0],
                [1.0, 2e-05, 2.6e-05, -0.0, -2.1e-05, -0.227683, 0.973735, 0.374726, 2.6e-05, -0.973735, -0.227683, -0.0, 0.0, 0.0, 0.0, 1.0],
                [1.0, 2.1e-05, 2.5e-05, -0.0, -2.1e-05, -0.15443, 0.988003, 0.374726, 2.4e-05, -0.988003, -0.15443, 0.0, 0.0, 0.0, 0.0, 1.0],
                [1.0, 2.1e-05, 2.3e-05, -0.0, -2.2e-05, -0.046673, 0.99891, 0.374726, 2.2e-05, -0.99891, -0.046673, 0.0, 0.0, 0.0, 0.0, 1.0],
                [1.0, 2.1e-05, 2e-05, 0.0, -2.2e-05, 0.081728, 0.996655, 0.374726, 1.9e-05, -0.996655, 0.081728, -0.0, 0.0, 0.0, 0.0, 1.0],
                [1.0, 2e-05, 1.7e-05, -0.0, -2.1e-05, 0.212848, 0.977085, 0.374726, 1.6e-05, -0.977085, 0.212848, -0.0, 0.0, 0.0, 0.0, 1.0],
                [1.0, 2e-05, 1.5e-05, 0.0, -2e-05, 0.328617, 0.944463, 0.374726, 1.4e-05, -0.944464, 0.328617, 0.0, 0.0, 0.0, 0.0, 1.0],
                [1.0, 1.9e-05, 1.3e-05, 0.0, -2e-05, 0.423942, 0.905689, 0.374726, 1.2e-05, -0.90569, 0.423942, 0.0, 0.0, 0.0, 0.0, 1.0],
                [1.0, 1.8e-05, 1.1e-05, 0.0, -1.9e-05, 0.498933, 0.86664, 0.374726, 1e-05, -0.86664, 0.498933, -0.0, 0.0, 0.0, 0.0, 1.0],
                [1.0, 1.7e-05, 1e-05, -0.0, -1.8e-05, 0.554067, 0.832472, 0.374726, 9e-06, -0.832472, 0.554067, -0.0, 0.0, 0.0, 0.0, 1.0],
                [1.0, 1.7e-05, 9e-06, -0.0, -1.8e-05, 0.590958, 0.806702, 0.374726, 8e-06, -0.806702, 0.590958, -0.0, 0.0, 0.0, 0.0, 1.0],
                [1.0, 1.7e-05, 9e-06, 0.0, -1.7e-05, 0.611328, 0.791377, 0.374726, 8e-06, -0.791377, 0.611329, 0.0, 0.0, 0.0, 0.0, 1.0],
                [1.0, 1.6e-05, 9e-06, 0.0, -1.7e-05, 0.617572, 0.786514, 0.374726, 8e-06, -0.786514, 0.617572, -0.0, 0.0, 0.0, 0.0, 1.0],
                [1.0, 7e-06, 2e-06, 0.0, -7e-06, 0.938978, 0.343977, 0.374726, 1e-06, -0.343977, 0.938978, 0.0, 0.0, 0.0, 0.0, 1.0],
                [1.0, 1.5e-05, 7e-06, -0.0, -1.6e-05, 0.685588, 0.727989, 0.374726, 6e-06, -0.72799, 0.685588, 0.0, 0.0, 0.0, 0.0, 1.0],
                [1.0, 1.8e-05, 1.1e-05, -0.0, -1.8e-05, 0.529896, 0.848062, 0.374726, 9e-06, -0.848062, 0.529896, -0.0, 0.0, 0.0, 0.0, 1.0],
                [1.0, 1.9e-05, 1.2e-05, 0.0, -1.9e-05, 0.442761, 0.89664, 0.374726, 1.1e-05, -0.896639, 0.442761, -0.0, 0.0, 0.0, 0.0, 1.0],
                [1.0, 1.9e-05, 1.3e-05, 0.0, -2e-05, 0.403044, 0.91518, 0.374727, 1.2e-05, -0.915181, 0.403044, -0.0, 0.0, 0.0, 0.0, 1.0],
                [1.0, 1.9e-05, 1.3e-05, 0.0, -2e-05, 0.391971, 0.919977, 0.374726, 1.2e-05, -0.919977, 0.391971, -0.0, 0.0, 0.0, 0.0, 1.0],
                [1.0, 1.9e-05, 1.4e-05, -0.0, -2e-05, 0.3901, 0.920773, 0.374726, 1.2e-05, -0.920772, 0.3901, -0.0, 0.0, 0.0, 0.0, 1.0],
                [1.0, 1.9e-05, 1.4e-05, -0.0, -2e-05, 0.375897, 0.926661, 0.374726, 1.3e-05, -0.926662, 0.375897, -0.0, 0.0, 0.0, 0.0, 1.0],
                [1.0, 2e-05, 1.5e-05, 0.0, -2.1e-05, 0.326565, 0.945175, 0.374727, 1.4e-05, -0.945175, 0.326565, -0.0, 0.0, 0.0, 0.0, 1.0],
                [1.0, 2e-05, 1.7e-05, 0.0, -2.1e-05, 0.220803, 0.975318, 0.374726, 1.6e-05, -0.975319, 0.220803, -0.0, 0.0, 0.0, 0.0, 1.0],
                [1.0, 2.1e-05, 2.1e-05, -0.0, -2.2e-05, 0.04418, 0.999023, 0.374726, 2e-05, -0.999023, 0.04418, 0.0, 0.0, 0.0, 0.0, 1.0],
                [1.0, 2e-05, 2.3e-05, -0.0, -2.1e-05, -0.108292, 0.994119, 0.374727, 2.2e-05, -0.994119, -0.108291, 1e-06, 0.0, 0.0, 0.0, 1.0],
                [1.0, 2.2e-05, 2.6e-05, 0.0, -2.2e-05, -0.157241, 0.98756, 0.374727, 2.6e-05, -0.98756, -0.157241, -1e-06, 0.0, 0.0, 0.0, 1.0],
                [1.0, 2.7e-05, 3.2e-05, -0.0, -2.8e-05, -0.123993, 0.992283, 0.374726, 3.1e-05, -0.992283, -0.123993, 0.0, 0.0, 0.0, 0.0, 1.0],
                [1.0, 1.2e-05, 5e-06, -0.0, -1.2e-05, 0.760373, 0.649486, 0.374727, 4e-06, -0.649486, 0.760373, -0.0, 0.0, 0.0, 0.0, 1.0],
                [1.0, 0.0, 1e-06, -0.0, -0.0, 0.999998, 0.001482, 0.374727, -1e-06, -0.001482, 0.999999, 0.0, 0.0, 0.0, 0.0, 1.0],
                [1.0, 0.0, 1e-06, 0.0, -0.0, 0.999999, 0.001488, 0.374726, -1e-06, -0.001488, 0.999999, -0.0, 0.0, 0.0, 0.0, 1.0],
                [1.0, -0.0, 1e-06, 0.0, 0.0, 0.999999, 0.001488, 0.374726, -1e-06, -0.001488, 0.999999, 0.0, 0.0, 0.0, 0.0, 1.0],
                [1.0, 0.0, 1e-06, 0.0, -0.0, 0.999999, 0.001468, 0.374726, -1e-06, -0.001468, 0.999999, -0.0, 0.0, 0.0, 0.0, 1.0],
                [1.0, 2.5e-05, 2.7e-05, -0.0, -2.6e-05, -0.035382, 0.999373, 0.374726, 2.6e-05, -0.999374, -0.035383, 0.0, 0.0, 0.0, 0.0, 1.0],
                [1.0, 2.2e-05, 2.4e-05, -0.0, -2.3e-05, -0.035383, 0.999374, 0.374726, 2.3e-05, -0.999374, -0.035383, 0.0, 0.0, 0.0, 0.0, 1.0],
                [1.0, 2.4e-05, 2.5e-05, 0.0, -2.4e-05, -0.035383, 0.999374, 0.374726, 2.5e-05, -0.999374, -0.035383, -0.0, 0.0, 0.0, 0.0, 1.0],
                [1.0, 2.2e-05, 2.4e-05, -0.0, -2.3e-05, -0.035382, 0.999374, 0.374726, 2.3e-05, -0.999374, -0.035382, 0.0, 0.0, 0.0, 0.0, 1.0],
                [1.0, 2.1e-05, 2.2e-05, -0.0, -2.2e-05, -0.035382, 0.999374, 0.374726, 2.2e-05, -0.999374, -0.035382, 0.0, 0.0, 0.0, 0.0, 1.0],
                [1.0, 2e-05, 2.1e-05, 0.0, -2.1e-05, -0.035382, 0.999374, 0.374726, 2.1e-05, -0.999374, -0.035382, 0.0, 0.0, 0.0, 0.0, 1.0],
                [1.0, 2.1e-05, 2.3e-05, -0.0, -2.2e-05, -0.035383, 0.999373, 0.374726, 2.2e-05, -0.999374, -0.035383, -0.0, 0.0, 0.0, 0.0, 1.0],
                [1.0, 2.1e-05, 2.3e-05, -0.0, -2.2e-05, -0.035383, 0.999373, 0.374726, 2.2e-05, -0.999374, -0.035383, -0.0, 0.0, 0.0, 0.0, 1.0],
                [1.0, 2.1e-05, 2.3e-05, -0.0, -2.2e-05, -0.035383, 0.999373, 0.374726, 2.2e-05, -0.999374, -0.035383, -0.0, 0.0, 0.0, 0.0, 1.0]
            ]
        },
        {
            "name": "Knee_R",
            "time": [0.0, 0.8333],
            "transform": [
                [1.0, 0.0, -0.0, -0.0, -0.0, 0.00567, -0.999984, 0.417105, -0.0, 0.999984, 0.00567, -0.00024, 0.0, 0.0, 0.0, 1.0],
                [1.0, 0.0, -0.0, 0.0, -0.0, 0.00567, -0.999984, 0.484724, -0.0, 0.999984, 0.00567, -0.000624, 0.0, 0.0, 0.0, 1.0]
            ]
        },
        {
            "name": "Thigh_L",
            "time": [0.0, 0.0167, 0.0333, 0.05, 0.0667, 0.0833, 0.1, 0.1167, 0.1333, 0.15, 0.1667, 0.1833, 0.2, 0.2167, 0.2333, 0.25, 0.2667, 0.2833, 0.3, 0.3167, 0.3333, 0.35, 0.3667, 0.3833, 0.4, 0.4167, 0.4333, 0.45, 0.4667, 0.4833, 0.5, 0.5167, 0.5333, 0.55, 0.5667, 0.5833, 0.6, 0.6167, 0.6333, 0.65, 0.6667, 0.6833, 0.7, 0.7167, 0.7333, 0.75, 0.7667, 0.7833, 0.8, 0.8167, 0.8333],
            "transform": [
                [1.0, -3e-06, 0.0, -0.125006, -3e-06, -0.993072, -0.117509, -0.002831, 1e-06, 0.117509, -0.993072, -1.2e-05, 0.0, 0.0, 0.0, 1.0],
                [1.0, -3e-06, 0.0, -0.125006, -3e-06, -0.992739, -0.12029, -0.002831, 1e-06, 0.12029, -0.992739, -1.2e-05, 0.0, 0.0, 0.0, 1.0],
                [1.0, -3e-06, 0.0, -0.125006, -3e-06, -0.991759, -0.128118, -0.002831, 1e-06, 0.128118, -0.991759, -1.2e-05, 0.0, 0.0, 0.0, 1.0],
                [1.0, -3e-06, 0.0, -0.125006, -3e-06, -0.99006, -0.140652, -0.002831, 1e-06, 0.140652, -0.990059, -1.2e-05, 0.0, 0.0, 0.0, 1.0],
                [1.0, -3e-06, 0.0, -0.125006, -2e-06, -0.987479, -0.157751, -0.002831, 1e-06, 0.157751, -0.987479, -1.2e-05, 0.0, 0.0, 0.0, 1.0],
                [1.0, -2e-06, 0.0, -0.125006, -2e-06, -0.983645, -0.180118, -0.002831, 0.0, 0.180118, -0.983645, -1.2e-05, 0.0, 0.0, 0.0, 1.0],
                [1.0, -1e-06, 0.0, -0.125006, -1e-06, -0.977569, -0.210616, -0.002831, 0.0, 0.210616, -0.977569, -1.2e-05, 0.0, 0.0, 0.0, 1.0],
                [1.0, -0.0, -0.0, -0.125006, -0.0, -0.963376, -0.268157, -0.002831, -0.0, 0.268157, -0.963376, -1.2e-05, 0.0, 0.0, 0.0, 1.0],
                [1.0, -0.0, -0.0, -0.125006, -0.0, -0.963513, -0.267663, -0.002831, -0.0, 0.267663, -0.963513, -1.2e-05, 0.0, 0.0, 0.0, 1.0],
                [1.0, -0.0, -0.0, -0.125006, -0.0, -0.963606, -0.267329, -0.002831, -0.0, 0.267329, -0.963606, -1.2e-05, 0.0, 0.0, 0.0, 1.0],
                [1.0, -0.0, -0.0, -0.125006, -0.0, -0.96364, -0.267206, -0.002831, -0.0, 0.267206, -0.963639, -1.2e-05, 0.0, 0.0, 0.0, 1.0],
                [1.0, -3e-06, 0.0, -0.125006, -3e-06, -0.991697, -0.128602, -0.002831, 1e-06, 0.128602, -0.991696, -1.2e-05, 0.0, 0.0, 0.0, 1.0],
                [1.0, -7e-06, 1e-06, -0.125006, -7e-06, -0.999726, 0.023405, -0.002831, 1e-06, -0.023405, -0.999726, -1.2e-05, 0.0, 0.0, 0.0, 1.0],
                [1.0, -9e-06, 2e-06, -0.125006, -9e-06, -0.990198, 0.139673, -0.002831, 1e-06, -0.139673, -0.990198, -1.2e-05, 0.0, 0.0, 0.0, 1.0],
                [1.0, -1.1e-05, 3e-06, -0.125006, -1.2e-05, -0.974355, 0.225018, -0.002831, 1e-06, -0.225018, -0.974355, -1.2e-05, 0.0, 0.0, 0.0, 1.0],
                [1.0, -1.2e-05, 4e-06, -0.125006, -1.3e-05, -0.959835, 0.280566, -0.002831, 0.0, -0.280566, -0.959835, -1.2e-05, 0.0, 0.0, 0.0, 1.0],
                [1.0, -1.3e-05, 5e-06, -0.125006, -1.4e-05, -0.950557, 0.310552, -0.002831, 0.0, -0.310552, -0.950557, -1.2e-05, 0.0, 0.0, 0.0, 1.0],
                [1.0, -1.3e-05, 5e-06, -0.125006, -1.4e-05, -0.943465, 0.331473, -0.002831, 0.0, -0.331473, -0.943465, -1.2e-05, 0.0, 0.0, 0.0, 1.0],
                [1.0, -1.4e-05, 5e-06, -0.125006, -1.5e-05, -0.933391, 0.358862, -0.002831, -0.0, -0.358862, -0.933391, -1.2e-05, 0.0, 0.0, 0.0, 1.0],
                [1.0, -1.4e-05, 5e-06, -0.125006, -1.5e-05, -0.914092, 0.405508, -0.002831, -1e-06, -0.405508, -0.914092, -1.2e-05, 0.0, 0.0, 0.0, 1.0],
                [1.0, -1.5e-05, 6e-06, -0.125006, -1.6e-05, -0.876151, 0.482037, -0.002831, -2e-06, -0.482037, -0.876151, -1.2e-05, 0.0, 0.0, 0.0, 1.0],
                [1.0, -1.6e-05, 7e-06, -0.125006, -1.7e-05, -0.803907, 0.594755, -0.002831, -4e-06, -0.594755, -0.803907, -1.2e-05, 0.0, 0.0, 0.0, 1.0],
                [1.0, -1.7e-05, 8e-06, -0.125006, -1.7e-05, -0.670017, 0.742347, -0.002831, -7e-06, -0.742347, -0.670017, -1.2e-05, 0.0, 0.0, 0.0, 1.0],
                [1.0, -1.6e-05, 8e-06, -0.125006, -1.3e-05, -0.341837, 0.939759, -0.002831, -1.3e-05, -0.93976, -0.341837, -1.2e-05, 0.0, 0.0, 0.0, 1.0],
                [0.999862, -0.014717, 0.007685, -0.125006, -0.012273, -0.343453, 0.93909, -0.002831, -0.011181, -0.939055, -0.343586, -1.2e-05, 0.0, 0.0, 0.0, 1.0],
                [0.998113, -0.054686, 0.027915, -0.125006, -0.045229, -0.347382, 0.936633, -0.002831, -0.041523, -0.936128, -0.3492, -1.2e-05, 0.0, 0.0, 0.0, 1.0],
                [0.99198, -0.113431, 0.055768, -0.125006, -0.092612, -0.351993, 0.93141, -0.002831, -0.08602, -0.929105, -0.359675, -1.2e-05, 0.0, 0.0, 0.0, 1.0],
                [0.979236, -0.183714, 0.085713, -0.125006, -0.147567, -0.356052, 0.922742, -0.002831, -0.139002, -0.91623, -0.375768, -1.2e-05, 0.0, 0.0, 0.0, 1.0],
                [0.959617, -0.257782, 0.112625, -0.125006, -0.203312, -0.358833, 0.910991, -0.002831, -0.194423, -0.8971, -0.396752, -1.2e-05, 0.0, 0.0, 0.0, 1.0],
                [0.935162, -0.32838, 0.132808, -0.125006, -0.254178, -0.360961, 0.897274, -0.002831, -0.246708, -0.872854, -0.421024, -1.2e-05, 0.0, 0.0, 0.0, 1.0],
                [0.909506, -0.389623, 0.144889, -0.125006, -0.296329, -0.363253, 0.88331, -0.002831, -0.291527, -0.846311, -0.445837, -1.2e-05, 0.0, 0.0, 0.0, 1.0],
                [0.886765, -0.437254, 0.149855, -0.125006, -0.327715, -0.366126, 0.870951, -0.002831, -0.32596, -0.821439, -0.467963, -1.2e-05, 0.0, 0.0, 0.0, 1.0],
                [0.870773, -0.46805, 0.150609, -0.125006, -0.347324, -0.36873, 0.862209, -0.002831, -0.348023, -0.803099, -0.483645, -1.2e-05, 0.0, 0.0, 0.0, 1.0],
                [0.864798, -0.479087, 0.150333, -0.125006, -0.354214, -0.369872, 0.858911, -0.002831, -0.355888, -0.796035, -0.489564, -1.2e-05, 0.0, 0.0, 0.0, 1.0],
                [0.864797, -0.47909, 0.150335, -0.125006, -0.354216, -0.369871, 0.85891, -0.002831, -0.35589, -0.796033, -0.489565, -1.2e-05, 0.0, 0.0, 0.0, 1.0],
                [0.864796, -0.47909, 0.150335, -0.125006, -0.354217, -0.369871, 0.85891, -0.002831, -0.355891, -0.796033, -0.489565, -1.2e-05, 0.0, 0.0, 0.0, 1.0],
                [0.864796, -0.479091, 0.150335, -0.125006, -0.354218, -0.369871, 0.85891, -0.002831, -0.355891, -0.796033, -0.489565, -1.2e-05, 0.0, 0.0, 0.0, 1.0],
                [0.877634, -0.38979, -0.278968, -0.125006, -0.240752, -0.861717, 0.446635, -0.002831, -0.414485, -0.32482, -0.850114, -1.2e-05, 0.0, 0.0, 0.0, 1.0],
                [0.877331, -0.232629, -0.419731, -0.125006, -0.143949, -0.961944, 0.232255, -0.002831, -0.457786, -0.143345, -0.87743, -1.2e-05, 0.0, 0.0, 0.0, 1.0],
                [0.874811, -0.182, -0.448979, -0.125006, -0.108728, -0.976869, 0.184137, -0.002831, -0.472107, -0.112268, -0.874363, -1.2e-05, 0.0, 0.0, 0.0, 1.0],
                [0.87517, -0.188131, -0.44574, -0.125006, -0.112849, -0.975266, 0.190057, -0.002831, -0.47047, -0.116031, -0.874754, -1.2e-05, 0.0, 0.0, 0.0, 1.0],
                [0.878713, -0.294172, -0.375935, -0.125006, -0.191015, -0.938432, 0.287852, -0.002831, -0.437468, -0.18113, -0.880803, -1.2e-05, 0.0, 0.0, 0.0, 1.0],
                [0.864796, -0.479091, 0.150334, -0.125006, -0.354217, -0.369872, 0.85891, -0.002831, -0.355891, -0.796032, -0.489566, -1.2e-05, 0.0, 0.0, 0.0, 1.0],
                [0.864797, -0.479088, 0.150333, -0.125006, -0.354215, -0.369873, 0.85891, -0.002831, -0.355889, -0.796033, -0.489566, -1.2e-05, 0.0, 0.0, 0.0, 1.0],
                [0.864796, -0.47909, 0.150333, -0.125006, -0.354216, -0.369873, 0.85891, -0.002831, -0.35589, -0.796032, -0.489566, -1.2e-05, 0.0, 0.0, 0.0, 1.0],
                [0.864796, -0.47909, 0.150333, -0.125006, -0.354216, -0.369873, 0.85891, -0.002831, -0.35589, -0.796032, -0.489566, -1.2e-05, 0.0, 0.0, 0.0, 1.0],
                [0.864797, -0.479089, 0.150333, -0.125006, -0.354215, -0.369873, 0.85891, -0.002831, -0.35589, -0.796033, -0.489566, -1.2e-05, 0.0, 0.0, 0.0, 1.0],
                [0.864796, -0.479091, 0.150334, -0.125006, -0.354217, -0.369872, 0.858909, -0.002831, -0.355891, -0.796032, -0.489566, -1.2e-05, 0.0, 0.0, 0.0, 1.0],
                [0.864796, -0.479091, 0.150334, -0.125006, -0.354217, -0.369872, 0.858909, -0.002831, -0.355891, -0.796032, -0.489566, -1.2e-05, 0.0, 0.0, 0.0, 1.0],
                [0.864798, -0.479088, 0.150332, -0.125006, -0.354214, -0.369874, 0.85891, -0.002831, -0.355889, -0.796033, -0.489565, -1.2e-05, 0.0, 0.0, 0.0, 1.0],
                [0.864798, -0.479088, 0.150332, -0.125006, -0.354214, -0.369874, 0.85891, -0.002831, -0.355889, -0.796033, -0.489566, -1.2e-05, 0.0, 0.0, 0.0, 1.0]
            ]
        },
        {
            "name": "Leg_L",
            "time": [0.0, 0.0167, 0.0333, 0.05, 0.0667, 0.0833, 0.1, 0.1167, 0.1333, 0.15, 0.1667, 0.1833, 0.2, 0.2167, 0.2333, 0.25, 0.2667, 0.2833, 0.3, 0.3167, 0.3333, 0.35, 0.3667, 0.3833, 0.4, 0.4167, 0.4333, 0.45, 0.4667, 0.4833, 0.5, 0.5167, 0.5333, 0.55, 0.5667, 0.5833, 0.6, 0.6167, 0.6333, 0.65, 0.6667, 0.6833, 0.7, 0.7167, 0.7333, 0.75, 0.7667, 0.7833, 0.8, 0.8167, 0.8333],
            "transform": [
                [1.0, 7e-06, 2e-06, -0.0, -7e-06, 0.950481, 0.310782, 0.374726, 0.0, -0.310782, 0.950481, 0.0, 0.0, 0.0, 0.0, 1.0],
                [1.0, 6e-06, 2e-06, -0.0, -7e-06, 0.952287, 0.305203, 0.374726, 0.0, -0.305203, 0.952287, 0.0, 0.0, 0.0, 0.0, 1.0],
                [1.0, 6e-06, 2e-06, 0.0, -6e-06, 0.957189, 0.289465, 0.374726, 0.0, -0.289465, 0.957189, -0.0, 0.0, 0.0, 0.0, 1.0],
                [1.0, 6e-06, 1e-06, 0.0, -6e-06, 0.964479, 0.26416, 0.374726, 0.0, -0.26416, 0.964479, -0.0, 0.0, 0.0, 0.0, 1.0],
                [1.0, 5e-06, 1e-06, -0.0, -5e-06, 0.973325, 0.229431, 0.374726, -0.0, -0.229431, 0.973325, -0.0, 0.0, 0.0, 0.0, 1.0],
                [1.0, 4e-06, 1e-06, 0.0, -4e-06, 0.982982, 0.183701, 0.374726, -0.0, -0.183701, 0.982982, 0.0, 0.0, 0.0, 0.0, 1.0],
                [1.0, 3e-06, 1e-06, -0.0, -3e-06, 0.992663, 0.120915, 0.374726, -1e-06, -0.120915, 0.992663, -0.0, 0.0, 0.0, 0.0, 1.0],
                [1.0, 0.0, 1e-06, -0.0, -0.0, 0.999999, 0.00146, 0.374726, -1e-06, -0.00146, 0.999999, -0.0, 0.0, 0.0, 0.0, 1.0],
                [1.0, 0.0, 1e-06, -0.0, -0.0, 0.999999, 0.00146, 0.374726, -1e-06, -0.00146, 0.999999, 0.0, 0.0, 0.0, 0.0, 1.0],
                [1.0, 0.0, 1e-06, 0.0, -0.0, 0.999999, 0.00146, 0.374726, -1e-06, -0.00146, 0.999999, -0.0, 0.0, 0.0, 0.0, 1.0],
                [1.0, 0.0, 1e-06, -0.0, -0.0, 0.999999, 0.00146, 0.374726, -1e-06, -0.00146, 0.999999, -0.0, 0.0, 0.0, 0.0, 1.0],
                [1.0, 6e-06, 2e-06, 0.0, -6e-06, 0.957483, 0.288489, 0.374726, 0.0, -0.288489, 0.957483, -0.0, 0.0, 0.0, 0.0, 1.0],
                [1.0, 1.2e-05, 5e-06, 0.0, -1.3e-05, 0.814359, 0.580362, 0.374726, 3e-06, -0.580362, 0.814359, 0.0, 0.0, 0.0, 0.0, 1.0],
                [1.0, 1.6e-05, 8e-06, 0.0, -1.7e-05, 0.633876, 0.773435, 0.374726, 7e-06, -0.773435, 0.633876, 0.0, 0.0, 0.0, 0.0, 1.0],
                [1.0, 1.9e-05, 1.2e-05, -0.0, -1.9e-05, 0.458648, 0.888618, 0.374726, 1.1e-05, -0.888618, 0.458648, 0.0, 0.0, 0.0, 0.0, 1.0],
                [1.0, 2e-05, 1.5e-05, 0.0, -2.1e-05, 0.322379, 0.946611, 0.374726, 1.4e-05, -0.94661, 0.322379, 0.0, 0.0, 0.0, 0.0, 1.0],
                [1.0, 2e-05, 1.7e-05, 0.0, -2.1e-05, 0.242739, 0.970092, 0.374726, 1.6e-05, -0.970091, 0.242739, 0.0, 0.0, 0.0, 0.0, 1.0],
                [1.0, 2.1e-05, 1.8e-05, 0.0, -2.1e-05, 0.199621, 0.979873, 0.374726, 1.7e-05, -0.979873, 0.199621, 0.0, 0.0, 0.0, 0.0, 1.0],
                [1.0, 2.1e-05, 1.8e-05, -0.0, -2.1e-05, 0.167132, 0.985934, 0.374726, 1.7e-05, -0.985934, 0.167132, -0.0, 0.0, 0.0, 0.0, 1.0],
                [1.0, 2.1e-05, 1.9e-05, -0.0, -2.2e-05, 0.122678, 0.992447, 0.374726, 1.8e-05, -0.992446, 0.122677, -0.0, 0.0, 0.0, 0.0, 1.0],
                [1.0, 2.1e-05, 2.1e-05, 0.0, -2.2e-05, 0.047424, 0.998874, 0.374726, 2e-05, -0.998875, 0.047424, -0.0, 0.0, 0.0, 0.0, 1.0],
                [1.0, 2.1e-05, 2.3e-05, 0.0, -2.2e-05, -0.069531, 0.99758, 0.374726, 2.2e-05, -0.99758, -0.069531, -0.0, 0.0, 0.0, 0.0, 1.0],
                [1.0, 2e-05, 2.6e-05, 0.0, -2.1e-05, -0.226859, 0.973927, 0.374726, 2.6e-05, -0.973928, -0.226859, -0.0, 0.0, 0.0, 0.0, 1.0],
                [1.0, 2.1e-05, 2.6e-05, 0.0, -2.1e-05, -0.185767, 0.982594, 0.374726, 2.5e-05, -0.982594, -0.185767, 1e-06, 0.0, 0.0, 0.0, 1.0],
                [1.0, 2.1e-05, 2.6e-05, -0.0, -2.1e-05, -0.183146, 0.983085, 0.374726, 2.5e-05, -0.983086, -0.183146, 0.0, 0.0, 0.0, 0.0, 1.0],
                [1.0, 2.1e-05, 2.5e-05, -0.0, -2.1e-05, -0.174087, 0.98473, 0.374726, 2.5e-05, -0.98473, -0.174087, 0.0, 0.0, 0.0, 0.0, 1.0],
                [1.0, 2.1e-05, 2.5e-05, -0.0, -2.2e-05, -0.155547, 0.987828, 0.374726, 2.5e-05, -0.987828, -0.155547, 0.0, 0.0, 0.0, 0.0, 1.0],
                [1.0, 2.2e-05, 2.6e-05, -0.0, -2.3e-05, -0.124541, 0.992214, 0.374726, 2.5e-05, -0.992215, -0.124541, -0.0, 0.0, 0.0, 0.0, 1.0],
                [1.0, 2.3e-05, 2.6e-05, 0.0, -2.4e-05, -0.080677, 0.99674, 0.374726, 2.5e-05, -0.996741, -0.080677, -0.0, 0.0, 0.0, 0.0, 1.0],
                [1.0, 2.1e-05, 2.2e-05, -0.0, -2.2e-05, -0.026034, 0.999661, 0.374727, 2.2e-05, -0.999661, -0.026035, 0.0, 0.0, 0.0, 0.0, 1.0],
                [1.0, 1.6e-05, 1.7e-05, 0.0, -1.7e-05, 0.033676, 0.999433, 0.374726, 1.6e-05, -0.999433, 0.033676, -0.0, 0.0, 0.0, 0.0, 1.0],
                [1.0, 2.5e-05, 2.3e-05, 0.0, -2.6e-05, 0.089891, 0.995952, 0.374726, 2.3e-05, -0.995952, 0.089891, 0.0, 0.0, 0.0, 0.0, 1.0],
                [1.0, 2e-05, 1.8e-05, -0.0, -2e-05, 0.131429, 0.991326, 0.374726, 1.7e-05, -0.991325, 0.131429, -0.0, 0.0, 0.0, 0.0, 1.0],
                [1.0, 1.8e-05, 1.6e-05, 0.0, -1.9e-05, 0.147447, 0.98907, 0.374726, 1.5e-05, -0.98907, 0.147446, 1e-06, 0.0, 0.0, 0.0, 1.0],
                [1.0, 2.3e-05, 2.1e-05, -0.0, -2.4e-05, 0.147447, 0.98907, 0.374726, 2e-05, -0.98907, 0.147447, 1e-06, 0.0, 0.0, 0.0, 1.0],
                [1.0, 2.5e-05, 2.2e-05, -0.0, -2.5e-05, 0.147447, 0.98907, 0.374726, 2.1e-05, -0.98907, 0.147447, 0.0, 0.0, 0.0, 0.0, 1.0],
                [1.0, 2.6e-05, 2.3e-05, -0.0, -2.7e-05, 0.147447, 0.989069, 0.374726, 2.2e-05, -0.98907, 0.147447, 1e-06, 0.0, 0.0, 0.0, 1.0],
                [1.0, 5e-06, 1e-06, 0.0, -5e-06, 0.968807, 0.247813, 0.374726, -0.0, -0.247813, 0.968808, 0.0, 0.0, 0.0, 0.0, 1.0],
                [1.0, 0.0, 1e-06, -0.0, -0.0, 0.999999, 0.001482, 0.374726, -1e-06, -0.001483, 0.999999, -0.0, 0.0, 0.0, 0.0, 1.0],
                [1.0, 0.0, 1e-06, 0.0, 0.0, 0.999999, 0.001488, 0.374726, -1e-06, -0.001488, 0.999999, -0.0, 0.0, 0.0, 0.0, 1.0],
                [1.0, 0.0, 1e-06, -0.0, 0.0, 0.999999, 0.001488, 0.374726, -1e-06, -0.001488, 0.999999, 0.0, 0.0, 0.0, 0.0, 1.0],
                [1.000001, 0.0, 1e-06, -0.0, 0.0, 0.999999, 0.001471, 0.374726, -1e-06, -0.001471, 0.999999, 0.0, 0.0, 0.0, 0.0, 1.0],
                [1.0, 2.5e-05, 2.2e-05, 0.0, -2.5e-05, 0.147449, 0.989069, 0.374726, 2.1e-05, -0.98907, 0.147449, 0.0, 0.0, 0.0, 0.0, 1.0],
                [1.0, 2.1e-05, 1.9e-05, -0.0, -2.1e-05, 0.147449, 0.98907, 0.374726, 1.8e-05, -0.989069, 0.147449, 0.0, 0.0, 0.0, 0.0, 1.0],
                [1.0, 2.3e-05, 2.1e-05, -0.0, -2.4e-05, 0.14745, 0.98907, 0.374726, 2e-05, -0.989069, 0.14745, -0.0, 0.0, 0.0, 0.0, 1.0],
                [1.0, 2.3e-05, 2.1e-05, 0.0, -2.4e-05, 0.14745, 0.98907, 0.374726, 2e-05, -0.98907, 0.14745, 0.0, 0.0, 0.0, 0.0, 1.0],
                [1.0, 2.2e-05, 2e-05, -0.0, -2.3e-05, 0.147449, 0.989069, 0.374726, 1.9e-05, -0.989069, 0.147449, 0.0, 0.0, 0.0, 0.0, 1.0],
                [1.0, 2.6e-05, 2.3e-05, -0.0, -2.7e-05, 0.147449, 0.989069, 0.374726, 2.2e-05, -0.98907, 0.147449, 0.0, 0.0, 0.0, 0.0, 1.0],
                [1.0, 2.6e-05, 2.3e-05, -0.0, -2.7e-05, 0.147449, 0.989069, 0.374726, 2.2e-05, -0.98907, 0.147449, 0.0, 0.0, 0.0, 0.0, 1.0],
                [1.0, 2e-05, 1.8e-05, 0.0, -2e-05, 0.147449, 0.989069, 0.374726, 1.7e-05, -0.98907, 0.14745, -0.0, 0.0, 0.0, 0.0, 1.0],
                [1.0, 2e-05, 1.7e-05, -0.0, -2e-05, 0.14745, 0.98907, 0.374726, 1.7e-05, -0.989069, 0.14745, -0.0, 0.0, 0.0, 0.0, 1.0]
            ]
        },
        {
            "name": "Knee_L",
            "time": [0.0, 0.8333],
            "transform": [
                [1.0, 0.0, -0.0, -0.0, -0.0, 0.00567, -0.999984, 0.374726, -0.0, 0.999984, 0.00567, 0.0, 0.0, 0.0, 0.0, 1.0],
                [1.0, 0.0, -0.0, 0.0, -0.0, 0.00567, -0.999984, 0.467989, -0.0, 0.999984, 0.00567, -0.000529, 0.0, 0.0, 0.0, 1.0]
            ]
        },
        {
            "name": "Torso",
            "time": [0.0, 0.0167, 0.0333, 0.05, 0.0667, 0.0833, 0.1, 0.1167, 0.1333, 0.15, 0.1667, 0.1833, 0.2, 0.2167, 0.2333, 0.25, 0.2667, 0.2833, 0.3, 0.3167, 0.3333, 0.35, 0.3667, 0.3833, 0.4, 0.4167, 0.4333, 0.45, 0.4667, 0.4833, 0.5, 0.5167, 0.5333, 0.55, 0.5667, 0.5833, 0.6, 0.6167, 0.6333, 0.65, 0.6667, 0.6833, 0.7, 0.7167, 0.7333, 0.75, 0.7667, 0.7833, 0.8, 0.8167, 0.8333],
            "transform": [
                [1.0, 0.0, 0.0, 0.0, 0.0, 1.0, 0.0, 0.05, 0.0, 0.0, 1.0, 0.0, 0.0, 0.0, 0.0, 1.0],
                [1.0, 0.0, 0.0, 0.0, 0.0, 1.0, 0.0, 0.05, 0.0, 0.0, 1.0, 0.0, 0.0, 0.0, 0.0, 1.0],
                [1.0, 0.0, 0.0, 0.0, 0.0, 1.0, 0.0, 0.05, 0.0, 0.0, 1.0, 0.0, 0.0, 0.0, 0.0, 1.0],
                [1.0, 0.0, 0.0, 0.0, 0.0, 1.0, 0.0, 0.05, 0.0, 0.0, 1.0, 0.0, 0.0, 0.0, 0.0, 1.0],
                [1.0, 0.0, 0.0, 0.0, 0.0, 1.0, 0.0, 0.05, 0.0, 0.0, 1.0, 0.0, 0.0, 0.0, 0.0, 1.0],
                [1.0, 0.0, 0.0, 0.0, 0.0, 1.0, 0.0, 0.05, 0.0, 0.0, 1.0, 0.0, 0.0, 0.0, 0.0, 1.0],
