{
    "animation": [
        {
            "name": "Root",
            "time": [0.0, 0.0167, 0.0333, 0.05, 0.0667, 0.0833, 0.1, 0.1167, 0.1333, 0.15, 0.1667, 0.1833, 0.2, 0.2167, 0.2333, 0.25, 0.2667, 0.2833, 0.3, 0.3167, 0.3333, 0.35, 0.3667, 0.3833, 0.4, 0.4167, 0.4333],
            "transform": [
                [1.0, 0.0, 0.0, -5e-06, 0.0, 0.0, -1.0, 0.000946, 0.0, 1.0, 0.0, 0.763972, 0.0, 0.0, 0.0, 1.0],
                [1.0, 0.0, 0.0, -5e-06, 0.0, 0.0, -1.0, 0.028502, 0.0, 1.0, 0.0, 0.763972, 0.0, 0.0, 0.0, 1.0],
                [1.0, 0.0, 0.0, -5e-06, 0.0, 0.0, -1.0, 0.097391, 0.0, 1.0, 0.0, 0.763972, 0.0, 0.0, 0.0, 1.0],
                [1.0, 0.0, 0.0, -5e-06, 0.0, 0.0, -1.0, 0.186947, 0.0, 1.0, 0.0, 0.763972, 0.0, 0.0, 0.0, 1.0],
                [1.0, 0.0, 0.0, -5e-06, 0.0, 0.0, -1.0, 0.276503, 0.0, 1.0, 0.0, 0.763972, 0.0, 0.0, 0.0, 1.0],
                [1.0, 0.0, 0.0, -5e-06, 0.0, 0.0, -1.0, 0.345393, 0.0, 1.0, 0.0, 0.763972, 0.0, 0.0, 0.0, 1.0],
                [1.0, 0.0, 0.0, -5e-06, 0.0, 0.0, -1.0, 0.372948, 0.0, 1.0, 0.0, 0.763972, 0.0, 0.0, 0.0, 1.0],
                [1.0, 0.0, 0.0, -5e-06, 0.0, 0.0, -1.0, 0.372948, 0.0, 1.0, 0.0, 0.763972, 0.0, 0.0, 0.0, 1.0],
                [1.0, 0.0, 0.0, -5e-06, 0.0, 0.0, -1.0, 0.372948, 0.0, 1.0, 0.0, 0.763972, 0.0, 0.0, 0.0, 1.0],
                [1.0, 0.0, 0.0, -5e-06, 0.0, 0.0, -1.0, 0.372948, 0.0, 1.0, 0.0, 0.763972, 0.0, 0.0, 0.0, 1.0],
                [1.0, 0.0, 0.0, -5e-06, 0.0, 0.0, -1.0, 0.372948, 0.0, 1.0, 0.0, 0.763972, 0.0, 0.0, 0.0, 1.0],
                [1.0, 0.0, 0.0, -5e-06, 0.0, 0.0, -1.0, 0.372948, 0.0, 1.0, 0.0, 0.763972, 0.0, 0.0, 0.0, 1.0],
                [1.0, 0.0, 0.0, -5e-06, 0.0, 0.0, -1.0, 0.400982, 0.0, 1.0, 0.0, 0.763972, 0.0, 0.0, 0.0, 1.0],
                [1.0, 0.0, 0.0, -5e-06, 0.0, 0.0, -1.0, 0.474891, 0.0, 1.0, 0.0, 0.763972, 0.0, 0.0, 0.0, 1.0],
                [1.0, 0.0, 0.0, -5e-06, 0.0, 0.0, -1.0, 0.579382, 0.0, 1.0, 0.0, 0.763972, 0.0, 0.0, 0.0, 1.0],
                [1.0, 0.0, 0.0, -5e-06, 0.0, 0.0, -1.0, 0.699164, 0.0, 1.0, 0.0, 0.763972, 0.0, 0.0, 0.0, 1.0],
                [1.0, 0.0, 0.0, -5e-06, 0.0, 0.0, -1.0, 0.818946, 0.0, 1.0, 0.0, 0.763972, 0.0, 0.0, 0.0, 1.0],
                [1.0, 0.0, 0.0, -5e-06, 0.0, 0.0, -1.0, 0.923438, 0.0, 1.0, 0.0, 0.763972, 0.0, 0.0, 0.0, 1.0],
                [1.0, 0.0, 0.0, -5e-06, 0.0, 0.0, -1.0, 0.997346, 0.0, 1.0, 0.0, 0.763972, 0.0, 0.0, 0.0, 1.0],
                [1.0, 0.0, 0.0, -5e-06, 0.0, 0.0, -1.0, 1.02538, 0.0, 1.0, 0.0, 0.763972, 0.0, 0.0, 0.0, 1.0],
                [1.0, 0.0, 0.0, -5e-06, 0.0, 0.0, -1.0, 1.02538, 0.0, 1.0, 0.0, 0.763972, 0.0, 0.0, 0.0, 1.0],
                [1.0, 0.0, 0.0, -5e-06, 0.0, 0.0, -1.0, 1.02538, 0.0, 1.0, 0.0, 0.763972, 0.0, 0.0, 0.0, 1.0],
                [1.0, 0.0, 0.0, -5e-06, 0.0, 0.0, -1.0, 1.02538, 0.0, 1.0, 0.0, 0.763972, 0.0, 0.0, 0.0, 1.0],
                [1.0, 0.0, 0.0, -5e-06, 0.0, 0.0, -1.0, 1.02538, 0.0, 1.0, 0.0, 0.763972, 0.0, 0.0, 0.0, 1.0],
                [1.0, 0.0, 0.0, -5e-06, 0.0, 0.0, -1.0, 1.02538, 0.0, 1.0, 0.0, 0.763972, 0.0, 0.0, 0.0, 1.0],
                [1.0, 0.0, 0.0, -5e-06, 0.0, 0.0, -1.0, 1.02538, 0.0, 1.0, 0.0, 0.763972, 0.0, 0.0, 0.0, 1.0],
                [1.0, 0.0, 0.0, -5e-06, 0.0, 0.0, -1.0, 1.02538, 0.0, 1.0, 0.0, 0.763972, 0.0, 0.0, 0.0, 1.0]
            ]
        },
        {
            "name": "Thigh_R",
            "time": [0.0, 0.0167, 0.0333, 0.05, 0.0667, 0.0833, 0.1, 0.1167, 0.1333, 0.15, 0.1667, 0.1833, 0.2, 0.2167, 0.2333, 0.25, 0.2667, 0.2833, 0.3, 0.3167, 0.3333, 0.35, 0.3667, 0.3833, 0.4, 0.4167, 0.4333],
            "transform": [
                [0.998207, -4.4e-05, -0.059861, 0.124994, 0.015021, -0.96782, 0.251198, -0.002831, -0.057945, -0.251646, -0.966083, -0.009459, 0.0, 0.0, 0.0, 1.0],
                [0.999227, -0.001173, -0.039306, 0.124639, 0.009199, -0.964848, 0.262649, -0.002831, -0.038233, -0.262807, -0.964091, -0.004852, 0.0, 0.0, 0.0, 1.0],
                [0.999968, 0.002961, 0.00742, 0.123753, 0.000499, -0.950107, 0.311925, -0.002831, 0.007973, -0.311911, -0.950078, 0.006665, 0.0, 0.0, 0.0, 1.0],
                [0.998083, 0.016255, 0.059714, 0.122601, 0.000261, -0.965988, 0.258586, -0.002831, 0.061887, -0.258075, -0.964141, 0.021638, 0.0, 0.0, 0.0, 1.0],
                [0.993926, 0.02697, 0.106697, 0.121449, 0.010571, -0.988421, 0.151373, -0.002831, 0.109544, -0.149326, -0.982702, 0.03661, 0.0, 0.0, 0.0, 1.0],
                [0.989505, 0.02797, 0.141768, 0.120563, 0.024493, -0.999357, 0.026212, -0.002831, 0.14241, -0.022464, -0.989553, 0.048127, 0.0, 0.0, 0.0, 1.0],
                [0.987462, 0.02228, 0.156275, 0.120208, 0.031286, -0.997974, -0.055408, -0.00283, 0.154724, 0.059603, -0.986158, 0.052734, 0.0, 0.0, 0.0, 1.0],
                [0.987477, 0.016419, 0.156908, 0.120208, 0.031813, -0.994863, -0.096112, -0.00283, 0.154524, 0.0999, -0.982925, 0.052734, 0.0, 0.0, 0.0, 1.0],
                [0.987514, 0.006607, 0.157393, 0.120208, 0.03323, -0.985376, -0.167126, -0.00283, 0.153987, 0.17027, -0.973291, 0.052734, 0.0, 0.0, 0.0, 1.0],
                [0.987559, 0.006868, 0.157099, 0.120208, 0.035075, -0.983497, -0.177496, -0.00283, 0.153287, 0.180798, -0.971502, 0.052734, 0.0, 0.0, 0.0, 1.0],
                [0.9876, 0.007403, 0.156816, 0.120208, 0.036911, -0.981836, -0.18611, -0.00283, 0.152589, 0.189591, -0.969934, 0.052734, 0.0, 0.0, 0.0, 1.0],
                [0.987629, 0.00831, 0.156588, 0.120208, 0.038318, -0.981111, -0.189613, -0.00283, 0.152054, 0.193268, -0.969292, 0.052734, 0.0, 0.0, 0.0, 1.0],
                [0.989832, 0.009357, 0.141933, 0.120872, 0.033879, -0.984627, -0.171356, -0.00491, 0.138147, 0.174422, -0.974932, 0.047892, 0.0, 0.0, 0.0, 1.0],
                [0.994701, 0.026257, 0.099396, 0.12262, 0.022729, -0.999077, 0.036462, -0.010392, 0.100262, -0.034009, -0.99438, 0.035128, 0.0, 0.0, 0.0, 1.0],
                [0.999027, 0.021139, 0.038713, 0.125092, 0.012988, -0.979748, 0.199816, -0.018142, 0.042152, -0.199119, -0.979069, 0.017082, 0.0, 0.0, 0.0, 1.0],
                [0.999431, 0.001606, -0.033686, 0.127926, 0.012787, -0.942331, 0.33444, -0.027027, -0.031206, -0.334681, -0.941815, -0.003605, 0.0, 0.0, 0.0, 1.0],
                [0.993409, -0.024597, -0.111955, 0.130759, 0.026756, -0.899965, 0.435141, -0.035912, -0.111458, -0.435268, -0.893375, -0.024292, 0.0, 0.0, 0.0, 1.0],
                [0.981112, -0.04847, -0.187271, 0.133231, 0.052329, -0.865502, 0.498165, -0.043662, -0.18623, -0.498555, -0.846618, -0.042338, 0.0, 0.0, 0.0, 1.0],
                [0.967348, -0.063287, -0.245424, 0.134979, 0.078611, -0.845653, 0.527914, -0.049145, -0.240954, -0.529969, -0.813065, -0.055103, 0.0, 0.0, 0.0, 1.0],
                [0.960847, -0.067916, -0.268628, 0.135643, 0.090403, -0.839598, 0.535633, -0.051224, -0.261918, -0.538946, -0.800585, -0.059944, 0.0, 0.0, 0.0, 1.0],
                [0.960847, -0.067916, -0.268628, 0.135643, 0.090403, -0.839598, 0.535633, -0.051224, -0.261918, -0.538946, -0.800585, -0.059944, 0.0, 0.0, 0.0, 1.0],
                [0.960847, -0.067916, -0.268628, 0.135643, 0.090403, -0.839598, 0.535633, -0.051224, -0.261918, -0.538946, -0.800585, -0.059944, 0.0, 0.0, 0.0, 1.0],
                [0.960847, -0.067916, -0.268628, 0.135643, 0.090403, -0.839598, 0.535633, -0.051224, -0.261918, -0.538946, -0.800585, -0.059944, 0.0, 0.0, 0.0, 1.0],
                [0.960847, -0.067916, -0.268628, 0.135643, 0.090403, -0.839598, 0.535633, -0.051224, -0.261918, -0.538946, -0.800585, -0.059944, 0.0, 0.0, 0.0, 1.0],
                [0.960847, -0.067916, -0.268628, 0.135643, 0.090403, -0.839598, 0.535633, -0.051224, -0.261918, -0.538946, -0.800585, -0.059944, 0.0, 0.0, 0.0, 1.0],
                [0.960847, -0.067916, -0.268628, 0.135643, 0.090403, -0.839598, 0.535633, -0.051224, -0.261918, -0.538946, -0.800585, -0.059944, 0.0, 0.0, 0.0, 1.0],
                [0.960847, -0.067916, -0.268628, 0.135643, 0.090403, -0.839598, 0.535633, -0.051224, -0.261918, -0.538946, -0.800585, -0.059944, 0.0, 0.0, 0.0, 1.0]
            ]
        },
        {
            "name": "Leg_R",
            "time": [0.0, 0.0167, 0.0333, 0.05, 0.0667, 0.0833, 0.1, 0.1167, 0.1333, 0.15, 0.1667, 0.1833, 0.2, 0.2167, 0.2333, 0.25, 0.2667, 0.2833, 0.3, 0.3167, 0.3333, 0.35, 0.3667, 0.3833, 0.4, 0.4167, 0.4333],
            "transform": [
                [1.0, 0.0, 1e-06, -0.0, -0.0, 0.999999, 0.00146, 0.374726, -1e-06, -0.00146, 0.999999, -0.0, 0.0, 0.0, 0.0, 1.0],
                [1.0, 2e-06, 1e-06, 0.0, -2e-06, 0.996503, 0.083549, 0.374726, -1e-06, -0.083549, 0.996504, -0.0, 0.0, 0.0, 0.0, 1.0],
                [1.0, 7e-06, 2e-06, 0.0, -7e-06, 0.943794, 0.330534, 0.374726, 0.0, -0.330534, 0.943794, -0.0, 0.0, 0.0, 0.0, 1.0],
                [1.0, 9e-06, 3e-06, 0.0, -9e-06, 0.910644, 0.413192, 0.374726, 1e-06, -0.413192, 0.910644, -0.0, 0.0, 0.0, 0.0, 1.0],
                [1.0, 8e-06, 2e-06, 0.0, -9e-06, 0.91818, 0.396162, 0.374726, 1e-06, -0.396162, 0.91818, 0.0, 0.0, 0.0, 0.0, 1.0],
                [1.0, 6e-06, 2e-06, -0.0, -7e-06, 0.95333, 0.30193, 0.374726, 0.0, -0.30193, 0.95333, 0.0, 0.0, 0.0, 0.0, 1.0],
                [1.0, 4e-06, 1e-06, -0.0, -4e-06, 0.979692, 0.200507, 0.374726, -0.0, -0.200507, 0.979692, 0.0, 0.0, 0.0, 0.0, 1.0],
                [1.0, 3e-06, 1e-06, -0.0, -3e-06, 0.991922, 0.126848, 0.374726, -1e-06, -0.126848, 0.991922, -0.0, 0.0, 0.0, 0.0, 1.0],
                [1.0, 0.0, 1e-06, -0.0, -0.0, 0.999999, 0.00146, 0.374726, -1e-06, -0.00146, 0.999999, 0.0, 0.0, 0.0, 0.0, 1.0],
                [1.0, 0.0, 1e-06, -0.0, -0.0, 0.999999, 0.00146, 0.374726, -1e-06, -0.00146, 0.999999, -0.0, 0.0, 0.0, 0.0, 1.0],
                [1.0, 0.0, 1e-06, 0.0, -0.0, 0.999999, 0.00146, 0.374726, -1e-06, -0.00146, 0.999999, -0.0, 0.0, 0.0, 0.0, 1.0],
                [1.0, 0.0, 1e-06, 0.0, -0.0, 0.999998, 0.00146, 0.374726, -1e-06, -0.00146, 0.999998, -0.0, 0.0, 0.0, 0.0, 1.0],
                [1.0, 0.0, 1e-06, 0.0, -0.0, 0.999999, 0.00146, 0.374726, -1e-06, -0.00146, 0.999999, -0.0, 0.0, 0.0, 0.0, 1.0],
                [1.0, 7e-06, 2e-06, -0.0, -7e-06, 0.949824, 0.312786, 0.374726, 0.0, -0.312786, 0.949824, -0.0, 0.0, 0.0, 0.0, 1.0],
                [1.0, 1e-05, 3e-06, 0.0, -1e-05, 0.878445, 0.477843, 0.374726, 2e-06, -0.477843, 0.878446, -0.0, 0.0, 0.0, 0.0, 1.0],
                [1.0, 1.2e-05, 4e-06, -0.0, -1.2e-05, 0.82535, 0.564621, 0.374726, 3e-06, -0.564621, 0.82535, 0.0, 0.0, 0.0, 0.0, 1.0],
                [1.0, 1.3e-05, 5e-06, -0.0, -1.3e-05, 0.802822, 0.596218, 0.374726, 4e-06, -0.596219, 0.802822, -0.0, 0.0, 0.0, 0.0, 1.0],
                [1.0, 1.2e-05, 5e-06, -0.0, -1.3e-05, 0.808192, 0.588919, 0.374726, 3e-06, -0.588919, 0.808192, 0.0, 0.0, 0.0, 0.0, 1.0],
                [1.0, 1.1e-05, 4e-06, -0.0, -1.2e-05, 0.826085, 0.563545, 0.374726, 3e-06, -0.563545, 0.826086, -0.0, 0.0, 0.0, 0.0, 1.0],
                [1.0, 1.2e-05, 4e-06, 0.0, -1.2e-05, 0.835903, 0.548877, 0.374726, 3e-06, -0.548877, 0.835903, -0.0, 0.0, 0.0, 0.0, 1.0],
                [1.0, 1.2e-05, 4e-06, -0.0, -1.2e-05, 0.835903, 0.548877, 0.374726, 3e-06, -0.548877, 0.835903, -0.0, 0.0, 0.0, 0.0, 1.0],
                [1.0, 1.1e-05, 4e-06, -0.0, -1.2e-05, 0.835902, 0.548877, 0.374726, 3e-06, -0.548877, 0.835903, 0.0, 0.0, 0.0, 0.0, 1.0],
                [1.0, 1.1e-05, 4e-06, -0.0, -1.2e-05, 0.835902, 0.548877, 0.374726, 3e-06, -0.548877, 0.835903, 0.0, 0.0, 0.0, 0.0, 1.0],
                [1.0, 1.1e-05, 4e-06, -0.0, -1.2e-05, 0.835902, 0.548877, 0.374726, 3e-06, -0.548877, 0.835903, 0.0, 0.0, 0.0, 0.0, 1.0],
                [1.0, 1.1e-05, 4e-06, -0.0, -1.2e-05, 0.835902, 0.548877, 0.374726, 3e-06, -0.548877, 0.835903, 0.0, 0.0, 0.0, 0.0, 1.0],
                [1.0, 1.1e-05, 4e-06, -0.0, -1.2e-05, 0.835902, 0.548877, 0.374726, 3e-06, -0.548877, 0.835903, 0.0, 0.0, 0.0, 0.0, 1.0],
                [1.0, 1.1e-05, 4e-06, -0.0, -1.2e-05, 0.835902, 0.548877, 0.374726, 3e-06, -0.548877, 0.835903, 0.0, 0.0, 0.0, 0.0, 1.0]
            ]
        },
        {
            "name": "Knee_R",
            "time": [0.0, 0.4333],
            "transform": [
                [1.0, 0.0, -0.0, -0.0, -0.0, 0.00567, -0.999984, 0.374726, -0.0, 0.999984, 0.00567, -0.0, 0.0, 0.0, 0.0, 1.0],
                [1.0, 0.0, -0.0, 0.0, -0.0, 0.00567, -0.999984, 0.379567, -0.0, 0.999984, 0.00567, -2.7e-05, 0.0, 0.0, 0.0, 1.0]
            ]
        },
        {
            "name": "Thigh_L",
            "time": [0.0, 0.0167, 0.0333, 0.05, 0.0667, 0.0833, 0.1, 0.1167, 0.1333, 0.15, 0.1667, 0.1833, 0.2, 0.2167, 0.2333, 0.25, 0.2667, 0.2833, 0.3, 0.3167, 0.3333, 0.35, 0.3667, 0.3833, 0.4, 0.4167, 0.4333],
            "transform": [
                [0.962012, -0.072056, -0.263326, -0.125006, -0.099106, -0.990915, -0.090912, -0.002831, -0.254383, 0.113555, -0.960414, -0.029415, 0.0, 0.0, 0.0, 1.0],
                [0.967709, -0.084171, -0.237601, -0.125006, -0.077723, -0.996311, 0.036394, -0.00688, -0.239787, -0.016751, -0.970681, -0.030408, 0.0, 0.0, 0.0, 1.0],
                [0.97987, -0.085869, -0.180229, -0.125006, -0.031382, -0.957799, 0.285721, -0.017004, -0.197157, -0.274313, -0.941213, -0.032892, 0.0, 0.0, 0.0, 1.0],
                [0.991926, -0.058708, -0.112407, -0.125006, 0.007356, -0.858259, 0.513165, -0.030166, -0.126601, -0.509849, -0.850897, -0.036121, 0.0, 0.0, 0.0, 1.0],
                [0.999361, -0.014681, -0.032582, -0.125006, 0.009588, -0.768146, 0.640204, -0.043327, -0.034427, -0.640107, -0.767514, -0.03935, 0.0, 0.0, 0.0, 1.0],
                [0.998158, 0.017419, 0.05812, -0.125006, -0.024937, -0.75548, 0.654697, -0.053451, 0.055312, -0.65494, -0.753654, -0.041834, 0.0, 0.0, 0.0, 1.0],
                [0.994071, 0.020518, 0.106775, -0.125006, -0.050171, -0.784672, 0.617878, -0.057501, 0.096461, -0.619572, -0.778991, -0.042827, 0.0, 0.0, 0.0, 1.0],
                [0.994071, 0.020518, 0.106775, -0.125006, -0.050171, -0.784672, 0.617878, -0.057501, 0.096461, -0.619571, -0.778991, -0.042827, 0.0, 0.0, 0.0, 1.0],
                [0.994071, 0.020518, 0.106775, -0.125006, -0.050171, -0.784672, 0.617878, -0.057501, 0.096461, -0.619571, -0.778991, -0.042827, 0.0, 0.0, 0.0, 1.0],
                [0.994071, 0.020518, 0.106775, -0.125006, -0.050171, -0.784672, 0.617878, -0.057501, 0.096461, -0.619571, -0.778991, -0.042827, 0.0, 0.0, 0.0, 1.0],
                [0.994071, 0.020518, 0.106775, -0.125006, -0.050171, -0.784672, 0.617878, -0.057501, 0.096461, -0.619571, -0.778991, -0.042827, 0.0, 0.0, 0.0, 1.0],
                [0.994071, 0.020518, 0.106775, -0.125006, -0.050171, -0.784672, 0.617878, -0.057501, 0.096461, -0.619571, -0.778991, -0.042827, 0.0, 0.0, 0.0, 1.0],
                [0.996758, 0.016921, 0.078662, -0.125006, -0.037428, -0.767919, 0.639452, -0.057501, 0.071227, -0.640323, -0.764796, -0.039429, 0.0, 0.0, 0.0, 1.0],
                [0.999834, -0.005459, 0.017409, -0.125006, -0.015431, -0.762145, 0.647223, -0.057501, 0.009735, -0.647384, -0.762102, -0.030471, 0.0, 0.0, 0.0, 1.0],
                [0.997802, -0.046219, -0.047493, -0.125006, -0.00853, -0.800265, 0.599587, -0.057501, -0.065719, -0.597863, -0.7989, -0.017805, 0.0, 0.0, 0.0, 1.0],
                [0.990026, -0.091102, -0.107464, -0.125006, -0.027447, -0.872897, 0.487132, -0.057501, -0.138183, -0.479324, -0.866691, -0.003287, 0.0, 0.0, 0.0, 1.0],
                [0.97783, -0.125615, -0.167541, -0.125006, -0.067264, -0.946113, 0.316775, -0.057501, -0.198304, -0.298483, -0.933586, 0.011232, 0.0, 0.0, 0.0, 1.0],
                [0.963505, -0.137868, -0.229459, -0.125006, -0.114118, -0.986928, 0.113801, -0.057501, -0.242149, -0.083462, -0.966643, 0.023898, 0.0, 0.0, 0.0, 1.0],
                [0.951119, -0.122584, -0.283453, -0.125006, -0.152066, -0.984763, -0.084375, -0.057501, -0.26879, 0.123354, -0.955267, 0.032856, 0.0, 0.0, 0.0, 1.0],
                [0.945912, -0.100043, -0.308613, -0.125006, -0.167232, -0.965505, -0.199587, -0.057501, -0.278, 0.240402, -0.930013, 0.036254, 0.0, 0.0, 0.0, 1.0],
                [0.945912, -0.100043, -0.308613, -0.125006, -0.167232, -0.965505, -0.199586, -0.057501, -0.278, 0.240401, -0.930013, 0.036254, 0.0, 0.0, 0.0, 1.0],
                [0.945912, -0.100043, -0.308613, -0.125006, -0.167233, -0.965505, -0.199586, -0.057501, -0.278, 0.240401, -0.930013, 0.036254, 0.0, 0.0, 0.0, 1.0],
                [0.945912, -0.100043, -0.308613, -0.125006, -0.167233, -0.965505, -0.199586, -0.057501, -0.278, 0.240401, -0.930013, 0.036254, 0.0, 0.0, 0.0, 1.0],
                [0.945912, -0.100043, -0.308613, -0.125006, -0.167233, -0.965505, -0.199586, -0.057501, -0.278, 0.240401, -0.930013, 0.036254, 0.0, 0.0, 0.0, 1.0],
                [0.945912, -0.100043, -0.308613, -0.125006, -0.167233, -0.965505, -0.199586, -0.057501, -0.278, 0.240401, -0.930013, 0.036254, 0.0, 0.0, 0.0, 1.0],
                [0.945912, -0.100043, -0.308613, -0.125006, -0.167233, -0.965505, -0.199586, -0.057501, -0.278, 0.240401, -0.930013, 0.036254, 0.0, 0.0, 0.0, 1.0],
                [0.945912, -0.100043, -0.308613, -0.125006, -0.167233, -0.965505, -0.199586, -0.057501, -0.278, 0.240401, -0.930013, 0.036254, 0.0, 0.0, 0.0, 1.0]
            ]
        },
        {
            "name": "Leg_L",
            "time": [0.0, 0.0167, 0.0333, 0.05, 0.0667, 0.0833, 0.1, 0.1167, 0.1333, 0.15, 0.1667, 0.1833, 0.2, 0.2167, 0.2333, 0.25, 0.2667, 0.2833, 0.3, 0.3167, 0.3333, 0.35, 0.3667, 0.3833, 0.4, 0.4167, 0.4333],
            "transform": [
                [1.0, 1.1e-05, 4e-06, -0.0, -1.2e-05, 0.8608, 0.508944, 0.374726, 3e-06, -0.508944, 0.8608, 0.0, 0.0, 0.0, 0.0, 1.0],
                [1.0, 1.3e-05, 5e-06, -0.0, -1.4e-05, 0.777195, 0.629259, 0.374726, 4e-06, -0.629259, 0.777195, 0.0, 0.0, 0.0, 0.0, 1.0],
                [1.0, 1.7e-05, 9e-06, -0.0, -1.7e-05, 0.630336, 0.776322, 0.374726, 8e-06, -0.776323, 0.630336, 0.0, 0.0, 0.0, 0.0, 1.0],
                [1.0, 1.8e-05, 1e-05, -0.0, -1.9e-05, 0.571815, 0.820382, 0.374726, 9e-06, -0.820383, 0.571815, -0.0, 0.0, 0.0, 0.0, 1.0],
                [1.0, 1.6e-05, 8e-06, 0.0, -1.6e-05, 0.663085, 0.748544, 0.374726, 7e-06, -0.748544, 0.663085, 0.0, 0.0, 0.0, 0.0, 1.0],
                [1.0, 1.2e-05, 4e-06, 0.0, -1.2e-05, 0.835176, 0.549981, 0.374726, 3e-06, -0.549982, 0.835177, 0.0, 0.0, 0.0, 0.0, 1.0],
                [1.0, 8e-06, 2e-06, 0.0, -8e-06, 0.928803, 0.370572, 0.374726, 1e-06, -0.370573, 0.928803, -0.0, 0.0, 0.0, 0.0, 1.0],
                [1.0, 8e-06, 2e-06, 0.0, -8e-06, 0.928803, 0.370573, 0.374726, 1e-06, -0.370572, 0.928804, -0.0, 0.0, 0.0, 0.0, 1.0],
                [1.0, 8e-06, 2e-06, 0.0, -8e-06, 0.928803, 0.370572, 0.374726, 1e-06, -0.370572, 0.928803, -0.0, 0.0, 0.0, 0.0, 1.0],
                [1.0, 8e-06, 2e-06, 0.0, -8e-06, 0.928803, 0.370572, 0.374726, 1e-06, -0.370572, 0.928803, -0.0, 0.0, 0.0, 0.0, 1.0],
                [1.0, 8e-06, 2e-06, 0.0, -8e-06, 0.928803, 0.370572, 0.374726, 1e-06, -0.370572, 0.928803, -0.0, 0.0, 0.0, 0.0, 1.0],
                [1.0, 8e-06, 2e-06, 0.0, -8e-06, 0.928803, 0.370572, 0.374726, 1e-06, -0.370572, 0.928803, -0.0, 0.0, 0.0, 0.0, 1.0],
                [1.0, 1e-05, 3e-06, -0.0, -1e-05, 0.87906, 0.476712, 0.374726, 2e-06, -0.476712, 0.87906, -0.0, 0.0, 0.0, 0.0, 1.0],
                [1.0, 1.4e-05, 6e-06, -0.0, -1.4e-05, 0.770239, 0.637756, 0.374726, 4e-06, -0.637756, 0.770239, 0.0, 0.0, 0.0, 0.0, 1.0],
                [1.0, 1.6e-05, 8e-06, 0.0, -1.6e-05, 0.671538, 0.74097, 0.374726, 6e-06, -0.74097, 0.671538, -0.0, 0.0, 0.0, 0.0, 1.0],
                [1.0, 1.6e-05, 8e-06, 0.0, -1.7e-05, 0.638027, 0.770014, 0.374726, 7e-06, -0.770014, 0.638027, 0.0, 0.0, 0.0, 0.0, 1.0],
                [1.0, 1.6e-05, 7e-06, 0.0, -1.6e-05, 0.689515, 0.724272, 0.374726, 6e-06, -0.724272, 0.689515, 0.0, 0.0, 0.0, 0.0, 1.0],
                [1.0, 1.2e-05, 5e-06, 0.0, -1.3e-05, 0.80374, 0.59498, 0.374726, 3e-06, -0.59498, 0.80374, 0.0, 0.0, 0.0, 0.0, 1.0],
                [1.0, 8e-06, 2e-06, 0.0, -8e-06, 0.923651, 0.383234, 0.374726, 1e-06, -0.383234, 0.923652, 0.0, 0.0, 0.0, 0.0, 1.0],
                [1.0, 5e-06, 1e-06, 0.0, -5e-06, 0.977584, 0.210545, 0.374726, -0.0, -0.210545, 0.977584, 0.0, 0.0, 0.0, 0.0, 1.0],
                [1.0, 4e-06, 1e-06, 0.0, -5e-06, 0.977584, 0.210547, 0.374726, -0.0, -0.210547, 0.977584, 0.0, 0.0, 0.0, 0.0, 1.0],
                [1.0, 5e-06, 1e-06, -0.0, -5e-06, 0.977584, 0.210547, 0.374726, -0.0, -0.210547, 0.977584, -0.0, 0.0, 0.0, 0.0, 1.0],
                [1.0, 5e-06, 1e-06, -0.0, -5e-06, 0.977584, 0.210547, 0.374726, -0.0, -0.210547, 0.977584, -0.0, 0.0, 0.0, 0.0, 1.0],
                [1.0, 5e-06, 1e-06, -0.0, -5e-06, 0.977584, 0.210547, 0.374726, -0.0, -0.210547, 0.977584, -0.0, 0.0, 0.0, 0.0, 1.0],
                [1.0, 5e-06, 1e-06, -0.0, -5e-06, 0.977584, 0.210547, 0.374726, -0.0, -0.210547, 0.977584, -0.0, 0.0, 0.0, 0.0, 1.0],
                [1.0, 5e-06, 1e-06, -0.0, -5e-06, 0.977584, 0.210547, 0.374726, -0.0, -0.210547, 0.977584, -0.0, 0.0, 0.0, 0.0, 1.0],
                [1.0, 5e-06, 1e-06, -0.0, -5e-06, 0.977584, 0.210547, 0.374726, -0.0, -0.210547, 0.977584, -0.0, 0.0, 0.0, 0.0, 1.0]
            ]
        },
        {
            "name": "Knee_L",
            "time": [0.0, 0.4333],
            "transform": [
                [1.0, 0.0, -0.0, -0.0, -0.0, 0.00567, -0.999984, 0.374726, -0.0, 0.999984, 0.00567, 0.0, 0.0, 0.0, 0.0, 1.0],
                [1.0, 0.0, -0.0, -0.0, -0.0, 0.00567, -0.999984, 0.374726, -0.0, 0.999984, 0.00567, 0.0, 0.0, 0.0, 0.0, 1.0]
            ]
        },
        {
            "name": "Torso",
            "time": [0.0, 0.0167, 0.0333, 0.05, 0.0667, 0.0833, 0.1, 0.1167, 0.1333, 0.15, 0.1667, 0.1833, 0.2, 0.2167, 0.2333, 0.25, 0.2667, 0.2833, 0.3, 0.3167, 0.3333, 0.35, 0.3667, 0.3833, 0.4, 0.4167, 0.4333],
            "transform": [
                [0.997992, 0.0, 0.063343, 0.0, 0.0, 1.0, 0.0, 0.05, -0.063343, 0.0, 0.997992, 0.0, 0.0, 0.0, 0.0, 1.0],
                [0.999356, 0.0, 0.03588, 0.0, 0.0, 1.0, 0.0, 0.05, -0.03588, 0.0, 0.999356, 0.0, 0.0, 0.0, 0.0, 1.0],
                [0.999452, 0.0, -0.033091, 0.0, 0.0, 1.0, 0.0, 0.05, 0.033091, 0.0, 0.999452, 0.0, 0.0, 0.0, 0.0, 1.0],
                [0.992436, 0.0, -0.122763, 0.0, 0.0, 1.0, 0.0, 0.05, 0.122763, 0.0, 0.992436, 0.0, 0.0, 0.0, 0.0, 1.0],
                [0.977391, 0.0, -0.211442, 0.0, 0.0, 1.0, 0.0, 0.05, 0.211442, 0.0, 0.977391, 0.0, 0.0, 0.0, 0.0, 1.0],
                [0.960491, 0.0, -0.27831, 0.0, 0.0, 1.0, 0.0, 0.05, 0.27831, 0.0, 0.960491, 0.0, 0.0, 0.0, 0.0, 1.0],
                [0.952476, 0.0, -0.304612, 0.0, 0.0, 1.0, 0.0, 0.05, 0.304612, 0.0, 0.952476, 0.0, 0.0, 0.0, 0.0, 1.0],
                [0.952476, 0.0, -0.304612, 0.0, 0.0, 1.0, 0.0, 0.05, 0.304612, 0.0, 0.952476, 0.0, 0.0, 0.0, 0.0, 1.0],
                [0.952476, 0.0, -0.304612, 0.0, 0.0, 1.0, 0.0, 0.05, 0.304612, 0.0, 0.952476, 0.0, 0.0, 0.0, 0.0, 1.0],
                [0.952476, 0.0, -0.304612, 0.0, 0.0, 1.0, 0.0, 0.05, 0.304612, 0.0, 0.952476, 0.0, 0.0, 0.0, 0.0, 1.0],
                [0.952476, 0.0, -0.304612, 0.0, 0.0, 1.0, 0.0, 0.05, 0.304612, 0.0, 0.952476, 0.0, 0.0, 0.0, 0.0, 1.0],
                [0.952476, 0.0, -0.304612, 0.0, 0.0, 1.0, 0.0, 0.05, 0.304612, 0.0, 0.952476, 0.0, 0.0, 0.0, 0.0, 1.0],
                [0.960128, 0.0, -0.27956, 0.0, 0.0, 1.0, 0.0, 0.05, 0.27956, 0.0, 0.960128, 0.0, 0.0, 0.0, 0.0, 1.0],
                [0.977226, 0.0, -0.212202, 0.0, 0.0, 1.0, 0.0, 0.05, 0.212202, 0.0, 0.977226, 0.0, 0.0, 0.0, 0.0, 1.0],
                [0.993428, 0.0, -0.114456, 0.0, 0.0, 1.0, 0.0, 0.05, 0.114456, 0.0, 0.993428, 0.0, 0.0, 0.0, 0.0, 1.0],
                [1.0, 0.0, -0.000417, 0.0, 0.0, 1.0, 0.0, 0.05, 0.000417, 0.0, 1.0, 0.0, 0.0, 0.0, 0.0, 1.0],
                [0.993523, 0.0, 0.113628, 0.0, 0.0, 1.0, 0.0, 0.05, -0.113628, 0.0, 0.993523, 0.0, 0.0, 0.0, 0.0, 1.0],
                [0.977402, 0.0, 0.211387, 0.0, 0.0, 1.0, 0.0, 0.05, -0.211387, 0.0, 0.977402, 0.0, 0.0, 0.0, 0.0, 1.0],
                [0.960361, 0.0, 0.27876, 0.0, 0.0, 1.0, 0.0, 0.05, -0.27876, 0.0, 0.960361, 0.0, 0.0, 0.0, 0.0, 1.0],
                [0.95273, 0.0, 0.303818, 0.0, 0.0, 1.0, 0.0, 0.05, -0.303818, 0.0, 0.95273, 0.0, 0.0, 0.0, 0.0, 1.0],
                [0.95273, 0.0, 0.303818, 0.0, 0.0, 1.0, 0.0, 0.05, -0.303818, 0.0, 0.95273, 0.0, 0.0, 0.0, 0.0, 1.0],
                [0.95273, 0.0, 0.303818, 0.0, 0.0, 1.0, 0.0, 0.05, -0.303818, 0.0, 0.95273, 0.0, 0.0, 0.0, 0.0, 1.0],
                [0.95273, 0.0, 0.303818, 0.0, 0.0, 1.0, 0.0, 0.05, -0.303818, 0.0, 0.95273, 0.0, 0.0, 0.0, 0.0, 1.0],
                [0.95273, 0.0, 0.303818, 0.0, 0.0, 1.0, 0.0, 0.05, -0.303818, 0.0, 0.95273, 0.0, 0.0, 0.0, 0.0, 1.0],
                [0.95273, 0.0, 0.303818, 0.0, 0.0, 1.0, 0.0, 0.05, -0.303818, 0.0, 0.95273, 0.0, 0.0, 0.0, 0.0, 1.0],
                [0.95273, 0.0, 0.303818, 0.0, 0.0, 1.0, 0.0, 0.05, -0.303818, 0.0, 0.95273, 0.0, 0.0, 0.0, 0.0, 1.0],
                [0.95273, 0.0, 0.303818, 0.0, 0.0, 1.0, 0.0, 0.05, -0.303818, 0.0, 0.95273, 0.0, 0.0, 0.0, 0.0, 1.0]
            ]
        },
        {
            "name": "Chest",
            "time": [0.0, 0.0167, 0.0333, 0.05, 0.0667, 0.0833, 0.1, 0.1167, 0.1333, 0.15, 0.1667, 0.1833, 0.2, 0.2167, 0.2333, 0.25, 0.2667, 0.2833, 0.3, 0.3167, 0.3333, 0.35, 0.3667, 0.3833, 0.4, 0.4167, 0.4333],
            "transform": [
                [1.0, 0.0, -0.0, -0.0, 0.0, 1.0, 0.0, 0.3, 0.0, 0.0, 1.0, 0.0, 0.0, 0.0, 0.0, 1.0],
                [0.99825, 0.0, -0.059125, 0.0, 0.0, 1.0, 0.0, 0.3, 0.059125, 0.0, 0.99825, 0.0, 0.0, 0.0, 0.0, 1.0],
                [0.97812, 0.0, -0.20804, -0.0, 0.0, 1.0, 0.0, 0.3, 0.20804, 0.0, 0.97812, 0.0, 0.0, 0.0, 0.0, 1.0],
                [0.917813, 0.0, -0.397014, -0.0, 0.0, 1.0, 0.0, 0.3, 0.397014, 0.0, 0.917813, -0.0, 0.0, 0.0, 0.0, 1.0],
                [0.821391, 0.0, -0.570366, -0.0, 0.0, 1.0, 0.0, 0.3, 0.570366, 0.0, 0.821391, -0.0, 0.0, 0.0, 0.0, 1.0],
                [0.726651, 0.0, -0.687007, 0.0, 0.0, 1.0, 0.0, 0.3, 0.687007, 0.0, 0.726651, -0.0, 0.0, 0.0, 0.0, 1.0],
                [0.68476, 0.0, -0.728769, 0.0, 0.0, 1.0, 0.0, 0.3, 0.728769, 0.0, 0.68476, 0.0, 0.0, 0.0, 0.0, 1.0],
                [0.742984, 0.0, -0.66931, 0.0, 0.0, 1.0, 0.0, 0.3, 0.66931, 0.0, 0.742984, 0.0, 0.0, 0.0, 0.0, 1.0],
                [0.862473, 0.0, -0.506103, 0.0, 0.0, 1.0, 0.0, 0.3, 0.506103, 0.0, 0.862473, 0.0, 0.0, 0.0, 0.0, 1.0],
                [0.959419, 0.0, -0.281984, 0.0, 0.0, 1.0, 0.0, 0.3, 0.281984, 0.0, 0.959419, 0.0, 0.0, 0.0, 0.0, 1.0],
                [0.996537, 0.0, -0.083146, 0.0, 0.0, 1.0, 0.0, 0.3, 0.083146, 0.0, 0.996537, 0.0, 0.0, 0.0, 0.0, 1.0],
                [1.0, 0.0, 0.0, 0.0, 0.0, 1.0, 0.0, 0.3, 0.0, 0.0, 1.0, 0.0, 0.0, 0.0, 0.0, 1.0],
                [1.0, 0.0, 0.0, -0.0, 0.0, 1.0, 0.0, 0.3, 0.0, 0.0, 1.0, 0.0, 0.0, 0.0, 0.0, 1.0],
                [1.0, 0.0, 0.0, 0.0, 0.0, 1.0, 0.0, 0.3, 0.0, 0.0, 1.0, -0.0, 0.0, 0.0, 0.0, 1.0],
                [1.0, 0.0, 0.0, 0.0, 0.0, 1.0, 0.0, 0.3, 0.0, 0.0, 1.0, -0.0, 0.0, 0.0, 0.0, 1.0],
                [1.0, 0.0, 0.0, 0.0, 0.0, 1.0, 0.0, 0.3, -0.0, 0.0, 1.0, 0.0, 0.0, 0.0, 0.0, 1.0],
                [1.0, 0.0, 0.0, 0.0, 0.0, 1.0, 0.0, 0.3, 0.0, 0.0, 1.0, 0.0, 0.0, 0.0, 0.0, 1.0],
                [1.0, 0.0, 0.0, -0.0, 0.0, 1.0, 0.0, 0.3, 0.0, 0.0, 1.0, -0.0, 0.0, 0.0, 0.0, 1.0],
                [1.0, 0.0, 0.0, -0.0, 0.0, 1.0, 0.0, 0.3, 0.0, 0.0, 1.0, 0.0, 0.0, 0.0, 0.0, 1.0],
                [1.0, 0.0, 0.0, -0.0, 0.0, 1.0, 0.0, 0.3, 0.0, 0.0, 1.0, -0.0, 0.0, 0.0, 0.0, 1.0],
                [1.0, 0.0, 0.0, -0.0, 0.0, 1.0, 0.0, 0.3, 0.0, 0.0, 1.0, -0.0, 0.0, 0.0, 0.0, 1.0],
                [1.0, 0.0, 0.0, -0.0, 0.0, 1.0, 0.0, 0.3, 0.0, 0.0, 1.0, -0.0, 0.0, 0.0, 0.0, 1.0],
                [1.0, 0.0, 0.0, -0.0, 0.0, 1.0, 0.0, 0.3, 0.0, 0.0, 1.0, -0.0, 0.0, 0.0, 0.0, 1.0],
                [1.0, 0.0, 0.0, -0.0, 0.0, 1.0, 0.0, 0.3, 0.0, 0.0, 1.0, -0.0, 0.0, 0.0, 0.0, 1.0],
                [1.0, 0.0, 0.0, -0.0, 0.0, 1.0, 0.0, 0.3, 0.0, 0.0, 1.0, -0.0, 0.0, 0.0, 0.0, 1.0],
                [1.0, 0.0, 0.0, -0.0, 0.0, 1.0, 0.0, 0.3, 0.0, 0.0, 1.0, -0.0, 0.0, 0.0, 0.0, 1.0],
                [1.0, 0.0, 0.0, -0.0, 0.0, 1.0, 0.0, 0.3, 0.0, 0.0, 1.0, -0.0, 0.0, 0.0, 0.0, 1.0]
            ]
        },
        {
            "name": "Head",
            "time": [0.0, 0.0167, 0.0333, 0.05, 0.0667, 0.0833, 0.1, 0.1167, 0.1333, 0.15, 0.1667, 0.1833, 0.2, 0.2167, 0.2333, 0.25, 0.2667, 0.2833, 0.3, 0.3167, 0.3333, 0.35, 0.3667, 0.3833, 0.4, 0.4167, 0.4333],
            "transform": [
                [0.961912, 0.0, -0.27336, 0.0, 0.0, 1.0, 0.0, 0.4, 0.27336, 0.0, 0.961912, 0.0, 0.0, 0.0, 0.0, 1.0],
                [0.98264, -0.010081, -0.185249, 0.0, 0.008911, 0.999935, -0.007146, 0.4, 0.185309, 0.005371, 0.982666, 0.0, 0.0, 0.0, 0.0, 1.0],
                [0.998166, -0.033706, 0.050295, 0.0, 0.034834, 0.999157, -0.021731, 0.4, -0.04952, 0.023443, 0.998498, -0.0, 0.0, 0.0, 0.0, 1.0],
                [0.930003, -0.057671, 0.363001, 0.0, 0.073925, 0.996781, -0.031035, 0.4, -0.360043, 0.055698, 0.931272, -0.0, 0.0, 0.0, 0.0, 1.0],
                [0.766225, -0.070161, 0.638731, -0.0, 0.113855, 0.993117, -0.027493, 0.4, -0.632406, 0.093789, 0.768939, -0.0, 0.0, 0.0, 0.0, 1.0],
                [0.593682, -0.071215, 0.801542, -0.0, 0.141427, 0.989806, -0.01681, 0.4, -0.792175, 0.12334, 0.597701, 0.0, 0.0, 0.0, 0.0, 1.0],
                [0.518164, -0.069745, 0.852433, -0.0, 0.151182, 0.988444, -0.011025, 0.4, -0.841814, 0.134585, 0.52272, 0.0, 0.0, 0.0, 0.0, 1.0],
                [0.547459, -0.070196, 0.833883, 0.0, 0.1346, 0.990888, -0.004955, 0.4, -0.825937, 0.114953, 0.551919, -0.0, 0.0, 0.0, 0.0, 1.0],
                [0.620629, -0.068489, 0.781108, -0.0, 0.09556, 0.995359, 0.011347, 0.4, -0.77826, 0.067601, 0.624293, 0.0, 0.0, 0.0, 0.0, 1.0],
                [0.713664, -0.060269, 0.697891, 0.0, 0.050457, 0.998127, 0.034599, 0.4, -0.698668, 0.010521, 0.715368, -0.0, 0.0, 0.0, 0.0, 1.0],
                [0.804119, -0.045823, 0.5927, -0.0, 0.014445, 0.998236, 0.057579, 0.4, -0.594294, -0.037738, 0.803362, -0.0, 0.0, 0.0, 0.0, 1.0],
                [0.876692, -0.032021, 0.479986, 0.0, -0.000889, 0.997673, 0.06818, 0.4, -0.481052, -0.060199, 0.874623, 0.0, 0.0, 0.0, 0.0, 1.0],
                [0.927694, -0.022943, 0.372635, -0.0, -0.002573, 0.997693, 0.067831, 0.4, -0.373332, -0.063886, 0.925496, 0.0, 0.0, 0.0, 0.0, 1.0],
                [0.961408, -0.015401, 0.274696, 0.0, -0.003388, 0.997693, 0.067796, 0.4, -0.275107, -0.066111, 0.959138, -0.0, 0.0, 0.0, 0.0, 1.0],
                [0.981903, -0.009421, 0.189151, 0.0, -0.003506, 0.997686, 0.067896, 0.4, -0.189353, -0.06733, 0.979598, 0.0, 0.0, 0.0, 0.0, 1.0],
                [0.993023, -0.00492, 0.11782, 0.0, -0.003128, 0.997679, 0.068018, 0.4, -0.117881, -0.067912, 0.990703, 0.0, 0.0, 0.0, 0.0, 1.0],
                [0.998092, -0.001748, 0.061712, 0.0, -0.002464, 0.997675, 0.068111, 0.4, -0.061688, -0.068133, 0.995768, 0.0, 0.0, 0.0, 0.0, 1.0],
                [0.999772, 0.000274, 0.021339, -0.0, -0.001729, 0.997673, 0.06816, 0.4, -0.021271, -0.068181, 0.997446, -0.0, 0.0, 0.0, 0.0, 1.0],
                [0.999995, 0.001343, -0.003029, -0.0, -0.001134, 0.997673, 0.068177, 0.4, 0.003114, -0.068173, 0.997669, 0.0, 0.0, 0.0, 0.0, 1.0],
                [0.999936, 0.001656, -0.011196, -0.0, -0.000889, 0.997673, 0.06818, 0.4, 0.011283, -0.068166, 0.99761, -0.0, 0.0, 0.0, 0.0, 1.0],
                [0.999936, 0.001656, -0.011196, -0.0, -0.000889, 0.997673, 0.06818, 0.4, 0.011283, -0.068166, 0.99761, -0.0, 0.0, 0.0, 0.0, 1.0],
                [0.999936, 0.001656, -0.011196, -0.0, -0.000889, 0.997673, 0.06818, 0.4, 0.011283, -0.068166, 0.99761, -0.0, 0.0, 0.0, 0.0, 1.0],
                [0.999936, 0.001656, -0.011196, -0.0, -0.000889, 0.997673, 0.06818, 0.4, 0.011283, -0.068166, 0.99761, -0.0, 0.0, 0.0, 0.0, 1.0],
                [0.999936, 0.001656, -0.011196, -0.0, -0.000889, 0.997673, 0.06818, 0.4, 0.011283, -0.068166, 0.99761, -0.0, 0.0, 0.0, 0.0, 1.0],
                [0.999936, 0.001656, -0.011196, -0.0, -0.000889, 0.997673, 0.06818, 0.4, 0.011283, -0.068166, 0.99761, -0.0, 0.0, 0.0, 0.0, 1.0],
                [0.999936, 0.001656, -0.011196, -0.0, -0.000889, 0.997673, 0.06818, 0.4, 0.011283, -0.068166, 0.99761, -0.0, 0.0, 0.0, 0.0, 1.0],
                [0.999936, 0.001656, -0.011196, -0.0, -0.000889, 0.997673, 0.06818, 0.4, 0.011283, -0.068166, 0.99761, -0.0, 0.0, 0.0, 0.0, 1.0]
            ]
        },
        {
            "name": "Shoulder_R",
            "time": [0.0, 0.0167, 0.0333, 0.05, 0.0667, 0.0833, 0.1, 0.1167, 0.1333, 0.15, 0.1667, 0.1833, 0.2, 0.2167, 0.2333, 0.25, 0.2667, 0.2833, 0.3, 0.3167, 0.3333, 0.35, 0.3667, 0.3833, 0.4, 0.4167, 0.4333],
            "transform": [
                [0.0, 0.952114, 0.305743, 0.0, 0.0, -0.305743, 0.952114, 0.4, 1.0, 0.0, -0.0, -0.0, 0.0, 0.0, 0.0, 1.0],
                [0.0, 0.952114, 0.305743, 0.0, 0.0, -0.305743, 0.952114, 0.4, 1.0, 0.0, -0.0, 0.0, 0.0, 0.0, 0.0, 1.0],
                [0.0, 0.952114, 0.305743, 0.0, 0.0, -0.305743, 0.952114, 0.4, 1.0, 0.0, -0.0, 0.0, 0.0, 0.0, 0.0, 1.0],
                [0.0, 0.952114, 0.305743, 0.0, 0.0, -0.305743, 0.952114, 0.4, 1.0, 0.0, -0.0, -0.0, 0.0, 0.0, 0.0, 1.0],
                [0.0, 0.952114, 0.305743, -0.0, 0.0, -0.305743, 0.952114, 0.4, 1.0, 0.0, -0.0, -0.0, 0.0, 0.0, 0.0, 1.0],
                [0.0, 0.952114, 0.305743, 0.0, 0.0, -0.305743, 0.952114, 0.4, 1.0, 0.0, -0.0, 0.0, 0.0, 0.0, 0.0, 1.0],
                [0.0, 0.952114, 0.305743, 0.0, 0.0, -0.305743, 0.952114, 0.4, 1.0, -0.0, -0.0, 0.0, 0.0, 0.0, 0.0, 1.0],
                [0.0, 0.952114, 0.305743, 0.0, 0.0, -0.305743, 0.952114, 0.4, 1.0, 0.0, -0.0, -0.0, 0.0, 0.0, 0.0, 1.0],
                [0.0, 0.952114, 0.305743, 0.0, 0.0, -0.305743, 0.952114, 0.4, 1.0, 0.0, -0.0, 0.0, 0.0, 0.0, 0.0, 1.0],
                [0.0, 0.952114, 0.305743, -0.0, 0.0, -0.305743, 0.952114, 0.4, 1.0, 0.0, -0.0, -0.0, 0.0, 0.0, 0.0, 1.0],
                [0.0, 0.952114, 0.305743, -0.0, 0.0, -0.305743, 0.952114, 0.4, 1.0, -0.0, -0.0, -0.0, 0.0, 0.0, 0.0, 1.0],
                [0.0, 0.952114, 0.305743, 0.0, 0.0, -0.305743, 0.952114, 0.4, 1.0, 0.0, -0.0, -0.0, 0.0, 0.0, 0.0, 1.0],
                [0.0, 0.952114, 0.305743, 0.0, 0.0, -0.305743, 0.952114, 0.4, 1.0, 0.0, -0.0, -0.0, 0.0, 0.0, 0.0, 1.0],
                [0.0, 0.952114, 0.305743, -0.0, 0.0, -0.305743, 0.952114, 0.4, 1.0, 0.0, -0.0, 0.0, 0.0, 0.0, 0.0, 1.0],
                [0.0, 0.952114, 0.305743, 0.0, 0.0, -0.305743, 0.952114, 0.4, 1.0, 0.0, -0.0, 0.0, 0.0, 0.0, 0.0, 1.0],
                [0.0, 0.952114, 0.305743, -0.0, 0.0, -0.305743, 0.952114, 0.4, 1.0, -0.0, -0.0, 0.0, 0.0, 0.0, 0.0, 1.0],
                [0.0, 0.952114, 0.305743, 0.0, 0.0, -0.305743, 0.952114, 0.4, 1.0, 0.0, -0.0, 0.0, 0.0, 0.0, 0.0, 1.0],
                [0.0, 0.952114, 0.305743, -0.0, 0.0, -0.305743, 0.952114, 0.4, 1.0, 0.0, -0.0, -0.0, 0.0, 0.0, 0.0, 1.0],
                [0.0, 0.952114, 0.305743, 0.0, 0.0, -0.305743, 0.952114, 0.4, 1.0, 0.0, -0.0, 0.0, 0.0, 0.0, 0.0, 1.0],
                [0.0, 0.952114, 0.305743, -0.0, 0.0, -0.305743, 0.952114, 0.4, 1.0, 0.0, -0.0, 0.0, 0.0, 0.0, 0.0, 1.0],
                [0.0, 0.952114, 0.305743, -0.0, 0.0, -0.305743, 0.952114, 0.4, 1.0, 0.0, -0.0, 0.0, 0.0, 0.0, 0.0, 1.0],
                [0.0, 0.952114, 0.305743, -0.0, 0.0, -0.305743, 0.952114, 0.4, 1.0, 0.0, -0.0, 0.0, 0.0, 0.0, 0.0, 1.0],
                [0.0, 0.952114, 0.305743, -0.0, 0.0, -0.305743, 0.952114, 0.4, 1.0, 0.0, -0.0, 0.0, 0.0, 0.0, 0.0, 1.0],
                [0.0, 0.952114, 0.305743, -0.0, 0.0, -0.305743, 0.952114, 0.4, 1.0, 0.0, -0.0, 0.0, 0.0, 0.0, 0.0, 1.0],
                [0.0, 0.952114, 0.305743, -0.0, 0.0, -0.305743, 0.952114, 0.4, 1.0, 0.0, -0.0, 0.0, 0.0, 0.0, 0.0, 1.0],
                [0.0, 0.952114, 0.305743, -0.0, 0.0, -0.305743, 0.952114, 0.4, 1.0, 0.0, -0.0, 0.0, 0.0, 0.0, 0.0, 1.0],
                [0.0, 0.952114, 0.305743, -0.0, 0.0, -0.305743, 0.952114, 0.4, 1.0, 0.0, -0.0, 0.0, 0.0, 0.0, 0.0, 1.0]
            ]
        },
        {
            "name": "Arm_R",
            "time": [0.0, 0.0167, 0.0333, 0.05, 0.0667, 0.0833, 0.1, 0.1167, 0.1333, 0.15, 0.1667, 0.1833, 0.2, 0.2167, 0.2333, 0.25, 0.2667, 0.2833, 0.3, 0.3167, 0.3333, 0.35, 0.3667, 0.3833, 0.4, 0.4167, 0.4333],
            "transform": [
                [-0.01015, -0.51971, -0.854283, 0.0, -0.132162, 0.84753, -0.514031, 0.39386, 0.991176, 0.107686, -0.077289, 0.0, 0.0, 0.0, 0.0, 1.0],
                [0.043052, -0.560656, -0.826929, -0.0, -0.105055, 0.820568, -0.561812, 0.39386, 0.993534, 0.11106, -0.023572, 0.0, 0.0, 0.0, 0.0, 1.0],
                [0.195263, -0.231585, -0.953017, -0.0, -0.015748, 0.970856, -0.239146, 0.39386, 0.980624, 0.061704, 0.185925, 0.0, 0.0, 0.0, 0.0, 1.0],
                [0.442003, -0.080918, -0.893357, -0.0, 0.10182, 0.994013, -0.039658, 0.39386, 0.891216, -0.073433, 0.447595, 0.0, 0.0, 0.0, 0.0, 1.0],
                [0.683241, -0.108434, -0.722097, -0.0, 0.150516, 0.988589, -0.006035, 0.393861, 0.714511, -0.104564, 0.691766, -0.0, 0.0, 0.0, 0.0, 1.0],
                [0.786076, -0.235004, -0.571715, 0.0, 0.1568, 0.970468, -0.18332, 0.39386, 0.597912, 0.054458, 0.79971, 0.0, 0.0, 0.0, 0.0, 1.0],
                [0.808504, -0.327271, -0.489097, 0.0, 0.161005, 0.922406, -0.351063, 0.39386, 0.566038, 0.205089, 0.79846, 0.0, 0.0, 0.0, 0.0, 1.0],
                [0.846556, -0.218229, -0.48551, -0.0, 0.070499, 0.950029, -0.304097, 0.393861, 0.527611, 0.223207, 0.819637, 0.0, 0.0, 0.0, 0.0, 1.0],
                [0.881157, 0.046324, -0.47055, 0.0, -0.155941, 0.967979, -0.196722, 0.393861, 0.446369, 0.246721, 0.860165, -0.0, 0.0, 0.0, 0.0, 1.0],
                [0.830853, 0.319473, -0.455654, -0.0, -0.41239, 0.903245, -0.118672, 0.39386, 0.373654, 0.286507, 0.882211, -0.0, 0.0, 0.0, 0.0, 1.0],
                [0.733777, 0.511247, -0.447434, -0.0, -0.57154, 0.820574, 0.000297, 0.393861, 0.367305, 0.255509, 0.894317, 0.0, 0.0, 0.0, 0.0, 1.0],
                [0.687487, 0.594024, -0.417729, 0.0, -0.566218, 0.798653, 0.203844, 0.393861, 0.454708, 0.096386, 0.88541, -0.0, 0.0, 0.0, 0.0, 1.0],
                [0.663246, 0.572284, -0.482283, -0.0, -0.464779, 0.820052, 0.333911, 0.39386, 0.586589, 0.002691, 0.809881, -0.0, 0.0, 0.0, 0.0, 1.0],
                [0.575901, 0.49889, -0.647648, -0.0, -0.358806, 0.866078, 0.348092, 0.39386, 0.734572, 0.031914, 0.677779, -0.0, 0.0, 0.0, 0.0, 1.0],
                [0.391616, 0.195683, -0.89908, 0.0, -0.235328, 0.965927, 0.107729, 0.393861, 0.889526, 0.16939, 0.424322, 0.0, 0.0, 0.0, 0.0, 1.0],
                [0.178268, -0.275979, -0.944488, 0.0, -0.140112, 0.942963, -0.301979, 0.39386, 0.973955, 0.186167, 0.129432, 0.0, 0.0, 0.0, 0.0, 1.0],
                [0.039469, -0.603343, -0.796505, 0.0, -0.100538, 0.790683, -0.603915, 0.393861, 0.99415, 0.103915, -0.029452, 0.0, 0.0, 0.0, 0.0, 1.0],
                [-0.026745, -0.802303, -0.596319, 0.0, -0.072503, 0.596518, -0.799319, 0.39386, 0.99701, 0.021857, -0.074123, -0.0, 0.0, 0.0, 0.0, 1.0],
                [-0.055111, -0.929586, -0.364463, -0.0, -0.057785, 0.367375, -0.928276, 0.393861, 0.996806, -0.030098, -0.073963, 0.0, 0.0, 0.0, 0.0, 1.0],
                [-0.064096, -0.993281, -0.096368, 0.0, -0.063401, 0.100425, -0.992923, 0.39386, 0.995928, -0.057532, -0.069413, 0.0, 0.0, 0.0, 0.0, 1.0],
                [-0.064096, -0.993281, -0.096368, 0.0, -0.063401, 0.100425, -0.992923, 0.39386, 0.995928, -0.057532, -0.069413, 0.0, 0.0, 0.0, 0.0, 1.0],
                [-0.064096, -0.993281, -0.096368, 0.0, -0.063401, 0.100425, -0.992923, 0.39386, 0.995928, -0.057532, -0.069413, 0.0, 0.0, 0.0, 0.0, 1.0],
                [-0.064096, -0.993281, -0.096368, 0.0, -0.063401, 0.100425, -0.992923, 0.39386, 0.995928, -0.057532, -0.069413, 0.0, 0.0, 0.0, 0.0, 1.0],
                [-0.064096, -0.993281, -0.096368, 0.0, -0.063401, 0.100425, -0.992923, 0.39386, 0.995928, -0.057532, -0.069413, 0.0, 0.0, 0.0, 0.0, 1.0],
