{
    "animation": [
        {
            "name": "Root",
            "time": [0.0, 0.0167, 0.0333, 0.05, 0.0667, 0.0833, 0.1, 0.1167, 0.1333, 0.15, 0.1667, 0.1833, 0.2, 0.2167, 0.2333, 0.25, 0.2667, 0.2833, 0.3, 0.3167, 0.3333, 0.35, 0.3667, 0.3833, 0.4, 0.4167, 0.4333, 0.45, 0.4667, 0.4833, 0.5, 0.5167, 0.5333, 0.55, 0.5667, 0.5833, 0.6, 0.6167, 0.6333, 0.65, 0.6667, 0.6833, 0.7, 0.7167, 0.7333, 0.75, 0.7667, 0.7833, 0.8, 0.8167, 0.8333],
            "transform": [
                [1.0, 0.0, 0.0, -5e-06, 0.0, 0.54733, -0.836917, 0.049404, 0.0, 0.836917, 0.54733, 0.777207, 0.0, 0.0, 0.0, 1.0],
                [0.999994, 0.001838, -0.002811, -0.000346, -0.003359, 0.547327, -0.836912, 0.064475, 0.0, 0.836917, 0.54733, 0.777207, 0.0, 0.0, 0.0, 1.0],
                [0.999893, 0.007986, -0.012211, -0.002739, -0.01459, 0.547272, -0.836828, 0.105839, 0.0, 0.836917, 0.54733, 0.777207, 0.0, 0.0, 0.0, 1.0],
                [0.999372, 0.019399, -0.029663, -0.009233, -0.035443, 0.546986, -0.836391, 0.167726, 0.0, 0.836917, 0.54733, 0.777207, 0.0, 0.0, 0.0, 1.0],
                [0.997707, 0.037044, -0.056643, -0.021879, -0.06768, 0.546075, -0.834998, 0.244362, 0.0, 0.836917, 0.54733, 0.777207, 0.0, 0.0, 0.0, 1.0],
                [0.99359, 0.061873, -0.09461, -0.042728, -0.113046, 0.543822, -0.831552, 0.329977, 0.0, 0.836917, 0.54733, 0.777207, 0.0, 0.0, 0.0, 1.0],
                [0.984896, 0.094767, -0.144908, -0.07383, -0.173144, 0.539063, -0.824276, 0.418799, -0.0, 0.836917, 0.54733, 0.777207, 0.0, 0.0, 0.0, 1.0],
                [0.968453, 0.136392, -0.208555, -0.117237, -0.249194, 0.530064, -0.810515, 0.505055, -0.0, 0.836917, 0.54733, 0.777207, 0.0, 0.0, 0.0, 1.0],
                [0.939856, 0.186952, -0.285866, -0.174998, -0.34157, 0.514412, -0.786581, 0.582975, 0.0, 0.836917, 0.54733, 0.777207, 0.0, 0.0, 0.0, 1.0],
                [0.893481, 0.245806, -0.375859, -0.249166, -0.4491, 0.489029, -0.74777, 0.646785, -0.0, 0.836917, 0.54733, 0.777207, 0.0, 0.0, 0.0, 1.0],
                [0.822925, 0.310966, -0.475494, -0.341789, -0.56815, 0.450412, -0.68872, 0.690715, 0.0, 0.836917, 0.54733, 0.777207, 0.0, 0.0, 0.0, 1.0],
                [0.71983, 0.379929, -0.580946, -0.460343, -0.69415, 0.393985, -0.602438, 0.712108, 0.0, 0.836917, 0.54733, 0.777207, 0.0, 0.0, 0.0, 1.0],
                [0.587796, 0.442795, -0.677073, -0.594771, -0.809009, 0.321719, -0.491936, 0.720769, -0.0, 0.836917, 0.54733, 0.777207, 0.0, 0.0, 0.0, 1.0],
                [0.450108, 0.488752, -0.747345, -0.720833, -0.892974, 0.246358, -0.376703, 0.729619, -0.0, 0.836917, 0.54733, 0.777207, 0.0, 0.0, 0.0, 1.0],
                [0.341147, 0.514496, -0.78671, -0.814284, -0.94001, 0.18672, -0.285511, 0.751579, 0.0, 0.836917, 0.54733, 0.777207, 0.0, 0.0, 0.0, 1.0],
                [0.297329, 0.522577, -0.799067, -0.850883, -0.954775, 0.162737, -0.24884, 0.79957, -0.0, 0.836917, 0.54733, 0.777207, 0.0, 0.0, 0.0, 1.0],
                [0.300104, 0.522102, -0.79834, -0.850964, -0.953906, 0.164256, -0.251162, 1.121573, -0.0, 0.836917, 0.54733, 0.777207, 0.0, 0.0, 0.0, 1.0],
                [0.31067, 0.520247, -0.795504, -0.851025, -0.950518, 0.170039, -0.260005, 1.862131, 0.0, 0.836917, 0.54733, 0.777207, 0.0, 0.0, 0.0, 1.0],
                [0.332261, 0.516235, -0.78937, -0.851069, -0.943188, 0.181856, -0.278074, 2.879004, 0.0, 0.836917, 0.54733, 0.777207, 0.0, 0.0, 0.0, 1.0],
                [0.36791, 0.508941, -0.778217, -0.851098, -0.929861, 0.201368, -0.30791, 4.029952, 0.0, 0.836917, 0.54733, 0.777207, 0.0, 0.0, 0.0, 1.0],
                [0.420354, 0.496626, -0.759385, -0.851115, -0.90736, 0.230072, -0.351801, 5.172736, 0.0, 0.836917, 0.54733, 0.777207, 0.0, 0.0, 0.0, 1.0],
                [0.491717, 0.476591, -0.72875, -0.851125, -0.870755, 0.269131, -0.411526, 6.165116, 0.0, 0.836917, 0.54733, 0.777207, 0.0, 0.0, 0.0, 1.0],
                [0.582733, 0.444795, -0.680132, -0.851128, -0.812663, 0.318947, -0.487699, 6.864853, -0.0, 0.836917, 0.54733, 0.777207, 0.0, 0.0, 0.0, 1.0],
                [0.69112, 0.395577, -0.604873, -0.851128, -0.72274, 0.378271, -0.57841, 7.129708, 0.0, 0.836917, 0.54733, 0.777207, 0.0, 0.0, 0.0, 1.0],
                [0.827423, 0.307369, -0.469995, -0.782654, -0.561579, 0.452874, -0.692484, 7.101359, 0.0, 0.836917, 0.54733, 0.777207, 0.0, 0.0, 0.0, 1.0],
                [0.944475, 0.179843, -0.274997, -0.617605, -0.328583, 0.51694, -0.790447, 7.038993, 0.0, 0.836917, 0.54733, 0.777207, 0.0, 0.0, 0.0, 1.0],
                [0.993531, 0.062158, -0.095045, -0.416539, -0.113565, 0.543789, -0.831502, 6.976626, 0.0, 0.836917, 0.54733, 0.777207, 0.0, 0.0, 0.0, 1.0],
                [0.999763, 0.011908, -0.018208, -0.240017, -0.021756, 0.547201, -0.836719, 6.948278, 0.0, 0.836917, 0.54733, 0.777207, 0.0, 0.0, 0.0, 1.0],
                [0.999763, 0.011908, -0.018208, -0.124167, -0.021756, 0.547201, -0.836719, 6.971018, 0.0, 0.836917, 0.54733, 0.777207, 0.0, 0.0, 0.0, 1.0],
                [0.999763, 0.011908, -0.018208, -0.055741, -0.021756, 0.547201, -0.836719, 7.028451, 0.0, 0.836917, 0.54733, 0.777207, 0.0, 0.0, 0.0, 1.0],
                [0.999763, 0.011908, -0.018208, -0.021229, -0.021756, 0.547201, -0.836719, 7.104401, 0.0, 0.836917, 0.54733, 0.777207, 0.0, 0.0, 0.0, 1.0],
                [0.999763, 0.011908, -0.018208, -0.007121, -0.021756, 0.547201, -0.836719, 7.18269, 0.0, 0.836917, 0.54733, 0.777207, 0.0, 0.0, 0.0, 1.0],
                [0.999763, 0.011908, -0.018208, 9.1e-05, -0.021756, 0.547201, -0.836719, 7.247141, 0.0, 0.836917, 0.54733, 0.777207, 0.0, 0.0, 0.0, 1.0],
                [0.999984, -0.003087, 0.004721, 0.011116, 0.005641, 0.547321, -0.836903, 7.286036, 0.0, 0.836917, 0.54733, 0.777207, 0.0, 0.0, 0.0, 1.0],
                [0.996652, -0.044753, 0.068432, 0.025448, 0.081767, 0.545497, -0.834114, 7.305504, 0.0, 0.836917, 0.54733, 0.777207, 0.0, 0.0, 0.0, 1.0],
                [0.980515, -0.107521, 0.164409, 0.03978, 0.196446, 0.536665, -0.820609, 7.316131, 0.0, 0.836917, 0.54733, 0.777207, 0.0, 0.0, 0.0, 1.0],
                [0.941911, -0.183828, 0.281089, 0.050805, 0.335863, 0.515536, -0.788301, 7.328504, 0.0, 0.836917, 0.54733, 0.777207, 0.0, 0.0, 0.0, 1.0],
                [0.876067, -0.263917, 0.403553, 0.055215, 0.48219, 0.479498, -0.733195, 7.353212, -0.0, 0.836917, 0.54733, 0.777207, 0.0, 0.0, 0.0, 1.0],
                [0.785439, -0.338764, 0.518001, 0.054736, 0.618939, 0.429894, -0.657347, 7.397091, 0.0, 0.836917, 0.54733, 0.777207, 0.0, 0.0, 0.0, 1.0],
                [0.67111, -0.405767, 0.620455, 0.051385, 0.741358, 0.367319, -0.561663, 7.451971, 0.0, 0.836917, 0.54733, 0.777207, 0.0, 0.0, 0.0, 1.0],
                [0.527379, -0.465028, 0.71107, 0.042288, 0.84963, 0.288651, -0.441372, 7.50593, 0.0, 0.836917, 0.54733, 0.777207, 0.0, 0.0, 0.0, 1.0],
                [0.33912, -0.514897, 0.787324, 0.024572, 0.940743, 0.185611, -0.283816, 7.547048, 0.0, 0.836917, 0.54733, 0.777207, 0.0, 0.0, 0.0, 1.0],
                [0.079142, -0.545613, 0.834292, -0.004634, 0.996863, 0.043317, -0.066235, 7.563403, -0.0, 0.836917, 0.54733, 0.777207, 0.0, 0.0, 0.0, 1.0],
                [-0.34283, -0.51416, 0.786198, -0.061235, 0.939397, -0.187641, 0.28692, 7.538451, 0.0, 0.836917, 0.54733, 0.777207, 0.0, 0.0, 0.0, 1.0],
                [-0.842742, -0.294638, 0.450528, -0.144278, 0.538319, -0.461258, 0.705305, 7.478949, 0.0, 0.836917, 0.54733, 0.777207, 0.0, 0.0, 0.0, 1.0],
                [-0.99173, 0.070246, -0.107413, -0.231346, -0.128343, -0.542803, 0.829995, 7.407931, -0.0, 0.836917, 0.54733, 0.777207, 0.0, 0.0, 0.0, 1.0],
                [-0.817868, 0.314937, -0.481567, -0.300025, -0.575406, -0.447644, 0.684488, 7.34843, 0.0, 0.836917, 0.54733, 0.777207, 0.0, 0.0, 0.0, 1.0],
                [-0.707891, 0.386591, -0.591133, -0.3279, -0.706322, -0.38745, 0.592446, 7.323477, 0.0, 0.836917, 0.54733, 0.777207, 0.0, 0.0, 0.0, 1.0],
                [-0.707891, 0.386591, -0.591132, -0.3279, -0.706322, -0.38745, 0.592446, 7.323477, 0.0, 0.836917, 0.54733, 0.777207, 0.0, 0.0, 0.0, 1.0],
                [-0.707891, 0.386591, -0.591132, -0.3279, -0.706322, -0.38745, 0.592446, 7.323477, 0.0, 0.836917, 0.54733, 0.777207, 0.0, 0.0, 0.0, 1.0],
                [-0.707891, 0.386591, -0.591132, -0.3279, -0.706322, -0.38745, 0.592446, 7.323477, 0.0, 0.836917, 0.54733, 0.777207, 0.0, 0.0, 0.0, 1.0]
            ]
        },
        {
            "name": "Thigh_R",
            "time": [0.0, 0.0167, 0.0333, 0.05, 0.0667, 0.0833, 0.1, 0.1167, 0.1333, 0.15, 0.1667, 0.1833, 0.2, 0.2167, 0.2333, 0.25, 0.2667, 0.2833, 0.3, 0.3167, 0.3333, 0.35, 0.3667, 0.3833, 0.4, 0.4167, 0.4333, 0.45, 0.4667, 0.4833, 0.5, 0.5167, 0.5333, 0.55, 0.5667, 0.5833, 0.6, 0.6167, 0.6333, 0.65, 0.6667, 0.6833, 0.7, 0.7167, 0.7333, 0.75, 0.7667, 0.7833, 0.8, 0.8167, 0.8333],
            "transform": [
                [1.0, -1.4e-05, 6e-06, 0.124994, -1.2e-05, -0.470311, 0.882501, -0.002831, -1e-05, -0.882501, -0.470311, -1.2e-05, 0.0, 0.0, 0.0, 1.0],
                [0.994725, 0.03853, 0.095071, 0.124989, -0.064392, -0.486921, 0.871068, -0.002785, 0.079854, -0.872595, -0.481872, -0.000237, 0.0, 0.0, 0.0, 1.0],
                [0.946904, 0.101028, 0.305231, 0.124976, -0.200536, -0.556473, 0.806302, -0.002652, 0.251312, -0.8247, -0.506667, -0.000897, 0.0, 0.0, 0.0, 1.0],
                [0.859151, 0.093446, 0.503117, 0.124954, -0.315674, -0.677035, 0.664811, -0.002437, 0.402752, -0.729994, -0.552177, -0.001966, 0.0, 0.0, 0.0, 1.0],
                [0.783087, -0.006937, 0.621873, 0.124924, -0.375704, -0.802127, 0.464154, -0.002144, 0.495601, -0.597113, -0.630742, -0.00342, 0.0, 0.0, 0.0, 1.0],
                [0.742175, -0.158535, 0.651186, 0.124886, -0.389682, -0.892579, 0.226828, -0.001778, 0.545275, -0.422101, -0.724228, -0.005233, 0.0, 0.0, 0.0, 1.0],
                [0.735045, -0.315665, 0.600053, 0.124842, -0.368124, -0.929009, -0.037776, -0.001345, 0.569379, -0.193127, -0.799068, -0.007382, 0.0, 0.0, 0.0, 1.0],
                [0.753972, -0.480477, 0.447959, 0.124791, -0.314418, -0.862692, -0.396111, -0.00085, 0.576773, 0.15781, -0.801516, -0.009841, 0.0, 0.0, 0.0, 1.0],
                [0.789573, -0.421209, 0.44627, 0.124735, -0.227296, -0.876245, -0.424891, -0.000296, 0.57001, 0.234047, -0.787598, -0.012585, 0.0, 0.0, 0.0, 1.0],
                [0.8298, -0.304683, 0.467548, 0.124673, -0.104307, -0.907721, -0.406404, 0.000309, 0.548227, 0.288465, -0.785007, -0.015589, 0.0, 0.0, 0.0, 1.0],
                [0.858555, -0.018697, 0.51238, 0.124606, 0.053844, -0.990522, -0.126368, 0.000962, 0.509886, 0.136083, -0.849411, -0.01883, 0.0, 0.0, 0.0, 1.0],
                [0.857796, 0.356392, 0.370367, 0.124535, 0.236729, -0.913533, 0.330781, 0.001658, 0.456231, -0.196066, -0.867993, -0.022281, 0.0, 0.0, 0.0, 1.0],
                [0.820855, 0.569171, 0.047351, 0.12446, 0.409275, -0.644024, 0.646318, 0.002391, 0.39836, -0.511153, -0.761597, -0.025918, 0.0, 0.0, 0.0, 1.0],
                [0.763324, 0.58687, -0.270037, 0.124382, 0.54063, -0.351497, 0.76431, 0.003157, 0.353633, -0.729406, -0.585585, -0.029717, 0.0, 0.0, 0.0, 1.0],
                [0.709171, 0.551386, -0.439375, 0.124301, 0.620346, -0.191855, 0.760502, 0.00395, 0.335033, -0.81189, -0.478108, -0.033652, 0.0, 0.0, 0.0, 1.0],
                [0.672723, 0.587352, -0.449957, 0.124217, 0.651729, -0.182494, 0.736169, 0.004766, 0.350276, -0.788488, -0.505562, -0.037699, 0.0, 0.0, 0.0, 1.0],
                [0.626594, 0.71126, -0.318572, 0.124132, 0.682926, -0.304161, 0.664153, 0.005599, 0.375487, -0.633716, -0.676323, -0.041833, 0.0, 0.0, 0.0, 1.0],
                [0.564241, 0.821985, -0.077294, 0.124046, 0.731722, -0.454518, 0.507933, 0.006445, 0.382382, -0.343154, -0.857922, -0.046029, 0.0, 0.0, 0.0, 1.0],
                [0.511078, 0.859216, -0.023393, 0.123957, 0.772205, -0.447029, 0.451514, 0.007298, 0.377491, -0.248823, -0.891957, -0.050261, 0.0, 0.0, 0.0, 1.0],
                [0.479573, 0.876669, 0.038225, 0.123871, 0.796291, -0.453079, 0.4008, 0.008154, 0.368688, -0.161774, -0.915367, -0.054507, 0.0, 0.0, 0.0, 1.0],
                [0.474363, 0.874138, 0.104222, 0.123784, 0.802837, -0.478133, 0.35615, 0.009007, 0.361157, -0.085271, -0.928598, -0.05874, 0.0, 0.0, 0.0, 1.0],
                [0.499416, 0.849463, 0.170285, 0.123695, 0.788958, -0.527133, 0.315716, 0.009853, 0.357952, -0.023326, -0.933449, -0.062936, 0.0, 0.0, 0.0, 1.0],
                [0.563981, 0.794679, 0.224522, 0.123611, 0.742637, -0.606988, 0.282945, 0.010687, 0.361132, 0.007163, -0.932487, -0.06707, 0.0, 0.0, 0.0, 1.0],
                [0.690722, 0.721638, -0.0463, 0.123529, 0.621544, -0.559753, 0.54805, 0.011501, 0.369576, -0.407328, -0.835163, -0.071117, 0.0, 0.0, 0.0, 1.0],
                [0.822358, 0.535692, -0.191735, 0.123448, 0.400625, -0.305884, 0.863676, 0.012294, 0.404015, -0.787064, -0.466158, -0.075052, 0.0, 0.0, 0.0, 1.0],
                [0.843071, 0.522261, -0.128354, 0.123369, 0.249856, -0.169017, 0.953418, 0.013061, 0.476238, -0.835869, -0.272983, -0.078851, 0.0, 0.0, 0.0, 1.0],
                [0.817917, 0.56697, -0.097764, 0.123294, 0.252429, -0.200947, 0.94652, 0.013793, 0.517002, -0.798853, -0.307478, -0.082488, 0.0, 0.0, 0.0, 1.0],
                [0.823886, 0.545395, -0.15413, 0.123223, 0.344554, -0.266071, 0.900272, 0.01449, 0.449994, -0.794828, -0.40713, -0.085937, 0.0, 0.0, 0.0, 1.0],
                [0.836953, 0.48301, -0.257314, 0.123156, 0.434787, -0.301301, 0.848633, 0.015143, 0.332369, -0.822143, -0.462181, -0.089179, 0.0, 0.0, 0.0, 1.0],
                [0.835278, 0.453851, -0.31037, 0.123094, 0.489108, -0.355472, 0.7965, 0.015748, 0.251164, -0.817103, -0.518901, -0.092185, 0.0, 0.0, 0.0, 1.0],
                [0.831575, 0.434347, -0.346157, 0.123037, 0.523505, -0.40476, 0.749741, 0.016301, 0.185537, -0.804681, -0.563972, -0.094928, 0.0, 0.0, 0.0, 1.0],
                [0.823673, 0.397712, -0.404212, 0.122987, 0.55635, -0.428856, 0.711728, 0.016796, 0.109714, -0.811114, -0.574505, -0.097386, 0.0, 0.0, 0.0, 1.0],
                [0.792597, 0.31345, -0.523008, 0.122942, 0.609723, -0.414665, 0.675492, 0.017231, -0.00514, -0.854284, -0.519781, -0.099535, 0.0, 0.0, 0.0, 1.0],
                [0.727439, 0.147526, -0.670126, 0.122905, 0.670623, -0.359584, 0.648818, 0.017598, -0.145249, -0.921377, -0.360509, -0.101349, 0.0, 0.0, 0.0, 1.0],
                [0.643934, -0.059262, -0.762782, 0.122875, 0.722526, -0.280771, 0.631764, 0.017888, -0.251607, -0.957944, -0.13798, -0.102803, 0.0, 0.0, 0.0, 1.0],
                [0.559812, -0.222018, -0.798323, 0.122853, 0.773192, -0.206486, 0.599615, 0.018104, -0.297969, -0.952928, 0.056069, -0.103873, 0.0, 0.0, 0.0, 1.0],
                [0.508424, -0.313416, -0.802045, 0.122839, 0.806643, -0.152645, 0.570988, 0.018238, -0.301385, -0.937268, 0.175206, -0.104532, 0.0, 0.0, 0.0, 1.0],
                [0.513867, -0.385109, -0.766571, 0.122834, 0.799159, -0.109996, 0.590972, 0.018281, -0.311909, -0.916293, 0.25124, -0.104756, 0.0, 0.0, 0.0, 1.0],
                [0.53202, -0.465231, -0.707471, 0.122833, 0.772644, -0.075056, 0.630387, 0.018282, -0.346375, -0.882002, 0.319527, -0.104756, 0.0, 0.0, 0.0, 1.0],
                [0.503216, -0.518246, -0.691517, 0.122834, 0.781235, -0.069229, 0.620386, 0.018282, -0.369386, -0.852425, 0.370035, -0.104757, 0.0, 0.0, 0.0, 1.0],
                [0.447151, -0.529577, -0.720836, 0.122836, 0.816365, -0.087698, 0.570838, 0.018282, -0.365519, -0.843716, 0.393114, -0.104756, 0.0, 0.0, 0.0, 1.0],
                [0.427151, -0.491098, -0.759187, 0.122835, 0.836621, -0.103792, 0.53786, 0.018281, -0.34294, -0.864899, 0.366528, -0.104757, 0.0, 0.0, 0.0, 1.0],
                [0.513868, -0.385109, -0.76657, 0.122837, 0.799159, -0.109992, 0.590971, 0.018282, -0.311905, -0.916292, 0.251242, -0.104757, 0.0, 0.0, 0.0, 1.0],
                [0.766938, -0.270148, -0.582088, 0.122833, 0.56629, -0.141774, 0.811921, 0.018283, -0.301864, -0.952324, 0.04425, -0.104757, 0.0, 0.0, 0.0, 1.0],
                [0.951297, -0.281178, -0.126384, 0.122835, 0.083126, -0.160816, 0.983477, 0.018282, -0.296857, -0.946085, -0.129611, -0.104758, 0.0, 0.0, 0.0, 1.0],
                [0.480665, -0.743701, -0.464618, 0.122835, 0.61554, -0.091218, 0.782809, 0.018282, -0.624558, -0.66226, 0.413932, -0.104758, 0.0, 0.0, 0.0, 1.0],
                [0.235186, -0.449019, -0.862015, 0.122834, 0.927058, -0.162794, 0.337731, 0.018282, -0.291978, -0.878567, 0.37798, -0.104757, 0.0, 0.0, 0.0, 1.0],
                [0.26204, 0.049221, -0.963801, 0.122835, 0.949227, -0.193292, 0.248207, 0.018283, -0.174078, -0.979906, -0.097372, -0.104758, 0.0, 0.0, 0.0, 1.0],
                [0.262041, 0.04922, -0.963801, 0.122834, 0.949227, -0.193293, 0.248207, 0.018283, -0.174079, -0.979906, -0.097371, -0.104759, 0.0, 0.0, 0.0, 1.0],
                [0.262041, 0.049221, -0.963801, 0.122834, 0.949227, -0.193292, 0.248207, 0.018283, -0.174079, -0.979906, -0.097372, -0.104758, 0.0, 0.0, 0.0, 1.0],
                [0.262041, 0.049221, -0.963801, 0.122833, 0.949226, -0.193293, 0.248207, 0.018283, -0.174079, -0.979906, -0.097372, -0.104758, 0.0, 0.0, 0.0, 1.0]
            ]
        },
        {
            "name": "Leg_R",
            "time": [0.0, 0.0167, 0.0333, 0.05, 0.0667, 0.0833, 0.1, 0.1167, 0.1333, 0.15, 0.1667, 0.1833, 0.2, 0.2167, 0.2333, 0.25, 0.2667, 0.2833, 0.3, 0.3167, 0.3333, 0.35, 0.3667, 0.3833, 0.4, 0.4167, 0.4333, 0.45, 0.4667, 0.4833, 0.5, 0.5167, 0.5333, 0.55, 0.5667, 0.5833, 0.6, 0.6167, 0.6333, 0.65, 0.6667, 0.6833, 0.7, 0.7167, 0.7333, 0.75, 0.7667, 0.7833, 0.8, 0.8167, 0.8333],
            "transform": [
                [1.0, 2.1e-05, 2e-05, -0.0, -2.2e-05, 0.069243, 0.9976, 0.374726, 1.9e-05, -0.9976, 0.069243, -0.0, 0.0, 0.0, 0.0, 1.0],
                [1.0, 2e-05, 2e-05, 0.0, -2.1e-05, 0.071658, 0.997429, 0.374726, 1.9e-05, -0.997429, 0.071658, 0.0, 0.0, 0.0, 0.0, 1.0],
                [1.0, 2.1e-05, 2e-05, 0.0, -2.2e-05, 0.094758, 0.995501, 0.374726, 1.9e-05, -0.9955, 0.094758, 0.0, 0.0, 0.0, 0.0, 1.0],
                [1.0, 2e-05, 1.8e-05, 0.0, -2.1e-05, 0.16968, 0.985499, 0.374726, 1.7e-05, -0.985499, 0.16968, -0.0, 0.0, 0.0, 0.0, 1.0],
                [1.0, 2e-05, 1.5e-05, 0.0, -2.1e-05, 0.318723, 0.947848, 0.374726, 1.4e-05, -0.947847, 0.318723, 0.0, 0.0, 0.0, 0.0, 1.0],
                [1.0, 1.8e-05, 1.1e-05, 0.0, -1.9e-05, 0.539261, 0.842139, 0.374726, 1e-05, -0.842139, 0.539261, -0.0, 0.0, 0.0, 0.0, 1.0],
                [1.0, 1.3e-05, 5e-06, 0.0, -1.3e-05, 0.79803, 0.602617, 0.374726, 4e-06, -0.602618, 0.79803, 0.0, 0.0, 0.0, 0.0, 1.0],
                [1.0, 0.0, 1e-06, 0.0, 0.0, 0.999999, 0.00146, 0.374726, -1e-06, -0.00146, 0.999999, -0.0, 0.0, 0.0, 0.0, 1.0],
                [1.0, -0.0, 1e-06, -0.0, 0.0, 0.999999, 0.001463, 0.374726, -1e-06, -0.001463, 0.999999, 0.0, 0.0, 0.0, 0.0, 1.0],
                [1.0, 0.0, 1e-06, -0.0, 0.0, 0.999999, 0.001462, 0.374726, -1e-06, -0.001462, 0.999999, -0.0, 0.0, 0.0, 0.0, 1.0],
                [1.0, 8e-06, 2e-06, 0.0, -9e-06, 0.9257, 0.378257, 0.374726, 1e-06, -0.378257, 0.925701, 0.0, 0.0, 0.0, 0.0, 1.0],
                [1.0, 1.5e-05, 8e-06, -0.0, -1.5e-05, 0.597385, 0.801954, 0.374726, 7e-06, -0.801954, 0.597385, -0.0, 0.0, 0.0, 0.0, 1.0],
                [1.0, 2e-05, 1.4e-05, -0.0, -2e-05, 0.36099, 0.93257, 0.374726, 1.3e-05, -0.93257, 0.360991, 0.0, 0.0, 0.0, 0.0, 1.0],
                [1.0, 2e-05, 1.5e-05, -0.0, -2e-05, 0.334512, 0.942391, 0.374726, 1.4e-05, -0.942392, 0.334512, -0.0, 0.0, 0.0, 0.0, 1.0],
                [1.0, 1.9e-05, 1.2e-05, 0.0, -1.9e-05, 0.474926, 0.880025, 0.374726, 1.1e-05, -0.880026, 0.474926, -0.0, 0.0, 0.0, 0.0, 1.0],
                [1.0, 1.6e-05, 8e-06, -0.0, -1.7e-05, 0.636379, 0.771376, 0.374726, 7e-06, -0.771377, 0.63638, 0.0, 0.0, 0.0, 0.0, 1.0],
                [1.0, 1.2e-05, 4e-06, -0.0, -1.2e-05, 0.861419, 0.507895, 0.374726, 3e-06, -0.507895, 0.861419, -0.0, 0.0, 0.0, 0.0, 1.0],
                [1.0, 0.0, 1e-06, -0.0, -0.0, 0.999999, 0.001464, 0.374726, -1e-06, -0.001464, 0.999999, -0.0, 0.0, 0.0, 0.0, 1.0],
                [1.0, 0.0, 1e-06, -0.0, 0.0, 0.999999, 0.001471, 0.374726, -1e-06, -0.001471, 0.999999, -0.0, 0.0, 0.0, 0.0, 1.0],
                [1.0, 0.0, 1e-06, 0.0, -0.0, 0.999999, 0.001475, 0.374726, -1e-06, -0.001476, 0.999999, -0.0, 0.0, 0.0, 0.0, 1.0],
                [1.0, -0.0, 1e-06, 0.0, 0.0, 0.999999, 0.001478, 0.374726, -1e-06, -0.001478, 0.999999, 0.0, 0.0, 0.0, 0.0, 1.0],
                [1.0, 0.0, 1e-06, -0.0, 0.0, 0.999999, 0.001477, 0.374726, -1e-06, -0.001477, 0.999999, -0.0, 0.0, 0.0, 0.0, 1.0],
                [1.0, 0.0, 1e-06, 0.0, 0.0, 0.999999, 0.001471, 0.374726, -1e-06, -0.001471, 0.999999, 0.0, 0.0, 0.0, 0.0, 1.0],
                [1.0, 1.3e-05, 6e-06, -0.0, -1.3e-05, 0.711239, 0.70295, 0.374726, 5e-06, -0.70295, 0.711239, -0.0, 0.0, 0.0, 0.0, 1.0],
                [1.0, 1.8e-05, 1.7e-05, -0.0, -1.9e-05, 0.097841, 0.995202, 0.374726, 1.7e-05, -0.995201, 0.09784, 0.0, 0.0, 0.0, 0.0, 1.0],
                [1.0, 2.4e-05, 2.2e-05, 0.0, -2.4e-05, 0.094948, 0.995482, 0.374726, 2.1e-05, -0.995482, 0.094948, 0.0, 0.0, 0.0, 0.0, 1.0],
                [1.0, 2.3e-05, 1.7e-05, 0.0, -2.3e-05, 0.30344, 0.95285, 0.374726, 1.6e-05, -0.95285, 0.30344, -0.0, 0.0, 0.0, 0.0, 1.0],
                [1.0, 1.4e-05, 1e-05, -0.0, -1.5e-05, 0.428784, 0.903407, 0.374726, 9e-06, -0.903407, 0.428784, -0.0, 0.0, 0.0, 0.0, 1.0],
                [1.0, 1.9e-05, 1.3e-05, 0.0, -2e-05, 0.427829, 0.903859, 0.374726, 1.2e-05, -0.903859, 0.427829, 0.0, 0.0, 0.0, 0.0, 1.0],
                [1.0, 1.7e-05, 1.1e-05, 0.0, -1.7e-05, 0.434403, 0.900719, 0.374726, 1e-05, -0.900718, 0.434403, -1e-06, 0.0, 0.0, 0.0, 1.0],
                [1.0, 1.9e-05, 1.3e-05, 0.0, -2e-05, 0.442904, 0.896569, 0.374726, 1.1e-05, -0.896569, 0.442903, -1e-06, 0.0, 0.0, 0.0, 1.0],
                [1.0, 1.9e-05, 1.3e-05, 0.0, -1.9e-05, 0.438467, 0.898747, 0.374726, 1.1e-05, -0.898748, 0.438467, -0.0, 0.0, 0.0, 0.0, 1.0],
                [1.0, 1.7e-05, 1.2e-05, -0.0, -1.7e-05, 0.411064, 0.911606, 0.374726, 1.1e-05, -0.911607, 0.411064, 1e-06, 0.0, 0.0, 0.0, 1.0],
                [1.0, 2e-05, 1.5e-05, 0.0, -2.1e-05, 0.339376, 0.940651, 0.374726, 1.4e-05, -0.940651, 0.339375, 0.0, 0.0, 0.0, 0.0, 1.0],
                [1.0, 2e-05, 1.6e-05, 0.0, -2.1e-05, 0.272302, 0.962212, 0.374726, 1.5e-05, -0.962212, 0.272302, 0.0, 0.0, 0.0, 0.0, 1.0],
                [1.0, 2.3e-05, 1.7e-05, 1e-06, -2.3e-05, 0.282019, 0.959409, 0.374726, 1.7e-05, -0.959409, 0.282019, 0.0, 0.0, 0.0, 0.0, 1.0],
                [1.0, 1.5e-05, 1.1e-05, 0.0, -1.6e-05, 0.345031, 0.93859, 0.374726, 1e-05, -0.938591, 0.345032, 0.0, 0.0, 0.0, 0.0, 1.0],
                [1.0, 2.2e-05, 1.6e-05, -0.0, -2.3e-05, 0.368957, 0.929446, 0.374726, 1.5e-05, -0.929446, 0.368957, -0.0, 0.0, 0.0, 0.0, 1.0],
                [1.0, 2.2e-05, 1.6e-05, -0.0, -2.3e-05, 0.370046, 0.929013, 0.374726, 1.5e-05, -0.929013, 0.370046, 0.0, 0.0, 0.0, 0.0, 1.0],
                [1.0, 2e-05, 1.4e-05, -1e-06, -2.1e-05, 0.421122, 0.907004, 0.374726, 1.3e-05, -0.907004, 0.421122, 0.0, 0.0, 0.0, 0.0, 1.0],
                [1.0, 1.8e-05, 1.2e-05, 1e-06, -1.9e-05, 0.480587, 0.876947, 0.374726, 1.1e-05, -0.876947, 0.480587, 1e-06, 0.0, 0.0, 0.0, 1.0],
                [1.0, 2.1e-05, 1.3e-05, -1e-06, -2.1e-05, 0.479969, 0.877285, 0.374726, 1.2e-05, -0.877285, 0.47997, 0.0, 0.0, 0.0, 0.0, 1.0],
                [1.0, 1.5e-05, 1.1e-05, -1e-06, -1.5e-05, 0.368954, 0.929447, 0.374726, 1e-05, -0.929448, 0.368954, 0.0, 0.0, 0.0, 0.0, 1.0],
                [1.0, 1.4e-05, 1.4e-05, -0.0, -1.5e-05, 0.093191, 0.995648, 0.374726, 1.3e-05, -0.995648, 0.093191, 0.0, 0.0, 0.0, 0.0, 1.0],
                [1.0, 1.8e-05, 1.9e-05, -0.0, -1.9e-05, -0.00676, 0.999976, 0.374726, 1.8e-05, -0.999977, -0.00676, 0.0, 0.0, 0.0, 0.0, 1.0],
                [1.0, 2.1e-05, 1.7e-05, 1e-06, -2.2e-05, 0.239456, 0.970907, 0.374726, 1.6e-05, -0.970907, 0.239456, 0.0, 0.0, 0.0, 0.0, 1.0],
                [1.0, 1.3e-05, 6e-06, -0.0, -1.4e-05, 0.710548, 0.703649, 0.374726, 5e-06, -0.703648, 0.710548, 0.0, 0.0, 0.0, 0.0, 1.0],
                [1.0, 0.0, 1e-06, -0.0, 0.0, 0.999999, 0.00146, 0.374727, -1e-06, -0.00146, 0.999999, 0.0, 0.0, 0.0, 0.0, 1.0],
                [1.0, 0.0, 1e-06, -0.0, -0.0, 0.999999, 0.00146, 0.374726, -1e-06, -0.00146, 0.999999, 0.0, 0.0, 0.0, 0.0, 1.0],
                [1.0, 0.0, 1e-06, 0.0, 0.0, 0.999999, 0.00146, 0.374726, -1e-06, -0.00146, 0.999999, 0.0, 0.0, 0.0, 0.0, 1.0],
                [1.0, 0.0, 1e-06, 0.0, -0.0, 0.999999, 0.00146, 0.374726, -1e-06, -0.00146, 0.999999, -0.0, 0.0, 0.0, 0.0, 1.0]
            ]
        },
        {
            "name": "Knee_R",
            "time": [0.0, 0.8333],
            "transform": [
                [1.0, 0.0, -0.0, 0.0, -0.0, 0.00567, -0.999984, 0.476255, -0.0, 0.999984, 0.00567, -0.000576, 0.0, 0.0, 0.0, 1.0],
                [1.0, 0.0, -0.0, -0.0, -0.0, 0.00567, -0.999984, 0.374726, -0.0, 0.999984, 0.00567, -0.0, 0.0, 0.0, 0.0, 1.0]
            ]
        },
        {
            "name": "Thigh_L",
            "time": [0.0, 0.0167, 0.0333, 0.05, 0.0667, 0.0833, 0.1, 0.1167, 0.1333, 0.15, 0.1667, 0.1833, 0.2, 0.2167, 0.2333, 0.25, 0.2667, 0.2833, 0.3, 0.3167, 0.3333, 0.35, 0.3667, 0.3833, 0.4, 0.4167, 0.4333, 0.45, 0.4667, 0.4833, 0.5, 0.5167, 0.5333, 0.55, 0.5667, 0.5833, 0.6, 0.6167, 0.6333, 0.65, 0.6667, 0.6833, 0.7, 0.7167, 0.7333, 0.75, 0.7667, 0.7833, 0.8, 0.8167, 0.8333],
            "transform": [
                [1.0, -7e-06, 1e-06, -0.125006, -7e-06, -0.998262, 0.058931, -0.002831, 1e-06, -0.05893, -0.998262, -1.2e-05, 0.0, 0.0, 0.0, 1.0],
                [0.999623, 0.007126, 0.026494, -0.125003, 0.003209, -0.989419, 0.145046, -0.003013, 0.027247, -0.144906, -0.98907, 2.5e-05, 0.0, 0.0, 0.0, 1.0],
                [0.994243, 0.041384, 0.098832, -0.124995, 0.005668, -0.941419, 0.33719, -0.003547, 0.106997, -0.334689, -0.936234, 0.000135, 0.0, 0.0, 0.0, 1.0],
                [0.971158, 0.119303, 0.206442, -0.124981, -0.01596, -0.83135, 0.55552, -0.004412, 0.237901, -0.542793, -0.805468, 0.000311, 0.0, 0.0, 0.0, 1.0],
                [0.908104, 0.241704, 0.341945, -0.124963, -0.098879, -0.66973, 0.735992, -0.005588, 0.406903, -0.702168, -0.584285, 0.000552, 0.0, 0.0, 0.0, 1.0],
                [0.783385, 0.377572, 0.493708, -0.12494, -0.265951, -0.514313, 0.815324, -0.007055, 0.561764, -0.770014, -0.30249, 0.000852, 0.0, 0.0, 0.0, 1.0],
                [0.623695, 0.459613, 0.632266, -0.124913, -0.468947, -0.427124, 0.773081, -0.008793, 0.625374, -0.778666, -0.050861, 0.001207, 0.0, 0.0, 0.0, 1.0],
                [0.509019, 0.453353, 0.73169, -0.124882, -0.623438, -0.391927, 0.676549, -0.010782, 0.593485, -0.80054, 0.08314, 0.001614, 0.0, 0.0, 0.0, 1.0],
                [0.481379, 0.391826, 0.784058, -0.124847, -0.701257, -0.364484, 0.612691, -0.013002, 0.525845, -0.844762, 0.099316, 0.002068, 0.0, 0.0, 0.0, 1.0],
                [0.534568, 0.325723, 0.779834, -0.124809, -0.707715, -0.33182, 0.623727, -0.015433, 0.461927, -0.885325, 0.053138, 0.002565, 0.0, 0.0, 0.0, 1.0],
                [0.654132, 0.290333, 0.69844, -0.124768, -0.634755, -0.291452, 0.715641, -0.018054, 0.411336, -0.911462, -0.006357, 0.003102, 0.0, 0.0, 0.0, 1.0],
                [0.807868, 0.277592, 0.519897, -0.124724, -0.470946, -0.226313, 0.852638, -0.020846, 0.354345, -0.933663, -0.0521, 0.003672, 0.0, 0.0, 0.0, 1.0],
                [0.938353, 0.232729, 0.255598, -0.124678, -0.225883, -0.146899, 0.963015, -0.023789, 0.261668, -0.961383, -0.085274, 0.004274, 0.0, 0.0, 0.0, 1.0],
                [0.988646, 0.140137, -0.05422, -0.12463, 0.070279, -0.112317, 0.991184, -0.026862, 0.132812, -0.983742, -0.120891, 0.004903, 0.0, 0.0, 0.0, 1.0],
                [0.939759, 0.050182, -0.338135, -0.124581, 0.341665, -0.169388, 0.924431, -0.030045, -0.010886, -0.984271, -0.17633, 0.005554, 0.0, 0.0, 0.0, 1.0],
                [0.849151, 0.018619, -0.527821, -0.124529, 0.505485, -0.318266, 0.801991, -0.033319, -0.153055, -0.947818, -0.279668, 0.006223, 0.0, 0.0, 0.0, 1.0],
                [0.783404, 0.039798, -0.620238, -0.124477, 0.558106, -0.484182, 0.673859, -0.036663, -0.27349, -0.874062, -0.401521, 0.006907, 0.0, 0.0, 0.0, 1.0],
                [0.744626, 0.081856, -0.662445, -0.124424, 0.566829, -0.601626, 0.562807, -0.040058, -0.352474, -0.794573, -0.494384, 0.007601, 0.0, 0.0, 0.0, 1.0],
                [0.730264, 0.125739, -0.671494, -0.124371, 0.556945, -0.678802, 0.478582, -0.043482, -0.395635, -0.723476, -0.565734, 0.008302, 0.0, 0.0, 0.0, 1.0],
                [0.737706, 0.161967, -0.655405, -0.124316, 0.538841, -0.726134, 0.42706, -0.046916, -0.406742, -0.668204, -0.622948, 0.009004, 0.0, 0.0, 0.0, 1.0],
                [0.764258, 0.186463, -0.617367, -0.124264, 0.515123, -0.752465, 0.410421, -0.050341, -0.388018, -0.631688, -0.671128, 0.009705, 0.0, 0.0, 0.0, 1.0],
                [0.806278, 0.198708, -0.557164, -0.124212, 0.483685, -0.763691, 0.427582, -0.053735, -0.340537, -0.614241, -0.711859, 0.010398, 0.0, 0.0, 0.0, 1.0],
                [0.858407, 0.200991, -0.471954, -0.124156, 0.439359, -0.762952, 0.474203, -0.057079, -0.264767, -0.614416, -0.74323, 0.011082, 0.0, 0.0, 0.0, 1.0],
                [0.912836, 0.197574, -0.357345, -0.124106, 0.37511, -0.751499, 0.542718, -0.060354, -0.161317, -0.629457, -0.760106, 0.011752, 0.0, 0.0, 0.0, 1.0],
                [0.961605, 0.160096, -0.222904, -0.124056, 0.265556, -0.747779, 0.608529, -0.063537, -0.06926, -0.644357, -0.761582, 0.012403, 0.0, 0.0, 0.0, 1.0],
                [0.992087, 0.061154, -0.109647, -0.124009, 0.118577, -0.743374, 0.658282, -0.06661, -0.041252, -0.666075, -0.744744, 0.013032, 0.0, 0.0, 0.0, 1.0],
                [0.995791, -0.065332, -0.064286, -0.123963, -0.001634, -0.713922, 0.700223, -0.069553, -0.091642, -0.697171, -0.711023, 0.013633, 0.0, 0.0, 0.0, 1.0],
                [0.97818, -0.164784, -0.126532, -0.123919, -0.02217, -0.688344, 0.725046, -0.072343, -0.206574, -0.70642, -0.676977, 0.014207, 0.0, 0.0, 0.0, 1.0],
                [0.951284, -0.212062, -0.223802, -0.123878, 0.017449, -0.687695, 0.72579, -0.074964, -0.307819, -0.694338, -0.650494, 0.01474, 0.0, 0.0, 0.0, 1.0],
                [0.935442, -0.221562, -0.275423, -0.12384, 0.049434, -0.689521, 0.722577, -0.077398, -0.350005, -0.689544, -0.634054, 0.015238, 0.0, 0.0, 0.0, 1.0],
                [0.928975, -0.204521, -0.308506, -0.123806, 0.084804, -0.693706, 0.715248, -0.079618, -0.360296, -0.69061, -0.627092, 0.015692, 0.0, 0.0, 0.0, 1.0],
                [0.923305, -0.168172, -0.345291, -0.123774, 0.133409, -0.702623, 0.698943, -0.081606, -0.360152, -0.691403, -0.6263, 0.016098, 0.0, 0.0, 0.0, 1.0],
                [0.905383, -0.119583, -0.407407, -0.123747, 0.202849, -0.721113, 0.662455, -0.083344, -0.373006, -0.682418, -0.628627, 0.016454, 0.0, 0.0, 0.0, 1.0],
                [0.850041, -0.094862, -0.518104, -0.123724, 0.275997, -0.757575, 0.591529, -0.084809, -0.448616, -0.645818, -0.617788, 0.016754, 0.0, 0.0, 0.0, 1.0],
                [0.73322, -0.117928, -0.669688, -0.123706, 0.310092, -0.818495, 0.483642, -0.085988, -0.605171, -0.562281, -0.563568, 0.016994, 0.0, 0.0, 0.0, 1.0],
                [0.564687, -0.158072, -0.810026, -0.123692, 0.284717, -0.88392, 0.370974, -0.086852, -0.774639, -0.440112, -0.454132, 0.017171, 0.0, 0.0, 0.0, 1.0],
                [0.412621, -0.194797, -0.88983, -0.123684, 0.235534, -0.920829, 0.310802, -0.087384, -0.879925, -0.337829, -0.334072, 0.01728, 0.0, 0.0, 0.0, 1.0],
                [0.318362, -0.242786, -0.916352, -0.123682, 0.219963, -0.921346, 0.320529, -0.087569, -0.922097, -0.303608, -0.239917, 0.017318, 0.0, 0.0, 0.0, 1.0],
                [0.260301, -0.27445, -0.9257, -0.123683, 0.256134, -0.904772, 0.340269, -0.087567, -0.930934, -0.325676, -0.165217, 0.017319, 0.0, 0.0, 0.0, 1.0],
                [0.2203, -0.253815, -0.941831, -0.123681, 0.306214, -0.898746, 0.313829, -0.087569, -0.926122, -0.357538, -0.120272, 0.017317, 0.0, 0.0, 0.0, 1.0],
                [0.202656, -0.201925, -0.958205, -0.123679, 0.329735, -0.907297, 0.260935, -0.087568, -0.922065, -0.368834, -0.117288, 0.017318, 0.0, 0.0, 0.0, 1.0],
                [0.226595, -0.171948, -0.958691, -0.123681, 0.30302, -0.923001, 0.237168, -0.087569, -0.925653, -0.344244, -0.157043, 0.017317, 0.0, 0.0, 0.0, 1.0],
                [0.318361, -0.242784, -0.916353, -0.12368, 0.219967, -0.921345, 0.320528, -0.087569, -0.922096, -0.303611, -0.239916, 0.017317, 0.0, 0.0, 0.0, 1.0],
                [0.552103, -0.42616, -0.716638, -0.123683, 0.122003, -0.808966, 0.575057, -0.087568, -0.824801, -0.404922, -0.394639, 0.017318, 0.0, 0.0, 0.0, 1.0],
                [0.792642, -0.541105, -0.280934, -0.123681, -0.035429, -0.500885, 0.864789, -0.087569, -0.608656, -0.675515, -0.416194, 0.017317, 0.0, 0.0, 0.0, 1.0],
                [0.349725, -0.877377, -0.328487, -0.123681, 0.350203, -0.202779, 0.914461, -0.087567, -0.868936, -0.434847, 0.236343, 0.017316, 0.0, 0.0, 0.0, 1.0],
                [-0.050489, -0.913291, -0.404168, -0.123682, 0.721626, -0.313126, 0.617421, -0.087568, -0.69044, -0.260485, 0.674863, 0.017318, 0.0, 0.0, 0.0, 1.0],
                [-0.000654, -0.898128, -0.439733, -0.12368, 0.759393, -0.28655, 0.584132, -0.087567, -0.650631, -0.333549, 0.68222, 0.017317, 0.0, 0.0, 0.0, 1.0],
                [-0.000654, -0.898128, -0.439734, -0.123681, 0.759393, -0.28655, 0.584132, -0.087567, -0.650631, -0.333549, 0.68222, 0.017316, 0.0, 0.0, 0.0, 1.0],
                [-0.000653, -0.898128, -0.439734, -0.123681, 0.759394, -0.28655, 0.584132, -0.087567, -0.650631, -0.333549, 0.68222, 0.017316, 0.0, 0.0, 0.0, 1.0],
                [-0.000654, -0.898128, -0.439733, -0.123682, 0.759393, -0.286551, 0.584132, -0.087568, -0.650631, -0.333548, 0.68222, 0.017317, 0.0, 0.0, 0.0, 1.0]
            ]
        },
        {
            "name": "Leg_L",
            "time": [0.0, 0.0167, 0.0333, 0.05, 0.0667, 0.0833, 0.1, 0.1167, 0.1333, 0.15, 0.1667, 0.1833, 0.2, 0.2167, 0.2333, 0.25, 0.2667, 0.2833, 0.3, 0.3167, 0.3333, 0.35, 0.3667, 0.3833, 0.4, 0.4167, 0.4333, 0.45, 0.4667, 0.4833, 0.5, 0.5167, 0.5333, 0.55, 0.5667, 0.5833, 0.6, 0.6167, 0.6333, 0.65, 0.6667, 0.6833, 0.7, 0.7167, 0.7333, 0.75, 0.7667, 0.7833, 0.8, 0.8167, 0.8333],
            "transform": [
                [1.0, 1.3e-05, 5e-06, -0.0, -1.3e-05, 0.787169, 0.616738, 0.374726, 4e-06, -0.616738, 0.787169, -0.0, 0.0, 0.0, 0.0, 1.0],
                [1.0, 1.5e-05, 7e-06, 0.0, -1.5e-05, 0.705242, 0.708967, 0.374726, 6e-06, -0.708966, 0.705243, -0.0, 0.0, 0.0, 0.0, 1.0],
                [1.0, 1.8e-05, 1.1e-05, -0.0, -1.9e-05, 0.506106, 0.862471, 0.374726, 1e-05, -0.862471, 0.506106, -0.0, 0.0, 0.0, 0.0, 1.0],
                [1.0, 2e-05, 1.6e-05, 0.0, -2e-05, 0.270887, 0.962611, 0.374726, 1.5e-05, -0.962611, 0.270887, -0.0, 0.0, 0.0, 0.0, 1.0],
                [1.0, 2.1e-05, 2e-05, 0.0, -2.2e-05, 0.074218, 0.997242, 0.374726, 1.9e-05, -0.997241, 0.074218, -0.0, 0.0, 0.0, 0.0, 1.0],
                [1.0, 2.2e-05, 2.3e-05, -0.0, -2.2e-05, -0.036405, 0.999337, 0.374726, 2.3e-05, -0.999337, -0.036405, -0.0, 0.0, 0.0, 0.0, 1.0],
                [1.0, 1.9e-05, 2e-05, 0.0, -1.9e-05, -0.048737, 0.998811, 0.374726, 2e-05, -0.998812, -0.048737, 0.0, 0.0, 0.0, 0.0, 1.0],
                [1.0, 1.8e-05, 1.9e-05, 0.0, -1.9e-05, 0.01263, 0.99992, 0.374726, 1.8e-05, -0.99992, 0.01263, 0.0, 0.0, 0.0, 0.0, 1.0],
                [1.0, 2.1e-05, 2e-05, -0.0, -2.2e-05, 0.096531, 0.99533, 0.374726, 1.9e-05, -0.99533, 0.096531, -0.0, 0.0, 0.0, 0.0, 1.0],
                [1.0, 2.1e-05, 1.9e-05, 0.0, -2.1e-05, 0.142883, 0.98974, 0.374726, 1.8e-05, -0.989739, 0.142883, 0.0, 0.0, 0.0, 0.0, 1.0],
                [1.0, 2.4e-05, 2.2e-05, 0.0, -2.4e-05, 0.111317, 0.993785, 0.374726, 2.1e-05, -0.993785, 0.111317, -0.0, 0.0, 0.0, 0.0, 1.0],
                [1.0, 2.4e-05, 2.4e-05, 0.0, -2.4e-05, 0.038149, 0.999271, 0.374726, 2.3e-05, -0.999272, 0.038149, -0.0, 0.0, 0.0, 0.0, 1.0],
                [1.0, 1.8e-05, 1.9e-05, 0.0, -1.9e-05, -0.003679, 0.999993, 0.374726, 1.8e-05, -0.999994, -0.003679, 0.0, 0.0, 0.0, 0.0, 1.0],
                [1.0, 2.4e-05, 2.4e-05, -0.0, -2.4e-05, 0.006781, 0.999976, 0.374726, 2.3e-05, -0.999978, 0.006782, -0.0, 0.0, 0.0, 0.0, 1.0],
                [1.0, 1.7e-05, 1.7e-05, 0.0, -1.8e-05, 0.054793, 0.998498, 0.374726, 1.6e-05, -0.998498, 0.054793, 0.0, 0.0, 0.0, 0.0, 1.0],
                [1.0, 1.8e-05, 1.7e-05, -0.0, -1.9e-05, 0.111751, 0.993736, 0.374726, 1.6e-05, -0.993737, 0.11175, 0.0, 0.0, 0.0, 0.0, 1.0],
                [1.0, 2.6e-05, 2.2e-05, -0.0, -2.6e-05, 0.18009, 0.98365, 0.374726, 2.2e-05, -0.983651, 0.18009, 0.0, 0.0, 0.0, 0.0, 1.0],
                [1.0, 2.5e-05, 2e-05, 0.0, -2.6e-05, 0.258672, 0.965965, 0.374726, 1.9e-05, -0.965965, 0.258672, -0.0, 0.0, 0.0, 0.0, 1.0],
                [1.0, 1.9e-05, 1.4e-05, 0.0, -1.9e-05, 0.330176, 0.94392, 0.374726, 1.3e-05, -0.943919, 0.330176, 0.0, 0.0, 0.0, 0.0, 1.0],
                [1.0, 1.7e-05, 1.2e-05, 0.0, -1.8e-05, 0.383065, 0.923722, 0.374726, 1.1e-05, -0.923722, 0.383065, 0.0, 0.0, 0.0, 0.0, 1.0],
                [1.0, 2e-05, 1.4e-05, -0.0, -2.1e-05, 0.411218, 0.911537, 0.374726, 1.3e-05, -0.911537, 0.411218, 0.0, 0.0, 0.0, 0.0, 1.0],
                [1.0, 2.2e-05, 1.5e-05, 0.0, -2.2e-05, 0.412111, 0.911134, 0.374726, 1.4e-05, -0.911133, 0.412111, -1e-06, 0.0, 0.0, 0.0, 1.0],
                [1.0, 2.1e-05, 1.4e-05, 0.0, -2.1e-05, 0.385943, 0.922523, 0.374726, 1.3e-05, -0.922523, 0.385943, 0.0, 0.0, 0.0, 0.0, 1.0],
                [1.0, 2e-05, 1.5e-05, 0.0, -2e-05, 0.33503, 0.942207, 0.374726, 1.4e-05, -0.942208, 0.33503, 0.0, 0.0, 0.0, 0.0, 1.0],
                [1.0, 1.9e-05, 1.5e-05, 0.0, -2e-05, 0.267545, 0.963546, 0.374726, 1.4e-05, -0.963545, 0.267545, 0.0, 0.0, 0.0, 0.0, 1.0],
                [1.0, 2.1e-05, 1.8e-05, 0.0, -2.1e-05, 0.198983, 0.980003, 0.374726, 1.7e-05, -0.980002, 0.198983, 0.0, 0.0, 0.0, 0.0, 1.0],
                [1.0, 2.1e-05, 1.9e-05, -0.0, -2.2e-05, 0.147088, 0.989123, 0.374726, 1.8e-05, -0.989124, 0.147088, 0.0, 0.0, 0.0, 0.0, 1.0],
                [1.0, 2.3e-05, 2.2e-05, -0.0, -2.4e-05, 0.119559, 0.992827, 0.374726, 2.1e-05, -0.992827, 0.119559, -0.0, 0.0, 0.0, 0.0, 1.0],
                [1.0, 2.2e-05, 2.1e-05, 0.0, -2.3e-05, 0.106542, 0.994309, 0.374726, 2e-05, -0.994308, 0.106542, -0.0, 0.0, 0.0, 0.0, 1.0],
                [1.0, 2.1e-05, 2e-05, 0.0, -2.2e-05, 0.096029, 0.995378, 0.374726, 1.9e-05, -0.995378, 0.096029, -0.0, 0.0, 0.0, 0.0, 1.0],
                [1.0, 2.2e-05, 2e-05, -0.0, -2.2e-05, 0.089124, 0.996021, 0.374726, 2e-05, -0.99602, 0.089124, -1e-06, 0.0, 0.0, 0.0, 1.0],
                [1.0, 2.2e-05, 2.1e-05, -0.0, -2.2e-05, 0.089889, 0.995952, 0.374726, 2e-05, -0.995952, 0.089889, -0.0, 0.0, 0.0, 0.0, 1.0],
                [1.0, 2e-05, 1.9e-05, 0.0, -2.1e-05, 0.107474, 0.994208, 0.374726, 1.8e-05, -0.994208, 0.107474, 1e-06, 0.0, 0.0, 0.0, 1.0],
                [1.0, 2.1e-05, 1.8e-05, 0.0, -2.1e-05, 0.147447, 0.98907, 0.374726, 1.7e-05, -0.98907, 0.147447, -0.0, 0.0, 0.0, 0.0, 1.0],
                [1.0, 2.1e-05, 1.7e-05, -0.0, -2.1e-05, 0.200345, 0.979725, 0.374726, 1.7e-05, -0.979726, 0.200345, -0.0, 0.0, 0.0, 0.0, 1.0],
                [1.0, 2e-05, 1.6e-05, 0.0, -2.1e-05, 0.248491, 0.968634, 0.374726, 1.6e-05, -0.968634, 0.248491, 0.0, 0.0, 0.0, 0.0, 1.0],
                [1.0, 2.3e-05, 1.8e-05, -0.0, -2.3e-05, 0.264957, 0.96426, 0.374726, 1.7e-05, -0.96426, 0.264957, -0.0, 0.0, 0.0, 0.0, 1.0],
                [1.0, 2.3e-05, 1.9e-05, -0.0, -2.4e-05, 0.226461, 0.97402, 0.374726, 1.8e-05, -0.97402, 0.226461, -0.0, 0.0, 0.0, 0.0, 1.0],
                [1.0, 2.1e-05, 1.8e-05, 0.0, -2.1e-05, 0.16658, 0.986028, 0.374726, 1.7e-05, -0.986027, 0.16658, 0.0, 0.0, 0.0, 0.0, 1.0],
                [1.0, 1.6e-05, 1.4e-05, -1e-06, -1.7e-05, 0.14816, 0.988963, 0.374726, 1.4e-05, -0.988963, 0.14816, -0.0, 0.0, 0.0, 0.0, 1.0],
